0.7133434627335481
0.7191551383515058
1.3570540066757963
0.9024649872839073
0.9989951096378339
1.1331850525448837
0.5410952257541901
1.1041637458254487
1.2420844873955748
1.248774175363445
0.7291886329381696
0.7572582107102209
0.6614009816084127
1.4005367618666416
1.4374620226650774
0.7702783575963994
0.7875285245407342
0.9922891735064227
0.9773809089905333
0.6562559903819261
1.6569557440916511
0.9780809662097057
0.7214929840272383
1.068443888307335
1.0014504386425904
0.8848378433297608
1.3162664511353739
0.6241252601914595
1.1991574196221126
0.8286743553189684
1.1551443989311894
0.9123265815866947
0.9706267470953668
1.2033095196649912
0.7519757489147217
1.6937451683467895
0.387740835646579
0.436487017841467
1.6921488874561283
0.856310792598483
1.0675625718437056
1.0761659408369604
0.8506672130711976
1.864096010892344
0.12727006130571136
0.5266860722297119
2.7625299671616697
0.7835458795902606
0.06701048756982413
1.6378526801975672
1.0790515367338975
0.9357503175255891
1.9062746611503767
0.14361112834478681
0.46516752363382563
3.1488849616260315
0.4676342352683162
0.1177017466634466
2.322183063931415
1.2666627589682298
0.3197175042491083
0.976770778884825
2.321669003050178
0.45103494967395913
0.22027552675144865
3.461467273120814
0.12073036978094787
0.1720810385454071
2.850656068417483
0.9482197704825551
0.3004431548262136
1.1503797795391077
2.0344483705580196
1.1593931371141104
0.046861050760093996
0.06099357894137461
4.310107726000796
0.2590524051139471
0.028166319662044387
3.246094270543363
0.6605941658591996
0.2848283576175076
1.4101986131883193
1.7961262743902942
1.0882540555741715
0.052170758443304585
0.6447919112644651
2.9777573529071075
0.41672597481677304
0.4591739829118032
1.142041742131789
2.1912358098732145
0.3593858239949665
0.3381169412588076
1.715194398243433
1.5463324274930306
0.975143532359676
0.15036742972401249
1.247721153000533
1.7969315466169569
0.5068387433491868
1.0054560520533333
0.37306295027951203
2.6375633153460543
0.04626424895891489
0.3717792098989085
2.645442473562347
0.5618477756086302
0.8529555672112853
1.2715823282087755
0.268845139424194
1.9479873238034933
0.8531140398695473
0.5585620062433315
1.4643016520814212
0.4268704826167222
2.129336675456727
0.3790135021119766
0.09222720059825976
2.8532446599360926
0.5144103424594496
0.7283579463388931
1.1642740288844728
0.34443424989238003
2.6803913989990393
0.13783339824018315
0.5509849831264989
0.08785336829587005
1.8173100793059853
1.3600042480361156
1.0819428711409447
0.5453410380624946
0.12369520315683566
2.867263896479887
0.4729754494463477
0.5965685572618743
1.2849971711517634
0.3562161634486814
2.41176372002153
1.0014061758969106
0.05406697412240378
0.4832738696372
1.597379368529709
1.8169673665301387
0.5476452670924628
0.8473239990365007
0.3825962550131627
1.9164332156486972
0.9932827276436892
0.7102583492291394
0.6640229078662342
0.7055910802198031
1.4512050253936506
0.3732351001345351
2.1222760096893003
0.958332932684113
0.1916518074637686
2.0743010897838996
0.08333167529189964
1.0180428430321764
1.829251372239611
0.29899850752324664
0.9202883500723419
1.1746098519796042
1.9110584315876058
0.19296009225158237
0.7870143797481244
0.5601883623385585
1.5889144925378471
0.3136287649909815
1.916915429975711
1.2703439015260956
0.4964206480767006
0.5158647003199375
0.24352428372094267
1.1151702066175844
1.1257371596124321
2.276219760978097
0.2655933820136218
0.048589892767171586
1.6834932800366944
1.181283870901203
1.590557138504956
0.21287703204179778
0.9640372704147079
0.5765747978356457
2.101332982763608
0.5083987040741561
0.2115579634622842
1.9043583780969982
0.7006388944670362
1.8444339375568015
0.3873817351177812
0.546239651257654
0.017188263527730473
0.5520603798269637
1.385542579499737
1.1266037568451313
1.3835155158033972
1.0620200110109397
0.1894770395938519
1.878593854363143
1.187984456051537
0.4000150080962166
1.5293952754313855
0.2911582940916837
0.9261609736970766
2.296825392997331
0.34604700604916444
0.7570040639347253
0.5318601971867866
1.4153851247085731
1.5093208882446343
0.9343414168466723
1.1326247129818554
0.19914106810749407
0.46620995326594017
1.1240172311665244
1.0044697915482672
1.4224564531482522
1.06911174222304
0.9603476044017902
0.7788136796730801
1.4190902717207234
0.6279555327380669
0.1644881361245117
2.327367757746469
1.0474283405022804
0.36996399135107155
1.2435157630058504
1.3926353931567743
0.5865329873243458
1.9945447004712922
0.006031682503350568
0.44686296853535096
2.552188731193697
0.9877421773461426
0.5372440409723852
0.8830644099696962
1.7577447329231768
1.0051447480516777
0.13572199301497925
0.7665597172324534
2.3587346577356896
0.803119304306968
0.8342910495916366
0.7926169600733692
0.9319220887769992
0.8517094708612848
1.5623766674690784
0.21862820768444183
1.2205483797035261
0.7140615001834758
1.5569651700204779
0.2858416076259213
1.6907285088704365
1.1910790158096438
0.486275025120876
0.6012488627741919
0.9409643884451144
2.032405860929597
0.4270852452444234
1.0762759371270996
0.5209721610784053
1.7479138854032343
0.4840811446434177
0.5360856722792894
1.9568342317007983
0.9073958553306809
0.6626406999126976
0.9959378973800957
1.433591672016438
0.8888342610324993
1.443258122249755
0.4944614254176795
0.3434977110779961
1.7910975800779405
0.12902723654255607
1.6357318736746738
1.3273831090837696
0.2081458160086436
1.2855298182998227
1.4165986018705325
0.7236180974120793
1.107440022867597
1.1805591436876617
1.1112964139449046
0.3986082383488989
1.8256598135040294
0.7973824176769848
0.7155050005590511
0.419425310799474
0.3549899355931554
2.3172260753962206
1.2810011513853037
0.31947227255859717
0.926460428423868
1.148235723842501
2.04318426867652
0.20060495009936993
0.9455241674055949
0.5851187604019994
0.4156625935848552
2.1724981713812936
1.2935539199901636
0.46937351938919997
0.2844530716624099
0.7765306631215012
1.75137253057303
1.4939718238841682
0.43196526652851336
0.8241539527054761
1.9270665745774314
1.0273523198959498
0.3881707791962642
0.7528963166023885
0.606185274645786
0.919641948577838
2.505693988992233
0.39659934450285295
0.8287472697737035
0.41319417419789706
0.12341889186242848
2.9784180171673764
0.4218147608050215
0.5820314497711836
1.7767340614301392
0.4268044700616427
1.7976223851762396
0.8197838928883714
0.33713525756350277
0.63248273395954
1.78149629795648
1.7047674213365949
0.46190738368053397
0.30364444395693607
0.544508056292126
1.9949209834992598
1.6403148303400183
0.3626441914741108
0.6584566519802829
1.3410453209030881
1.699858199511867
0.22303402072882664
0.6900885919582014
1.5349506446181946
1.9268027698919554
0.24958360182378622
0.6320184121429694
2.8433483348540793
0.0361492471643005
0.24956435400078586
1.9894677690637168
0.8248882253479636
1.6141843730949694
0.4101248767615838
0.6449041333661242
1.0454985521902442
1.5181853387342001
1.1204942415645254
0.4566877895700077
1.0568664259442249
2.037780276427077
0.22846947074982907
1.0686501269282438
1.1465207535524649
0.560803040484973
0.6306796275127311
1.4706063636363984
1.2200457015230037
1.2817130203444826
0.34522667122116313
0.8923090276279337
2.1213547041707
0.7695766569775861
0.29372479463097334
1.6271954016839962
0.14204235912677593
1.301014412051344
1.7503957557042915
0.8813767846558539
0.14762073244271143
2.1167481717816434
1.1413295423548553
0.662328340796051
0.47972033989987306
1.0621777665973544
1.0000761326492713
0.5202805251028907
2.6332544243405573
0.7600942971974948
0.10109896095563303
0.3674245480545087
1.9240158737210509
0.3462477229360833
1.3231143114187167
1.621900708114418
0.7907008852549827
0.8309056198943772
0.4818096309746248
1.1857107983940578
1.5906842425411611
0.2765740565089716
1.4526600595387495
0.584463031214963
1.208038176871232
1.5599700027964494
0.23168934756577667
1.818562066940318
0.8580991863303815
0.14868565140303205
2.2147912404259613
0.3357087297007702
1.0412857260734443
0.7246089657951917
0.8863546773147837
1.444944351417215
1.243653052864393
0.544579497816506
1.7949386567311185
0.18620011403800354
0.486898727296328
0.7966867392096484
2.2905007879012227
0.9969436038225366
0.4810561973953836
0.32150398630657334
1.4728622519350199
1.897430273598307
0.2633181557972315
1.0474136754749939
0.08165287549124955
2.5474191103002344
0.5089426808798283
0.4944274163537522
1.6601389179109303
1.4772298271865933
0.33401543964960984
1.1784344640887319
0.7697439920492141
0.5251772247287216
1.2736175341653897
1.9577240418459683
0.4292909476762876
0.49429918003023965
2.6850390093768133
0.5758196406615032
0.4260932056857759
1.0677702351171636
1.1899402172452966
1.209207655945057
0.2634836316501504
1.2547370928488941
1.6715577513792723
1.082941807377824
0.8304183333836865
0.1627161764259679
1.4084732647735387
0.1724374819910889
1.284767300563299
1.3115515141972054
1.4271379346719069
0.31131604379860106
0.6500539017885459
2.040593219929837
0.6293760109629122
1.3013123750652031
0.7890218626547398
0.6626525242888788
1.0847902866620058
1.032065661633985
0.4758148147787093
2.243967258549277
0.8755867573328896
0.12866449176622757
1.3046041126237016
0.23186025761859136
2.3489323531843764
0.7090812692195677
0.6573212661588526
1.2523534078075693
0.4934739345474617
0.45183910259464155
1.835734966724933
1.40239751208621
0.7944856048391695
0.7532726921010299
1.3109237910016989
0.6466529537366708
0.3022290313534832
0.5807437359146699
1.8971047687168694
1.7083016180189072
0.429682997431438
0.997341329752306
0.22519257686170072
0.6777189831049499
2.0757969530047298
0.41827283490402567
1.3377469514834313
1.2769144245458497
0.4983084828600181
1.5631923786263322
0.23652951530535712
0.7156760913034605
1.337098805094813
1.6040025496078707
0.9494061450794783
0.1136971144577295
1.8907526717954863
0.34389990027119055
1.5360067207011425
0.6912576964334823
0.6744502339440581
1.9942223488843858
0.6603342177097166
0.6176302561105957
0.888411613267638
1.1120701711698235
1.365281804465961
1.193703932774632
0.10694397259085865
1.8462164013795161
0.7169109672341624
0.6978771911027866
1.408190049566231
0.8078762682664499
0.9265159160530206
1.7350441186815189
0.7303071130673189
0.2698109094008873
1.9599429851554493
0.6984613004919602
1.015874679546783
0.7037963254844987
1.36153858754608
1.336967139204561
0.3710806834116545
1.1901957155776517
1.2033806360158104
1.0662623624253977
0.610840312256541
0.7605721588438475
1.8539372114269925
0.8049400403698572
0.4447847276832522
1.4826741052816346
1.4296819771276073
0.9790575099265735
0.30759272320951525
1.3879591760349934
1.605928047858712
0.6601821624753967
0.4044056392457388
0.822218973690623
0.751650887932938
1.6478906010128154
1.1394554450717156
0.7045449880216665
1.0843868461958697
1.3449271947892647
0.9783368245827209
0.4319652562951459
1.1812977262573732
0.3997486484730941
2.053998112798501
0.5034798334609504
0.5177844423952124
1.534032791413905
1.4182823669257996
0.6660658213996937
0.8766483650567117
1.497782791724623
0.9526036246153002
0.6758027680815907
0.11751132427368544
2.064558194688515
0.5000123872876174
1.400273512070216
0.959900282853384
0.9741505987483495
0.6628481546772712
0.3737884144945562
2.2734718087832686
1.3588616822638688
0.17703450374162683
0.7397661249515548
1.634014765681097
0.67702576010376
1.1965473138241212
1.2287765537997395
1.2431446527073753
0.5864281437734707
0.44878195351632905
0.7017215058372565
0.8121225122939253
2.2379799984301894
0.3158129301789085
1.287649082851469
0.8485736596701602
0.42371520594835393
1.5878024694492614
1.6378459098988076
0.38529656273009094
0.6753196611175775
1.6037307783499073
0.6839459250137768
0.9753859781858905
0.5880533457037016
1.5193455471490445
0.6726441277990693
1.7178849965132412
0.8000456031292993
0.298874548744007
1.2532923089122971
1.1639968975898451
1.4586743108642664
0.5591784947248741
0.685857140251836
0.7694417063076
1.407664732794992
1.4379455094011506
0.38910643665824435
0.9601466219800484
1.2056032011944071
1.346340571322799
0.8660668580157312
0.7243825484632115
0.4784814335458092
2.062414038465546
1.2664869536997254
0.4145586763289536
1.0439743651034312
0.9231438167184387
0.2278139283929483
2.171132195862263
0.30772389117485677
1.4654082382073987
0.33823256621095127
0.9463104253459429
2.3088598382576597
0.22408362891140515
0.49588352493120996
1.7388011417377616
1.8227192516519863
0.4514626312592225
0.44541258908507847
1.4419052659028628
1.061599210016213
1.0673055493459045
0.8534217983467387
0.5384376289802548
1.240394199729154
1.4746919067675575
0.840434561270746
0.9368581265988598
1.0264379605893728
1.0722537703817736
0.9600579977207216
0.44437719303502443
1.6022517876115079
0.76353274218317
1.2239965575555445
0.27727396225540474
1.8156556087514943
1.2655025784221952
0.15490562667945793
1.6024361866880477
0.9332179623975063
0.8395335887466563
1.2107670261864458
0.8994937476385735
0.7349071929824066
1.3674567193720994
0.5996434191544072
1.5894686785957035
1.2606651798096322
0.33427730251437066
0.33884483251723724
1.8500444108497136
1.6231971469795041
0.740337948290274
0.38324739892507387
2.0539637306511156
0.4277268847060539
0.20467544122492765
1.5911632160187965
1.39893099982567
0.9490594805692114
0.9487928701080831
0.6017512650864404
0.650524123911347
2.54387053116527
0.6367207029456023
0.30039725393152145
1.0601127580965073
2.637797819888482
0.46361053662360496
0.21223746776303717
0.4291388945276154
2.289490341399588
0.7568485597419463
0.7844591452655357
1.7643278685210433
0.1994920299776468
1.145456975086728
1.7938562438535595
0.6389304629205609
0.31240454961820513
1.76131192463608
0.8295134013802304
1.2785610045157534
0.7551350971553885
0.9742795121961833
1.1531493404239195
0.3806769052415546
1.1993902259394607
2.030374161972651
0.5934005357239842
0.3603946632186457
1.8939393191689258
0.4975720406319086
0.7879191207235502
1.3408294362638769
1.449735742028423
0.4327937285026174
1.7327798433987398
0.4053759878162993
0.6844974220398692
1.2937714412131442
1.3005247130968267
0.7759071817399757
0.9650951413026291
0.3220171785173194
1.2409308789015132
1.0710670735892374
1.604701200672674
0.6998021854265359
0.9838895427976111
0.4613071394386822
0.7638685660796721
0.4289791201782902
2.8765337287840924
0.5253007224765498
0.22752337707974551
1.576227265259126
1.3898658450803691
0.5499499912355391
1.2765858478403151
0.9751976402661303
0.6217759828237165
0.8085339086272675
2.350932096072732
0.03742589723777318
0.8986814629220949
1.718998664703364
1.2061202723037046
0.9558697196548701
0.4299106709524319
0.3248000542978188
1.148767244766753
1.4114915533774968
0.5548508784835732
1.427353039695964
1.8678467688204783
0.4313556348962647
0.17816475330251
0.9490033476770268
2.105326685541488
0.5126458875544154
1.5029861868095526
0.4503852808388399
0.5690209642054674
1.715685702642432
0.6700063562592617
0.6293103810369407
0.9219141442602989
2.095640029978124
0.2983420005977311
1.0327292724428228
0.6420333407989868
1.6955077125830205
0.1785401316026164
1.2176419741910034
1.5841887699196544
0.8345460261694299
0.42254196647888914
1.7921985131117317
1.1068440749222923
0.9616184675224996
0.33080885154235934
0.7802567437881992
1.6902908198978637
0.10139721972719241
1.7183061240165263
1.553459739729192
0.41086444731390576
0.9717278672900207
1.5578146620042943
0.2752833030670058
1.5726200645263475
1.0146558693690222
0.8511248081032758
1.257451138955167
0.722730669491558
0.3027386659660538
1.6959883344193818
1.4763412510831553
0.8848284557820117
0.44957012217460923
1.0128214022093318
0.30815450205269457
1.092357574863394
1.3665609326890595
1.316235049696438
1.1855012855858558
0.5696359158753953
0.5720316509876792
0.4941797336476481
1.7078932434913157
1.6088744772013202
0.22590733175080216
1.2586813357980036
0.9054335718193798
1.2349226768949935
0.6933695506185773
1.0442061499594242
1.1561305371714734
0.4661895468214725
2.2702095427511906
0.6610317176573497
0.1267787402760131
1.2911680248002453
1.4731367081802595
1.1760666318437296
0.9429678007104011
0.6368131885697935
0.4376779404474767
2.628600033714918
0.14894101886896155
0.7716950756302066
0.8796422788223578
0.8896984416692737
0.6595379217831828
2.19969411791988
0.5262843172228865
0.5634238584781884
1.721377320700892
1.5094193555987163
0.4967343008008477
0.3462503578710589
0.8706805573515202
1.568736151828275
1.2206157148568448
0.1876903157298127
1.7504979157813432
1.662446147524673
0.6999690841898744
0.3678454359563778
0.27665986125267517
0.2653499915069185
2.924115587916321
0.3121889673541453
1.289365774680617
0.6502849880746776
0.25500084802736717
1.4750623878671145
1.3329724311794684
0.9132448254521787
0.6843100359360624
0.9071606601976974
1.8496017984347841
0.3336240102954478
0.9148363593726021
0.7668025782216397
1.8920871480124104
1.0716671244325466
0.24750867465600965
0.9760759284161528
1.6670539470702326
0.7792011477214632
0.9320874217365692
1.0679344226966712
1.5013484973866995
0.7368957622242196
0.24730360122906808
1.4471580583925516
1.7958494869076342
0.2754121128832926
1.2006375618132141
1.0217271242203625
0.936707767092444
1.2422221411093977
1.1154632419162664
0.7786009543863628
0.36384107750758155
1.7197228898082484
1.0699150044926813
0.7148186278564869
1.223383400506378
0.9153625161187614
0.9943979762784051
1.5255153256508915
0.4388038082777349
0.9999072044888789
0.5189627652139813
1.0601711641078573
1.4677290518718544
0.6944107241819538
1.1116593711337128
1.1796246555205845
1.4894138160881374
0.34567988733386557
0.478179083757998
0.6910352986455662
1.9925368383355233
1.2065121501790548
0.799731944127634
0.2076600720334229
1.1560877690305267
1.0803893396645146
1.49288175946252
0.9845763764493133
0.5238777806052256
1.2686483719099684
1.0414212329287273
0.8756385899660323
0.6593075302887608
1.8382294912880015
0.3963230869209493
0.3006069431364162
2.269900781295113
1.4106351629742422
0.40577799363057065
1.1040684503025548
0.5387999272673006
1.2292546296876108
1.6023087440549881
0.29807635615426603
0.6846278045865632
2.639325804375458
0.1634932139769181
0.7434872739579409
1.9079841786671194
1.43888134927511
0.16903486964026768
0.9232010004882977
0.7234689386963885
1.1750267334723414
0.5470329828043111
1.9145305428238677
0.33007724396835486
1.2135272126399854
0.9787628515592375
1.3928685819339648
0.6988475833079775
0.40965408794920927
0.48015815715895155
1.9046741820921418
1.496447067870564
0.7263781232580434
0.23849224068202612
1.1462646663788199
1.1581039234519264
1.8265271975818886
0.12038306573751888
1.0698503364055316
1.6135252632099235
0.44378459568870016
0.6780527007738313
2.0680482430804186
1.1261025607264799
0.24787542964675688
1.0717629035429839
2.0681326152367387
0.6043858503545854
0.6078378022869253
1.3649271807142778
0.7296027244164935
1.0889217136563014
1.1471042576568204
1.3448552836331655
0.6769127133100447
1.0711403664910286
0.10474529153881663
1.4299332863942278
1.8136086224393748
0.15818666311117838
1.0652381864861005
2.2421865969467323
0.40725906072839463
0.8382031917879235
0.9037702945110709
1.5118901012305013
0.9574834918110221
0.6024177009495465
0.6142016380891865
2.120321992508105
0.3202216123166542
0.5733766669676555
2.6928519797765427
0.42465681329727206
0.6595764538910334
1.3288394695406727
1.283804904884346
0.7585984999210883
0.7740286724138135
1.1951706983313408
1.5382265024537505
0.2526539635910507
1.083517863663358
0.9825808428187075
0.8246794024653771
0.9464366888556522
0.9016653488025707
1.5500325224835152
1.7110953783816827
0.16641809304397873
0.259271402985333
2.0100875861159597
0.8881651334973873
0.9153587199234128
0.6534673146798555
1.2078255433760456
0.8726164303985429
2.0028801522029624
0.5023165938301313
0.22855286083450016
0.7240379604535627
2.1724033168020354
1.0477506544287143
0.5106532803220903
1.0725825893453782
1.3186342256581425
0.724604249776252
0.8304361973379001
1.7562372834415576
0.6287017216860087
0.655826999931037
0.8973318194890435
0.8382302363705912
2.3631148101138884
0.5207532835403299
0.3365610796589564
1.5570655007285092
0.7055057866207758
0.9520229696799434
1.2654122204544682
1.4620569170183753
0.23947904590610333
1.036083292080725
1.3145265037497933
0.921318713253742
1.3858942620436825
0.7800572229261001
0.6112325934472195
1.7759476418865638
0.4985627063799528
0.7401480393026115
0.34926505237196903
2.3138839565482545
0.281049322445867
0.86721333940209
0.8085733968740255
1.689677577868642
0.7881283104646727
0.9104486755641035
1.158944910597322
1.2053717497721976
0.39974704925500903
1.5253689594784152
0.2439262185231616
1.177113985272921
2.3819368948312847
0.2463696197520588
0.5361822551471976
1.2314491761848114
0.423973443302645
1.8164431788070963
0.25569110423131675
1.7696058653767304
0.6157628646992426
0.9528224328428219
0.4164841316399712
1.1307454762295823
1.238165632284543
0.7621655695638162
1.2872040383655607
1.0231033888109773
1.0600544985097544
0.386408608176822
1.5649431915463046
1.0688676626608369
0.7348962461653575
0.8560846009988211
1.8384106325980545
0.5154376236901258
0.6143332426467047
2.0339121590162126
0.7451193622143559
0.6412192591726276
1.2988524017364045
0.6414214910058553
0.9610190390143025
1.9472224636211999
0.18852528768694307
0.7352629343926368
2.080446238884537
1.3890482479933535
0.26027162099415674
0.484386959576084
2.5649836851284973
0.7390939000015861
0.2597284829986405
1.8433307853607783
0.5496822330287231
0.9386919692941126
1.2424350063723257
1.6996200056912805
0.4530095882592552
0.5367496251288193
1.5462565031609434
1.0474686191058133
0.947006053317405
0.4011652609174693
1.4422999208060452
0.8553090675959769
1.0283175847220878
1.187573237492727
1.5853144194528597
0.34008748555547075
0.07705673401616739
2.7722381686462363
1.1353501789291338
0.31750900393159154
0.9017484949095651
1.7164012540458522
0.8806504606860166
1.0110413531532392
0.9808668052089734
0.7342234759401799
0.8064894267264063
0.8727840474001245
1.736917716389555
0.8892228953031556
0.4431416271766109
0.8428887982760698
2.0262589056820253
1.2016580575301707
0.22665147680797806
0.8666254878761566
1.2977206474999663
0.5207286285250516
1.8235455394233755
0.6379454801624902
0.8622147309340266
1.5381511345847203
0.9871509712207124
0.23537424760315012
2.042509433626742
0.9011280037739036
0.5457304751801992
0.5836112535371569
1.6666931643048952
0.9951503865994331
0.16893517542683667
2.617050639508381
0.7999168538647546
0.3055695001466281
1.6078090822915458
0.659387692378813
1.2343558486891184
0.08145836191114121
1.1332642848377918
1.684494351513648
0.5671126251767878
1.7490249233000925
0.38886035898839943
0.6523300587065348
2.0927861566715085
0.03925873441866451
1.267971828879292
1.231987004072243
0.8510926435557519
1.0910357680623275
1.1630021975791176
1.0490091365330911
0.8759640571197685
0.5138456246752224
1.1740529011052487
1.4486930979132693
1.102037297331113
0.3357728954812919
1.2818258898824928
1.6655425054570567
0.7408809221593677
0.5106561939843893
1.151733309462212
1.164877258197987
0.5604061549928765
1.6920978095571821
0.8773496237780598
0.6337042619168262
1.0165635992317554
1.0854809299847301
1.1419406406221584
0.8233885436077172
1.3911154804584034
0.8141594829947004
1.0443716446404483
0.9493573292394374
1.1367642859086007
0.8745405570052038
0.511759955774921
0.856219547762752
1.116867829004525
0.6885057143114162
1.57343285495291
0.6477313970987301
1.281795591034013
0.6297793097035481
1.5065946721091001
1.3498514578714285
0.06147391367341224
0.7420824096176568
1.5031787126297775
1.5266171047746229
1.0439092127153131
0.0773601054197285
1.3247030069640404
1.648520802756989
0.907438315622841
0.9904379364662906
0.03612309007645749
1.3641056784780936
1.214526723815783
0.8465513497261741
1.4600751668288345
0.6109133119311756
1.0629991626323407
0.8884737040249732
1.2817550481868598
1.438876740166928
0.046411957716447044
0.7912163336202764
1.9135895797383606
1.074348082174715
0.6607702336205445
1.5087783961899726
0.6448797988947222
1.2484549779383725
0.20460718246258222
0.4903262953618141
1.477071386202508
0.9661308662149245
1.3897038705631914
0.525582019996269
1.2214484670859822
1.897698557496502
0.23873627408375175
0.5900045075830229
0.5159292706455074
2.016383675073994
0.6959180399732944
0.9694519035289011
0.7350630679311573
2.1662881563469476
0.4406419657437962
0.0010795713920396406
2.6748303348393025
0.7429253734856517
0.5374918829347369
0.4779897764174382
1.8197393328489424
1.4269118163454653
0.4535130862022645
1.172122777854898
1.8508789607699732
0.4320698816494692
0.0946689126959518
2.372345660350284
0.4462175532056862
0.7184220798449127
2.05877896433809
0.4661973551793524
1.2529438458955453
0.667567294989098
0.5788695020858469
1.3142908778312172
0.5690808209532161
1.8198928911275416
0.31188350899576517
1.3450702698403685
1.3252452598875473
0.7503799330056197
0.835248006983927
0.8234522418744176
0.9537986730373222
1.5717087051745335
0.8646313130667738
0.3730782034778829
0.9180861425585751
0.7290671294597137
1.4235250281118752
1.0540927786538588
1.1997544677305712
1.0059579986242542
0.3740251512492467
1.371974516741745
1.474320212574709
0.5041795461230885
1.2541686589450929
0.5317716417739139
1.0771753319886515
0.9336177201490332
1.8170502097984422
0.7572744425714357
0.11361646824337177
1.8730590265107072
1.0499551632132667
1.1941265791419442
0.37275412528164853
0.8431673429008771
0.7625272570238194
1.4072910051804468
1.0368772857078479
1.0702142565801427
0.887944920709376
1.128927355928775
1.2086937704355167
0.25780985102883713
1.1714072581134238
1.0880684667277525
1.621298988586776
0.8446154619653135
0.1558182490069189
0.9106105584100886
2.0360197992743148
0.8390860017062325
0.7206229469108391
1.3919830789630994
0.7811909771763432
0.795041176592282
0.6815467029097714
1.3744324452770353
1.2276115152514036
0.6395931121842455
1.8503720717331131
0.5955548023083446
0.47768679294341193
0.5310745290046519
1.8771179515722445
1.5521242485619786
0.2712735794522576
0.7114505441115708
1.4051245927740104
1.2745692742250305
0.29803636919404203
2.0403640118375757
0.525949168130308
0.8043530954324688
0.885452589481772
1.8744238708275305
0.35616279988135635
0.41347255282482387
1.6910745384964125
1.118092752520601
0.7773125782692133
1.2362143923039375
0.8500940113739373
0.6461333726576401
2.09088472063118
0.5490912795089271
0.6392536295576186
1.688781492579454
1.26057304223578
0.5139686242697562
0.31225780687349075
0.6776866989869659
1.4273620441945951
1.5452934462254728
0.19066742150391647
1.559026415675485
1.631203679781062
0.5008285267470705
0.5837716916699549
1.2359919517420177
0.9962523100618176
1.9792515491252405
0.45788551433251795
0.08422040503683705
1.283673009461869
2.2522644569026413
0.20418821555208508
1.0503024932110958
1.6026349979807482
0.6497262978463385
0.5786212356246229
1.2817812344616328
1.6780452765961718
0.5972788419365076
0.7752579991156825
1.819188381237778
0.35009264567596354
1.1196996219844237
0.9999992327881211
1.0311941563594658
0.8881510426994494
0.6962831824513144
0.7481641623599041
2.345736075175961
0.664056760364347
0.5443428801112014
1.4102406916206756
0.4953939837420237
0.5370675738533075
2.5586980662354097
0.2709841030103562
0.5987564130667022
1.4396937184952274
1.9193543968951274
0.5829058429256949
0.041435740348071536
2.728161081898282
0.43923922586426445
0.3004216943074218
3.0869424754999404
0.16703802104362678
0.6940302195516067
1.6500764419626086
0.9294430760241195
1.0307228032403797
0.6184239320039352
0.5445294830304448
1.1910795345565834
2.118707153685373
0.5396432752045004
0.0328211195107378
2.510352378148065
1.2122243742105192
0.5491470673089032
1.0426660052752952
1.0551938852912142
0.6829699163265721
0.6294292654262491
1.8304946357782474
0.09447361798081229
1.6237802851688456
1.1966468000114325
0.3671980313542905
0.8784050121435653
1.399539663914315
0.6962727067413506
1.818369956173414
1.1013895671591687
0.2321004275674394
0.7191010597381364
1.4531302642427555
1.206755695475171
0.7532571646251109
0.4330023912340642
1.826968113880386
0.5656498688968303
1.268658048852471
1.3623052203753754
0.7362433595563311
0.2378129518880574
2.1920049179276946
0.5275151006662427
1.0731137831539639
0.6291195594599684
0.4385354680524799
1.130687930838321
1.8790663365988527
0.8038064754678098
0.7473364186486766
0.6429054140087493
1.7897515609158616
0.23653638924779619
1.7198049448309793
1.2898489347095956
0.092127073274244
1.6782444572146937
0.4554117720526501
0.32927082731350005
1.1241003590407785
1.8755894718292305
0.5125106484420706
1.3673892636716167
1.211057606396624
0.1811429869076705
2.066235867311162
0.6528144961295989
0.6769217186591493
0.7017289443637672
0.4794387406663996
0.7554730140485193
0.9671145046404955
2.297752417399098
0.64646500431222
0.43211769010261414
0.7945636885289877
1.9162100927242047
0.3273642901852079
1.515864877553698
1.2374308662187556
0.25867803189413835
0.7390645286218077
1.3971581317433095
0.7186183118886748
2.1906611830484577
0.32236299597265883
0.30979628259868136
1.7050669480526508
1.08079395695524
1.583786523773061
0.33706588613808985
0.12592075238828465
0.6670001617196707
1.4979710441373186
1.8758411493775975
0.2026192510517789
1.2426321956773625
1.3349696001853186
0.5178717598993963
1.641999032243129
0.3466821745837092
1.3274578010995361
0.2400288727136567
1.0525151746854668
1.3437915848290125
0.5678096215404985
1.3177147809915513
1.7731370711423633
0.751562762336637
0.12302844430711844
2.046370070098132
0.9476005904144695
0.2677500886767262
1.3130817283151344
1.8801949995250145
0.30146698059541
0.9448191357235337
2.1654569709883815
0.23310792211101414
0.6344747433241016
2.6340615237646285
0.6434291147112052
0.6199612627372634
0.5713057225888031
0.6683652729791002
2.1360667379960154
0.754879267493883
0.6785023420397236
1.3361283357393279
1.4649400160179633
0.26042440526284366
0.5714592142543745
2.0808205586789112
1.5676104008258456
0.06983423704671406
0.8592413265957134
1.1218173731305379
1.8101364504709083
0.16509892681120306
1.4662521575376786
1.4176061494554104
0.3557406124547462
0.8647930937600029
1.2306634774305574
0.37145880748563026
1.7184413792827475
1.331333813140328
0.6517040571327681
1.2629131819643091
0.6363352825386855
0.5112893625936601
2.0846660997729933
0.6678753623833112
0.5400051939983264
1.7173657517355423
0.5547507440508719
0.5475802448184528
1.524947386766539
1.8374494741789458
0.740342734617858
0.30888119974847045
0.9330619876676025
1.2664489235470036
1.5731491203215213
0.16439813619865218
0.8756388789176617
1.4863052556124496
0.825561682225213
0.8778970124235842
2.1341411320631747
0.535415976099312
0.5457658629983997
0.25924356675334614
1.3948864816984905
1.342223326597739
0.6882275053855837
0.6925920680758115
1.7695314917805145
0.8322923812452278
0.47639297357752647
2.809831741952439
0.016316530790193462
0.49442659642964887
1.719306949419347
0.18321632615315572
1.3880540734008044
1.0925826843587962
0.4981940250968959
2.0668354465128815
0.9256403610586401
0.03944195817456303
3.0773347445517776
0.08057402694420264
0.3968075751559412
2.0411151027067542
0.7557686699167739
0.20097299820339565
1.7528582309255598
0.36539174752563164
1.9731974728755584
0.7117190871283735
0.3743590444673999
2.013593500109645
1.5276721224423062
0.07121678702243976
0.41836743210418303
1.781827049790974
1.374874213991774
0.14541424596457586
2.2060531684202473
0.43978465635189795
0.9133404439839194
0.7643476129442525
1.132851715897786
1.4800460227103716
0.22443487748548177
1.1126426648344592
1.086704158093999
1.2176629524572888
0.07433874870595626
2.3306778054811983
1.0740844884883098
0.4706510206040312
0.29779190258003335
2.617460397205253
0.6062423883853073
0.04009734592008501
2.5097559275240537
0.9164413092271985
0.30841856292467423
2.411224931678988
0.14806137639763045
1.1948011777979652
0.5099566082879102
0.36956103364972503
1.9832413186167117
0.008090334280533271
1.635698569202535
1.254342904010177
1.0276369405252301
0.9601221933270913
0.36395188488494207
0.7226085337262058
1.6645047057168285
1.0671201381339162
0.8536591656848896
0.04837014795615739
2.4257889219239646
1.6335688679341238
0.05575183952149134
0.7371259427527498
3.211114212059181
0.23364578644893658
0.05242721256835352
1.404775124621503
1.3015801186575944
1.7713116640968338
0.25243391823837635
1.1191064218268856
0.4554775204041894
0.3564674223027445
2.0408322927923344
0.021103053701931065
1.4856104226934785
1.2672308819849798
1.2671128886061487
0.8658345981120773
0.1838152879388942
0.7835459327792578
1.4687802867878799
1.0341616740975736
0.44791379152997407
2.0010004547884437
1.4222859824093594
0.2079788490588135
0.5983391078917755
3.2288591508221667
0.13536684699860746
0.0836201568229199
1.327102923099749
1.3248104274465686
1.843518371339306
0.22220271972785854
1.113704965278697
0.40895465936280667
0.15919076871799906
1.6265925363716478
1.4650126134976005
0.9520068135808523
1.2166969030581014
0.7016852209969319
0.6007199204538836
0.5941853943455367
1.4368267844788312
0.7498471002773619
0.6882595612600652
2.14664283964287
1.2852514660656709
0.09696370687629541
0.5919318278198548
1.8871381503959823
0.287238381794124
1.1210626447214869
1.210414194480846
1.8724859041178679
0.14576365849203005
1.074070279740029
0.15889366680588998
0.30367204902634565
1.6726395908888387
1.5659966132323333
0.9165897130610322
0.9567390396492325
0.3732598087348795
1.5062039400535148
1.284442490042669
0.06804803955974663
1.28369847736236
2.3731880187715837
0.7504304824161897
0.32294155364598454
0.34633166199118304
1.1162799103185201
0.9308399235824247
1.3002913071209778
0.9409080623067246
1.596808989023343
0.6909408301965474
0.38084338847730376
0.5936354812091389
1.3777149893468223
1.805756501441699
0.8768514381132861
0.5694718537250969
0.3442723688816905
1.9631291187926552
0.10964428590864304
0.9703591501897796
1.0720545129821506
2.122507462498558
0.7517694704339972
0.16600790188211137
0.06838348120664045
1.752958417364185
1.6314683887618522
0.7794757225722145
1.1870812203736343
0.32173364974978935
0.974398212630734
0.7479603751188744
1.0390969390370839
2.6288670861483845
0.11121638580993727
0.29444872522029564
0.9155364003706241
1.036749209162256
1.3719533640629287
0.8410020661481723
1.6653252511030574
0.5168552569103764
0.5175899885728388
0.5110619720208736
1.2031806448979367
2.568201812723136
0.39529526994422376
0.1713190962526242
1.5198432791877299
1.1082695487999374
0.7953984597346411
2.064602710704186
0.6190985270246295
0.21441514677445678
0.2335237639997295
1.361930182981966
2.413658874293005
0.7627347698174095
0.09025418216436261
1.2986199987743747
0.9080597312613942
0.8731997113908652
2.3775393951456745
0.4251295312535996
0.05480094652055252
1.3323791517190966
2.254788258969284
1.0144436776450372
0.05441263308127078
1.1538657821525202
0.7007705066203237
1.0212898493668734
2.584946861491383
0.12767203314201903
0.252389551970232
1.2338242486565991
1.7616133220393024
1.1435531204709377
0.7016994238249186
0.4013771755699803
1.1684007524570477
2.6309779555598993
0.02672914605016022
0.3892007000934177
1.1646437306782018
1.6539312791457186
1.2799241206217675
0.7064854411574635
0.2674157264475153
1.1623391256089486
2.025729910641634
0.4289807560422587
0.7899994464902114
1.5651018815467905
1.3021054032322947
0.7756939365564829
0.17105561950879605
1.2402001469405903
1.9820244909029636
0.44800117244920584
0.7284556113274956
1.4862314119495212
1.7022061649173346
0.09779240885681807
1.0337287647289066
1.9484067484437875
0.39030726060758775
0.7997576835780619
1.4858781727055834
1.6320508100466735
0.11746166969705096
0.8890150645448909
1.4441098855943686
0.9787109371578786
1.125321293918311
1.415137787193719
0.20122852412110387
0.8956983723430944
1.4308852003749997
0.8970845255826128
1.0123561881251693
1.2674349939106748
0.6972684165395706
1.1475939851615544
0.8087204439973724
1.0911256852374802
1.28787650811978
0.5167161285355056
0.950811442643651
1.6807169206013828
1.0702940284439677
0.38881825699933714
1.0069053689838512
1.3422537342590757
0.862772263407874
1.0818865938870728
1.0857626045775406
0.7326616675046224
0.8763567222869959
