0.7324418898369592
0.7295174604691032
1.3058031439065199
0.925663565578953
1.027287617420277
1.1344606906320347
0.46961485458042523
1.1405846114475615
1.2916418954031346
1.2399230196865885
0.6227889306776443
0.8668012197851306
0.6095356495741431
1.4408026555076712
1.4531130608087535
0.6438884246837765
0.9326806915635226
0.907744775883831
1.014359697123596
0.66195215764526
1.654626602863787
0.8112550864571964
0.895526817604638
0.9666808878733631
1.0584081385625652
0.8555570816857349
1.3660589833944696
0.6456971348878838
0.9729224026114788
1.0969664225616098
1.034629632960765
0.9874355109752295
0.933683294125524
1.2625728076567224
0.7837159543211628
1.302633548809473
0.7208766262725487
0.5064916695360685
1.3974853361484247
1.008365765890441
1.0237157125895096
1.1427586456122967
0.8856069540313344
1.3966371175468852
0.4984023754490213
0.616735925826557
2.1250907290831926
0.9060840562598698
0.16555011285820684
1.4949066578275052
1.1593833154832631
1.003836541282774
1.5124620800586657
0.2621318710938844
0.7332450790837234
2.457013710582591
0.5972683222607953
0.22528889989643522
2.1703616206988405
1.2733661384565695
0.21016655725088632
1.319408919016687
2.147702385079567
0.014040318613039428
0.871007053985305
2.8987210372545578
0.2730758666859129
0.29128083034697355
2.6551205814171652
0.949849189672517
0.18232322746541027
1.5516283954854542
1.988683600131785
0.4086741021440542
0.4606208926400029
0.3480229662639706
3.394714105026949
0.07386970217563903
0.29384009872438754
3.2652701383936886
0.6185308468316382
0.15638488928835279
1.7880959895052495
1.7193426998854826
0.8766916453155436
0.05882525664952732
0.4809885412818164
3.4845784438304976
0.6228266978140978
0.04205202339976464
1.2107604428843173
2.8762951095641913
0.2790365807970569
0.16006128946736944
2.2117360035757327
1.2943061463898584
0.9182965252723088
0.4524271491842356
0.11531256861833443
2.851447992198446
0.7966624774114021
0.45572936324311686
0.45935789791589854
3.3557657002922596
0.15820454222743555
0.024234125474695157
3.1566627980921917
0.1389839912620791
1.0152512801132296
1.462997373630019
0.7155000892996501
0.41197897530108474
2.021358059635473
0.8849049902050891
0.7948088675294669
0.3381660990389761
2.560198163001475
0.23619061323665702
0.489307574744617
2.571576563598765
0.30906194920970137
0.842344645218186
1.2597157141081055
0.8618934158907635
1.2075346549400663
1.4972708712790133
0.26338990570265813
0.8077806999774986
1.158319446610869
1.284838839553326
1.320703584323642
0.3375914486534161
1.0904553266530406
2.0072977150254037
0.37550179761861857
0.7178341584272354
1.1184294803927672
1.025254108565127
2.2294421324810942
0.03640736178079904
0.3749193329395985
0.9655610507890372
0.6749453031984847
1.175535042532912
2.3979367058429215
0.13443425884153656
0.6294451594965991
1.753309952774991
0.5931929213471533
1.4912272988540551
0.5111570267236513
0.6423797210661519
1.7340106245227929
1.0501432889889994
0.3879336350063129
2.072215378749999
1.1407390759576328
0.21357736616649886
0.3665056706515321
1.2210426393153802
2.1760793486481576
0.8750224727433092
0.3910585004235378
0.6871361513293774
1.6274492630640849
1.3899651738928027
0.44655673391950973
1.0547200284692726
0.6316199193281394
1.6154887829849955
0.3050275544218859
0.7766597286987836
2.3781615243728007
0.9499401626185197
0.4416416170263038
0.5077988614245316
1.5569082607512466
0.3427356194222722
1.42526822845998
1.1876227906000725
1.0409636496989407
0.7258097419271018
1.552469882211696
0.4746837305266629
0.75273347891118
1.1309371197986073
1.107603878493524
0.4421497047989972
1.3222754189196646
0.5262003037491206
1.9243725849338642
1.0564628822989173
0.5981057255591556
0.7234326479095186
0.26403475127718
1.8360370005351212
0.4749053239107592
1.338181391696159
0.12923604452791213
1.7466396720030308
1.0002409328043287
0.8637104509783403
1.5046709399591929
0.47488315247730223
1.25991655032885
0.7160805565969621
0.2689756310782203
0.5777883635366484
0.9046887810498274
1.4821337564721635
0.5200524362027553
1.6402062412456122
0.4925929019041031
1.677855928613265
0.1320734034398238
1.095138187885325
0.6794837765795112
1.4695005447564584
0.27755747483586624
0.9932481835707698
2.1294517245963505
0.19857096393480786
1.554274296479797
1.1241580530154707
0.15578576753017676
1.2480446499318245
2.48904127747162
0.06653305012816627
0.5894629795166508
1.265516082918124
2.067427648671025
0.49798263478198734
0.289161170865993
1.1894178608398094
2.0058789606096843
0.9037561827250408
0.41602509483090405
1.3693386128265264
0.7181140384837778
1.4828642934033072
0.5609850888796364
0.9370703913232075
0.7433013387496645
0.37690351896428054
2.648036339741819
0.8161777249533512
0.6320840740754596
0.08080609991158794
0.790960639255945
1.3054768051411014
1.1840661951555815
1.1730924956680617
0.6916251609105444
0.9424463644831084
1.326076667330096
1.2929184617539304
0.9229050400525249
0.40815543022082573
0.4769284727436784
1.3336897573269149
2.1892517714563016
0.4252902657585198
0.4746016429151187
2.449356332587817
0.6516374276432388
0.29604485155840243
0.9272713256332099
1.2842914205123317
1.3437188343261273
0.8288998273479863
0.7816177819237171
1.212499029365547
1.2383535138481254
0.8152830967350931
0.9004217982896007
0.8873348538959285
0.9696947215482407
1.242453649859637
1.416078054658273
0.4473958071676547
0.8021344923783084
1.2606188774930145
0.6504267845619417
2.138423826548913
0.3537998366471536
0.44604075394745996
2.3127305900635267
0.42869097426885466
0.5691606799922588
2.5862440966762117
0.2652327926016236
0.8279162433415101
1.079273420739153
0.5467870535106691
1.5057067245250573
0.23365136122654467
2.133856682712301
0.12235187270538976
0.9891662343383928
2.3973183551962243
0.6588429014756642
0.07183758850731678
0.6362538590977324
1.0919323339029352
2.365865418924681
0.43065162164595155
0.62603577602799
0.5846900877479354
0.671219735581869
2.3578097800032656
1.0130264363147239
0.6281545919316394
0.2411162689321347
0.820096523176251
0.6019260412243402
2.2758952633545624
0.822107486960549
0.30654224286581444
0.7370847179997596
2.457178309502658
0.4790986376738184
0.8332270775196836
1.075474964879462
0.8149956471721904
1.2570495900822418
1.0156920561822471
0.9809356786838668
1.2208027803314994
0.9378806449322434
0.8944627404954174
0.0638131968834752
1.6207008303427435
0.7955542233887265
0.896373176954498
1.5851914398310232
0.6846992339252275
0.6749262560304501
1.5290114226922025
1.1223065630440734
1.218585735679653
0.5811292998784191
0.45334516162549515
1.9157507934929632
0.5023039661925435
0.5726105708034511
1.0056798172138726
1.3230128621249715
2.033109179455959
0.158875744587493
0.3917248399640662
0.8242831935916495
1.784936765234597
1.3857103121295222
0.4461459004247455
1.0843277973456151
0.6946320174783148
1.1717597092000245
1.844736529423342
0.5746188676404805
0.12111007268847014
2.508933662554327
0.1821521985038426
0.6163726546930766
2.294376175372892
0.9165634588786233
0.49899036197313557
0.9557804885471382
1.4308012962371526
1.1834097044943803
0.5361247255719781
1.3692933665457168
0.9000037452456964
0.7669101299288384
0.9611660121725654
2.149225261399614
0.44944614372566216
0.09473988431884021
0.8980878007476975
1.660680501020416
1.3498610838152272
0.5112327264955864
1.0972295975246906
0.7647604219973235
1.789391890376474
0.7629671675603357
0.6245879206146124
0.7430750078431231
0.7089772201765737
1.8004143863525919
1.1691296756464324
0.6612153946713407
0.6537230910642914
1.025591006616432
1.4818461355586032
0.32844534287728067
1.2410728261639108
0.8978857600232154
1.4744890334713123
0.9879070380937844
0.6650644713207111
0.537044006668054
2.4204527979429433
0.4643517200968656
0.32875990996018445
1.2531384331758
1.8214647442802105
0.9283317487467011
0.3368846216868286
2.051607817841478
0.4322891360145816
0.4857112638265725
1.703798491178109
1.4824533218493134
0.2431710832509731
1.1647385416717333
1.5902506706485549
0.5940016247587059
1.2652375098731066
0.25938501419874865
1.830884271478309
0.14841416958739495
1.248030660317241
0.43720821111038555
1.346406993838598
1.4023190860497003
0.6020473069521834
1.349007311810796
0.39822490135584226
1.0563048324799735
1.7885744967836597
0.7784014832783452
0.595199285895951
1.444114632560033
0.8042594421145622
1.199553307584247
1.586828740404502
0.156211739634591
0.18980930884861966
2.717467946370444
1.146071666685428
0.4307756618861138
0.7758842426295921
2.359366801355956
0.3733342446362709
0.3015717086581497
0.7366817480308494
2.582699745999943
0.6478406219452129
0.6188542044267868
1.2072190555411633
0.9724749380574281
1.0207689150169061
0.47504858142981704
0.8199421986272932
2.0747937059430384
0.7698178583656149
0.8145413009095133
1.2865527163251533
0.7436332125959395
0.7553446073108091
0.46282982842385845
1.9806013181510262
0.9530055539513892
0.5263137340159488
1.2335739857517194
0.8340720609031927
1.7516241922670608
0.8436318850429104
0.34551966227807945
0.8636452020369162
1.072830794411788
0.6629688974688841
1.6646094700069183
1.6315390742967937
0.1947737846800955
0.7209340336026724
1.5525332529589713
1.214828365088327
0.7546057303712301
1.026460504839618
0.6005564871481128
1.2986950488382103
0.13634127647956906
2.1449778831844766
0.7033121021009741
0.933212279485994
0.6330481286945107
0.9540209950882792
1.8062176857466028
0.29537638032985675
0.6928686381359646
1.2508589335534475
2.0847059375514756
0.4728445824025455
0.7228467922784884
0.5756979105775267
1.215397649051343
1.2425755497251074
0.3104734658651625
1.9110436747877333
0.8927922479562669
0.37567201381443144
1.7070449783711235
0.20130320766346896
1.3680594635356942
0.9618996302019702
1.452394546327957
0.9360132523562168
0.1757094514429988
1.4479805206605252
1.8486995445248549
0.909751263959613
0.2795877337575035
0.8528749518080373
0.2289370983993192
2.5959335981987484
0.7734525332937484
0.2858282548296926
1.4533652513298068
0.2812656911735422
1.7088379017931707
0.8911224555006242
0.9154052107581411
1.34904268877484
0.9792791492657785
0.3838060935149535
1.218878591283183
0.40429693436287817
1.7158706872907714
0.8101390304188599
1.2944308998995824
0.5573080177156549
1.1179739988103883
0.6310255036991815
0.9229614801320465
0.8540186715767414
1.312031633383241
1.4940000874543289
0.8486415849198986
0.7765303267359456
0.08982423684040645
1.0936574182676404
2.8790365427873583
0.41858563381551267
0.2810073669021751
1.500327698265057
1.1049220121077945
0.2704580193380109
1.5407384241208721
1.7299207373327816
0.6313869557732783
0.9318731075807986
0.8633849282082268
0.5487116558567121
0.9256923617704399
0.7782223874752481
2.045285528907689
0.5350480794066619
0.8601405654643292
0.9937629555106213
1.3844567585918046
0.3518691417487312
1.4815975651447335
0.970527990089254
1.354602968229281
0.29079362960927135
0.406649689784894
1.6734918255692715
1.2138053670715858
0.39842045813231425
1.4462401808581338
1.5555692386243434
0.6179766259699696
0.8049526474486743
1.4361370030320424
0.5194472171397957
0.8377655357327835
2.7305783042221163
0.10335557798860132
0.3959846384323192
1.8504589697219813
0.9448608958313455
0.5883470388778425
1.7037351830735878
1.5643526086399049
0.03198401846657872
0.5906828265709485
1.418757457498298
2.213588108080793
0.5425123426335121
0.28109934306766243
1.4487839616639981
1.0945497183846202
0.5633551184675804
0.8796455845384454
1.6793266521175285
1.424339367523056
0.533264045337165
0.43149545099402403
0.598596926505302
1.6826350428321872
0.5170233064701427
1.9592391988282296
0.06567363028769081
1.043344996146805
1.5429994288589959
1.0419735198481794
0.5433066144296979
0.367049522670994
1.3017714069108204
1.7167083748806018
0.8876073307202507
0.4499156325610067
1.5009297562509423
0.857652341667783
1.1772867363135617
0.13429692054729658
2.2139934921882505
0.5276832957847136
0.6188468036991679
2.126017903144854
0.6438189319198444
0.13822812300129042
1.9359577621131772
1.1951806668526253
0.7622137448076861
0.8791185430278946
0.6171094090541943
1.4580287380665307
1.6101669783348282
0.7726708617835301
0.3526102889796622
1.3180179265015588
0.6920348322980091
0.7787519465342173
1.8973881060464026
0.16640220600432415
2.0560107086537585
0.3919152353355193
0.26515815868777515
0.9132267466448847
1.391857129232428
1.032428016151683
0.6394862272062045
1.86971666916471
0.7529710509864332
0.6691249257850909
1.166726562359111
0.9165314877170513
0.9618560153982526
0.8794762607770695
1.7642886697443902
0.6648424407718082
0.5796933052003802
0.9473557315751622
0.5204562080285103
2.171403619153803
0.9211935922309277
0.29838633860946584
1.4712513927500332
1.2751294391711778
1.1692275725094912
0.39550865232900856
1.2947185162996668
0.09990293987827881
1.1655773926966366
2.394734149469674
0.3018022833995548
0.7631334072365306
1.0551118848164465
1.2070652688814216
0.23539432925608864
2.381104173581198
0.44566084886044
0.40155125587059837
1.2952461133311675
2.1752561419742396
0.2839138301401117
0.9353857264196945
0.1822005549218693
1.6626756884083826
1.9298018742376017
0.2308647795084462
0.9444983185911136
0.4302415946007385
1.4101439943140426
0.9804874246443142
1.1843035046428767
0.8351808458702096
0.9362747251219636
0.5859428059251234
1.6870244104834493
1.1380200591187966
0.3845331014772362
2.015902196118919
0.20411163158770074
0.879625308773847
1.1899360863980593
1.0128890932462171
0.77165476233244
2.2274425352104656
0.08812988274010666
0.33332468322447695
2.807716943867888
0.24391579175551853
0.541365382910159
2.6371189106086512
0.8426838833498324
0.4958552040941202
0.43080784405046213
2.0455252918554914
0.6543045898193809
1.013426429170299
0.23530511694878145
1.6042912383373413
0.9061585485661913
0.924680040654283
1.2184371650883232
1.5098237676524142
0.40947239309807687
0.46783031167926675
0.8254917693885397
2.4222751840162355
0.6041675351183432
0.3632541393639044
2.0323173353634116
0.5944635543179092
1.2579283805085324
0.5689351708945103
0.6229553998771001
1.957165124005363
0.9202216144633226
0.8362488465544987
0.19589561609690126
0.7747633760211816
2.5684915452597346
0.593809345674051
0.3016655948165422
1.5786034884463709
1.491437622492141
1.0520410701828298
0.523028620616631
0.8723394654524195
0.8276480565716419
1.1536336847227884
0.7867434245557994
1.3438889220519308
1.2943729856153003
0.49936192233013715
1.5044035557565758
0.6729971139125045
0.5368576567917244
1.1815736711999008
0.39802702302402276
1.965163238112167
1.0014346058814505
0.8874948595891631
0.6872543571617924
1.0526377516133727
1.0521419773289344
0.9533117039559045
0.7463531287276363
0.4345472907950824
1.917734813522215
0.5382323998265144
0.9653826077591287
1.6977963472622233
0.8986252013901584
0.6770539854664903
0.22072919471518532
2.001055430741677
1.4415923799719328
0.5810225456930449
1.165739114299715
0.16191566341720098
0.8026223842620662
1.1263461006308408
1.4040193057524495
0.4659628092373779
1.6386234801803752
0.3962981475929656
1.196780646819416
1.5840601503359626
0.741147941480902
0.4292008967166002
1.2788720998089385
1.452461539974501
0.9930023033170661
0.6175512344317038
1.4936585459194214
1.0168504132418885
0.2271624788670121
1.1917632034525159
1.2235403005225622
1.225057163011518
1.034033982181118
0.018221118327450752
1.864339859456016
1.3182088189352759
0.4766943171266278
1.249483367016214
1.5660359204018823
0.6475194088947546
0.941442053221583
1.402810893601954
0.12651334871866848
0.6523728143630055
1.9526965842658217
0.9451541098238496
1.0937869728240122
0.7153933773511292
0.5312347225913258
0.7780035772341121
2.412152859220174
0.608129355156211
0.6106644029800984
1.8519172218647582
0.6679971012390032
0.3907894942335831
0.2225868761614764
2.6267049982031367
0.5872093390136106
0.5289259069691487
0.9022038897879588
1.7820860186456744
1.0007318107646725
1.1585579588469608
0.24522298707973023
0.547542974513533
1.016336373813963
0.6315566622109462
2.368555076652479
0.8086592195999832
0.31143612151620753
1.2735482886849363
0.7442098822154674
0.9801276336365407
1.6669478524255743
0.6704598141011119
0.9926090943238008
1.356264468146226
0.3237770947151642
0.7558001927245929
1.0077850124578682
2.1083985965513348
0.892767733159403
0.3232337480519715
0.7561204642679497
1.7966365871754202
0.8365750469723041
0.6509725876244651
1.1757863634503238
0.7781639960090402
1.348932480792353
0.46289854344060366
1.1373203702919819
1.0422565682741656
1.7987852726581004
0.5636943389458933
0.3147683521891397
1.86020695473749
0.2020001695003891
1.0289480815419842
1.932872661169913
1.0045938249280872
0.6586387123888772
0.4345087744617931
1.406045121137454
0.944472935386935
1.2869540895241232
0.9601082970140538
0.5414139248212879
0.9239882477317753
1.2976245378246312
1.588964449927503
0.6490045306810771
0.891169709821252
0.1729245025778168
1.679272892268761
1.14591870672295
0.5551020203196547
0.8839363164051927
2.1096057526743404
0.4726187711593136
0.9512427448295754
0.6514695673064774
1.0559409811177827
0.7914594570796024
1.326954815495948
1.0605434923329262
1.1002665314466211
0.7276764051351815
0.785200931059009
1.3343800990237098
0.6424523381263681
1.2353103201666602
1.2421404300879848
0.8146623584743828
0.4581011468903422
1.7554676900385906
0.8129690172920325
1.2664195124832922
0.43155744555078107
1.6387680915029381
0.03292749276253602
1.1554283261572629
0.42440028482960124
0.8596089341201226
1.5332455816822403
0.4482866699403511
2.067899492099498
0.3609456402568265
0.7757524677992302
1.4729477544107457
0.8065189560906246
0.9170274784084954
1.0050859743899951
0.6050368410786088
1.8015969802027305
0.7744296889102917
0.6851984497741566
1.2804773154623599
0.5846553282882978
1.8997994820128794
0.5130396240626567
0.536292069284263
1.4411481526596226
0.9190744370622037
0.7633792752592053
1.731389773836245
0.8485495766316133
0.8728627653057283
0.9529381035466273
0.3490530551886397
1.4647997576342315
0.9924458717175138
1.0942501811937384
0.458190920474464
2.384143810225083
0.15796837847855283
0.2719258407972684
2.7648398273691512
0.6181197988793952
0.5873258812169397
1.9417387448003942
0.4284941027596386
0.9727247281629715
1.4741166633001304
0.268768786489821
1.6116153856397168
1.3051923155832907
0.26894522632518336
1.8808078814303513
0.7460480109173451
0.17413497938381686
2.553551351859739
0.4125691697718116
1.1341411024275088
0.4464231870353383
0.35353446872225375
2.5832971193241208
0.47431919490350455
0.7312182985240469
1.0137590857296563
1.2705840917957938
1.471096366412477
0.435657245056846
0.7884164921228581
0.9871380829323876
1.4349038858641807
0.956684831929298
1.2051961739748303
0.7456863208462718
0.795791843783383
0.2520037431585836
1.6887024338036387
1.224067801356875
0.6671737481862331
0.9005158751051245
1.1891676667967686
1.4741529022081592
1.0249186203903875
0.5156778552895205
0.17445852540256032
2.073342690182968
1.5314481149519383
0.4055571622691752
0.7927819697544128
0.579441350147763
1.7147605576497786
0.48051952891612837
1.1709535107591593
1.5203703230138446
0.664040027260865
1.1574142565710919
0.5728223897009648
1.5372519824142292
0.6318146164672248
0.5297482857392299
2.0184298129174993
0.6052406289211614
0.8834191423550958
1.2030713957498687
0.9779733828606755
0.8911200908229674
1.5138916597882717
0.6404610315336909
0.6544555145607744
1.3839454309188444
0.7599453568886457
0.958963980575936
1.070964517694103
1.005074617606571
1.1620327939795139
1.2680538233965455
0.5313985044671383
0.7718116600224085
0.9057292092680449
1.5549178909129882
1.2163599230769606
0.6645765030393146
1.1228833014107118
0.6858880373131643
0.5115580415800205
1.9498560405403778
1.087044053299597
0.7508384878283206
0.6049497372700877
1.355885790881988
0.7186838825995903
1.0234799180220944
0.065970400223725
2.515648770090276
0.2155204398093872
0.9129654044524044
1.3084630276746483
1.7667331884862385
0.08612791166403691
0.45219734494987995
0.9280454730547054
2.371601464186014
0.5859842916168091
0.5776683665008037
0.4255945277925996
2.6372749260036437
0.20660810545255323
0.7278642742480484
1.7431364843585153
1.5332753559158019
0.1514650219444607
0.6742208704404408
0.3429368986440818
2.2627890876071888
0.20326812868422786
1.348685906875237
0.5930214048904545
0.8888342401497413
2.1019030055485963
0.27593203420808937
1.0168299318211829
1.2389091068618907
0.5222477367149758
1.399077568597172
0.9045898118001209
1.5158299997716025
0.6241943397178552
0.4610684225060797
1.024740137916722
1.5507102039822178
0.9574331555153041
0.9118700052300411
0.6131427824290477
1.364168863336974
1.558345885773
0.20686373439840017
1.6291206999706922
0.7825829186731483
0.45650550556568764
0.5886760882663615
2.521558759510644
0.4318009471632085
0.500694799784974
1.8524123441335743
0.7159525186371384
1.1677964470924282
1.4592153058283308
0.13500163674646068
1.3723353468241108
2.2352699085747085
0.24865616776511903
0.1812095526539487
2.0544175215573706
0.9255981207757576
0.8555714436952421
1.4347267484347435
0.2798361051058585
1.567336800436248
1.288112272398103
0.4450302201158311
1.8767214961639063
0.13031634920054236
0.44050174846982526
2.6437605005030234
0.16899935388781512
1.0182052149317062
0.510354080964615
2.218834837485559
1.219876051756596
0.054606018577555634
0.10450102153248418
2.5745326223894267
0.6594070082214154
0.7369220097356451
2.0647631144036205
0.42505108006908804
0.8277529876264326
1.0920460528609828
1.370547941585734
0.39258526148702677
1.2926889828428216
1.5227211608246243
0.7326758652516406
0.3410825729953667
1.6334148186257254
0.7867488561428446
1.2190304549453856
0.74892471337764
0.5697176744587457
2.474800636245447
0.03631539426794617
1.0337421531892508
1.3814185844028108
0.4524336505943331
0.924618106799795
1.6665546876051145
1.2239204099373415
0.5947518581963529
0.9241326251435245
1.0660729610195072
0.9397909209519596
1.2281270977008318
0.8578747150259848
1.1764960472148442
0.07477607579103422
1.4287616711606093
1.7979320620433992
0.9005954480511681
0.4237742622356803
0.8762011996619505
0.567853619553814
1.0933066670204556
1.2687359349087628
0.7013123958109179
2.055195836204733
0.243475913393715
0.9583792327053975
0.7798465429548103
0.7772762870207215
1.8005240515028864
0.6538116653973854
0.31372284217091023
1.8582724101711474
1.2348355123775399
0.6649061920417709
0.7193231412165206
1.6203859567667742
1.2314562068629864
0.3946340919220864
1.3710223139516675
1.1231093845633546
0.251503000984689
1.4905648402297889
0.4447769670535597
1.6648132956591957
0.659770577423884
0.5504225452387729
2.212038066690642
0.9106311552807174
0.49134353691954696
0.668282981124608
2.434218780042044
0.1353164193928082
0.8277251561733658
0.8116888260764678
1.3979132095166347
0.4582792277573561
1.6075922601305233
0.8231846944252998
0.835280899539212
0.8014138039082354
1.7225823352995016
0.688708762669726
0.8098227669693479
1.9349512367291888
0.1487186497598775
0.4100261588605822
3.0593801366972646
0.6846393492338512
0.29234937147394885
1.4539738752128626
0.7185043156260836
0.9972116284685393
1.3891049769845671
1.1183116594610865
0.2787089958992179
1.3440431455042914
1.7362518425748115
0.5893618754679203
1.0035369062947506
1.0539507010274665
1.2337629245559285
0.1962156471998644
1.0349061646641007
2.830062587558742
0.22055965690872065
0.21422387397469023
1.8156127275435925
0.22993208399262766
1.7326957993518208
1.8848139384710931
0.1689221757404337
0.6312014103049393
1.1054753326460636
0.9600419965668155
1.2140109867717677
0.7147756452920652
1.247192884002827
1.051120998532913
1.0949509609820052
1.2807100867692582
0.5513844180529995
1.252812193246249
0.5044071912746495
0.1909198138210241
1.365627819703582
1.7914531335110118
0.2547411468154272
1.8768133819483312
0.3872952414010213
0.6322233329141759
1.2403697495094455
1.633183825535065
0.3443741293313517
1.5096943397401905
1.2599249925582259
0.28236122515679446
0.8626671950711553
1.6600818939246407
1.0136759296844475
0.5043526230349668
1.885261647284148
0.6154430223099441
0.758244777015378
0.2896343082646477
1.9665287698555516
1.1751398264898483
0.4039520442000651
1.88115354787837
0.5421433903583244
0.8140672536295723
1.043607856027944
0.36445671157711923
1.5117384176136885
1.1136084421497534
0.9300012048310415
1.1643964387748407
0.41346536941106127
2.060524126020651
0.7853810000460018
0.4050543087614743
0.6253527123151734
2.3721319125807425
0.4436329169002061
0.45322009529841173
2.1810264376930313
0.7996886657035638
0.7539425395609187
1.0294761880879904
0.7835927186357445
1.5162131050176912
0.5950141562645375
1.0383502724900948
0.887834836918092
1.5781984437009753
0.5309040091982383
0.9905178966602823
0.5844257451257114
1.0114347528675594
2.0342281953884678
0.5420682894251564
0.5372183484066871
1.6958628457509795
1.2458792080340735
0.591613766268115
0.8424041056552137
1.415519485339705
0.49976087797133534
1.8900312515172502
0.5241055954404715
0.40740766731446165
1.5515647605788399
0.790918802306516
1.1683556205387906
1.1569605378110968
0.7105972392163228
1.4592409759727774
0.47976856524098094
0.7231920480730236
2.270136194389211
0.7126782616603275
0.18871340032909462
2.403965668122944
0.5521627977898849
0.6601984880024998
1.4164544339931495
1.4774991298775693
0.4298126676988953
0.7452689252668494
1.5463479639913262
0.6001518815366956
1.3184866189317628
0.9194939573068893
0.6893362758791483
1.5391960514582046
0.6118224915615335
0.855100582141652
1.6330970882517133
0.9094179749996766
0.4263738656330335
2.1219169444127806
0.8509060430575471
0.3514576780395027
1.814551533813694
0.10830102644519245
1.1958015193052052
1.2917548940784707
0.7467906011182397
1.7997836524811162
0.43242616758761543
0.44059911672604735
0.9368814451359698
1.5195336214087107
0.6967132124811453
0.9829972382901779
1.3741512328954242
1.195269108426999
1.1017650117156383
0.2686382584309581
0.8429918855898594
1.6581182988793464
0.21367810953398444
1.7131971836237938
0.18464835751757802
1.1409977518479424
1.86802255669921
0.9282565693491291
0.4950468812353779
0.9018497322757566
1.9810207138839413
0.3845865103537656
0.5408384092550271
2.4023309347946253
0.9558657870466379
0.0790288586045337
1.5975608136376531
0.07345439203704889
2.2638118681275827
0.3724734072185946
0.48524093753161845
1.2863553299479595
2.0876993222819267
0.4995187712356873
0.12959434474980108
2.7759796704305835
1.1133813462602826
0.39854306206457146
0.45541184306201316
0.2795548167917149
2.2326195162491715
0.6541990139655544
0.6254340698721226
2.44757402855946
0.5637007962316065
0.20384517559587503
1.8680629116795893
1.6838899924567325
0.5708680796847325
0.5104452470008098
1.0886447842630935
1.4536698269106771
0.9008359410315526
0.3876370307432031
2.6515458889537107
0.10819431707150458
0.0785713027951956
2.764264926092645
0.8871456294105274
0.7498338490067423
1.2198799313329023
0.17500437585225834
2.1998914269116816
0.34552878793671377
0.6363964649180961
1.4193908267110826
1.1975373524723643
0.7543917474963586
1.1326221769751
1.370671588860756
0.7190518124256425
0.5393157094577115
1.009574583751666
1.8420108156214885
0.5154143712926222
1.138943194182681
1.3071364061709687
0.21739512691066276
1.2717338008505752
1.4160253640928782
0.7382860677977249
0.934742304417604
1.0227905017944725
1.6668482093914756
0.10556164253620277
1.204341049525076
1.2190643608643135
1.0182831815497133
1.191236255612101
1.1455673944625537
0.46935108025225525
0.4945053332055237
1.1287262119154324
2.2014630498682717
0.15446682436118206
0.8934274775820189
1.6370049953832577
0.7725479724076116
0.9122735485514308
0.3783622779955115
2.423934835746301
0.7784843328635142
0.5469956854135438
0.5643268735872876
0.9250095392204166
1.6387409712510852
0.7830711089712887
0.7252801041033871
1.3977756216666162
0.6556764632491383
0.2511206855802059
2.7525979870832535
0.5773388088351279
0.6713437845381527
1.2545239345076478
0.9740425441911021
1.305685136507683
0.32196998092350554
0.7224074321532107
1.0140645534349058
1.3543895840501552
0.5060471093206138
1.8649509859548878
0.6804428453170792
0.5778078316106646
1.3150525163530211
0.8913474483647654
1.6993220329391074
0.6719834299808699
0.4540649697156539
0.960123341394566
1.1295903292463696
0.5563344877531051
2.054361712429285
0.5823567511116656
0.6258994701713401
0.9112454116322058
1.3646376529135935
1.7944230150728397
0.12766531325593614
0.8617074521933786
1.5611433584545524
1.255211925755547
0.3020536192594058
0.8932668112716505
0.7232159039140278
1.2979515050080033
1.5363743593952184
0.8541608341241266
1.0687507609032574
0.4805333299379852
0.5828493664180473
2.136607841488151
0.8884713791208576
0.8813922860850512
0.2807008318350026
0.6009358179511678
0.4792376016031076
1.1773875859752871
2.610429548193852
0.4605825585204407
0.15765375569670556
2.5255466678384866
0.38329785529047045
0.7244381092474379
1.601805806447369
1.280390083603769
0.20813619703030747
0.7189880156411891
2.2727512998070556
0.6034140781309479
0.5742899995091719
1.8912393141726087
0.3607564261501747
1.6236084236881827
0.10265372273991098
1.6741493238120844
0.5816505405802596
0.2788313754980055
1.4637105756746691
1.076784736954472
0.8513271320675825
1.1050075969528825
1.2792233395866484
1.0934352198344859
0.6337090125927028
0.7307595520224093
1.4224569421745303
1.310789745752018
0.6012673270513275
0.7299186825476255
1.9583567410120546
0.23464998696619507
1.1664691346448843
0.2028497598689269
2.3305091733284398
0.35018613200502446
0.8264381111144338
1.192358614850278
0.37641093896762506
1.048764730693147
1.5807983943488964
0.9000347393822736
1.4511814243320516
0.4526328659432844
0.7095919106955652
0.13892623827669878
1.5443315104374513
1.4868849249445228
0.966606459082861
1.1659033736817546
0.0516717387170241
0.6177064851558511
2.042399334430199
1.4799543506558388
0.8885290917966011
0.18666036678490133
0.13929239667728102
1.9112967293984253
1.2738137005987453
0.41952046255144587
1.890820132221942
0.0313249381225762
1.1009056410149756
0.6311115997615376
1.3436837563338746
2.3131723063229384
0.3097099128799424
0.08073613138196387
1.0923818613432823
1.4354184490580093
0.9587508846590824
0.4207546784836943
1.514728111432559
1.4746762336647676
0.5271799360190798
0.8256156317537195
2.749471359444699
0.09759069884538155
0.3113116053347604
2.293967520266421
0.33953343480886433
0.9683112121121461
1.3336735967143976
0.2864080441025022
1.2138244857938996
2.1187585797274795
0.6280241464451963
0.26918638977482784
2.720101443465381
0.04405682689083739
0.9074534914662937
0.6320176565519426
1.407371319234974
0.321981569982121
1.0417447317541746
0.8757225342336266
2.151664426449932
0.5201600136841024
0.3539923934071414
2.0100411628061923
0.44022596947769144
1.5750179003691924
0.18437440045312217
0.4684666411886367
1.6970073695379542
1.0603131854434429
0.47450700708552596
2.3425028294036214
0.15262119547481134
0.8959513422289177
0.719033102775503
1.7079334537712016
0.7671990157637621
0.2746841724698764
2.3127073544840853
0.21059630318535194
0.9180443538315705
0.17705268395414228
2.698557599510349
0.28109947753548314
0.8469795649673273
0.7824983871908084
0.4683566827692685
2.6522180335029497
0.33537277404801386
0.28683627865516464
2.5023645850706746
0.8074781580519497
0.22314643392240743
2.695649114087591
0.2225257028012926
0.8411833127032141
1.0428175043373105
0.6753152105863016
1.240106673677895
0.24934555908131797
2.2895859968143633
0.5694142096423205
0.5437624511892952
1.7539850717645942
1.6468842798370829
0.15618604713316359
0.24938987611637697
2.040005224891233
2.0596779031353565
0.09964524592444132
0.42061025953483405
2.4385133761824815
1.3826278396560074
0.20859785140164197
1.043688291910985
1.8148403121045775
0.0029234748781665873
1.4704192077816143
0.8495564802683112
1.103625177859715
0.08135767384719382
2.5146380286749612
0.5113548137117824
0.7467200067336843
0.36297327543404717
1.8745655170523126
0.8647775852911991
0.1527097667662533
1.6878663995570653
1.0861689331519357
1.3911315979411896
0.8756739305311264
0.5431554733874645
0.15552410532098385
1.4463750181469897
2.145753682588596
0.22535225074541823
0.7734376576098021
1.593478322311013
1.3961347539618452
0.5447266925222124
0.8365714772734824
1.623060004801514
0.03963505510627242
1.5723699233505337
0.24745924341349165
1.1560213723747987
2.3258392197017033
0.5141746975601897
0.6714489930451454
0.17031241463016947
1.9142257037440455
0.9684830534359743
0.27522973538760237
1.4935478412599308
1.0831083344688346
1.5107290501017714
0.9297480211135547
0.3262240057504745
0.22625665430139139
1.2679967048842586
1.5855569398317384
0.5861870609507934
1.440762615674486
1.317325881767262
0.5139440103975843
0.614379093308965
2.1051514998340406
0.23807548864476558
0.85325163298005
0.6233226298250861
1.2051943343924114
2.3055928687782807
0.26471798227296095
0.7827974698959964
0.3374999903983398
0.702136697396096
1.124921490140806
1.5565487519256742
0.8662854191555497
1.2994363334825592
0.9592608391491197
0.4981049212524644
0.16462437968983612
1.7024675639558484
1.3176190952786662
0.13203178186177955
2.3308184486509766
1.2289082176701096
0.21782917210367397
0.5301581654987023
2.0419964391945475
0.13824392174132544
1.1321166898142985
1.0800317701999118
2.0026695982785836
0.31967271882447745
0.7027080347544826
0.5424531570955281
0.12987187201722522
1.5875374442942667
1.7963226379105741
0.7688685089326263
0.9800007290055351
0.4564600176685988
1.2795652308693608
1.5325958781946514
0.03448858339652067
1.1500209286026561
2.717734070035697
0.5335524182718543
0.3438446617508725
0.27462227892075103
1.1585555692328244
0.8394766537306769
1.4699566441289873
0.808942783741964
1.5743703080069007
0.7193644484672045
0.35071396276271405
0.6931831413304174
1.2500711276163334
2.048627781801186
0.7108915524895001
0.47359711436768015
0.4257876334046889
1.80143583838594
0.08099523031293705
1.2193796565597341
0.9143003698065386
2.0412723698818636
0.8056573127425999
0.09891092406650143
0.23875844614049857
1.6424538159531334
1.8656851359710185
0.634717651506897
1.038366722939017
0.2700360425871144
1.1015205159900585
0.9317671178451784
0.8680050011876428
2.485008716781048
0.42487936147767125
0.098536360382728
0.3828627677167244
1.5152174011186352
1.631511694161898
0.6560078916658407
1.4668713144709857
0.3053496344463044
0.8258561738089379
0.6892510590668718
1.0486064672574584
2.697396689427137
0.07961387031800916
0.2807956962535876
1.65373646618862
1.3436498946230904
0.6871002886189139
1.7893254717405553
0.20576765876664013
0.7574415677507594
0.4707734868311626
1.1747714167335996
2.5722997728220314
0.3351478051208233
0.2718386518768452
1.5017342645621603
1.165759662805832
0.6908857783058681
1.9042868163087607
0.7255342026834707
0.17673983470163057
1.3040493633354826
2.474401437059291
0.40626656515166476
0.37208215114825793
1.418463283505876
0.9893176470706645
0.7739655040465784
2.0413664960616003
0.751138861398723
0.03673773800506115
1.3175009058459775
1.9522125994942297
0.7140929394739923
0.8965839624840706
0.7873433763427914
0.8631066828144559
1.9516178093945815
0.8221838280757275
0.04862759253332747
1.337150952013384
1.8850855285716175
0.698497814635567
0.9729023180830173
0.6086656266901659
0.9182137012426436
2.133939529574516
0.05138134214968989
1.0768137526113624
1.8495822287362955
0.5577848813019
1.1250869619983779
0.5859062699436464
0.9511909680132805
2.0806188174035705
0.020127517904130903
0.9651956400894913
1.6365611651456684
1.3115703668465664
0.48359965036670316
0.8628406472059925
1.8594098021683814
0.18723211609144128
0.9591847179106275
1.6133302665519726
1.2042102460068311
0.5596004115089337
0.6921254948522262
1.5131752367513573
0.8067334708020294
1.2695414219948298
1.0354060264179896
0.718378299234325
0.6607622301555867
1.5093322264704714
0.6113204049985098
1.2276951145184993
1.4139334129353396
0.4434359270560356
1.3370559548363774
0.4707603555426826
1.3488621963570424
1.458399055354966
0.26110319347345
1.0927286163547418
1.6858249498645588
1.1879147920532176
0.13767867476083617
1.1691820365365446
1.268416844724828
0.9914107151234702
1.0033600318326743
0.9831173379398346
0.8615461244949987
0.8158850827932972
