0.7401994960374176
0.7340458761220062
1.284810332968678
0.934732811785191
1.0394205579226936
1.1357653174134406
0.43979477050414334
1.1548137241280199
1.3130270683607594
1.2368015297957646
0.5785980504763176
0.9134484666876427
0.5855560912827898
1.4576685652975077
1.4606040754825558
0.5918721680053818
0.9926874960505401
0.8690352443119499
1.0337737498316668
0.6597001433283077
1.653958462917067
0.7425684653681373
0.9667625375599967
0.920479416347477
1.0854905571837359
0.8374716947738164
1.3949144737074608
0.648090217404607
0.8794088711910288
1.2077496797662666
0.9801341624542845
1.0222096850552045
0.9115236381904085
1.2966439008122834
0.7879052425326987
1.1467272042311076
0.8755140460844848
0.5262326233987769
1.2814803366033405
1.079867754279596
0.9974370495151255
1.1816485073878396
0.8896963810483134
1.2118210920793493
0.6696276270936694
0.6430514408844387
1.8915529764341465
0.9835283601192253
0.1982547835582932
1.4246111926183394
1.2277292799146995
1.0090506823428829
1.2926082817123326
0.44846807499655517
0.7640660770381307
2.1551319703864804
0.6855160716482944
0.26122472853758255
2.071242414336532
1.3075470988139226
0.17825818727682707
1.3720642766053295
1.819393268412092
0.22072470126918298
0.9091501753179825
2.500500402697472
0.37094905604725475
0.3316328597194897
2.5212256707425613
0.9863964777976836
0.14041128661252228
1.7192599270799982
1.9916297124489866
0.05603191624340481
0.7009389679988844
0.5015822427309268
2.9674692554805664
0.047923005448295794
0.40888583451227717
3.153871861448432
0.6447941890792952
0.11114219998537396
2.003284484970089
1.703268751917338
0.4791600845101024
0.33953263405694645
0.6429089309972696
3.0725186681315195
0.4919906767008858
0.15399640442829404
1.0901656108071234
2.89730547443568
0.3121158596961595
0.10331011623727297
2.353441694089543
1.3442863153807136
0.8250057464685088
0.11866383751701193
0.6504402912699498
2.8399095574124678
0.8206338658093417
0.24420332995848107
0.6087876012643092
3.5942712703202915
0.12281205113272217
0.019425806696819117
3.0275426641375507
0.4048276827201547
0.9273654281580749
1.415916149886934
0.7155434754641428
0.19299425731529896
2.328463800582771
1.0156120302216092
0.6264346577961206
0.16518564181821038
2.891779994193383
0.19367380196369172
0.5333213453355627
2.325674692364538
0.6344047372468856
0.6799149304635091
1.2878768739134963
1.0927825461664904
0.45019940957110105
2.1018936236097248
0.09427628286016669
1.0154024388881575
0.9407824606054479
1.0480933267771473
1.6036215350725067
0.3035128376863388
1.19396640492314
1.5986957553178887
0.7385765906840368
0.6170604536991894
1.5107441970890307
0.6536426180659358
0.7946176486839003
1.611151300709905
1.1796419118491748
0.36503508299352105
0.8789610675508449
0.9496713225965051
2.1037290324265174
0.45169431632016316
0.5670233900198127
2.0189155463471202
0.29459485008887804
1.2483943930952421
1.2950223726319583
0.6970764264512024
0.4275775868778777
0.8829275878031373
1.4018901420964163
2.082286280445706
0.19913653478718457
0.48611125902613056
0.8470964091757761
0.8774286662638805
2.3060965333644474
0.7736010349762575
0.12194365869478513
2.2475801224722254
0.5453731077133612
0.6405580912092347
1.7917689240758863
0.028912894165253118
0.9829124176671645
0.8829936736273614
1.0207434630563015
1.1596183640014657
1.7757856241713628
0.5739830987111728
0.6598937705481508
1.0916797067837651
0.05535358358990383
1.3307813440679084
2.203990930108935
0.5056096947336315
0.701259745746699
1.4342343269439672
1.470321836187948
0.24984177280511227
0.8394069565011056
1.407981582157357
0.2973818609163602
1.6499290559369004
0.8840267141366505
0.7125034091945225
2.0126838614600597
0.7156648818209704
0.770111900887464
0.26642182894485994
0.5728993900490266
3.164288991357224
0.4460185699634458
0.058347354920773135
2.1793559358449026
0.7755218987572096
1.3645498315544158
0.684642890092651
0.11682513116684463
2.7091162569670235
0.4563721860659035
0.8811302643600386
0.9119613574348209
0.19752921840943502
1.2512702364301893
1.4607411693194048
0.4769840594563752
1.6817506073638993
0.5713625397858045
1.5354722104591378
0.6531023068219812
0.5293935948956705
0.450333377294283
1.3726023729219152
0.7749953024206044
1.3299315563242249
1.4153762715707774
0.49017195056134716
0.6039214257431456
1.717491629902854
1.287073391853632
0.4629776292480671
1.828524640938791
0.47647468798608733
0.2743176682089436
1.1507568356957327
1.8775931650772533
0.9247128847672682
0.2221125837515119
1.1704668342988314
2.4715015478834332
0.5618048555699892
0.26979719366428695
2.210264784838711
0.8842092590079056
0.21040998327390908
1.7273789526764103
0.414867427516594
1.0009985621323627
1.2937983306892857
0.43133031847030656
2.4640906941551073
0.2315635148164739
0.33007351898915416
1.779489749630261
1.4857604662360344
0.5323652064760085
1.0070973432945438
0.7393573586552794
1.5029221860081559
1.2387192343092386
0.6735241536625687
0.9054850134652317
0.40885567974160764
0.7016193948961976
1.6088718726528421
1.8878490945878459
0.37437647657824863
0.5898447898617678
1.3499734471224765
1.3864369537261274
0.7188812872282181
0.3420725162026875
0.6812754943983009
2.011176477215063
0.968641800116864
0.8187753523496941
1.6546112864922249
0.12021825309521121
0.6544603252833882
1.9638599490916477
0.5826129066735385
1.0681103364740185
1.289285912849432
1.1946453845504021
0.41296226515118
0.9946073768817173
1.9760981788348753
0.6490204356011412
0.23368407106411265
1.3153410668679242
1.694149949267575
0.8317757842512133
1.168992915581591
0.6160779827841044
0.32741011013656235
1.9276845324918437
0.6394737377012335
0.910850692037982
0.8355683951054893
1.2735091428074297
0.8035055413731141
1.7551046386831721
0.2100445684138216
1.0656882072293883
1.1976520361703484
1.1271631350691276
0.7516009279246746
0.4947538981912759
1.1215226173978963
2.5179140403078564
0.16897572366628857
0.5834940908984695
1.1793946150831423
0.48463556465748675
1.7873765834755377
1.0073558739073982
1.039892771251713
0.7111598677255621
0.7573315551245381
0.241815689333856
2.569516992249359
0.9049281495258716
0.23607026936463887
0.8909831013092225
2.2882107624653765
0.3502915353050524
1.0536744280631685
1.2263044781839514
0.49505519852049035
1.316212956549176
1.5639799909204413
0.8966356403056641
0.6826126365927476
0.49942760268542347
0.4997941568417853
0.8328617094509689
1.8935280138585313
0.6020587016478794
1.3672150391345042
0.5474282135697557
0.8473711385817608
1.9773139084546356
0.39489518364909837
0.6605086371309563
1.2375150133691302
2.1644686698828193
0.3157548314174057
0.5513814561255967
0.7799510010589138
0.9623331857978766
0.881096459018488
1.5286540183477522
1.7026929610425263
0.3577071398559926
0.11730015530392397
0.9108758442265847
2.0660830706063242
1.2242698195856667
0.5617970672629718
0.7300660105005858
1.1951541806112675
1.5672383137245491
0.15377644398561882
1.548987018884198
0.7891014081366143
0.21822373009522392
1.755258650658512
0.6983931879805213
1.3972345300783346
1.050485705490062
0.6069523106915683
0.8715041895298653
1.841667034621159
0.920434370994551
0.24065709602838542
1.7179159512556474
1.1989647288935854
0.6590645472549005
0.34080851149098695
2.85600585807254
0.2644658385244293
0.36370895661934827
0.502532006477653
1.964419843236587
1.2507433320110317
0.4523839973715207
1.273450336210284
0.7230022967239554
1.6684425879531153
1.0375011629362612
0.27624257704429306
1.5199781187480308
0.36939097869680587
0.6606272255401956
0.5751953835969759
2.2313270757414165
0.4672101217308533
0.9462403129836362
1.4347250845404655
0.49083584989039525
1.455976449274158
0.43954786871773127
1.3202111048044252
1.7803661306224396
0.3091606075205044
0.5086891317802785
2.968088963485004
0.44609954049810624
0.22385878951837035
0.3779848223211168
3.3628246749373027
0.5966914574876853
0.26724330156799636
0.5946756084813964
1.6691176866027664
0.9421875432599394
1.084379019238037
1.41657834273683
0.35807430213144775
0.8080593630213452
2.028047089680719
0.7120077869129475
0.7996095567823128
0.8394658012669717
0.5048001050872433
1.6105243473948783
1.310343560661041
0.46372902436274427
1.3859940856902795
1.1691916479329412
0.3754038700995467
1.964559750714716
0.3979649136634966
0.5423749194223481
2.5255805220605603
0.4751689849848853
0.7184865066024404
1.5714020596537306
0.8803301136340311
0.3731610212515276
2.055196968940872
0.6273071163670128
0.35627501216128693
2.293858913683762
1.288883465014708
0.2834938170615508
0.681019655992817
0.3986004082080033
2.1737148808428213
0.7689460342331841
0.5844731139539914
2.0273106127922107
0.7752814355286463
0.5059391735941298
1.0984789196584754
0.37244743421332355
1.999884900311929
0.280294302044056
0.988386512286268
1.9222237298195273
0.6978171497903453
0.7585267538894078
1.695044701366111
0.45623711672376466
0.6297368184835351
0.7423809287732929
1.4002965678835233
1.529753346863117
0.6295712558197535
0.9021510288125554
1.1274951249559264
1.149122973004886
0.714357762289413
0.8674337368238664
1.4190107375772478
0.44562369247486855
1.0850489997399397
1.2948200385730992
1.4646105437549368
0.38675495748538924
1.0208732564003047
1.255787637572105
1.2629653901612552
0.8038192152246765
0.36100730336082165
0.9790103547530852
0.29639901975493754
1.5258927936523567
1.7158012235813007
0.6266957000114779
1.1928604688499258
0.47702410601655687
0.8519571962280129
1.4058821696445705
1.006609889504712
0.6757600681027306
0.8733389939962581
2.381073709724175
0.23252700462850237
0.5293144996296678
1.9085875759458284
0.6218694435688099
1.5611694820286581
0.29303284105804717
0.4871239888891307
1.239877479571583
1.1079232887076202
1.1427306734634675
0.9115039754572607
1.1006642271727458
0.8926675329081819
1.1748641449030879
1.1044923576480703
0.7184034716241543
1.0352635067186684
0.5320083797938886
1.7690802052236303
0.4670216076162985
1.3535177986047437
0.3400154639616469
1.5985102695939062
0.5740449816069944
0.7566989484599399
1.2527109797663152
0.8074603132279686
1.1089405789149314
1.019963604053748
1.1441533840339106
1.1758014683696447
0.955449397697749
0.5079815470011176
1.1762395747650416
0.3022903566354125
1.814787402506837
0.8165370432247765
1.1938429842791531
0.612690915777622
0.9016960622466594
1.1997591751230783
0.7608872300912017
0.7224204318044267
1.9789291346927211
1.029926995586559
0.5053120401370234
1.4114681316455833
0.4125225200911974
0.34992521641681834
0.5160502118810327
2.2301337623757944
1.560439991580114
0.37107823608418433
0.452820483763681
0.7461772742850972
1.2648887437873562
1.4444976520487658
0.9126478566119339
1.1058912900188933
0.6646589438138609
0.7185923360718256
0.8985834182194364
0.9562507782407931
1.9092173966757904
0.501161566567927
0.7482038927853788
1.5200500327696485
1.1860308421505632
0.2884662775712167
1.6994004517356824
0.15970196187235647
1.6058855257606965
1.1745167984456901
0.2443421798441299
1.706305882719362
0.3216107271981796
1.1963150741473274
1.1208282887476593
1.3050287527925837
1.0640294556662833
0.25649358417123036
1.0864026965597806
1.0119359861222799
0.7063623846738323
2.602836548161284
0.062301611636839026
0.5150944455035456
1.775181572046777
0.6991954704800097
0.7461879083412141
2.0362800012960407
0.737397207833767
0.31023286535959227
0.8300890130573898
1.416248301071441
2.216059329189329
0.27437358184822197
0.2859834554260271
1.36417630292129
1.0864452299075409
0.6589985387216771
1.3000744626704996
1.5017261361351433
0.7744267361436084
0.4107728640727106
1.3410094062221494
0.8823835319080984
1.175166048532959
0.9141054029929654
1.7025903981506991
0.43010372227959354
0.5072709702133649
1.2740290083100356
0.7284891884958796
1.1665886657715878
0.4048623363122923
2.1596079834330295
1.0613913587764703
0.24816604107267592
0.7756650517955223
1.8813167039701766
0.9893174529819815
0.7893926785543124
0.41790188794016175
1.9333129741927846
0.6853829433008388
0.8157469849220569
1.9740229099709603
0.3580178764319772
0.4623859296758833
1.9570828004971972
1.1332137392960215
0.3139457359841961
1.4195889663783843
0.8951871484833238
1.2094038841559915
0.7252653561913972
1.1944759189461824
0.7778324266463224
1.5266486017843335
0.5656936360605598
0.8513039501419573
0.31605400104010956
2.0185402162378883
0.9513785161816248
0.8436220952002251
1.0991407331142429
0.35168690410915066
0.9803321058038604
1.5574901563966221
0.999427585340315
0.9333456744588374
0.9823461590776411
0.9485368426284737
1.179163375435049
0.7517933661284533
0.7494094308015579
1.418914335924991
1.590515271812274
0.5278473780633123
0.38159516809845057
1.282396282700606
0.5079281650542927
1.9220500051443359
0.8340582465211329
0.666356793402858
1.4818547170058314
0.5349188742325992
1.0763024699354737
1.8661169129319304
0.13812138597516893
1.2516580617773212
1.2503696046420518
0.030513675117726857
2.543755524571483
0.05637484787534931
0.7570599550298894
0.9175456345379297
1.1894033340622956
1.8661544894490831
0.3920160038532123
0.6020168945001573
1.0158244533935499
1.823521623267911
0.6699659168234506
1.0176766144154379
0.4459932762732507
1.4856950514951814
1.2692909561005623
0.6974343975490097
0.7858897949713397
0.7491342458268955
1.1500101195138466
1.296552306865721
0.9224593068553371
1.230534265855688
0.2375080524806675
1.2459082926988558
1.8762850307546708
0.7465116482907115
0.5708408625596298
0.8663427749747481
2.2225211086225354
0.5075340586034395
0.22797815337222974
1.220513784732741
1.6390900379466744
0.7686592059369963
0.9857470774144098
0.878615286336789
1.4930153780116218
0.507232885726708
0.4684782725885315
2.5135022251476005
1.0179496036329256
0.38635346874418086
0.481085149061662
1.9472714273555138
0.8118151616831978
0.8010756804182351
0.24095121028807656
2.2591964606964248
0.9127721863068254
0.46691662126930394
0.9141540705177387
2.585926372160613
0.2698634872484251
0.27011121277438277
0.8087025691301123
3.104407083699093
0.3818840925740115
0.3118346990197519
0.16671570571127248
3.375511472853353
0.2846695781695316
0.27658800279820744
1.8658746956796237
0.7483959307313482
1.5775346592883004
0.12138325019818332
1.1027297352913543
0.7599233732202283
1.7888728689263103
0.8174283376638609
0.20816896233881066
1.4349730468616648
1.4330863198755106
1.3822766560910527
0.3649655258191177
0.614004726315751
2.0043717789207074
0.18591932622486812
0.8400516849931692
2.7119913256587433
0.4214703642866813
0.4592896848817879
2.342393878138637
0.6853329384781831
0.27565509445692676
0.5674572516825888
1.3124348057670605
2.1594661341637034
0.3407064564955456
0.8229183806722572
1.5338476818911309
0.9746257277970395
0.689520525894973
0.7225587139878206
0.7226919488344682
1.8246145307783646
0.23555549510794416
1.0190229055199587
1.6559635119489735
1.1168393636609133
0.7697931171117964
0.9919581250505493
0.1046727912031743
1.8812269983367955
1.6946766801584552
0.359566776395829
0.9454940711830687
1.1509068084114853
0.333431819678285
1.3179495074140086
1.0460567632109372
1.3614044069144604
0.8850962709066532
0.5070715280307129
1.2732153678429774
1.5595369676631217
1.0574059356068304
0.20230580249627955
0.8704394244159123
0.434020631322573
2.3629297963325753
0.5889516621179974
0.8448088354208331
0.9733597717168035
1.0072047931887171
0.6883946310423043
1.147659376736034
1.254026238827538
0.7132170612598134
0.868805158946063
1.1623524744396114
1.3153867499503837
0.6562870363721967
1.2448256232467865
1.6436405361667432
0.2789568880130281
0.8313746821317034
1.3011816992467942
1.136155499765836
0.23553336779892375
1.0367698520816548
1.4933047500898329
1.3744016843174653
0.7498239174192419
0.6798316661037105
0.44499971924982346
1.795609669736929
1.45148793268529
0.610080289683538
0.8556085354904013
0.36502669359944095
1.787301519820725
1.0939900383459253
0.5091418760481473
1.2039135471856155
1.6361463280045987
0.12844663924542407
1.055152317529467
2.004346644856826
0.40918186162196074
1.5444684296912639
0.35638331189833694
0.44408713015770584
0.9786985968984514
2.2910689281537233
1.1236266638611205
0.11637036004153249
0.7819843801951717
1.1444370323496074
0.8382871159773873
1.7339550857647061
0.7291105001919299
0.9239649143828358
1.4245350800421577
0.16387072313538523
0.77344939534328
1.2959669117848969
0.71061982847551
1.8869903825729366
0.7480271575873637
0.9126556509217609
0.2406404367734215
1.0950218431072691
1.8018916872864768
0.04616407094735478
1.8756067776969192
0.531719138540262
0.8144793123793859
0.9261273829795988
1.1013893096397296
1.048901900573619
1.37750226870523
0.794933605675095
0.9479199208501221
0.294313286698186
1.589232592778723
1.0881790549098052
1.2364525388317336
0.6292590325059684
0.6913751425276407
1.1228158639170371
1.3828715567410117
1.206525286501865
0.19843454836091665
1.5225877953163525
0.36300840864967454
0.9547112978116651
1.3765898352676658
1.4819491794581021
0.41794711145294594
1.4107982513261095
0.5419912625826111
0.9554324441369093
1.5102344776113625
0.5436187783067641
0.822220651281701
1.5642877636296229
0.802922350477104
1.3301836849806072
0.2639391630294192
1.21732419614004
0.9273344093518594
0.6064998563066957
2.4177987026351646
0.49006419365900256
0.32649696647233517
2.005141121687963
0.37340246669903415
1.3150678494708077
1.3603412698149768
0.6684815792652345
0.34448208543260594
1.3120465778303647
1.6672968847429543
0.49939239348407183
1.6408182965562592
0.5402650324024424
0.5760575268610736
1.139205631210511
1.3191513650986013
0.4275469184671619
2.1816707104287856
0.4237209078555533
0.12136197407094367
3.344483516149531
0.16081141340701055
0.52258245331624
1.8133545178106094
0.9904254137905782
1.2394144526956454
0.1488217092870888
1.0089389036678724
1.3794969317827237
0.9526935011029943
1.1641483503445222
1.2609360777396215
0.22496842074474005
1.2699200356555382
0.9620139969494245
1.3391737694390033
0.8301623336955435
0.6010661194944726
0.85265086011824
1.6256301651247973
1.513506400050667
0.38625806092007076
0.6637165513151193
1.6840563130194122
0.7148189716678097
1.2938865797964307
0.3304342293214068
1.0745141851708246
2.145212892736721
0.40284450053206455
0.2603268125076208
2.3197679763705277
0.5648844481909048
0.911684098880693
1.249360842581543
1.0243262678681824
1.1826738310217964
1.0121321766678613
0.4225041379459367
0.6226378407664414
1.6367600236810644
1.1290443960549919
0.8920501121810378
0.6381647068990088
0.8910737991769904
2.1348586989514535
0.3368880887636628
0.8703277420353561
0.287220102413479
2.110862753392812
0.5343828772880845
1.1442610974366973
0.380460649057816
1.323297127013214
1.219740509168046
1.2678021349171094
0.20593782684570894
0.793126087387838
0.9417964052588174
1.8638595900923527
0.9028800148804862
0.6390878820713571
1.190007361851689
0.6687149730087675
0.937376370826756
1.6949767019073905
0.379587935849593
1.1725853361639094
0.8660010419080025
0.822035751666857
1.223011338260511
1.2713619236858462
1.0658099743115816
0.5311833674033744
1.2843220236445074
1.2005123370174078
0.5947466010669222
1.0760103902042508
1.1151893625708778
0.7296916538422549
1.6439887600841787
0.6963369008699466
0.8175991511438793
1.3078365968242422
1.3876012290759676
0.0882986620958982
0.9575465508210775
1.7229923882249187
0.9573896517078352
0.43030367226398847
1.564038385583223
1.4639587178066207
0.6535948913825919
0.4519070586362407
1.7435994826529835
0.3345196386366682
1.4726522895836958
1.4803976477367127
0.6597089791427471
0.3156398658938426
1.3697352291669465
0.6732494681801998
1.232427055804694
1.1698661005289999
1.116463410429596
0.8940364854448817
1.1818502881013897
0.5413099281675613
0.8431649205629794
0.17567009567965283
2.2219872138545256
0.9940842465306746
0.7603674735654451
0.7939502377032385
0.4797890811492772
2.274890491613153
0.4434041415899468
0.7188359685002065
1.890907974974095
1.0246699385149851
0.20688446857817214
1.3006913174333647
1.89666940729225
0.3910698654845412
0.8008220052261522
0.9683420749679065
2.478245896785331
0.18761731653356414
0.13024579270819675
1.254868543622432
0.7501221441597776
2.077107188559278
0.8362437088107498
0.5073335637979505
0.007262213245150024
2.2915024626413607
1.2799576154461063
0.3773253947944552
1.399201944254485
1.5222272130575552
0.5059933069307891
0.1769470889561325
2.9236575198042996
0.6372935508591893
0.3717752577720828
1.6705612845247113
1.523037089821243
0.2711877187632403
0.8950015978414431
1.6072484758461807
0.22654154665491347
1.616594189154134
0.2496147692760848
1.5699194162830388
1.1925701981342243
0.8659024314827173
0.633523994797874
1.0606739610029436
0.5120790639827155
1.5328797064471122
1.0728816548475808
1.0447293943414644
0.6248745079337351
0.9161895540402136
1.7314072205010325
0.9275318121115004
0.738957913027176
0.6180157197380522
0.41778011058577463
2.0217098140348972
0.925855138235116
0.6532960694445947
1.412464325406395
0.9472202358783315
1.0215371186371724
1.1352482542442834
0.560519768955409
0.9917808318574183
1.6391186453346194
0.13524923430365274
1.9297324830133258
0.38512891529244037
0.6052659086352054
1.986905311052724
0.5068049623241541
0.8846096722974786
1.0230948273401257
1.7461987014436489
0.5979880250813416
0.9072521436360569
0.3793806135737636
1.3855731741635307
0.24135563576822677
2.1765520992662677
0.5016394273796596
0.48532873321012565
2.1047277827827995
1.1630568422250176
0.5283736209245581
0.8244835975793503
0.5003885726840878
2.207961641767022
0.5205833728354131
0.5472893666571836
0.4772050812490055
1.6447753811859362
1.4172795659104853
0.7297877097604482
0.6550190012697225
1.5952796387836865
0.6892061567851379
0.8963431502215994
1.603653186436246
0.6710413205753509
1.027266719332017
0.30868062185667916
1.9433420617875057
0.3157709713551551
1.0441408792990616
1.658307929620502
0.8941101343994441
0.5256482775882575
0.9027535692328504
1.2953070966035534
0.24174320782125958
1.9095646466964358
0.4912436761918658
1.654313704849121
0.7080108368646392
0.2287869812278108
1.1240730771535035
1.3409765595593652
0.8018943803719649
0.2000722040864643
2.2736439049180364
1.1300843648441616
0.8354857074941512
0.4334973565134089
0.7713041927974278
1.239991726406076
1.2302856806488371
0.7684037816251228
1.1955868057564607
0.5678785570151373
1.1785414855258356
0.7758714166555096
1.2692333267178484
0.8279883938704179
1.8017008585541139
0.3607633068002998
0.6201466667993331
1.736627454849825
0.29545477841635126
0.8128553397239057
1.1695427604373438
2.2332830696779773
0.18599066726720084
0.6690603791340082
1.6405609526401441
0.5050241855288042
1.2350034542921964
0.7593530330458478
0.7621408638191716
1.655760884205166
1.47332497700544
0.0927359098160703
1.1507019287706077
1.6977800836273516
1.0972600060743816
0.26486435304694067
1.2893973368410498
1.2132181048846817
1.3429832285118866
0.41347320822498046
0.2845963246703494
1.7931323233553016
1.6141547883540739
0.039958874431021724
1.3343176551595113
2.2007390006422827
0.45166702340405784
0.761223104849414
0.8429596808573695
1.1278937515726608
0.9625069040854594
0.8002629916455187
1.3120363932192072
1.3324760949418635
0.40747442459001476
1.5135914738832594
0.8744337338063219
0.7514380910444921
1.5999568983093448
0.3225708958556881
1.3144763886691728
0.6029568548887551
0.5682294813895525
1.74339692503746
0.8515324321998061
1.506792779747537
0.26689735617970245
0.779208108936776
0.8531380407535032
1.7592717308293115
0.8234784114376942
0.9513519391960974
0.5608845525950586
1.0414084514381245
1.352321799861574
0.9989505153841604
0.6920817985660417
1.6239453972378697
0.9389720286961788
0.38916894706542315
0.8754422601483304
1.5327229928326778
0.9055768413267583
0.901612810651324
1.1753652282807188
1.3955285204564383
0.18106345188256653
1.1138352258133382
1.7335569028476716
0.7509549656868468
1.0703056813627354
0.32123770570422455
1.7898967202017182
0.7763609385372608
0.7164592083535002
1.419579161314094
0.329471187522182
1.9000091887427535
0.703145018723406
0.40289492503744373
2.0214159725056957
0.49707620951037834
1.134290508795991
1.0085846523695876
0.26226077685473786
2.1071817385617684
0.6718112061184474
1.078189428779282
0.24153892541211722
1.221498124415356
1.690673355104719
0.16252077164396642
1.965716804257914
0.05985978761278058
1.0003776034590246
1.184230710734524
1.0722887399949343
1.4792483612256953
0.6260949201282064
0.9567045134498778
0.5481439292011168
0.4663466168119875
1.8182179614412817
1.1878236182646729
1.1668379076771758
0.32293287229562917
1.1751525881281275
1.2006510461800342
0.1084736350816627
2.2443570208312096
0.7697526632459
0.30285570442941706
1.7066085986214539
0.6950175939797284
0.9486532986914785
1.9454910603159168
0.25585699122369765
0.9690765085558668
1.5681713820262577
1.166355392668148
0.2654746889875795
1.035559873963795
1.0938897241386174
1.7775505550629311
0.8832717658026273
0.0442722657142217
0.9456765837214836
2.513181573757946
0.5463142087564402
0.5017226865031296
0.6252225361951981
1.838286987516278
1.4368399863216867
0.3805057988055405
1.1032319901065464
1.3995071634147884
0.23475527924846257
2.143719854793062
0.027156251929041496
0.7558499101337286
2.0061029505862877
1.0372292355184705
0.4335004030462441
1.5637943852178406
0.7654219709930827
0.8112606310995859
0.7859176847334075
1.2965235772602874
1.3344779004286784
0.3186192196624881
1.3328770907457324
0.5009501209344386
1.9978211967714092
0.3573878013426882
1.1077062603060395
0.3765465833250972
1.020025865744613
1.8274325576389794
0.6133227710071322
0.621024688909285
1.511467356115691
0.6017643586396287
1.1374910181734044
1.969991233988816
0.40029348181026275
0.8115998984012693
0.21258182167695222
1.1513241781457437
2.6347693508072574
0.4733251170408797
0.14832470810910275
1.8660031138814681
1.8028746469229475
0.120961684861655
1.431327109308153
0.3547929356663309
0.9814160181698253
1.7391147347385028
0.4438183608977357
0.9074906025540388
1.7913749668489984
1.2516829506141478
0.1490452225176208
1.341307064667507
1.0997166113133832
0.8304507778787886
0.6465141516694646
1.607923957077457
1.160161491575349
0.4453806417065076
0.7860843881547304
1.4128964451422654
1.7712417096455493
0.6543244672556349
0.10514273667114564
1.7528874828803997
1.990027721852062
0.18206134737297588
1.0875518266944906
1.7834349622664833
0.1784927739932515
0.6686668836575352
2.1761990029891076
0.21007075386635038
1.4928166048037967
1.0375602575939222
0.6069476554358104
1.1019524676613295
0.7156972549260808
1.5727229652794157
1.1653966834303053
0.6764493223836089
0.5721755496926899
1.2951308924479497
1.245366375202647
0.5076487873524418
2.116762912843138
0.1415724528931789
0.9000120597163555
1.507560362518546
0.5626661442319326
1.055390350178866
0.28103069533185093
2.0942331544983688
1.0109111422741606
0.41061505570534623
1.062596622643718
1.4841569530268266
0.5977493314673891
1.14868354443051
0.7748807749588105
2.00012271568328
0.5305775741765684
0.12178788123335492
1.9954560245114994
1.66913403956824
0.7643649864070041
0.10820239435317057
0.40783477689772746
1.5042614383551596
0.941780454964292
1.3536828086778279
0.325270756867045
1.5838598056422653
1.4332902024558596
0.18988986869668234
1.51892033984861
1.8369749722355588
0.4016386028581285
0.4294612260328856
1.5933413250470052
0.8905874358778206
0.5073935950008012
2.192403951317143
0.43922142729817537
0.853049340004729
0.8523163430862468
1.483495302642986
0.9574807936035221
0.7016834508167905
0.9534457133731438
0.9016296243100943
1.7992958397415137
0.5687679012351932
0.738289759006409
0.5817064633540473
1.7006544731757605
0.7661332026217075
0.926967302330791
0.9874862069682803
1.467321784162921
1.1116963601925856
0.1676997046323339
1.2130270911693437
2.0054759533370654
0.2805044049774042
1.0537269964195417
1.0233596312820603
1.8331127950687955
0.25899554058731
0.3787253508702687
1.5778647060057909
0.7945658742371824
0.8807743563387205
2.24899854586998
0.30059440811377636
0.5467626409709964
1.8499258559396212
0.9418685114814216
0.9589488124178724
1.1894079932239936
0.20670681434880217
1.1032458247068877
0.789560041623878
0.5923798077374545
2.551227382243352
0.7883085328930052
0.16006803128432578
1.4722993415559122
1.799071076333563
0.6186846923062721
0.5683297680726365
1.6848771784732561
0.7896725934297698
0.7480895079348135
0.632177100027188
0.3797797397877649
2.393572167090375
1.2852239777180623
0.3330420182394931
0.6437648180133039
1.8625787929701716
0.7269926750021568
1.3194509633055713
0.2701877801271123
0.9536871001841485
1.8273266569253102
0.5075306964653226
0.390346934669835
1.7476053434393404
1.2492172243395392
1.1173287292526517
0.5452203608438878
0.9532131581587203
1.8967701367805028
0.18415974526524512
0.9147935422742762
2.174104516363087
0.38280480289510266
0.06327636307968192
1.4184958887032282
0.5410829058653506
2.3667490736599097
0.5162933432677217
0.34708826124238207
1.992304452034547
0.8762644768942541
0.9305761695185806
0.9405740237629208
0.26867374612640876
1.39515814355703
0.8514024827761452
1.2362031910728486
0.7718652560562362
0.9775451717001961
1.4798209881144655
0.4261498704445586
1.7128989781308137
0.3784129206685133
1.3859580737212256
0.593987238184242
0.07855226756193046
2.188556668712698
1.1107777014364373
0.9919119183419215
0.08236105248952377
1.7158438791450343
1.7723250553090293
0.20738876761250155
0.786439471088317
1.4832237975985036
1.2756729596438363
0.7026647227740849
0.5639283644790741
1.8857045912595924
1.396090778515914
0.08789985340666692
1.360639075646272
1.735141060274997
0.26829551213449315
1.446152632524184
0.9113058987262241
0.302059277367227
1.0793059780631202
1.6300365300912032
0.8393361009568961
1.2705202167770093
0.89825883931498
0.47445328833852013
1.9014577581863084
0.5078122093085317
0.5685725131578142
1.5894226091734305
1.430392255652748
0.160255569026188
0.5871539616490673
1.9862738854417121
1.4819129220072822
0.8151009650230934
0.21268653228601836
0.93159459031144
2.704195750872007
0.08290606657357591
0.5972595474834773
2.028808545813689
0.043758419891874636
1.2063173342378537
0.6350206333294249
1.324037887356872
2.1353263295153018
0.3249039741928788
0.4997747637764309
0.43414803691608245
2.4224457653903064
0.3030350628393925
0.5244052634818913
1.417808910933999
1.525155182667888
0.5553605785815203
0.8078211410050703
2.6160017924291457
0.30472588109843113
0.29464297285300767
1.9222181301872654
1.0962504144573268
0.006019701261861347
2.01787761360332
1.3163214142903297
0.007177429123116373
2.2729866842752275
0.75806122801416
0.29390477496931705
2.7629877979167516
0.42497968073301756
0.4670425952050534
1.0203244513875558
0.8747440235333861
1.9343192537001042
0.08404274474925687
0.8334603093287555
2.7058300925916297
0.5418580429013433
0.2755883054904858
2.4301662818221392
0.009395010198414835
1.3394785034748184
0.1862422360778789
1.3314330827286869
0.5326274555936878
1.112127223453917
0.5760905645367967
2.3074569480617027
0.2076720117579827
0.7412036933177043
1.136100980058289
2.032227688066346
0.3414946658918903
0.12563582004213208
2.502514396257637
1.810356284399087
0.11771612805778933
0.10263822704838867
3.253262215208699
0.20892680916777767
1.0547453144895154
0.3868568214514551
0.955845877187459
1.8380406851738846
0.3456124842673005
1.147989756155807
1.3364613605183702
0.8499078396074812
0.15309193383185843
2.8772331429733766
0.016895530213094503
0.8394953036238912
0.8492880900641258
1.5579664922631171
0.6631996270938781
0.30862591432756487
2.5494304716755765
0.6280003976430526
0.4415124661103565
1.945858144294759
1.379182824948477
0.33068637200057355
0.3396875095962232
1.6083674873843106
1.7304566833813448
0.2030945018012595
1.136461066349704
1.3885772340177405
1.284964413473576
0.43160273319549824
1.1490809386574792
1.300864581175009
0.06431350715794257
2.1059208162190566
0.04956325099497683
1.1209636118449333
0.055469868506404105
2.5107114071813834
0.6610486566506483
0.6342744444192131
0.20795112249714348
2.602887759076837
0.4039441077307898
0.24230111017979472
1.713223132588368
1.032295603783608
1.510522721970996
0.7805594638487281
0.5462025051407035
0.3561713439291766
1.1082101924635652
1.8754596070300988
0.36802515651744294
1.1989586281364004
0.9656810631586739
1.3176102233324138
0.7275322698122172
0.9164107742282154
1.3448531496067058
0.08826575660567468
1.9247710877633004
0.0631280483007969
1.0571129421601664
2.5249432422623723
0.5539590480999081
0.5866947056848756
0.10214751956458651
2.304957260413644
0.6590812900777753
0.3961506739506087
1.4770056158744709
1.0163527277559592
1.576704679072856
0.9609385386463459
0.3669574066987551
0.11226607188283415
1.17395123926727
1.5698257679134338
0.851022985331304
1.2295614310980465
1.216485424809135
0.5984272049726526
0.6454571756524248
1.862459035657261
0.421049489922428
0.9600275963371963
0.47744442457161584
1.1725058119450837
2.4788672941876015
0.22361864076992363
0.7202552223523169
0.3541464010667547
0.8056488722438416
1.0044459149656049
1.612576937832502
0.8234022057020913
1.2928934853281708
1.031463889022112
0.5555860462028578
0.003694804470238646
1.813247471792542
1.3771371689573773
0.04735989495746278
2.436851460106795
1.1591364011324807
0.2202911552417285
0.5378049285686081
1.9803840785365951
0.20136278572055413
1.1433176969128687
1.000554455444801
2.0271558636786025
0.4430589670130741
0.5262523689213177
0.5888371709579611
0.14723752939069754
1.5402440611040074
1.8851807416548538
0.7148743320627557
0.9589885818899324
0.481845580080605
1.2505877278142716
1.4597883647815666
0.1346444722398505
1.099013952544297
2.7830389179195403
0.3973699058048001
0.4101488632245011
0.1976670960469058
1.0747590599356687
0.8951434344262077
1.5482808826595704
0.7495669935091579
1.5379358323873655
0.6941867616664787
0.392022452210277
0.7392671835997241
1.1811254739666575
2.1613332356983577
0.6447177156892261
0.4054362433930834
0.47796089594030133
1.5862090420963575
0.2704773631032738
1.3002752385260368
0.8337620408972201
2.016083145177746
0.8207826034921496
0.031863826394089106
0.40168160133150727
1.5563508512101785
1.9515298412631485
0.579369793780069
0.9430548446385129
0.24523240433816426
1.1870322936474138
1.0152977882392764
0.7958062938767081
2.3976055249845203
0.6304886883242731
0.000829164669366392
0.1221235806895626
1.7972309839666354
1.7500151371558923
0.5786766517898407
1.3504134628894173
0.20932121779431803
0.9903539990293557
0.7745224430239298
0.9660401758128021
2.6580003341413936
0.08932312902077125
0.2601594374159161
1.6802706492912844
1.4763341650875075
0.6374207827979094
1.6093163073268448
0.10178079767547443
0.9868883003745476
0.5617304257232225
1.1046891687474278
2.6420211943434087
0.11197845546192195
0.37014119132036616
1.5923006525095182
1.2701852331669232
0.6215393622643773
1.6822135671046112
0.8429231796370551
0.27828573366210885
1.2635339217757007
2.5583441873297406
0.11129716677576885
0.5187091102092084
1.5371860470155163
1.105809694279701
0.6975251582987209
1.7360954872995038
0.9072558122433143
0.16195379973891583
1.2274774473261756
1.9908364858071155
0.550835218097864
0.9834461372778439
0.9892640733097691
0.767539889455829
1.5761955455664538
1.086844138929269
0.10671769019563793
1.2855589326642656
1.9504135532949218
0.48421027505242814
1.0873784893900444
0.7708093572377188
0.796377021450462
2.037308005410155
0.11552756985653506
1.094489896513008
1.9271766282032399
0.29178723061557704
1.2701593765686372
0.7936483462936061
0.7980028141907408
1.8816493579777578
0.22486981302109005
0.8965177154760924
1.6291818170892376
1.2036661030568516
0.6625619330260457
0.7546633467375378
1.6187134112959278
0.4373379006269565
0.8750962459629167
1.606615180379556
1.0706131104599859
0.7305889871202704
0.6055494437905651
1.539057938990386
0.7247002098018787
1.325850580982178
0.8704977648580028
0.9138545903177534
0.5562962626246487
1.5383719692081492
0.49460786721987143
1.316449412940033
1.4736884465495772
0.33829089690412273
1.4146486473675226
0.33410799230885474
1.4540107020816848
1.5276583207269685
0.1628295526461654
1.1479738432217148
1.6878857951852806
1.2331164515113682
0.03402921997130598
1.2314340855758312
1.238260613467537
1.041971572054835
0.972460461406823
0.9430318880880866
0.9128344064969832
0.791684212367317
