0.7537097763263942
0.7422688087116533
1.248165448782379
0.9501201739825483
1.0612875280140852
1.1388503529543095
0.3871631252056878
1.1789491763317792
1.3517950669596241
1.2318908872105394
0.5007046753730808
0.9968316540621478
0.5408127047343749
1.4875088334415834
1.4748275343821295
0.5007297929716052
1.0976338275004855
0.7969547035566177
1.0715369188470172
0.6505116882714703
1.6531052392985692
0.6212590141150647
1.090436488752846
0.8348467610373866
1.1356894214226043
0.7993936120421735
1.4548986881578534
0.6455668833303382
0.7145628048882641
1.4018675997822756
0.87939965237937
1.0856152316872851
0.8652889692138707
1.3674333621214168
0.7857330353420822
0.8818694982739036
1.1706217034664745
0.5513696574898743
1.0863006705907514
1.2136272601143074
0.9425993422300055
1.263143031366637
0.8856047979524049
0.9004064429026687
0.9962897245052069
0.6772762605428486
1.521233569894945
1.148207786886392
0.24747745287825723
1.2929675670154526
1.3794769677048435
1.0046222803126332
0.9252658852675808
0.8041915292744541
0.8038810478732116
1.6891923516035554
0.8708795435719096
0.3154358987620545
1.8693218306636055
1.399893516886423
0.12307903107468998
1.4222866491587052
1.27255215485572
0.6085585414137558
0.958922255913311
1.9052210253454642
0.5747748289489418
0.39299351837211427
2.2488410630192366
1.087401629913758
0.07954461684470311
1.7940450043246212
1.4293220294753506
0.5414197982723394
0.6994545591943848
0.6371372043034335
2.447561161197113
0.29357774201597436
0.480251301982189
2.774903001282213
0.7493387252709268
0.04222885539705775
2.2834084259647103
1.4945700501811936
0.1866633188609643
0.680938587903654
0.9079451600168112
2.5831846239585787
0.10429222066369812
0.545324780566034
0.8044090321959675
2.7066929008604106
0.419767673077926
0.0457300515023265
2.7826132954652674
1.3360131659958072
0.20347850712439297
0.5076297417019079
1.058456147471907
2.4247582501001506
0.6976466395572763
0.17445768942886947
0.6995145429695013
3.715664247178982
0.058377820235435744
0.046537308594993304
2.8033716155204993
0.8069762297181545
0.9377910611987226
1.0384365675857568
0.03169075516935292
1.1829245593273585
2.2389663554091266
1.0460746080949783
0.26091378539702376
0.2358942886051402
3.387082414685575
0.19064764501768702
0.44784547546673653
2.1023307559793145
1.1688868675191886
0.5029331938527984
1.083187245956766
0.6448103885822656
0.9884424015796079
1.983153907672014
0.1837155289075261
1.390336099642685
0.5690350751044114
0.5697167809890679
2.304261148999658
0.37546296430819376
1.221927549481252
0.1447305955912078
1.3346852403231393
1.8870908286037702
0.18319329825790942
1.1098437714506317
1.489619884953157
0.27250993235145493
1.9488034772365619
0.04971242843476987
1.2461785492670188
0.5793822590630405
1.4729498402411465
1.5383890550391257
0.5918219466543833
0.23935474435771012
1.6517914478499263
1.3686069923640893
0.374314079275337
1.6301352566715028
0.3850455663507677
0.9321325858266565
1.8287447751988675
0.6114598145377239
1.1728229479164078
0.4069152065811364
1.2222554125007024
0.7279118029746886
2.0058565177787657
0.10324218643945743
1.0911081917614023
0.18430274371718294
0.8600603685830894
2.0657884234430983
1.3548495852568074
0.029375104376981487
1.3391789869134383
0.6919762997075243
0.7890761334467034
1.7783890357260765
1.814243380001931
0.0744793831781638
0.08214140942269194
1.6248376306412964
2.031117135410941
0.16574228873042254
0.8881569499846819
0.8327634192783915
1.535387018725837
1.2330800744509398
0.7841792106017522
1.085720667867457
0.23658567696330612
1.2596944892281088
0.8320266884207805
1.641872200126411
0.5447220136226324
1.0206880959307079
0.23744447080186165
2.1737681984562376
0.9065722041323906
0.7303997107595656
1.3171455051503556
0.0394081729428348
0.00049007097290932
1.3692384588535722
0.8494779184257932
1.0170114221795072
1.524409580807394
1.1589615204068882
0.5151690085630982
1.7142756484481054
0.5744516919552267
0.461464485942199
0.29412610165496095
0.8747669868054264
1.4510937395438772
1.4097235790780707
0.8010783168266917
1.1302561540989569
0.46852291918956135
1.1764624612636077
1.8006573500633316
0.7506852462320115
0.22022016571991132
0.6312326073490389
3.0821558308512627
0.20982540632322294
0.3743881401404315
0.724566385308051
1.7947949093015694
1.1705871086677913
1.1007713889112485
0.7034966974928062
0.6541886468719892
0.8739470024384721
1.089748196368811
0.9067633280045333
0.2764013119697199
2.2181342870858405
0.17795434091740867
1.3403893274720162
0.45404694471141155
2.0221940186278577
0.3321714592584188
0.4405452672025312
0.29272413615358567
2.0139274500658852
1.2968013289868583
0.8967013242588633
0.18589474727420505
1.24255019969971
1.4372095612801514
0.08687682097271936
2.141449342124886
0.26712566468011306
1.189498065445486
1.5762692786870085
0.566319858978293
1.1434007852855559
0.733877902392649
0.20832121156730474
2.446195644177642
0.7232056156168225
0.7296594037739331
0.39034569053459844
1.7477122896288464
0.37288159435651563
1.3014151730265207
1.4574194159867222
0.8363997118245887
0.5998499012380155
1.827917005658638
0.4995463560490907
0.5787645222274423
0.5039820092897622
1.9152457830350276
1.3544260053758443
0.22253443220330033
1.2819516062046823
1.4183711207096164
1.0210116928518578
0.7259129939986437
0.5968787198396499
1.714416375629367
1.2996590207790957
0.3406969134408786
1.448831150453896
0.25204796055335627
0.9825607186225267
2.821923226069607
0.22454039596776001
0.16548090140631874
1.0356188095365175
2.260544753037615
0.26778826344239354
1.552833965702616
0.16065533878052615
1.0288658512132987
0.9394009320589803
1.5010187067285297
0.5673087211705976
0.7738974568713572
1.770661366107261
1.4168166753825555
0.06192497872120562
0.6316165953194033
1.428272447720283
1.840434803370937
0.7532596457766527
0.30544783150158117
1.2389821787309525
1.4957597973732177
1.3952158255568616
0.41722287049671536
0.2529262161285998
0.9681345279629131
0.905232236585559
2.22839496418181
0.19988960092939362
1.1380005005500013
0.8683421488704564
0.33209639232088367
2.520315711951347
0.5056258457409986
0.4773100793011217
1.2391958293665692
1.6397508343249187
0.49992599486677153
1.140499631114497
1.547137207228965
0.3766120584083904
1.419033945534063
0.3024584984766861
0.5693146367707682
1.9038184040159116
1.3014749097483684
0.5745376937266757
0.7293784799583396
1.8632149023008562
0.753419325629906
0.46780028397713697
1.5426559319322473
0.9820318437435605
0.5579778821854472
1.91226923807831
0.4797463534113262
1.0129550794260835
0.9448658329702015
1.6488001684908264
0.3251315722479564
0.4900065292625122
1.3996961785693744
0.7845533607928677
1.8554920124791092
0.8639480417891355
0.49499590986990954
0.26402614813034586
1.320081686844082
2.0184567149017467
1.235756422500172
0.07467708916822986
0.1819381682044681
1.2079990931010662
1.3379394572289212
0.8546283697581626
1.5874431886570468
0.6491010412152617
0.5468671768169618
1.9070701212720422
0.4286582913717673
0.9551736862831113
1.4702618658693625
0.979104669501725
0.6319230312158154
1.8946624333800748
0.21757602101489598
1.0436694581717887
0.507219816544384
1.3323364805447375
0.897340573963325
0.871180455793656
1.83242190503789
0.1844010800262902
1.0196604937302105
0.8564571679739722
1.6008469956214295
0.7439741362182529
0.7429167101635671
2.086245904582346
0.2253691146308771
0.7498719013223369
0.33409502676676195
1.951067108238174
1.1067821451310764
0.5293256590368037
1.0169872123765553
1.1748135274112046
1.1320357068762046
0.9833287810080997
0.5213372492027
1.634996001117196
0.8070814245527146
1.0931977402274828
0.9359511360229473
0.4463965130493458
1.9145936396143224
1.0138734460450995
0.7135833880935684
0.266485305669692
1.7196313386547946
1.8013608187005452
0.1901911088757749
0.4352942150668967
3.1823581359901474
0.6251878484071288
0.045888344125947354
1.93060362229122
2.143300542262694
0.2131078822174682
0.6954398435057872
1.039957216143771
0.9891811988758384
0.6561103887007781
1.621272435096899
0.10758966752661209
1.5060846015401412
0.9331737500917348
1.123161677449107
1.0293475200517255
0.9006104569633204
1.2470900423939744
0.7002869980962125
0.5135604195303265
1.8620673052014984
0.6179361433522894
0.771391805524734
2.406536474031915
0.22806400203427185
0.796649288332988
0.2683677684096009
1.2699584316465675
1.3292857631509223
1.3615433463059106
0.028437782978933835
1.2775919799266349
0.9354229746238752
1.4861585984105155
1.2450947749229726
0.4437783200361674
0.8138677507589659
1.1499660853029643
0.413395689244631
1.8783557970950633
0.6556797987996724
1.0304317772212432
1.1766010539004754
0.6367651834832997
1.0326472804512032
1.3772559721251725
0.3238259865347727
1.6054111106073916
1.7608686685324018
0.3190720484221526
0.5825256779314182
0.9207711581911846
1.9118238246502175
0.6735165679358783
0.41661096496523303
1.6013626330862445
2.303937878609945
0.155979170876978
0.03519543980601007
2.696475877667246
0.2403083730742068
1.1934632087183437
0.7216813876088423
1.2775217996903803
0.5603535507709183
1.390932802161832
1.257817204519258
0.8051609708016175
0.47107991653820097
1.636676926714743
0.4181867453502893
1.7575250251782863
0.35385242006457895
0.9637628384706178
0.854139772911194
0.2767342043819837
1.7300487809456018
1.2937527892669554
0.9466713964727407
0.6653974941910447
1.6669333461202682
0.1535195200341879
1.1074131255862898
1.5198933734244526
0.8494047281409066
0.7345620916973976
0.4746094330293972
2.2698869020893673
0.6788468769524719
0.5176234457031064
1.7524780055927147
0.5755185643393035
1.0291400092085623
1.3504769499565736
0.7634445343286703
0.6219684517485498
0.9263960221824245
2.5997757269207042
0.1832375012761113
0.44294595029301453
1.8221255203353388
0.500266656580644
0.9796582385266306
0.7526201545590022
1.89103170613908
0.8495337435865989
0.3074589007907818
2.6970523337004204
0.35852969179472033
0.1586045362131416
1.4945723199162462
0.8987198031885857
0.9305759038684798
1.7418471896792584
0.08806502728879045
1.1265559771234295
1.3025011435737652
1.6471410263108164
0.2744025172029885
1.0096454325220492
0.8247695259383758
1.3780446657964387
0.38474354962837853
0.9981453689546256
0.5200351891725838
1.7365961465429687
1.397286854309179
0.6966903314421379
0.6918222373195717
0.6044734528947971
0.5318708529642163
2.941388001995045
0.40562355165051434
0.34597897983195436
2.2832145232971497
0.8486174925467134
0.12154470257484219
1.6530299599177394
2.2698542914697186
0.19563335599158668
0.37704259673904184
1.2706264585570268
1.1176513439379177
1.5634589333740283
0.5634350896714222
1.044222383325742
0.5530130763886677
1.1720887316734487
1.238519392663324
0.8486512981300416
1.1809625499625207
0.8206338312417781
1.3760257630067954
0.5008061443053057
1.058359454003618
1.2390247998011008
0.3737092079358691
1.604012246501636
1.6787793427056212
0.5201202635834675
0.47918712856534595
1.1183794320159195
0.5246429832783397
2.0853946841880813
0.5260252859797108
0.6811008086884515
0.9106564083573518
1.3223046205690194
1.097056338165454
0.7310164102720953
1.17983700449209
1.7926580254887394
0.21246232316739552
0.848796580938418
2.0945849254878492
0.09538584822476556
1.1300907342074613
1.4210719480490261
0.717239593071696
0.6270486285910707
1.0476381390807636
1.500271139380754
1.6246377840776096
0.46144262013478315
0.27879839756331276
1.9237036159936998
0.8237215396545067
0.29449275814159703
1.141950960621835
2.0473558965163647
0.6858821306509414
0.47146160391236436
1.477903352408561
0.8462330326870707
1.3053299977168082
0.44538734555220366
1.058038314152817
1.6836946375774995
1.239843840537032
0.42404610027171336
0.15993197517912763
1.67044839135177
0.5521117369527921
1.7001584719734102
1.005385986383371
0.7641214593583077
0.2760042874336694
1.6655783940129267
1.6101315184525506
0.2579973017689382
1.0270391036052444
1.272186185117041
0.9672535143056029
0.9167702940734054
1.7064500615086338
0.2559036535376116
1.447291768511265
0.5227419871342336
0.43630670046156456
0.8636628480977523
1.0657863794125233
2.259850957345222
0.28627414884614394
0.3641848978046572
2.083192718451479
0.7355575872984437
0.9566086255908257
1.7721941516242001
0.2059708230396395
0.7625994279003261
2.0808845591108627
0.6303165424339855
1.0820978746166512
0.7284190904257623
0.7511658080512488
1.2107125451175487
1.2284396090958352
0.7327557018585387
1.6316553498949944
0.7783438458277153
0.15092172467256385
1.8341289780670977
0.9843073095160536
0.6361369017927087
2.2216362962875955
0.22318131837598215
0.4987554585591743
2.052414523238189
1.2149560557366301
0.6059892048464623
0.1546755263167822
2.047421881407784
1.1889150823418106
0.4650781852168694
1.0085530836472842
0.9105832748096783
1.442016421479167
1.60281778375538
0.3618789822574865
0.27893677648665893
2.2427699351598007
0.7499230769006626
0.7956936713332464
0.6294307744920427
1.4610204625678618
0.8869163599904455
0.9669972691123813
1.7974082061684877
0.18773214872933403
0.7658477154590583
1.321160226187054
1.6156651819011691
0.7870234244762659
0.456941983930916
1.5160101138082096
1.0487500150495472
0.4834499446405875
1.5592207039852142
1.3163924475610278
0.23971472215878456
1.4504642984755027
1.1434184941235197
0.7711768285932821
1.4537372052156938
0.4928742189520345
0.5532929031945326
1.4499877114930393
0.840282352569025
1.4187564420442487
1.473506654321633
0.1548925706854
0.9028536506139841
1.0804600145341758
1.6336859120927474
0.8076462344698921
0.2638967624539797
2.120987734504032
0.44629846373534704
0.6393165880431333
1.2263536402186888
1.5142831997396362
1.5761055985322447
0.112532714986128
0.43287904019401663
2.1629833593434538
0.5415399014775067
1.0824273104028694
0.41947460701106454
0.8361038461893255
2.9674536070871484
0.18063519057477562
0.2795471605288865
1.2863044296062558
2.745472531770326
0.24408605654239715
0.382605016757962
0.3500548749436756
0.8455693930511122
2.1415197781270567
0.901484508917692
0.915423127205914
0.4660869074192844
0.939834280467133
1.4201872193292209
0.9324694747351838
1.1079583090105507
0.7367699512302379
1.3545976243516331
0.6983477376093127
0.7368609246430136
1.5412790758486643
0.20057045560489592
1.5651677034272278
1.0193727528770167
1.1736579141767869
1.0679202419978377
0.48853132496368173
0.6862329931266785
2.2909371615460863
0.3374704952544367
0.4874613094230833
0.9707313855948002
2.2946396795676063
0.34321303403715286
0.8217433496019654
2.0517263808931583
0.7392945505209284
0.3672877609328984
0.0655354701720318
1.6557555757749953
2.1375176608788613
0.42417131448332646
0.8537902380149437
1.191210232079163
0.9817859238836804
0.3893321065327387
2.13437451785741
0.15079314010597908
0.7905191575412669
2.119435427523709
0.9366678990849261
0.386304092023004
1.6526111750133712
0.3750694240469877
1.465499402407382
1.5903005019308005
0.1791571012002211
0.773506686074925
0.7964880211953158
2.067885700711927
0.062107690570803606
1.3197932937492443
0.5445572471981726
1.266293135686252
1.6102340045598966
0.1216666594549289
1.7346282483913458
0.5339430477688667
0.7373296449560703
0.9685195939682874
1.3908822049736422
0.6061843422317266
1.6811709733065783
0.6126159933617416
0.838695668627184
1.2242634462516193
0.7322621625508006
1.1316985392041716
1.5204445875014088
0.24265126793971345
1.1753030453284858
0.8131172232536918
1.3879663066933754
0.9972793793152003
1.2685078599164472
0.11259637979378727
1.5864017990046915
1.062381100382403
0.6754838369307642
0.8090056381578125
1.7561987309158187
0.5924739679129528
0.41215480195795107
1.653278281689653
0.918030312351664
1.1729771226872567
1.4877936685096684
0.196910560245927
0.7014984718513254
1.517119546541906
1.5207212383179567
0.32631760536935683
1.1606698109769535
0.8581212945494564
1.9854887417783478
0.2816880750345344
0.28989313439349784
1.6393434940167475
0.8814391596471561
1.5114153474446566
0.6507547982081942
1.0773186380346735
0.3773554491925819
1.527503951459923
0.7243061405641307
0.4215746118121721
2.427898968615973
1.062803945165753
0.34799726555326976
0.6782016785812821
1.1447598937441619
0.6790136156832598
2.310025457951708
0.6227458671232521
0.072974391400871
2.130353632248412
0.8498339249048232
0.13692796548079003
2.687068027187354
0.6111178799706299
0.8557086735053419
0.061251481058113705
0.7104197315527268
2.580429554571867
1.0597600188685516
0.20149017687773996
1.174563677270168
0.9778348780953376
0.7564392799089801
1.7562585109570663
1.1721730782878552
0.13834187317382507
1.4570785271192106
0.9328335550462403
1.3090941998600902
0.2919578134028159
1.0937581917818384
2.392869425227625
0.4326480524794103
0.2946413295988847
1.6047571105005825
1.1278109074236367
1.2744565502717318
0.8831040182297633
0.12157369000141906
1.575626928238492
1.476992515625649
0.4015260307788978
1.1026861342430194
1.3229598660484703
1.4917552503641875
0.19351065890309774
1.056266156464516
1.6342927694954799
0.2743967872866946
2.0710765593502996
0.8164421170858713
0.06725224344223124
1.2169168125280503
0.9270043272385292
1.3703322945328742
0.6845055287300312
1.0732910509255633
1.20796859456694
0.6657952850192927
1.6911277354775345
0.27879599117954335
1.3065355947691724
0.7528292617626086
1.0401352102170396
0.9061184232295685
1.8282492440192777
0.3126132662665067
0.26525592474240706
2.24390067113124
0.6052539116250231
1.2789631738665517
1.182817935088068
0.06521379943541324
1.5518426327443873
0.7017315060630936
1.7396811519820237
0.9263725465189601
0.01738284823127037
1.6549054412187374
0.5379936801683796
0.7509075086457464
2.3483688269851135
0.5414350131449903
0.6442870990707863
0.8826036338323539
1.500292582077422
1.1166514909890475
0.9641726506413193
0.5566134073557814
1.0087456910165522
1.0742106251042283
0.7451849198394522
1.6680596670827934
0.8733652665172226
0.33452452558910567
2.4298013212243985
0.4846169743129891
0.3217556398992597
1.2914114948328104
1.9629648401775899
0.27310480275927884
1.1833992352883036
1.0531033922419255
0.7382432703049921
1.474513316698506
0.8487433496475465
0.8483745651139112
0.6533658562092801
1.703471808675166
0.8425680990930582
0.8831974855154378
0.837404208621465
0.9432378638925513
0.5329684974909968
1.8463845661312641
0.07173912654982502
1.9138182450417924
0.7250577654932286
0.4904620788415844
1.792282980926071
0.8987733078140288
0.8567770031990031
0.5403130601885433
2.0390315822994265
0.699482802732903
0.03786910574842203
1.9466127824577828
0.5803952415091256
1.180913936554062
0.5130554306481442
1.8765166273924296
0.5200648793767338
0.9205250540892027
2.0272860132180295
0.12953369487115574
0.3738715371228126
3.744009796911259
0.29497145557376764
0.1287817422492539
0.8370758475466605
2.001474603308202
0.5779261714395016
1.7012559133399798
0.3066130323936089
0.5428565299161235
2.2620403301752514
0.3871440181974662
1.2857589928974145
0.23905091577343984
0.36812218032633376
1.155863046993824
1.6829150696924977
1.1287910884069863
0.895113802381046
0.474883805927309
1.3933544186765774
0.9949874900066541
0.46607485074323074
1.7542858616396937
0.9038607927940073
0.7680792734937587
0.9839164134470152
1.0483396512408978
1.5852917117410044
0.490423284296495
0.6681859776284461
2.1263317696777593
0.41821483993356073
0.5758512366946681
1.8288373399637894
0.7714114910157438
0.8480820436865187
1.6807005104410966
0.36210398852927367
1.147475392626056
0.49275219580833973
1.2484175875355876
0.5632780940206193
1.9279347290951785
0.35478715256116305
1.1818678831336151
0.677012377930736
0.7364226109437418
1.6534649962039885
0.7465576214360069
1.288385037296451
1.322887630904444
0.2613991630971804
0.3998799163376118
1.319440073817716
1.640929429901577
0.857085166065349
1.075105931530767
0.24327904219010701
1.2759688349772114
1.064089833917496
1.4573719297637837
0.9580003440409834
0.44438285012114315
0.31579529292711617
3.011099231044096
0.3736093792489202
0.3723996475896142
1.9409176181350571
1.3683130090682507
0.7914258261560924
0.35712381487557626
0.7614314913503889
0.13514510540458283
2.660123098526826
0.22514142934431314
0.9725092598682384
1.4693429385480594
0.8896379354789621
0.7080562673792228
1.265435330045066
1.560667935241074
0.33079193624250225
1.0750499289449087
1.2516874398052154
0.3879219465369
1.4178885293148702
1.1023302320058195
0.8449685569400185
0.7254385968326649
1.5962268349696178
0.9837120399966909
0.4479629959813033
1.8151023898858651
0.1890965405461934
1.2461416734775352
1.681447178705238
0.5289324833570199
1.2204841855196245
0.2224525701765204
1.5043779245035074
1.0413859307923592
0.6188036401051918
2.187535797668561
0.04439846437111802
0.9769218455106755
0.7074271004829105
1.2605336387385209
0.8762486631322967
1.0509340676407486
0.9798133556608917
0.7487248538561293
1.0764294074810676
1.2523189875813425
1.3309646687716676
0.3824985738031644
1.0681441082967864
1.8172732579996926
0.5118318456679131
1.198480166314351
0.457591428465604
0.8635887368852976
0.6174907467918502
1.7098129077239372
0.25844977018763604
2.0868320440742614
0.33772287556052605
0.5826689111404416
0.9313572243513963
1.234459507035042
0.5608815411728989
1.8823685372238443
1.2631133632555644
0.4767792246424226
0.1170587565374517
1.1348024964862493
1.8603681069766052
0.9821399441744117
0.6309494178550442
0.7957326574602422
1.3325092096567663
0.9039354915300282
0.9857236454916971
0.9336405763505611
1.5823232781209542
0.8439288623247727
0.5355168820726321
1.7859481378825746
0.13677942778007843
0.731437134612102
1.2007703395354972
1.6697528044647136
0.7540217141005118
0.6051197542230036
0.44747926627952145
2.6298466157730247
0.8713099399604606
0.28142722930107955
1.327850876996709
0.9080170347429329
0.8419604586813614
0.7722673890329336
1.5404676803659172
1.4045211394380333
0.5878110180087137
0.7565150310264908
0.4204097550039066
0.8292514432055396
1.422332610684488
1.5460389510838441
0.9843382053425168
0.2240412834970921
2.0276416201498737
0.5385673499651084
0.21999121817429482
1.6982799739841394
1.6424172881858365
0.44529893770306234
1.343068632355484
0.22070828812455706
1.4496348257247897
2.1087854141158644
0.24534577736157556
0.0691242085241311
3.276610024712558
0.9282857282084571
0.027710682605645433
2.0687697611773386
0.2852455479761424
0.8902120076422559
1.0763088598150756
1.494285977142695
0.9682451227021472
0.6020126283725721
0.5144843893248401
2.0286875021968145
1.234475029109899
0.4223145384661197
1.321901594078104
0.8737669642965853
1.0267660968273
1.1061747555454857
0.575328567200699
0.23047537444086455
1.3239853148609257
1.2839815859764845
1.077735800626478
0.8135838729324226
0.8709632280365723
1.8145684652651621
0.76660387439457
0.785475398568986
0.38878936925806196
0.9642814763220258
1.182392363150717
1.7993759166718892
0.5008505009882055
0.4651989460260876
1.062555841103555
2.524358438179691
0.049794447834276556
0.7531868984932988
0.8863791160718468
1.5693036584126265
0.41362365834399223
1.720893576724854
0.07976135161304296
1.157476801713723
0.7521334313189459
1.5041467202283514
1.0388969985417185
0.4440275932313025
1.5406615964246904
0.3230061201552626
1.472853342315624
1.2582504757036512
0.6422669184610873
1.677659717007981
0.5623358393414064
0.17437280694141605
1.2944326960938546
2.103006554471748
0.7263891623330074
0.7232485671871791
0.7913069614583635
0.5529351580563483
1.4717596675067457
0.5312921433836847
2.116008412517621
0.3255401748746708
0.7183338444831165
1.1568663850410197
1.3843282002779842
0.43319223206769153
0.15905646810098112
3.1124952837720916
0.5027169434317179
0.4445938653984207
0.8487882868239446
1.4843088080188827
1.0276781958175298
1.2346513939126693
1.0245842596510915
0.4396644412206582
0.6955047187726175
1.2185114508275694
1.1319617407624494
0.9808938254752858
1.928124359133668
0.4970111007097754
0.06716953910730736
0.5006092587531222
0.891497657520406
1.3497474995394825
1.6964262391589835
0.9167110424475112
0.3906807704477319
0.48528991943239774
1.7259608521779959
1.5918862983847775
0.03260603909029894
1.3346517908673188
1.8297783497241809
1.1732591587864738
0.03356692446330068
1.0418783153884592
1.1074559568307596
0.5296430309281762
2.438770027517063
0.2581730677874384
0.6113853769120363
0.06403906749808272
1.4882100352816727
1.9644410103247234
0.6573872715957126
0.6946432114566334
1.7372819823221264
0.2148069482610674
1.2865942247481286
0.12016232507270601
1.6833834317380996
1.4872450076448345
0.5092708700165087
0.8522437872761514
0.6989536421807974
2.1837719351795677
0.6407736136595084
0.21676913894189437
1.7334462310818997
1.4525452107771413
1.0383517395588466
0.5576644355994554
0.03722925576929339
2.2152708413099984
0.7575612818535328
0.6493794149224511
0.6627376017597547
1.5740221419907483
0.6235687911708149
1.7689914910633262
0.828354545247685
0.39122794957616297
1.7759336690181804
0.4794895635923484
0.7045562173666363
1.0763246860978146
1.096493682974224
1.0778997342163221
1.2955993377342474
0.43373168744046514
1.1088968147328415
1.2258910789760495
1.3871868531181561
0.40071657939657596
1.25871458555237
0.39029283038967444
1.2822924816262085
2.0122174393839063
0.13927245675106179
1.063206321184575
1.7006791554997522
0.562977075651354
0.4727719378446381
1.6148214346075125
1.3222824511146312
0.7064844390039612
1.059542832335506
0.19224952220350688
2.06737036293008
1.462444389877655
0.6016921695822208
0.09943874807127591
0.5216377018138271
1.3989214120275337
0.6605754872177997
1.022222075714383
0.7910361068425736
1.966206243516924
0.609999495086678
0.30437780404268266
2.3561834123931273
1.4093975421751872
0.2151733022804696
0.2845955755447387
3.564713478036171
0.35358328296014313
0.10576866187719518
2.0385147928378977
0.5231375316078972
1.3052267340257062
0.5541067019283255
1.414715051465115
0.8316382588159965
0.2007915258974727
2.7099287492800848
0.2410047269823069
0.9359138228450191
0.5461734242208676
1.2143871962298929
0.7125058535639242
1.5725562201296697
1.2860031844369746
0.552535457347149
0.19718542495801172
2.0376334510957292
0.9848323027243089
0.6804952719066367
0.7829260339401657
1.7825090686878184
1.0427505162548472
0.9719656693516819
0.08993619212259545
0.25315427486934167
3.453673547249443
0.7595492564968622
0.1331962034599146
0.9017982020874726
2.0285972888447663
1.3129977003857394
0.4679744767163002
0.8592032133184616
0.15309387828137283
0.7874135995731029
2.114640224165995
1.0183500356057047
0.9290193911597119
0.3605435806148681
1.4261783276814675
0.49190363333094467
1.0414265226160344
0.5528171930515733
2.057255622409854
0.7353131298750432
0.3822026261211849
2.260584964401934
0.29263045793749937
0.7675478844902479
2.853055010950093
0.06372033252084158
0.3747911513810847
3.04914626055081
0.16818531065691775
0.8486410737170995
1.0957348641673865
0.5562958645570504
2.464557026753141
0.0768408823256662
0.4955841307815432
2.429361854725378
0.6590559131273594
0.9974321149127126
0.6444210032332651
1.4145653755306955
0.5631685300446728
0.8472502818719941
1.6983014062878918
0.9179747810090968
0.15415812920655936
2.179811437017038
1.1867902751693586
0.4544644913147893
0.8402103317504428
0.6552023284150943
2.1530444391257695
0.28691840599307955
0.9903766292886576
0.6025395662669991
1.370636477380538
0.5429000950206556
1.4079971104452647
0.8265203680437367
1.1352818145179235
0.7847279626213096
1.3285138997270276
0.6558024927008616
1.5357974950592017
0.7076354697790034
0.32124839873487704
1.834818833269253
1.0832781763696353
0.6778918605056661
1.2203546351873933
0.7080274022845459
0.7153424294140881
1.9116281399170398
0.6671651416141277
0.4239869416830385
1.734643738061223
0.9841685918713508
0.9772374493482843
1.1273347489576688
0.9818288479038332
1.0205248607949446
0.3431128115318785
1.6014899044886637
1.0942696656537758
0.26883997705219304
1.590595164163397
0.9755437242543814
0.7424179442975671
1.4810226210770647
0.6796141172523269
1.0208078433448944
1.048073366983067
1.5196147709753764
0.6302288625201632
0.399554789918228
1.486738227732813
1.6409708307465374
0.5940654760204344
0.8874447423076467
1.3305897712441106
0.3700239214953387
1.0124224848065573
1.074209546555629
1.3537825427702577
1.3062455524623968
0.6493355778534803
0.6769620144297988
0.665289682427633
1.71776856375749
0.8501236825527358
0.9765280311029634
0.4067963673622313
0.6125748208954597
1.809567624348066
1.4373616403250278
0.7624258486933713
0.7244573005876487
1.1781734884820962
0.9287930990488393
0.19414499173807917
1.3761061813173974
1.6605126823007352
0.43707682731174635
0.892214035739339
0.9667056154914896
1.7523624205421864
0.776665722083175
0.494985182546948
1.5613485660779955
0.818104114799303
1.2896481456346365
0.681603106724046
1.347744742218637
0.4791900904554976
0.29271568164829387
1.4658566724883226
1.0424810684314487
0.721465107932829
1.9252878212389928
0.7134168510150557
0.5945186641922496
1.3928851713749804
1.106810219080359
0.5831762769897162
0.7712140951202948
1.4122985140260356
1.6722503481747886
0.7129430228513141
0.3453895131313719
0.44378979885526015
2.551231058506058
0.5846068819665775
0.4806437127242374
2.1214849384049947
0.7859805124688608
0.8958816106528029
0.650887521067398
0.11215671864058681
1.7487768745526953
1.8167660741092775
0.7242323435497393
0.6213930768910253
1.1769184357779556
1.0081661847019339
0.8776515482212347
0.30117059947917263
1.4190104901114118
1.4009928289875637
0.8175348600891633
0.5599246325651074
1.3909968326746802
1.222007437272596
1.1237550864901147
1.1823382483533267
0.29064494446212524
0.6585343742194592
2.0190893431953416
0.9118100981391154
0.07285394558468097
1.1141138979666725
1.742060473559686
0.8479312848862361
1.0005679424439824
0.827465901936528
1.4336196298609096
1.033194736281509
0.8145004133175721
0.3416991934913428
1.649316737541315
0.5851807258385144
0.6645251516994247
0.18956982802509673
1.9974295005642415
1.606661592771407
0.6962990901991801
0.2814840159213608
1.8293357851903427
0.8415115467438606
1.0364950107093982
1.0549557462203267
0.12057400459778232
1.892179634544113
0.15956285347151558
0.6607896882057446
1.5661012939215855
2.102442374307281
0.34608205545523213
0.41854627891553253
1.466752616363506
0.844411075314821
1.2445355778706306
1.2269049725796326
0.06027804519757026
1.6557510247730587
0.6638574396308193
0.8775900744429358
2.361644934700742
0.22418991863791382
0.9074676471523595
0.3113436536271126
1.1637139568455164
1.5060585367977628
0.40534599854892445
0.9987761224852568
2.3344703977091648
0.5711360442995954
0.3160772294026466
0.5342119318228218
3.0114871195746384
0.7206826759849497
0.11398941060382703
1.524608883885811
0.26918869147441266
1.670848638079614
0.9469210723689147
0.6569302844832612
1.879752899633098
0.7349082303592297
0.1194810452385059
2.6378306812643775
0.4815992625256995
0.7560920438894357
0.5437167319196711
1.5305983285885436
1.2795029658238173
0.4109661887773843
0.7018162576240017
2.669094583794645
0.3038834729665773
0.5529446605277456
1.6632544071161564
1.7931159882075034
0.17952183957218132
0.4552018761184855
1.8682364853766835
1.2288654297529749
0.35115614003311
1.829903611169869
1.2811186020592646
0.060584692568582475
1.6337328290416713
0.18393554704146395
1.5386822354707965
1.0153814650115505
0.39661031523146467
2.2266964788785018
0.4146376522123716
0.694952990453407
0.06239459176385919
2.9890707577971654
0.29876141914571674
0.6749984342928084
0.43454200083157335
2.644153901469816
0.2299167097096576
0.2312226935597787
2.876814822390538
0.7624096735748432
0.24860955186543265
2.28122944757247
1.0738090852021163
0.3170816047234954
0.946301504191623
0.7708106007714067
1.3387211787143216
0.43802079136790434
2.126822239046927
0.05641371379440096
1.1410542099985514
0.8846335905165313
1.33475270093782
0.8936477735567075
0.1945503885648113
2.1716405662271425
1.1923482290475709
0.3900202235197193
0.31171026889617426
2.7847344696555276
0.7728045431169457
0.5474478799687307
0.04112046168264245
3.158886415673347
0.25138060052916766
0.22557456227750447
1.6637552019468895
0.9640425208631425
1.6965824462345933
0.7175488029037091
0.42216589966026813
0.7992867662406459
0.6147634365875194
1.56535209227221
0.652713679937696
1.6944762168582526
0.24013261014681556
1.1983687192511994
1.0272304433262953
1.031870089085091
1.0657134044779912
0.31456069173435636
1.8830838493082007
0.41981917304533345
0.6604513532833096
2.681754796143444
0.5859393283901954
0.5003805605148894
0.03456926272054992
2.6868827446779293
0.2664123767803171
0.6246863767633365
1.423491214566468
0.898451152131574
1.705570482680083
1.0648108175585007
0.1872930798949079
0.2781162922487814
1.0020814087366479
1.473016960398299
1.1498645935889555
1.0782144129327518
1.057810706764241
0.6796659348416072
0.6929601837829803
1.621484076456406
0.755538351489691
0.9487638323971992
0.37163826326248045
1.1199001463657727
2.745756496039105
0.09414360864716606
0.6638699348927077
0.4372817479420572
0.8605138885412073
0.8847441846642924
1.7295182948265462
0.7408930710052375
1.2944834505274518
1.0566537674926384
0.46463978552671437
0.3193413237184852
1.6101534875723
1.2361766027303478
0.05533218585258857
2.6560395312564573
0.9925063869649579
0.18149312883117308
0.5910750913083586
1.910368413027061
0.18817620218761744
1.2584794848097391
0.8654860341572462
1.9983281059837126
0.7261929700873744
0.19904455024398035
0.5450924629409967
0.2716312991459761
1.4471008284570037
2.0307328482278977
0.6238957062386479
0.8917075202622055
0.5221376053137667
1.2617490063466463
1.1509140116702437
0.41338423411144726
1.0120569260930423
2.8125266915890834
0.10117872005239541
0.5927110829413694
0.007160121821957411
0.8374309849838839
1.0923284995215394
1.6963730611535996
0.6413430856815572
1.4449021264179862
0.6124840508020928
0.5204962590118964
0.8213918671471442
1.049978329346213
2.3789764704097833
0.526316439485791
0.22929382285995573
0.6243948460345345
1.1119096387333027
0.6985296055058982
1.4526656473001456
0.7133605138969475
1.8864088193168997
0.6287381125854133
0.2819278649421191
0.5303794080151644
1.3474582531943153
2.176545313667026
0.47635564441874495
0.7100149654508592
0.2683072055745401
1.3416452675754853
1.165771957697153
0.7279140504838945
2.2099543647698376
0.4125581908786828
0.33401315136158183
0.19601322932536366
1.618054942571236
2.006771451862111
0.47805562179997024
1.021688408087234
0.245360981221532
1.2260769811638677
0.9430666349936909
0.8109043936372834
2.394989750991453
0.4355636966348389
0.08805419321493256
1.659926073098535
1.8677758137195697
0.523013157113751
1.0302810107836624
0.47122238660402443
1.1884132810465324
0.7313346604024933
0.951355590620006
2.396358492441073
0.33637463519510663
0.25143130420052023
1.6169938447060024
1.5514363400295526
0.5005163850081582
1.2855433570885113
1.0791438033287508
0.5019658421053018
1.0716451996481835
2.172794622631048
0.4694185130099786
0.33592201528110055
1.5597165097934793
1.4380589201461094
0.5641997821114967
1.2059378564657464
1.215988623620309
0.388601246374031
1.068803705114631
2.0589262477802404
0.2542818802871111
1.1427527843222693
1.4303289923036957
0.6179629853619629
0.8985124248630424
1.48478344840982
0.385739541017119
1.0983822016091362
2.0299156774504694
0.11175972035698489
1.292708573097474
1.1052147048204102
0.5886821372986963
1.7521353798271997
0.4383875348971475
0.9851972011904713
1.831651576755337
0.16716322331278158
1.3444626204557093
1.167197326012276
0.5873084507671748
1.5327410158338663
0.6019204643706646
0.7672399330088892
1.6181927032131829
1.0039180354649813
1.0059345126956603
0.5664369583061579
1.2038346899156664
0.8956369155283762
0.7153448420429767
1.597243029506924
0.8239961178157607
1.017476584427531
0.4438152456708864
1.5817313093953909
0.5603521423534384
1.4209804894759837
0.5663730553453763
1.2368074299427927
0.3592392751853751
1.58586686313615
0.2897823634762078
1.4732084763949673
1.5786977061909047
0.15158783717216984
1.551242731561164
0.09588948530747483
1.637581299435243
1.6462183421694192
0.002139433956268119
1.276857146758759
1.624752950639464
1.1620229651255352
0.15001963630597867
1.1905154106213907
1.1506800790513672
1.1560867403610438
0.9195551990790699
0.8748043645332124
1.0014416832628599
0.749701999875281
