0.7883633662205313
0.7648693843607233
1.1543328064781164
0.9875866827632571
1.121065255016926
1.1503246188485827
0.2497044733743375
1.2377403765971322
1.4594179065360826
1.2217305912452796
0.2971257776865422
1.2198422969990035
0.4131220966787061
1.5657570565169658
1.5164550573470972
0.26518140718928757
1.3650604392615882
0.5904869747503628
1.1825243931556844
0.5996347487504579
1.652272657701409
0.29712135319645017
1.400679337891717
0.5914351719241575
1.271937813032777
0.6717253290078468
1.65676956701856
0.6087223998808874
0.28054414760951524
1.9022291285762638
0.5945263794678213
1.252504421920665
0.7118944744320942
1.6061423377680477
0.7360668290023625
0.24963948461066413
2.0924798093620702
0.5737620073183904
0.6271316294886907
1.5926741510561562
0.7608451326400126
1.541389308922527
0.8220567928064865
0.17224429642988703
2.0246122605170975
0.7087518958370108
0.7563185395910428
1.721331057639708
0.3379735578832238
0.9334309373697297
1.9864069135568505
0.9280626336237136
0.08578549685131376
1.9351379690910802
0.8365588997309492
0.7733443280708142
1.509604008607527
0.41650657457030055
1.2799219246023585
1.7640483380241752
0.031225508174842632
1.3284851352757083
0.015722185296573037
1.8080057522805189
0.9966436754244679
0.8014323590158151
1.272400860431529
0.5137993468733791
1.4597544503851174
1.4717772802043698
0.09759047370571107
1.4507715058991932
0.1929417436060995
1.8902156978830824
0.5599693961159814
0.7609496906915943
1.2132916763284969
1.09711916813961
0.6314357296431181
1.6983792097808945
1.1358798945461508
0.16539063949375216
1.6333857828257032
0.3849031333471772
1.5362855152923522
0.5114787548007381
1.0339408574281521
1.2620465514447383
1.1216271393381996
0.9056284347458373
0.17992839909793787
2.2879909590306657
0.8991039740874927
0.2385937251276728
1.9107174793736632
0.5939862864029478
1.141228749322111
0.4671093023461174
1.388753232097175
1.3392296491248026
0.6906541944483954
1.0103394855766388
0.04904847889412261
2.784381898072854
0.4477419239547798
0.33117473768343536
2.184378035608455
0.6290008967324742
0.8900485926605102
0.9663289539884187
0.432544577199942
1.8555949904111682
1.4868634989708422
0.172085816417929
1.0551691298424806
0.0952961847403219
3.081801696421859
0.17553683697205677
0.24113664306877247
2.0973804381676997
1.0227968966314014
1.1655195334425963
0.5247436341427162
0.6153515222069268
0.22137737755954454
2.452134393088695
0.8917732518276432
0.7489206794232254
0.7340531191103521
0.8931003183070629
0.20633714455162833
2.881230646838659
0.5371969844298168
0.31976032391458487
1.4873951117203688
1.4794298375919894
1.0991904253431233
0.7687389223713669
0.011858640200887574
0.18171201457549002
3.2801653999663962
0.6026225624148692
0.5500220369550283
2.0914494080223527
0.24299077617254863
0.2702112673571073
3.244620645358598
0.6985599498627932
0.25220555456969046
2.071533962748891
0.6998644874783994
0.000917873093842333
3.3527173113670754
0.24275516125726254
0.3041314256148168
0.9401195321437464
0.6681686580098675
2.399915082119242
0.6230786084338475
0.35300263479353067
2.5215806870223414
0.3154062023313812
0.25170715649765074
2.737183581103097
0.883279742722759
0.4595812979496854
1.9028815164101263
0.6328108957565678
0.12173854429733015
0.8573015230553254
2.1787157765348026
1.0058015904544602
0.2637583416056656
1.3053226928102493
2.2330431271997564
0.12124810872014526
0.8544043005663514
0.19006471579180115
2.1275384903134062
0.30793836424922566
1.246849329262605
1.5777499132005084
1.0238849007464843
0.05342907148704549
1.0867433982305217
1.4561311465050588
0.05933900738688041
1.6433424095338822
1.4678001457223067
0.7643185084096703
1.1703389199417185
0.6392385918127761
0.18780995412444615
2.8671168334860493
0.5942202328191608
0.5094299505358486
0.339799744533911
3.111007703978506
0.18721590974726615
0.14207299454798583
3.1997008280468826
0.9665342337352213
0.32802367652386405
0.542373714767137
0.6471034867011795
2.378492038515553
0.5785156069257047
0.47065424337635997
1.0120280396568484
1.762040747057058
0.6312348713638641
1.2753951691498249
0.6592606935262824
0.950719601195746
0.20869447337487973
2.455880561796498
0.7007788801259777
0.5197034358816108
0.5150172830096195
2.489800627321083
0.33949717679017544
0.6423343846363724
2.284821892111445
0.41016519668034634
0.5718197149506139
1.3460042451118817
1.6395349726218478
0.7960425358997392
0.6573661814504349
1.1580040072727054
0.3021382391222532
0.8537559431556211
1.6821445609099082
1.1143330833353593
0.9522313893575677
1.4592134819769012
0.16158486161784763
0.7301809617236504
0.9689730036190796
0.5150284548722891
1.8154545333903052
1.111174181400735
0.871562603486526
1.2685229440525103
0.1661197450666528
0.517500004981587
2.0591737070962255
0.5534124653055722
1.0857121728948187
1.6347357806590317
0.6116960507891755
1.0444578731905052
1.1785894868150801
0.381277971501579
0.7423839399615882
1.0776161035594896
1.4965985925102252
0.34897378402654866
2.18596105877666
0.45859256654825964
0.5339685344732404
1.2333280693317528
0.9149801234264445
0.9014452028353572
0.6238113544702455
1.9182776257962733
0.7034848577081876
1.0606727750625031
1.14886260048364
0.11745104315351955
0.1507638594816437
1.7679311197009364
1.869760125420391
0.6731282592905813
0.559921973053837
2.056466129116141
0.32367866790856853
0.6362470800024909
1.8522702195145466
0.42768865935629297
1.4933108294285469
0.750662803900543
0.05859457738146823
2.7560094326618083
0.09924172195695795
1.0766449897819617
0.9156770752091729
1.385493287696473
0.8711431524417685
0.7652319074540532
0.7062292933350193
2.146375969808151
0.6005935349299827
0.22154651312318238
0.6249059522712107
0.6788838912682705
1.341752603195629
0.9761019155323782
1.823021041039485
0.17681753756902013
1.0436674082621724
1.4045466034702994
0.8191068776295022
1.0250394847835504
0.5912403812111208
1.7546131759645274
0.7782959006508178
0.5123744295977704
0.4092862760040896
1.6469479713850235
0.2178569206652921
2.0766211765389246
0.8034113150002249
0.8670222500322086
0.3542333103993989
1.3039359561577648
1.2412221631707612
0.6352255554095084
0.9775219322322305
0.8111233228700366
1.7767132422585437
0.8506947105810158
0.5878242336575638
0.13331759690414147
2.110761851430453
1.0893979717444582
0.716906025774686
0.9876834906922906
1.0035422100642777
1.5166219805197685
0.587396752873354
0.6467755151417227
2.493891584788658
0.29700461949778456
0.5083285073281463
2.4507301910216825
0.06296103393447401
0.3072700577590623
1.9605270484452566
1.214959195467005
1.2786730119753233
0.4522899326007737
0.5728183539707962
1.1575354883839593
1.8878050275532061
0.43480166104956675
0.4533757727153538
2.09841300204931
0.5029752841498785
1.5045403878165307
0.7998610849339073
0.3397630215909694
0.3882416069355303
2.3955494844748486
0.5730175776650399
0.7217322331182973
1.575312147259123
0.8051016935083457
1.3777117521313509
0.4974013973176203
0.8640881454303667
1.5666068455313982
0.9267830023505563
0.755121606781226
1.1905318979957804
0.040247409816923575
1.3751478583070356
3.0450486390896407
0.06710303815027809
0.2101913922655356
2.02881076592889
0.7109978502410295
0.5514043897742162
2.7380691802292407
0.5138114325416607
0.08246107321419646
1.865730446425334
1.548453969479684
0.7760751277141623
0.34848674443079725
1.7231682139543718
1.1004671037621467
0.38801612675995223
1.525385005051417
1.419239662016273
0.3697024295164423
1.227869442781003
0.779767823659402
1.3694343622633163
0.4668854393727425
1.3524776409848707
1.058390894392241
1.1331885563297281
0.8670253801462927
0.7562198883904037
0.5084339844255005
2.6291363702631694
0.10666433809775554
0.24918279908983457
2.130988310661229
1.0721276449618338
0.8187885525055416
1.5476395771665563
0.12175474234706199
1.2564923804020485
2.2282100134599823
0.19710616718194865
0.39166877383296467
1.7542295820701574
0.6448218976215867
1.9640549847979971
0.429990464908528
0.35223199693176493
2.163084457599769
1.0842894399150116
0.6769442990627392
0.29798297331205076
0.8561659126797542
0.9147136443340436
1.447909407019007
0.3619729998477222
2.0010127452435973
0.5808312908986776
1.0475925115478268
0.6393259341713977
0.9369265932118249
0.4627589244596154
0.6532301151351132
1.6834337962365487
0.32862538503353855
1.9142988950639448
1.2446024246878893
0.2885001888230362
0.9992024265928896
0.9715515674436307
1.3309965708052138
0.4524751837648145
0.6044733762335671
2.287342355662906
0.7061660631174478
0.7760428945289854
0.6169994543536956
2.3016487244508257
0.6983681732507249
0.15555673767942405
0.5345551285183026
1.39277143637543
1.9215327956471127
0.32749049834976535
0.9933020385433015
1.252996162868165
1.0279378772672787
0.49233392212265986
2.0022930517360757
0.7280912701465126
0.719034476283498
0.07388242469276998
1.5953669487466842
1.4693524230024702
0.5222771741768063
1.6640049345615295
0.8063058456570888
0.5188332131928589
0.7548110914584748
1.5427514443355597
2.002360439717212
0.0495883826299814
0.4277511155434724
1.9432647515421273
0.8482836589251542
0.7922955597128909
1.7724692057962972
0.6136674250724283
0.8120360200403711
1.1825753439839364
1.239361918390371
0.33441595124668577
1.7025901108210821
0.4679749243706893
1.3432088447732475
0.14073095278158584
0.9978633021452052
2.3811667930842546
0.6648329759481246
0.12894077418055863
2.756681037573566
0.6353475309908065
0.17821574498686107
2.7909824710248072
0.4562336297984978
0.5518746679326204
1.3074053148329177
0.16746131741590659
2.204522726363127
0.9896162788042344
0.4141963876648338
0.5134624135273299
2.1660797350090237
0.766565842684256
0.8985209894844994
1.5487979986954015
0.3138730922471684
0.7337821190265377
0.9802200675890501
1.0924489184279633
1.7142818736393546
0.6380872909885967
1.063483204038039
0.3091049214193943
0.6037712812304216
1.0909120675916089
1.7157998367036238
0.5383441314054973
1.327273307505484
1.5688965297893647
0.5897894283936805
0.26172103956771275
0.9131082218213993
1.1213734777228572
0.4429569697754264
1.186945372926545
1.8255414844018398
0.963724804430356
0.29178225538485025
0.856699204272042
1.7507616052909394
1.129456626927262
0.5347511420430684
1.8380816633344004
0.32244822070322954
0.3798502811593756
1.4262964924522246
1.263814790374693
1.37394629353271
0.6925920090440157
0.8264223823135446
0.7525779183624529
0.8195092430182853
1.7580341509238937
0.978835467066904
0.606401415915491
1.0823541412790614
0.7810899894550462
1.1011374712629203
1.2358605781999226
0.8335138574442885
0.4062276486556095
2.222727719875068
1.2215829242609895
0.24188938717315084
1.2207150069480965
0.2328323094978074
1.6156877526702185
0.21077093493498583
0.8526413580190193
1.7560388156305158
0.7030174157122122
1.5856789481219746
0.3237412468803803
0.8088956508766704
1.8902377266338846
0.2380842289094887
1.1674625326241284
0.921468847338508
1.4135922208326281
1.0247078815343333
0.938471473297981
0.6490273494747785
0.3649200945149161
1.7979763650884577
1.3336286973677518
0.9004159974190284
0.6725932156442992
0.29947924075723154
2.2488899445413484
0.6051561055535749
0.4867833822938385
2.310237234215352
0.9549909636049991
0.042683201225445215
2.630709183235556
0.5095062381203327
0.27727345791471236
0.9199013744971263
0.6515049202637588
1.8002067386489469
0.3685935042540009
1.4835179273306043
1.1606592033008158
0.28566819759213236
2.2861011718424216
0.48811436760564714
0.6280506716038671
1.0097963258996117
1.7153406479182944
0.2623983871119866
0.2314138815124426
1.3208626243624633
2.030216486392199
0.7146008511304206
0.5862342207804269
1.9344982555518897
0.37194201720716175
0.9373975029353719
1.7158550374854096
0.3946410329585109
0.853542428145076
1.8608503757358525
0.8495006794531157
0.48375877849381527
0.7212650145444643
1.2937116713076713
1.6671907001640693
0.4122357696371082
0.8029436862588604
1.9233770609741105
0.6757305381241939
0.5491971528562802
1.8733090231236689
0.8999224797475768
0.7088794187853265
1.4954434733940194
0.31759722924589145
0.9391694587792638
0.7676208438108341
2.224115355792711
0.7016369312796875
0.20213602302984268
1.121171925268846
1.155481052083788
1.1534998282377293
1.1939429629940517
0.775157822605602
1.068521288142022
1.231450761829749
1.2002988997701394
0.16113478117499888
1.0497206153776422
1.1116308330572766
0.3405759387400614
1.514723139015306
1.8466212674172209
0.6002887551190728
0.578203495319319
0.6119267567453391
1.586528225376647
0.43994721235986184
1.7028498000359924
0.9669370203697151
0.6723111948530116
1.187133518709996
0.7172086362663186
1.2327473778047902
0.7674982078478555
1.1121560827643893
0.8851941196493347
0.8553508533049996
1.3732304313740042
0.9826662561958935
1.1979359182632714
0.3528794216678761
1.3171310379513963
0.8335760582371645
1.1017945611112452
1.7820323054046892
0.41906649579987937
0.2753795281551259
1.9835702358757368
0.43120241580624386
1.8535868068745114
0.09004547367922708
0.4861174139657067
2.059049392605362
1.1992677885084946
0.6535254233367088
0.6666768677008545
1.8742264013049923
0.619807346310997
0.45423173814894074
1.9969332522845438
1.4491908097026571
0.15119316532174779
0.9478035960698037
1.7971240942132454
0.6355250463195655
0.9931240884976728
1.4241375047936284
0.623932622212131
0.9385058226176307
1.2843400384897767
1.0548259689692139
0.654103344725514
1.7139358037532877
0.9105658716630978
0.04614622557621382
1.940031446521775
0.5449042587196
0.3717326945646566
2.4915818766636075
0.9183571873917066
0.629454115032371
1.0813432448067646
1.2315484862625397
0.21046278147594782
0.8196490622351971
1.5843760288785151
0.7696500850735214
1.1335445938981086
1.1118815290239714
0.8073537808174217
1.5182582843928052
0.5310462165633372
1.4606671066885673
0.3350284048065447
0.26715177468047113
1.7571238994394167
1.2858746276368196
0.4236383612212415
1.7463239724678394
1.0628037290391696
0.7315629077240127
0.939093885918408
0.5007509721938862
1.2663247496753056
0.7743898830747201
1.612870682493297
0.6266556737578618
0.8981035496388295
1.3952211037194846
1.1085574029879923
0.11715406872724153
1.705278859631141
0.7401687635041103
0.6868206569598085
2.3937209683996574
0.24872657289980588
0.9821261701729935
0.9125018425990641
0.4087420772315443
0.561328854674801
1.3731120970406672
2.062971110096706
0.0961039849218364
1.4576873643321944
1.295565002508298
0.13426842458708685
1.095346166444991
1.959275501910208
1.0371125137331125
0.12002969990044082
1.377748357189099
0.48233994686427595
1.7454192587900579
0.8268798360665284
0.9807224488685056
0.41815928910819566
1.1933098125836943
1.454366083271464
1.1143444546059418
0.9293716106318016
0.350597767894841
1.1519229565472502
1.2192153071608824
0.47146241051228577
1.0579525491921407
1.6270890236051103
1.0482721308902114
0.821568868088743
0.6742027636653598
0.9582109403473936
0.9297550547627258
1.274438559116871
1.7687476963628157
0.1368643634509161
1.1752244057617387
0.9719858287016591
0.1631497748906345
0.6436316685101185
2.7193145153185414
0.9897290592840913
0.08881998728490771
1.720658104025638
0.5410557758425747
1.4932000050125405
0.2769228911165262
0.6482497397853346
1.7418137794612898
2.143159957733644
0.04814785756168206
0.393327909772844
2.274751145122038
0.47836634082227564
1.3141089958940024
0.9062505379778983
0.6403749268223978
0.3940695838049609
0.909318249614643
1.9818163183932218
1.329520776876275
0.6018237132344875
0.49914477144169483
0.3862429911013254
0.5402298938732666
2.081749955330351
0.6507232759871098
1.171869931647864
0.8984544721825858
0.6182836766444797
1.6101931665805682
0.9626613074410965
0.9267142003821627
0.8212899162547043
0.7300351106333273
1.3816164000816242
1.1548730080856615
1.1192781221004218
1.0032051828148647
0.30915434528277114
0.48019196202439385
1.043930026460414
2.4562752285803238
0.5372065769865266
0.19706791365767162
2.1095349781515944
1.801902013030085
0.23239187742789114
0.4432525061812123
1.2356200700380322
2.00003129455639
0.031047474031683654
0.8061032999158828
1.09494598671955
2.108619061962437
0.2434425142260444
0.6491783590811784
2.6696739300164913
0.37693441026094476
0.6065227528352013
1.9680225454478781
0.5826237683802894
0.5436187264966764
1.2590537580223504
1.2346681352007478
1.4399420209078875
0.3522748982404008
1.0836086122777624
0.742290707724152
1.4032667143027246
1.2343597228544558
0.013647860398288018
2.1378051835564955
0.6260414869368671
0.8262158832558736
1.0714729288758484
1.1964172594031715
0.1809366214433078
2.2629654535153456
0.6585436183009433
0.2248682289623973
1.7282190846101162
1.8267474141958782
0.5849093524995087
0.5429914206960016
1.075889631834498
1.088229245338803
0.3648495081136076
1.631984969713349
0.37073805188279463
1.9551268027856996
0.3831090878505405
0.9066694608247846
1.6211640045020057
0.7465304969024528
0.22844188168210605
1.3130304674163886
1.1149114526403805
0.907611120086705
1.5674991334454003
0.4357333091472358
1.1362613699300488
1.2714625154641326
0.6553803791087868
1.1886126444953717
1.3270594024042308
0.5833828769234982
0.9805927042450432
0.6865715850051911
1.6391120564365909
1.273557878768557
0.4582883357212011
0.6564331019910055
0.9132024518104216
2.284152765463946
0.7461911737213205
0.14248882047247105
1.7825994755703278
1.1562321824128303
1.0237268809040176
0.2253501613054466
0.7276335724620034
0.9992783108942903
1.411366386119293
1.441091959389812
0.32941817076587554
1.0445020434763657
1.551260118315274
0.9730119226045063
0.39661245127944444
1.9681495143871044
0.7094638192039807
0.6408479322139383
0.6055397504088317
1.864292634647087
1.056390419269969
0.9057716544238608
0.4269418917685473
0.7947135573249585
1.3580181418286248
1.4692781769839383
0.32623519376370375
1.1343864042040026
2.054144351724642
0.5128034558418455
0.3083679967229119
2.2144148366709295
1.2918248046161198
0.38369166852289155
0.4024027606092326
1.405154788559497
1.171602265292869
1.025255625862255
1.2483337460644346
0.3843297437574569
1.9688244378364932
1.044672884352697
0.057464541240598375
0.424290192639007
1.5097083364574264
0.95858053167397
1.1173521067532108
1.6017036686823864
0.8489063298166204
0.3385706622738423
1.2358191043793494
1.1848707869673414
0.4917942036242328
1.842027386313338
0.02746452014374009
1.1301062272584999
1.0261273339038008
1.4409568544776004
0.5306266078062268
1.3665125958375042
0.8835585188727788
1.093840410179077
0.1973573213082138
1.5377972464904324
1.3458108985392787
0.3557911105830045
1.143245711597854
1.4361055359782091
1.349709812110434
0.20125143772739545
1.2546017095322448
1.6753382287546636
0.3487836934729426
1.3047134580447897
0.9294497790774205
0.8507533844321551
1.8077688947335009
0.2561689715437917
1.0694565127368096
0.4939450264347304
0.6096020723723192
2.1908160767012292
1.2329912717355147
0.0898380594507888
1.256532713228442
0.7370763118583891
1.3234353721855179
0.9862482432327428
1.640618983250708
0.2372663019351995
0.7238585249852836
1.0223154873116145
1.4723976038866384
0.36385929205620504
1.6950493263699495
1.0358566040486878
0.11177290865520444
2.6259424082787195
0.7134200719269872
0.13741686515531304
1.6439637432751069
0.6301115487714073
1.2647310003276107
0.9132701757753051
1.1448781168527584
1.0768090671956245
0.4737025598960681
1.4400255414510341
0.9762274977859483
1.567363215180724
0.25354037480295577
0.2759257654254747
1.5905485249021072
1.8339584960080417
0.4614419391873426
0.8671022287804288
0.7311908084856938
2.2511229265714796
0.8446265020203918
0.04075929932305601
0.7668210635441258
0.7578560647492766
2.784647733482455
0.35446898089864465
0.28305290229105506
0.5176421196623628
2.2723239891661238
0.48774872341277187
1.0209596203034592
1.905824878991774
0.3948772809094056
0.44418025356806545
2.194096830224064
0.8563285424939499
0.6274006832572037
0.44028161054272263
1.8989603296507034
0.27027137225123
1.9781617992436618
0.03132283522553087
0.9705241706337322
0.9896005145219225
0.44755043529703703
1.6356516654084325
1.1439044809160996
1.1617174033633029
0.6237293706336898
1.1783440078229201
0.3887557574876351
1.272184144127836
0.3613297263430235
1.1408678556632703
1.3306346015371684
1.1185316245094807
0.6322150305228128
1.4672864602198517
0.7439941137635532
0.9911853712135823
1.0098711751306124
1.556500084117156
0.15862120045979286
0.5916695260713785
2.219926846819588
0.4612563302605893
1.0811753566097497
1.1634629400115704
1.2282562177695207
0.4460513546854418
1.2081040535485674
2.217018413747026
0.1372883663447981
0.15573424958747598
1.8149452411504523
1.3132641088204846
1.1053391537724244
1.0826681659867352
0.41137010441045685
0.8761126725218614
0.7134600858546309
1.594112050867867
0.899252477252198
0.6450109594144041
1.5812187450302306
0.491827808915215
0.5578019496869772
2.0229695682372837
0.5029718194234339
1.2446801879211866
1.2883646351228215
0.8736215369290843
1.0664098778514872
0.031691160185998324
0.9565367652747566
0.6312666505856844
1.7470250244086125
0.6819936318066644
1.0735515977761934
1.3027558059613749
1.107767783361807
0.2916062534652083
1.1782798626148885
1.625732867648374
0.5267255373383112
0.8976376871669862
2.026418742721242
0.9615454389403293
0.06862340622681179
0.9465074849604129
0.7505954635369791
1.0064853782053782
1.8858599905032594
0.49356659345777665
0.7408639610506571
1.2247416988880202
1.273043998395994
1.2374336068680318
1.0740244704270725
0.48300435572153283
0.14578684763348826
0.5543457311953065
0.8698100949129856
2.375988421712956
0.9993083270060266
0.29469632428958864
0.8503548643663406
0.8860066483836421
1.1991947260173206
0.9764051570949236
1.448738345103661
1.077093082185629
0.5828155781006966
0.241534374622137
0.976653069313618
0.9698242427362076
2.146436385536149
0.87111700234704
0.2569414060027237
0.9017635987158189
0.4983253626274526
1.4944617877581754
0.5763104482287609
1.7478528802358124
0.11156008449559737
1.067742180581977
1.0719937885921225
1.798769459716562
0.803866624991363
0.3075330563493769
0.5527093656264556
2.2832442337795857
0.35092495544729707
1.4434639856920415
0.42367885967090146
1.0589938106262542
0.6367506659899971
1.1111092533813456
0.22249092679241383
0.9457285795639817
2.097308116141882
1.099113696953153
0.08473464910237526
2.166259758022068
0.458721448101802
0.9503668712973508
0.4576541955415381
1.2589420789348376
0.5237102065239779
2.2609073787025604
0.14309181483294528
0.5887141867442929
1.3316545422098989
1.561442527760617
1.1806830662138361
0.21141970557664025
1.076701225181335
0.9372363729390938
0.8809583907373586
1.3996785826896379
0.648774366418671
0.9886922798148763
1.8371162438801738
0.1917488508614572
1.6812795237339995
0.2641909363656132
0.5295174206742693
1.7451214092680232
1.1229876839371822
0.5524247237529806
1.6874805324196878
1.0271099505363184
0.6454321293918285
1.0215208438238645
0.7670183378168329
0.9679442444241286
1.3674778523131434
0.4573802028218067
1.7987555290263968
1.1464587613077661
0.4340034015104665
0.40701891065246093
0.4258828473851879
1.9342080690131307
0.5757879682220136
1.124889768562174
1.138143701873293
1.348741678282803
0.9089250024161242
0.5360657197791486
1.2843938840620428
0.9616607295401524
0.19321097354129588
1.3507221726577578
1.1212951895319863
0.9446379294245245
1.1241066233727064
1.8487034794841712
0.19795179507640484
0.47619833244454207
2.4790449778248353
0.3379205001465511
0.9061317815777954
0.33024867145546954
1.466107177663861
1.7254428767819607
0.6094582630472496
1.1190210096181474
0.768109123602668
0.13160919701939588
1.1732147247980613
2.136215754317104
1.2102036909660956
0.10445383837187559
1.014496854458562
1.1791325363361904
0.7708248059579986
0.8036934971225863
1.52790842017821
1.4753043194095525
0.2519209537768769
1.8446111107088958
0.1742741600255263
0.30083123946891466
1.8814104711286235
0.8528171974105565
0.9823112036309595
0.9947903950905461
1.0191191853962205
1.0154422131079361
1.5447091319701256
0.38376412204543425
0.8304926538883115
1.8080561733961524
0.5361808462631464
0.7448619971243181
1.9894211973675957
0.34438812914647493
0.8368350104128787
2.6009096530406377
0.5406103445755056
0.2929689740027746
0.9039981504789741
1.2312951788399968
0.6889583473386143
0.625203712772607
1.5680496499156904
1.3230138988984874
0.9155632193260131
0.5907372704772814
1.6685375926851083
0.25225114272112553
0.8520641388929946
1.8828691313635038
0.31345645858617976
1.6835576069210796
1.0716912537525065
0.5235901905696823
0.7362043416832341
0.7287881810180339
1.566218481324099
0.739909494958531
1.418010356065366
0.12918439718214528
0.9488063826855543
1.2577241903710772
1.5901575927116653
0.6199069865158747
0.9280771866137767
0.29997298751155405
2.1521162666584805
1.1974667559125338
0.20092069802598359
1.5060686077871075
0.9239358206989445
0.4224381447739589
1.5399308039095794
1.4744231760149562
0.5870888296228298
0.6386424186965649
1.0923300934628544
2.0344221977168715
0.7768275687249468
0.3977395311102298
0.7159472900232595
1.0904025398007675
0.7978183365009259
2.059393200793334
0.05511345002462055
1.113429947936464
0.2761404928232802
2.262496214169031
0.30634939763196023
0.6006554016400656
1.3325150885430528
1.4690139846222319
0.9963261946853852
0.42791639891317906
0.7298359504361891
1.4556646752708067
1.451079082357433
1.0270583643373663
0.5950159676364688
0.5511775255209507
1.5263789130273202
0.6982665973723513
0.8752569483839467
2.2038994606751765
0.13513430752812258
0.6404858096959266
1.5736171260120666
1.1869141321814116
0.5462104222137122
1.9018960120585457
0.6308908415379938
0.6978259579721975
1.0527139364918159
0.11969981266487646
2.0242044032166078
1.1783552268005062
0.6723017264377188
0.9684715474151361
1.0629141820753965
0.2309115471124975
1.5739348523899575
0.29039247489573466
1.5591372781605821
1.5333345452837581
0.7371674402668668
0.4283047980490159
1.9089170342492927
0.33913276812094323
0.9219649201859541
1.8261738604013944
0.7955924326967789
0.6531740411335043
0.9025137371392725
1.1180870071711944
0.6699988720153782
1.1557706545107673
1.20276459113952
1.6430504163199642
0.30535452865669016
0.6266519533420818
0.9454423534270855
1.1173453331285863
1.771332004180537
0.28524296205846794
0.9208966474435973
2.881035516536481
0.036182893212286564
0.33500597729697157
0.37687482506752285
1.9478656641109733
0.2099140659871234
1.9009225940000734
0.3308451621969948
0.9394604857275886
2.1118243436575783
0.25250184304817896
0.5855636424706637
2.91675990162832
0.4617703232658967
0.39116008518930484
1.7960931395208986
0.956952374177546
0.0915068819974588
1.165425225819593
1.579786908800642
1.3197520233531699
0.8575199785320428
0.09853834180949746
2.5082841592473946
0.8320536329814345
0.32799679863976994
0.5297988728819805
0.9382839540540655
0.5499723583689098
1.931302971400245
1.1937126935952773
0.1244024705988547
1.6335990334635893
1.4737685293724763
0.480831295744095
1.2924364717339523
0.9730681541804119
1.230767043559734
0.4237806581689247
0.6105660672760177
1.548967924580789
1.5529416141289105
0.5796359954039018
0.9115150160197445
0.7847103667025772
1.3454853160129983
0.9536595023323319
0.6779102343320547
1.3172551352531354
1.2853999704367625
0.7294582159123044
0.9485220509744524
0.8017546744740779
0.9535906782745415
1.2685139684710136
1.4772505129146587
0.9121658827576011
0.25090183728028587
0.984103875796948
0.662613312761817
0.6107883072428458
2.034588295362584
1.476771353111149
0.41428346301834335
0.5019841450684476
0.8103845177052056
1.8981007564245629
0.47868862272652124
0.9276458812531171
1.257423855080008
0.5387605068217679
1.7921012894903419
1.3274552239816304
0.11776200308255509
1.4484232791988552
1.2899677129522285
0.6453771482679739
1.0385549515069685
0.8612815734466227
0.3807186725958416
1.697005476236792
0.8726189670411582
0.9666552423881457
1.1343931192989105
1.1996853597073336
0.9181528796045958
0.5589304181087746
0.4794194594734579
2.196553206008987
1.2811094235911953
0.5331140546724362
0.4533709783261288
1.4382654368591716
1.8597819348488416
0.29404245311699073
0.30290089920919416
1.9390242840602558
0.42732967395579047
0.9862847855294326
2.1068513221800207
0.0987515878399011
1.8190929710120034
0.6021249801220924
0.20940113781660868
0.7980092071198637
1.503983033637919
1.8302008201824413
0.11838498724411609
1.3447809206104357
1.0703655012175437
0.5510566120249328
1.0313985243549557
1.3689608553289028
0.4330471235676065
1.4849932694897543
1.5814231166056951
0.657867186901853
0.37197243104490263
1.0375654931269234
1.6195644892968843
0.8132322854177098
0.5673819835966271
1.6786304348518315
1.116812461918514
0.8560739405490395
0.8424419382791299
1.0621472862900743
1.0937588253244572
0.4757494262625072
1.109278048987919
0.8403731947507703
1.1903108996626053
0.6059597537374691
1.221423645528338
0.7082849104791653
2.0432064951997044
0.3494332473953156
0.6755691274300596
2.0656002901675894
0.6331018461954345
0.5423146945191044
1.4609523811505059
0.35112781652932173
0.8588105296412459
1.4725653237390246
0.9926794788592928
0.7421855501828363
2.207226678518216
0.08592486927595737
0.7387239116401767
2.049361612917289
0.48613412041734894
1.253124472406734
0.31903126755519895
0.837603109278275
0.5705819264420313
1.2720223630125884
0.6448580823613297
1.471971999674287
1.0033031856469279
1.509993337826963
0.4093972389572842
0.38295337793426576
2.0202794777575175
0.5380937796777947
0.9211390851647809
1.3585637240264459
0.8531016401905464
0.8030661924419247
0.6079981335936783
1.4911912015580129
1.9034370645460867
0.420268527393957
0.6104949179126046
1.059453323693404
1.1977002406822697
0.6076943422782437
0.6662991700927726
2.501378845781686
0.09473714985340538
0.7605906341264671
1.1089013075418266
1.0031760962119047
2.152063537737048
0.3364187592436565
0.4132989401352332
1.8675850571794368
0.02599449167297144
1.0629336847586315
0.9673630228597299
1.236312619010206
1.4104011532951475
0.9190743182635389
0.5931757789564254
0.6955689316728438
2.017297024876832
0.3883268993761341
1.2798911356159863
0.5008054929296135
1.1597945771457243
0.25083615435918943
0.7291015875341896
1.9047666081961934
1.5840512101343724
0.4232124304442537
0.6815007492060794
0.07346009593997427
2.4858620639906595
0.13035157678441872
1.2544173858901368
0.46429745607886896
1.4009828651103269
0.9316104644282489
0.8028202097199904
0.5055230118975964
2.729476520588508
0.0707369608115576
0.6883599979950048
1.663509929312156
0.35727061812117655
1.339443892276852
1.242862008799885
0.745301262725406
1.1415197151392888
0.575377653814806
0.8675971051537822
2.4372689235235376
0.46591335354102537
0.783663721466714
0.08691296648104578
0.4949241503243459
2.3605134040447666
0.2643364916850462
1.0003201613133417
2.186417633426152
0.7297082338899504
0.4034248256145604
0.6437507078893823
2.568245510886554
0.6824745419664977
0.3482348682863448
1.1665247437782718
0.5103707108155988
1.567542498277578
1.0970664039979534
0.5764738539188207
1.9682818749696747
0.6756478047842602
0.0790907459770723
2.4800331640018927
1.0781553353210749
0.2651998096204279
1.8782035615095867
0.10495981556079576
0.8315024381935692
0.9799406826390483
2.3443970896183215
0.2991841661140271
0.6952045180694301
1.02513968745033
0.558436498471316
2.028030968713999
0.1982590986217393
0.7183917350058796
2.0287441598142806
1.0093690670494202
0.5707795014099087
0.6856578015689562
2.3187150080837657
0.4841827243457695
0.7050767054328368
0.21370607493836366
1.93041269317357
1.0567175433234746
0.6222614089908042
1.5013493831254299
0.8491351417623147
0.3464536067056594
2.423855786184217
0.9803952093139066
0.016438861909014144
1.7746872877887387
0.41060232906438004
0.9009272086577838
0.9694229612973603
1.8504564506356793
0.9019367706694043
0.5851131473035631
0.48549966556885416
2.102813750123909
0.2993802953081455
0.677536235639512
1.7134127369050483
1.2972792409223393
0.6729595968676158
0.22741269863136257
2.695060644596122
0.7029529869353938
0.4340640347237958
0.27543070309558615
2.4477821700509432
1.1334359078407306
0.04065659840804601
1.3351691795732092
0.783285019216227
2.0289093302716332
0.8719799124911733
0.07196896221846613
1.4124047472821597
0.110711920113441
1.2708631601531424
1.4109723479720295
1.6501157106170032
0.10754168590625841
0.82455755633958
1.3386507930150646
1.2083781071400352
0.6841416684779472
0.9654332333547236
1.5832639658064644
0.5575242183540564
0.3100892450946873
3.217245077943852
0.24345840605589392
0.4630191847609712
0.08650480668534705
2.40641595969074
0.08237624639072999
1.2180528947426406
1.1579470458005299
0.6500543959020848
1.8262949872639982
1.2103336393521682
0.40732773849413073
0.07874957705845416
1.1097631764527496
1.2422401204241196
0.9958667305573844
1.6984507803809346
0.7023514747471967
0.5461035690117695
0.725170975083124
1.6226575614056873
1.5754271690684702
0.010915277471864515
0.7350860924259828
0.8973438836897357
2.7146507347941946
0.4888443491998253
0.18133663613176018
0.8151620487710803
0.5478645307086836
0.9785911491562554
2.1281817566381753
0.4999331847149209
1.1616603322437085
0.9300210098646334
0.5670906137869391
1.558960270178548
0.9357164138091377
0.1567179606941571
0.8790358356558444
3.3488672417732013
0.36964987836189406
0.10895516115893498
0.6708681521738118
1.3955036304592254
0.38803116643573315
1.7126911254715043
0.5685958223056282
1.7325850849820914
0.9837172367029096
0.12463331634318132
0.8332844174009295
0.34122614312786065
1.1785538982384722
2.598928412626143
0.38113416358690044
0.5824600588466029
0.7011215859580264
1.1483894627185887
0.3376962231994291
1.4223656647327703
0.6681641242360687
2.1616296808463735
0.7747429809002467
0.09288083448956053
0.23062656383381058
0.24490218522401436
1.5426326812386313
2.205163539080292
0.3732839445430472
1.017171288194119
0.34596281081158314
1.0638140623145314
1.0748916887225701
0.7483026596466616
2.538487276372215
0.24473343656673643
0.259021922887765
0.3438450719738092
0.07466667577935111
1.7701095480775808
1.9555819882482455
0.42092433523863937
1.2244377063383372
0.3240023873557154
1.078470107994891
0.8130113764142326
0.8988657862931135
2.7217719672836242
0.14698416615893542
0.13948022705626603
0.4389309952741651
1.6539531775188436
1.81031927913751
0.5158049574919471
0.9451025509556058
0.8228617826757241
1.12478151657003
0.5811980284366504
1.0691314835191603
2.6266689476549145
0.2161458637104352
0.16227804644007196
0.6394384960197402
1.6193188487408121
1.4391334352115135
0.5177899429280879
1.3634049246783715
1.1215193682200482
0.4109917355408611
1.1923464562953834
2.0852621132193407
0.6816063231274029
0.20879898465919028
0.5852406046210471
1.6868533778686308
1.380958715450365
0.5928191049330118
1.0781757218279664
1.3967608000784637
0.3433691460948652
1.169640313399706
2.4830150323332334
0.2048070853479275
0.25535671627825574
1.8876671575154902
1.4924631683200047
0.6447798221331922
0.478232606426836
1.8460601755451165
0.42113181018765905
1.1056835934005524
2.5236547562294445
0.14386288670759081
0.10037108590503209
2.116954324256031
1.1247940271833365
0.5929021076979717
1.5998326829553609
0.6021466048162712
1.025792566614217
1.889135221627986
0.4329664704620255
0.2624660255210363
1.708834850189329
1.3313276775154521
0.580908445341977
1.2378975087207156
0.8895468951514905
0.8834962942195954
1.8331029540115729
0.20664000517898146
0.9961081810042068
1.8335697488251532
0.519754101738172
0.7449186131876278
1.3703176460536508
0.7090885447224439
1.9638579501530593
0.16603192018941604
0.6369216092846378
1.6953996467935095
0.3672884513415988
1.598704480628243
0.4157821146204538
2.120322247687956
0.08282548310290233
0.17273939802224733
2.2171860568960846
0.20924076429048138
1.593929700964681
0.09769533758975281
1.6697640046010207
0.05056905604139797
1.6910165666200854
0.04333002759558899
1.4636113113192228
0.3133926332593742
1.6953835329140992
0.2250173117459941
1.3545910190853445
0.2553142625266449
1.5787384329258227
1.612536718522089
0.33169668303286115
1.0441323136577467
0.5441535122373434
1.5107369690668822
1.2818132675679035
0.427694491514107
1.216540828666188
1.2855176959786816
0.9878765195014086
0.6484699939035297
1.0096043199077696
0.9249978858401111
1.48859205439295
0.7875028709315367
0.7066745958765818
1.2273079572027326
0.6418368381814011
