0.846812768886805
0.8064323637976024
0.9986153684524527
1.0455514821174539
1.2322234128026972
1.1774501507825907
0.014841103564227496
1.3398576823257058
1.6492643601960892
1.1695443516400394
0.05368593544511224
1.5619356810300475
0.17251091671670943
1.673608323015001
1.464925977039692
0.13395268061020996
1.6549578390584103
0.18104498144753842
1.4912147900548354
0.3998816454301151
1.427851759572378
0.3120853422386274
1.6534317577472533
0.11427358737856126
1.5680015162888477
0.4232660631867708
1.930468737940875
0.016841288095941997
0.4901135089485784
2.282464210724036
0.04473399301374061
1.6454914858827023
0.41163918694592516
1.790813559084023
0.12072284010161613
0.540246046941124
3.1390600313832024
0.43222909994053943
0.031119029589830705
2.3809730157216635
0.398242774038208
1.6343237154082324
0.26844016061637943
0.5830251135466571
2.883294382113957
0.427762976897645
0.12867916874150567
3.0195453828166903
0.42625186527990827
0.3935512440732819
2.361943481472858
0.42527900022902754
0.6392705555873319
2.6192833004347538
0.4017877632304836
0.2336970863660275
2.848264578955488
0.5134165246590214
0.40487324920494105
2.5361286506059493
0.6520270658414044
0.1904631402190645
1.0164619364309484
2.6296440086889104
0.38463952620410785
0.3502985093827294
2.636387988880929
0.6239281112781018
0.41380914612925557
2.1592509048692903
0.8009377787845923
0.26249978616218567
1.1759110008875067
2.7194462106056214
0.20901073959058095
0.2869053349409968
0.7321684231207914
2.475485516821305
0.7633195731139207
0.4337653477900303
1.760489124156612
0.9257924700017399
0.3513027089138118
1.3005092328571988
2.4501851381245
0.14641215145983474
0.3559185995493973
0.993301271925681
2.3943395923198505
0.7919391008541696
0.354938594216391
0.7434382566269888
1.6226700119415494
1.0185406485499138
0.4600798826921874
1.4685309998239533
2.1076881420335773
0.08486523795706111
0.4689410915034266
1.2552848773494327
1.9655181774709107
0.7547447918400358
0.6271889817939664
0.804097316733105
1.0885209008935999
1.3460337504655187
0.8109153154949179
0.8010763284733969
1.262642479204357
1.4951336422107049
0.8661213488179609
0.07693019052211446
0.7918858932914917
1.5424241452182414
1.5004919691292957
0.7221287143751709
0.9954299961886506
0.9106701905631536
0.5458653747094034
1.4884082002790986
0.9502674243481634
0.6204820267944428
1.803495901302029
1.5162801024475965
0.1586687229334276
0.15442525396984738
1.5574640609267905
1.791597988323568
0.36555016357571257
1.182025384611434
0.9227655626124213
1.4841807010248786
1.0830463957242467
0.014687854191829637
1.8585687218858242
1.869051751176336
0.009895450265514905
0.671090731098695
3.2455659084012893
0.7804942938184438
0.03269079200556879
0.285796035009025
1.6755831498825395
1.54328375885811
0.9150213845357702
0.5582928425326138
0.96936962296927
1.8505386307547493
0.7860953191660126
0.792074001029292
0.9673162227224239
0.05443902037271268
2.551631684016385
0.6373385869267763
0.014757514860562483
3.443867154695259
0.4191072165849549
0.31891673966483697
0.08285460211434276
1.8554593825065815
1.2036465629483073
1.3417339598491103
0.20673647904719009
0.8645715154219573
2.649501743945134
0.5491813782699634
0.20397412137553583
2.5501271082754053
0.39689420597529934
0.19065367615580042
2.5770025921126507
0.8718429998495579
0.19562389193381843
1.7871046502177454
1.3522764245973755
0.6257336462989326
1.174111303222256
1.0241990053401262
0.701546018161966
0.7654577864948261
1.5435652608842434
1.198020820172159
0.11259870530373724
2.017941642783303
1.3081759260134422
0.648252579728958
0.16276405500746693
1.533321149558155
1.3863102440118027
0.9105922938946797
1.051150319457767
0.16613693074422636
0.2576527498232309
2.1415189234311756
0.8566853997647086
1.5412286489985392
0.25627889799526743
1.0303693427521488
0.10794407761608073
0.8526513122186048
2.7560333507010237
0.3187674583917545
0.5188507095374065
1.9077540065273075
1.161764505893335
0.9640815589929228
0.0084261841575078
1.6622786719577256
1.0811200508914953
0.8320232222052271
0.4445239916688048
1.2740381855262501
1.3174504252614883
0.030984782531709998
1.4181731729393425
1.4378207410275914
1.406780097489176
0.5114844075025013
1.028304504727952
0.3805927276249622
1.2732683429422893
0.22481598700851105
0.6332515376822687
1.93850490343337
1.0419747675069013
0.8514451162926296
1.1656126660661363
1.1519854975107355
1.115863482847934
0.07486475485309102
0.11853962042570143
1.8021613578966194
1.076619946957196
0.8770807643596645
0.9456939072594321
1.5243858291702583
0.15144998831723785
1.2491648617731321
1.6983481872421922
1.107979842580913
0.38534109385848603
1.4622775448007317
0.4717010045064502
1.1068288600816296
0.513229777900576
1.4435029828758899
0.46974328739790616
0.7742173188859386
0.39285398291750895
3.0481787693645512
0.5881871482766785
0.08062229289976908
1.0980876666050696
2.308382088682148
0.09937300305221206
1.741120716777146
0.4357809425336418
0.22117093505621288
1.5279007821824284
1.0701591629596774
1.1427220325923202
0.8145418208038957
1.4603951872524294
0.25079986260569487
1.2815995624850618
1.3267916605429813
1.0486349000696131
0.8812812211884415
0.6738131942298003
1.2786101827930607
1.1550746304299242
0.3161327376439667
1.0206254009474987
2.4693043279001037
0.5287681695699503
0.026926703097820616
1.5902812148262422
1.3179303498933348
1.2308380298973014
0.972152042777668
0.5666636009000805
0.6872755111716469
0.929837513025574
1.7997644486582323
0.19750155010610693
1.2878428731042268
2.1811619207791906
0.4020278547866335
0.3693273300061802
1.3816839328276396
0.4130869387037355
1.805450290838491
1.9262863769999727
0.1869966342941585
0.01737603630288628
1.164814958067536
1.618147556010839
2.0017541299907626
0.124223717607267
0.11097701201601926
1.5601524194600431
1.4932855778489624
0.6451844726842447
0.9056038439430694
2.4088901375321514
0.2101051677852453
0.31517989612077524
1.9882414191423543
0.4298870328537046
1.5463277182783828
0.42649664784018565
1.1415875643105209
1.351192434411286
0.578792200197542
2.083973550810717
0.3111323588107783
0.10671149087168892
0.9207319472606624
1.4028209746299236
1.392144832479094
1.076992875199551
0.9110432123289244
0.6993453759734857
0.41771399794957076
0.9248819514117865
2.599131266286476
0.3550106981159342
0.23119509707581043
2.4543469555242843
0.7854023577808897
0.5806032334119243
2.2988472526773185
0.23711584915079376
0.28422539006185943
1.4674379157639592
2.557599575235161
0.32557129906809806
0.18656236149749764
0.7648205411193739
2.4426923573339443
0.6967481346633688
0.6489105664126199
1.3828971751734758
1.8635820964043193
0.07061514506380398
0.13489542858585588
1.8187116535487236
0.5186671152990965
1.8144442389373907
0.8495293679566475
0.5483933855441538
0.8610141335319247
0.40599084888939857
3.186135247041041
0.24023463079230276
0.04198894938249243
2.070873764236146
1.9467164845723588
0.5796574855117009
0.051221113195861936
1.8889092703213934
1.1501823619491836
0.7139145297888594
1.0250112405733498
1.4594679650065672
0.48084441978933956
0.6987460942971773
1.299791756038778
1.6489501304466623
0.6362876849097475
1.1158917710859309
0.10312309644025604
1.856096552465245
0.994061000055393
0.8731079063229836
0.45109653142601
0.9091231960410846
0.8453901751965066
0.7899973980858933
2.0691782143060453
0.7535841382209175
0.44727909282756095
1.5509732607423816
0.9841270603231637
0.5060249276172744
1.9342573156997716
0.8319555940477583
0.5452139820285269
0.8565315890758924
1.3576067641974796
1.0953088643627515
1.2360027295540452
0.7699780978834236
0.46434298577434074
1.6143873314216561
1.0018366471779503
0.5703848044487051
0.7854170869186378
2.255609971493624
0.12095995450641786
1.4630826033651694
1.2681378964771928
0.42806413486134987
0.1983732198978259
0.7046505459495552
2.329641119725169
0.4147859009125952
0.9606537123608532
1.2391915669469105
0.9428703158883055
0.9891535313563682
1.5394397964065887
0.5099388395055228
0.6250896656159985
2.2609236050150203
0.18399108462075378
0.7133611192332177
0.9124542305636326
1.7371733350863532
1.3548320523134392
0.08017224288362407
1.348073707668172
0.21885431437940625
2.4213768918087917
0.3382439767562125
0.26550236034740243
3.0635330714007716
0.48249501541037987
0.3145122930391234
0.7942801099047919
2.405159715896032
0.5572291965654176
0.420058588682306
2.4629865570569973
0.18980814601596702
1.0148138148475219
0.987002623224395
1.382740934786914
0.5456516539460956
0.6186202902199175
1.5365463764500071
1.2858724876391758
0.9252564512599418
0.4504643374207277
1.0327002610986968
1.2724481843742297
0.8585961072727114
1.5703851451245647
0.9532778150404653
0.38974443220753874
0.4587210109888348
1.857086942765619
0.9806117884547859
1.1411320088030967
1.0744238225732192
0.7349434931019795
0.49644629009575464
0.9975348892412897
1.5821611396917084
0.8223735784122118
0.7901558468258182
0.7713954870143969
0.4885608295404765
1.813171284933091
1.7348210594331912
0.6390466988863305
0.13924795203621615
0.6958203740292657
2.6067615647520817
0.9270686040619768
0.14767567132302184
1.2222971656405708
1.368221739634609
0.8280860860038922
0.3306505837768632
2.3143219413219387
0.7435267199067874
0.8884024205728599
0.5162527163104227
0.7312928618141421
1.5050391562697552
0.7925595135183259
1.0488423870588162
1.5932163538046633
0.36660544034965786
1.1622232812064877
1.3816538121412936
0.4552522582066856
1.59410064165713
0.5118285913452866
0.7544238507731005
0.7350117017664052
1.872098121858826
0.8189686193341524
1.0214131179681987
0.9307433902130714
0.8810847912012331
0.801319100510333
0.895198443430589
0.9863520628304436
0.7352909848329824
1.723568277914824
1.0815953619603083
0.5042690236188279
0.48123880945612896
1.4769799562024122
1.1323158345476425
1.123978140180509
0.8773861196218108
0.5913527904750777
1.217012373794782
1.5676308036285154
0.6450564805718232
1.2624024845026383
0.43331918828749927
0.7669196121285138
1.9092612180888593
1.3886906888943074
0.3420619959931531
0.24488202351456587
2.3939261520157467
0.9275159449080423
0.3037094947075347
1.1343672574587167
2.197724287063843
0.048496540030350296
1.6518920375993198
0.638688919405021
0.5302203383319908
1.3686059359609453
0.198179665232116
1.8005721871288634
0.4991892750665948
0.762249004528203
1.4507959550987963
1.087813949001407
1.122756771387516
0.45018037551252654
1.7360081965635779
0.5365982135429239
0.9351262553930547
0.5365998816415071
1.6180286524856515
1.004446162919292
0.842593450148377
0.6171432426612559
1.5545639036094028
0.6040012380023704
1.4643128945740176
0.2626750972316625
1.9676935437104135
0.07669974006977695
0.8688122640685183
0.4406237662877773
0.9496451713797154
0.48682425425810694
0.9793214289507626
1.476251973877018
1.46256583938637
0.39996197466431777
1.4225444973610062
1.1050735182736444
0.44902996353022595
0.11118445640151427
2.73107715446802
0.6707652822821577
0.6116589351769888
1.850601003916286
0.15033777005790944
1.3730399089889482
1.514221239749078
0.21024414982949693
1.810912644415535
0.521374508419211
0.8858383211238043
1.1193686018345073
0.7322251886655032
1.7079375409505777
0.6111051916983521
1.299331385474177
0.6158015330870793
0.2373854956504826
0.3135922391634722
2.560564613642287
0.6946675964006426
0.9680730224262073
1.1402379428791178
0.7260730326888724
0.7874033876305536
0.9369213460346484
0.45331589904562275
2.2231464139817225
1.2806835361127937
0.23184554908398872
0.5077489736480113
1.9960980478579293
0.5422764353941101
0.9075881566623734
1.6524551673166898
1.1571361523538057
0.3393238242450691
0.7812722435047761
1.822054024394795
0.9915784813236104
1.3865168514584107
0.1306825542809822
0.15615918487739422
1.8874301303806817
0.8841466564904493
0.7829876246748068
0.9792943529270934
1.030641255098837
1.062084686066657
1.0862608583623024
0.9344678530987808
1.2533366765554501
1.1308628969339192
0.3372835973090971
1.4261426718599843
0.3509576294227342
2.054606763744047
0.65803202390896
0.5447881967048446
1.5357766426304986
0.22522727947378135
0.7665288213846003
2.230526781252617
0.6813463182789804
0.5795966424124239
1.0462534221473734
2.165128036937605
0.23719750099648151
0.9336694238586989
0.06976289185835582
2.20356858017873
1.2007480457065725
0.4540191065020174
0.13335068356812502
2.634037183966151
0.5845888345509462
0.9658964558193135
0.8836479685123778
0.3008803672823623
1.3089842282661912
1.531575162290269
1.2143701531718922
0.15269122069790134
1.3968050887149497
1.3944827111059872
0.8664486044566557
0.8638647739971737
1.2509922243473655
0.32520655758002937
0.8888392968424665
2.7020401654302177
0.38278348446423016
0.27085458535542245
1.1798451252810542
2.8324975890649244
0.23005114018143183
0.2630007066521161
0.8173227880729571
0.999944945279449
2.349787195551101
0.3511048904114386
0.8125501022511594
0.7959617577801186
0.7281223785209096
1.1724455308740094
1.184062298735213
1.2175563808872183
0.8495991450248979
1.2643468222364076
0.12666774642734493
0.90024354377703
2.0662529134157306
0.4993089379917458
0.7842489957966501
2.3028484127720046
0.5987866722339032
0.45160118400003924
1.1665215663100672
0.6297167471199762
1.5561348349712654
1.0121352454216173
0.930013428787421
0.093356282671625
1.9033679474300982
0.09500678067562562
1.360998476653301
1.1584731270263227
0.7010940106297724
2.03946874615594
0.40361555534247384
0.5459871884511024
2.270561897141295
0.3816649912512041
0.48479028954185927
1.3432730201538863
1.4191813179420474
1.119537657361957
0.2878228119712527
1.1899236624375744
1.9325151640067446
0.7705116392401943
0.5790578546970085
1.2338699602200427
0.324149499430301
1.2647209499243885
1.0117683054688764
1.1586957843417915
0.6816154562784341
1.8387561538427393
0.50384959203345
0.39901167041135144
1.1484391911571963
1.6370644747198473
1.347373400508905
0.583199755977376
0.1664721126654815
1.1643506734019669
2.0210836241375554
0.6083548869734237
0.569335292400334
1.8371561839675974
1.3948017993089248
0.11334270303526998
1.7453831311297772
0.48034519281468435
0.6909832821020754
0.30361008328127936
3.160937965006172
0.16366963835267773
0.15147592787514225
2.864033597012305
0.765923329661654
0.5177525130351787
1.2831028098125052
0.33915062958025266
2.476475688557618
0.33890745957709617
0.48281736492025823
1.3043114996117302
1.6597131227095747
0.2879984563951218
0.8457634178198754
0.7374695691666034
1.4738897564678173
0.42389194511500833
2.096493530189967
0.8122963318751265
0.2058988755324429
1.224937021429517
1.614392326217461
1.0475048781426346
0.32502075829433885
1.2701450772259315
0.3048225965652652
1.5319653550886532
2.04457078410878
0.40275747169566184
0.5231387697782868
0.9469342605596318
0.6330870605911852
1.9902776886409272
1.012468175727776
0.24650351249186453
1.7378648733095121
0.6181889108160762
1.181356348179149
0.9073464905143753
0.941290627996356
0.42200270733824674
2.2396709708998075
0.7522003317494169
0.6884814576455278
0.14846879776590347
1.2859418719443976
0.8131357275462336
1.872053726288738
0.6181845050710949
1.0069526543238143
0.056263183462704265
0.8383929039967816
2.59164927354164
0.5419973958179997
0.3176583056940155
1.8336119944859228
1.24648750933349
0.6525831716272141
1.2314853722103563
0.6339025946354075
1.110914495462613
1.0916053829630876
1.2931909478413024
0.6712599051651199
1.2453452992935905
1.1730481487045066
0.18959246619353864
1.1805194876449088
0.7359596925928464
0.13426358189827262
2.4003264920258682
1.434858494967817
0.3339934652083778
1.1659803534664845
1.3308847297801303
0.4727458418312026
0.6434762865914958
1.8245563830964453
0.5267479684151524
0.8942758749809746
1.114270973557632
1.000763206253768
1.715900279880719
0.6898263458747773
0.5368544541341217
0.46213303915074755
2.460847292319896
0.40229046067266344
0.6223358404725111
0.5385632758882339
2.172788762214058
0.8877177339467299
0.46010284987922784
2.2892238408375194
0.1827790129329236
0.5693015094894701
1.4686253614990248
0.881093290493714
0.42896677518649895
1.8765202160982406
1.092665094753354
0.4538716308256648
1.7353093689381633
1.053871951048274
0.31400460493787397
1.080073926805909
1.2980151107092004
1.329663087663425
0.2294109005447827
1.3785896771896824
1.528526795592991
0.8028165933117738
0.7135399410251443
1.4257000553148258
0.5115332433364695
0.8299785972833077
0.9948297606699333
1.7032594819379154
1.0560296673243612
0.5290302016605418
0.9520163172410057
1.5051850478760587
0.4526408724537826
0.29563782328915733
2.438525172238852
0.5755266566249477
1.152335034732482
0.23247767310487719
0.9511096328042347
2.1727289985246143
0.5141496394868824
0.8297689123283072
1.3372143459449901
0.7627105634537612
1.6786856092323257
0.8223840488492974
0.16993728604190955
0.40523583504856575
1.6443483026486352
0.2830253247617854
2.2096008580033852
1.0301074971386024
0.14922538418404108
1.1021947488126917
1.4707990214828812
0.7821933443094038
1.1035280329651032
1.9868861825382371
0.03754411394874
0.5203358780494618
1.7807543772415853
1.7889250781132018
0.3741985851076679
0.3861512018300892
0.6583144309022426
1.4107692158639662
1.6273168308231205
1.17441829039753
0.23777247673451876
0.45506571155677494
2.9509909407859247
0.6933192218063108
0.2818785917275722
2.372020436338043
0.028046783417952244
0.3305256512814427
2.4725088920393787
1.1901782824074503
0.5847325517221517
0.8595559163794804
1.2523604555834895
0.4897094083338143
1.590943644226609
1.3414626486838435
0.5182360379322061
0.6901382427594317
0.30672217267937363
1.3564766432986346
0.35188388513046986
2.284345450999075
0.38004648818827746
1.0943303999986065
0.390618142296952
0.7623544866125707
1.7039559446822932
1.4629330019409565
0.5028742598437492
0.784654822538618
0.40186019943613505
1.0308603885342873
0.8730674765612586
1.7852122624997129
0.22144424721435255
1.3567606212746028
2.509710753519108
0.014813298669429174
0.16614916743655112
1.6897939486850861
2.184043752253198
0.5874157973127815
0.08642566111137452
2.092100135450699
0.7751537876940615
0.7331951539156762
2.116331389594477
0.5860826818383286
0.24957339401922055
0.6093588553302863
3.336070775661335
0.3743852925948163
0.1317225662290671
2.6154227152733696
0.6707767884287468
0.336496483645224
2.1366426150702322
0.1057817881062619
1.597604548492907
1.401288382534092
0.5413083398504271
0.3786116103581783
1.2491041111060792
1.5776423153133476
0.967124158488354
0.35288753492788055
1.2230700981233844
0.4761605617982652
1.9531642306890489
0.9212476442527067
0.778209466986207
0.37582103607047307
1.6900839433880053
1.0267147689520222
0.3439217487140628
1.3450576144508435
2.2325791335282554
0.26139164138508614
0.5086073962840099
0.9019415788618317
2.0874625963348445
0.3277460588819668
1.2185828160687484
0.21949490608932562
1.4531696834039434
0.8552403687289375
1.3483252465863778
1.2533059936417426
0.47348157663633705
0.60729531418351
1.1860349500876226
1.636411579512212
0.8137308069244387
0.7367759773749023
0.7615610514032045
0.3147710881047648
2.2443740003527806
0.4101233504903899
1.1422779919892718
1.1477859534330797
0.45991801584346753
2.3528256630884044
0.07246780647251719
0.5005361735611664
2.178954454410645
0.8298199367756972
0.9804062455230101
0.4225598803663262
1.061057401617639
2.386314180298544
0.4084089630895944
0.36154751831359017
1.076001675191916
2.3515535657781332
0.6955421228661572
0.19890639978408384
1.3931028462821287
1.1698235020198473
0.6820877612227979
1.063081285193113
1.6029459189737763
0.29874778825379106
1.8060171414930288
0.7355293509561214
0.6877875685431947
0.5437798658907245
0.6492167167801455
0.9965272652677211
2.05435939559941
0.22781134735187328
1.2986812277598856
0.9293667692497332
1.0826814872804436
0.7144946212454601
0.927983125638307
0.8075449522168157
1.4955573400575783
0.7112412681419118
0.9408483698419058
1.518044238568112
0.806229799502844
1.1520952702076326
0.963731312137885
0.411316388601864
0.508208185921897
2.129876075239311
0.06851222994744666
1.6450958862630187
0.5355489393555091
1.211039936855547
1.0637237811964846
0.6921209625386701
0.7049483419215793
1.7602235450060852
0.5709202159316069
0.8887187352819634
1.4171237241342185
1.3407077372611005
0.4406440563523946
0.7296721632474875
2.010202127776511
0.6066391161375246
1.2236570109678968
0.013810951615435576
1.1073696875816073
1.5159326498625927
0.8075004410700864
0.8806586039759807
1.1133313042047213
1.8309723595947434
0.5421024774700735
0.3730518549542585
0.606892649285536
2.4094689109238003
0.44562264420362585
0.7764723451069202
1.2322901566779216
0.6119462011271212
1.2698464709495316
0.849550098227507
1.116679433146277
1.1850998803992754
1.115881792129015
0.2827132449067972
2.015378130705037
1.1192553414329498
0.5105313372276817
0.05053789077986835
1.2351899564729691
2.4802129208700228
0.020714170061894535
1.1800068502164036
1.045546256284903
1.0070788566501863
0.5200369900241666
1.9449491859688945
0.6919465725325454
0.7795869424564379
1.0457655558442216
0.5884144955807243
1.8659215734583328
0.35042721101347346
0.9200015660411954
0.6703834202887445
1.0793702401908747
2.119309992207743
0.9697818617710774
0.06627874443057587
0.8077258598816731
0.5114111074729882
0.9685747718467161
1.3880539705984263
1.4439672046925114
0.6825375123440093
1.0605248475853195
0.9822436474886259
0.5256601305278001
0.9933788575220625
1.62039714611287
0.9908571582393225
0.7565313812085435
1.1968296168575914
0.718061676777323
1.1569269132524462
1.0592315571750162
0.0488190078891456
2.00623610428169
1.4283757594834672
0.5817186672616165
0.668297793948954
0.8333970813230582
1.5372677226599418
0.5024042634411886
1.8920380517877526
0.36936511940830713
0.4100864752185612
3.097846691498838
0.003942739400274192
0.9611562902374109
0.7006478799823038
0.2623254028496409
1.5268581684334326
1.7518946345075277
0.6805097606692436
1.18829690840208
0.2733953968629799
0.6855751633408038
1.46329055446424
2.3458479687612837
0.16245848492396356
0.0031103360829137492
1.3704724915997535
2.24386313097713
0.6609171990713791
0.5566676529304913
1.3560332722210902
0.8826677162895913
0.7576809152470944
1.6857982610094582
0.39755952372123887
1.2274574347007678
1.5215088214859787
0.6010934260052951
1.3592428653287987
0.3372078312110817
0.595836249979085
0.44591450259734405
2.2848319715178884
0.8308055015470617
0.7200410821262503
1.257866919715447
0.19113127272718253
1.5290881937522465
1.8657645670623373
0.7962270413544102
0.32280851075807115
0.38662475561705895
1.865500600260242
0.6491937922166664
0.7271043773806771
1.6938946527085204
1.1078477026904219
0.5922366053640948
1.2168734158251373
1.165298221273661
1.0765883058213122
0.0783919485800476
1.498448623270191
0.766975354173326
1.7192126960065746
0.27140084135395515
0.9952370142324423
1.540845665885373
0.5354925490051422
1.2677075988083446
1.6365715428961831
0.5401833069648423
0.7806655436420772
0.0891170472326618
0.7044246856196632
1.178048280801831
1.5441620830376572
1.4028029014322534
0.26129592374411775
0.7679403011462558
1.7064231221376278
1.6705338902939704
0.18316407351675043
0.6967042575196289
1.2133437019259703
1.165117256346062
1.6232715811498117
0.33936134727783773
0.9652094030391024
0.17707969218906935
0.9388122375904268
1.2474456555924003
1.8934439245317127
0.6280331546019493
0.596915572665553
0.5741121787399525
2.0935320561461452
0.3874310392772447
0.46365597796787966
2.9786462720598714
0.5380417821076163
0.1942535909350546
1.8453529512240097
1.7310421590820675
0.23362387105288776
0.796931016151742
2.065912707000882
0.7406538105778042
0.6116475982476605
0.5785343713279796
1.9403857313566901
1.5672143416105753
0.16570949347356712
0.5828730943883598
2.2285151957045097
0.9426476433904174
0.26461330116416637
2.4972332209273858
0.5709126995438656
0.18587594648009143
1.3994751038298185
1.3577458410401793
0.7861271390348193
1.4211526397400276
0.5898649633460766
0.9764620635097242
0.7232671295553593
1.7088043428419262
0.31741618280144607
1.0193840467408182
0.7978260000830893
1.3311389950879926
1.8528096599175032
0.13523270460347786
0.9199890249584369
0.5731387182773761
1.5930996920285088
0.5342297222997752
1.43690651546289
0.9484733612696196
0.46565583211508144
1.5606688343913182
0.857564057375228
1.3065545431802952
0.4062259810571694
1.6545486031534409
0.6908936287968519
0.2860192946800541
1.1475901027241133
0.5040475434238754
1.2786457486481086
2.0085331575888756
0.9298023257966791
0.14400548738071353
1.1361883312159673
0.8910103603446345
0.6387885076923431
1.7555006014739305
1.192237591410437
0.28687111515241004
1.0564109754400686
1.8446666315837972
1.016788603749479
0.1757393988127992
1.2695912405725889
2.545663281177815
0.5587009732176468
0.09046136517160973
1.0938362477019803
0.6552074374213998
1.014872906908524
1.4734847457022326
1.0583441313513589
0.47804895188536634
0.8771445511724382
0.9021003309756173
2.24098792669343
0.6836868221471513
0.3463830229851695
1.9087745075547684
0.8801878483610149
0.11026003360757722
0.0702280533988528
3.1588945960589183
0.4336793156314205
0.9817696602725945
0.6740158729602159
0.3854422140788097
2.262131824487308
0.5387795068491877
0.9072547870824275
1.8855010421624077
0.04321688016963261
1.0690380016783116
0.8703723834196706
1.3768360518184364
1.9488405065819727
0.052202998382347945
0.47068669673026425
1.872824816768308
0.3466976841607204
1.2778572903862118
1.3887976665388144
1.3806043675337862
0.0856814141589747
0.6987667088344026
1.272088344146199
2.0217326140789234
0.731481572124627
0.3859846223104883
0.09376552790604141
1.489788365597473
1.0073244783601536
1.7119391335538419
0.8994578671034927
0.5504819480242339
0.6297115189266314
0.7055759690865651
0.2185855068472786
2.3149945302994364
0.5447055545633704
0.933202528650297
0.5639578897772735
1.7314300971273826
0.8672248653416096
1.0479657119989474
0.46359949526234767
1.1609787332577066
1.657932631338896
1.1879306522969253
0.2661671587133972
0.20872375511843258
1.1038309152209012
0.2493936981873655
2.391218677067899
0.8577362281406544
0.7069481966841783
1.0635165989623483
0.5916879759033784
1.0475317971414968
1.981989200899428
0.29109708299452103
0.8071535424621608
1.962224750439786
0.13892293938261632
0.8915418832650017
1.6952766359566709
1.3081580547521556
0.48145134577692805
1.3868444531647806
0.7761363949366309
0.572511993943692
1.2769810863493298
0.30962818366540734
2.6329725608749928
0.3269687244162644
0.2874986474314746
1.7192377882613057
0.8574882608572519
0.9519559419576535
0.16544952742554522
2.374380139960787
0.8438032673622493
0.6427201444490287
0.7397564618475461
0.9682692630875209
2.116775012515563
0.7842478908924695
0.2708048062899537
0.7156728560682678
0.7254294508468733
0.9264924715621079
1.1980959088088146
1.7057822075988063
0.4560669945526496
0.7636213998228383
0.5141046838374856
2.068752763480761
0.859594238126031
1.0123115958892774
0.3294261930416781
0.8821054563596075
1.2023089677065304
1.6112655175947288
0.2967030192701104
1.7465605389931296
0.20713383658622286
0.8020061310287357
1.6090465299942933
0.6507112903891267
0.8349165730779563
1.8461746089181739
0.8659438354671914
0.21333217636076757
1.3976463449740075
1.2174777298767292
1.2467283621949448
1.0119827157210923
0.5233131505444012
1.0911125736544378
1.315939822920668
0.23135340710590796
1.506236637855464
1.0126344741109792
1.1748491183337582
1.3069317363478483
0.3873857580692733
0.800848912083217
1.5781214140037938
0.2880400084147827
0.821850224145917
1.7546999382504271
1.5871957852126932
0.31082124318294346
0.5828529549135995
1.9836224388474255
1.1484303500865338
0.5355417061368359
1.663189817416452
0.34235065408611565
0.1574193204649453
0.562362521049913
1.1436865465804078
1.5289458187227511
0.6692254077427212
1.4956029766421806
0.7110018010284105
0.9703493985581477
0.5600718393233839
1.213344141388921
1.548728398653345
0.9732615656241926
0.2787287228483975
1.5042794116444214
2.0654021372843956
0.026655160391053107
0.7602213616387822
0.3767376512206449
1.961102661183724
0.08808266767239355
1.5186855929921454
1.8415318096856892
0.11119896114384892
1.5169524077374819
1.2608369327861086
0.6574730812267113
0.3932507821120333
0.6953999364548787
1.8586679092131262
0.9030543773499514
0.5653737198672754
1.9488029452705797
0.8653554825669907
0.5702311545647808
0.5729933464805252
1.3352944810361203
0.9339097376073534
1.2266560180640447
1.503868746889591
0.16660337401952358
1.5104566111111553
0.09353108611763684
1.5611275046555149
0.47039633882575493
0.486450802236909
2.220086963727497
1.487082109630066
0.13037381120591635
1.0111330558371865
1.7070482104834934
1.1929417769622508
0.08231519949353423
1.5267361796996637
0.5815865884607416
0.9045355878704382
0.8921744358267715
0.4946017652922268
1.9371805543482954
1.3311210687706465
0.4919375867757649
1.087966381767423
1.1050853280220088
0.6775197680176674
1.136607355270058
1.3303108020296908
0.5553441706749496
0.624996190647739
1.2788275832895228
1.0349962505926955
1.0011407104568408
1.3491528504409938
0.004415241962905697
2.305854192892802
1.1263316286910978
0.23652392777465306
1.306602095819617
1.3078920696612855
0.7509462988648066
0.6112509418414831
0.21519627163322122
2.2884765121741024
0.41930808234559797
1.0858277183288203
0.4940298420611136
2.185214935996105
0.7255105489550724
0.24932698673063672
1.4570781538216588
1.7487422126467218
0.5460189770380393
1.0146012932150885
0.46689972129703344
0.11741578299022445
1.355036728110928
1.7385234527508528
0.9853834415873751
1.076913066021768
0.9759398475718895
0.2073329167979012
0.38452662875277116
1.8939493538438856
1.1265246493951242
0.2084487696346815
1.761014386802892
0.3708230678045119
1.3853032156236738
1.4849960014284853
0.15990379729099932
2.200645792680863
0.18966966815344927
0.8173555886887912
1.0377869830726274
0.6153725777688591
0.2553351144289604
3.2727666270576248
0.534112633117682
0.1212270130509197
1.1109686034500468
1.266605352801705
2.039556897064509
0.1435815155035359
0.8877648895552278
1.7198624708065005
0.04327314851175717
0.6486846302082739
1.3636348521825228
1.652586791700284
0.38047504274966404
1.3928049755459537
0.7820282472708867
0.7579155742997531
2.510817690840907
0.3108567486143294
0.05232333016884845
2.499983073293745
0.23137055033007117
0.7932805428895783
0.356355445137977
2.2007494161616883
1.1822508757853996
0.7168572756635483
0.5966026230651823
0.38201448182638453
2.192837460913789
0.8782074490928102
0.23732774712636592
1.9646769007087292
1.5983758753639528
0.3252531040241128
0.1738581499384596
1.824225238130713
2.5486702082556456
0.12043405524361257
0.3072970654632437
0.3907047060163843
1.8285748456047464
1.3102799610784166
1.014175426464569
0.10583591426324143
1.6228163289623307
0.2771669124357441
1.4096549413364488
2.1027272310301424
0.5014456158988132
0.3628378261886728
0.9477113362465894
1.3394378615505411
0.10828738706432435
0.9785332607883863
2.1643352631113064
1.1589139020568522
0.5254066234015734
0.30561234908466445
1.3104770590380244
1.563287054833499
0.7978490178462728
0.9669814180519677
1.2904695410798395
0.7492909360799727
0.12019014731902615
1.891908678116324
2.025765913116463
0.3300126690204585
0.6252887307591243
0.5562549241247522
2.347469335982279
0.056003602609470446
0.7383520134538974
1.5649705870814936
1.1078727632835876
0.45669181743667464
1.6941545116490793
0.4887188196658738
1.7797690811134066
0.28310491256526815
0.640017991919296
0.39400719377045273
1.3277166779642688
2.0928877657455374
0.28656074825884986
1.0163242277017728
0.4042924737779871
1.6970668220513148
1.0439941846146907
0.8165640983333763
1.1028785179483802
1.039827631661973
0.4441223671160035
0.4920412338982643
2.2291715398475653
1.7092218626034523
0.21810662065765268
0.12378078182112352
1.6601375601702748
1.674134465126899
0.1440754048334418
1.7319831091146627
1.133883655551021
0.5635553535973405
0.5629265244751216
1.7950672312376714
1.7110882278838788
0.37204973084939075
0.48851382593959625
0.11806593079103074
1.7954012206183236
0.9851006989050262
1.2442421311937393
0.8786470007285833
0.31817102764713134
2.034678540131618
1.0050499943238789
1.0103791139819003
0.15193433399510886
0.6087486601308426
1.2070187415672298
1.1670638749155209
1.3465506469192081
1.3066895429310021
0.2873440302600719
0.8003589061314116
1.1747713152513863
0.8125716666905861
1.8912148112882308
0.5167323532571362
0.4451171867138938
0.5287411630581809
3.064326645701237
0.6837560105848135
0.22556894642002737
0.39862644712352224
0.8904914574401035
0.6594104917562746
2.5925757467156054
0.5914034425895497
0.22639796546896634
2.0892581029047905
1.2523511692118134
0.24573175663991434
1.6792439842748612
0.9083674308876377
0.16693586813462782
0.7952025940494267
3.83030401969492
0.0030782568835163076
0.08924272805471184
1.2394230539310116
0.9334393493687542
0.6224426512328752
2.6975973352790388
0.22233278545477825
0.33650281965452045
2.881511403876647
0.8563513562602174
0.23510183567289125
1.5047665010644982
0.023963231417412245
1.0243068335895478
3.242811193937528
0.08255747383920944
0.6286657282241355
0.4999285251143305
0.3746999420407431
1.4548250375985163
2.5273662683385387
0.04066436910500812
0.5006774979917142
3.1200978863527973
0.3556764151058696
0.7754406074088744
0.6561417861146938
0.12210929072763999
1.3392993225871757
2.7119356711688996
0.14170817990257145
0.7772153478095376
0.5859819593781876
1.3161149065448112
1.9411991450651038
0.25509893525247174
0.5419710126585149
1.9214772718896311
1.2895828903393012
1.0785873360462486
0.05059157174658469
0.12651952942999276
1.6926433862448653
2.57033515785036
0.2457102275601657
0.4179848254331552
1.1995567140553283
1.4473238047028498
1.32057323094646
0.3450583170591841
0.5699137513521148
2.6561882275986015
1.1139757218356394
0.1344325509526058
0.09994385797176243
2.010808798136868
2.277992306184747
0.1961403150403336
0.3947989205854424
1.509865135551031
1.5763239242017568
0.9509680144066631
0.46329502897916347
0.6910220326884048
1.7457342821763644
1.9510135527119188
0.07699857503065675
0.12466596430112106
1.9506774285898867
1.898977785186743
0.3981556258378074
0.6559155097447877
2.0337043466151843
0.8925970719264947
0.5872499431521245
0.7916438791935527
0.24797206598320948
3.5609777258521182
0.07130175993117618
0.0053150668992921705
2.193020619812099
2.097616392609214
0.3924604077845736
0.09115383278319303
2.6349021435849798
1.0401154099533916
0.35184626078280523
0.7953079633553684
2.6600032537591383
0.5530916395990659
0.04790695793994021
2.045993286514972
1.3559269983151314
0.5681157569694442
0.574940144411966
1.8553924533015969
1.3270474759984867
0.40145742082244906
0.6873468363558655
1.6203599545471021
1.4526868296963795
0.06623546445141687
1.2655911669059736
1.9196682020627562
0.42056571638760826
0.9607679217770176
2.0542045171385417
0.5130891513332273
0.4559379066978955
0.2632556323613682
3.0023842577053275
0.05100448777636961
0.7268965193119405
2.8423449121160855
0.33623537266421805
0.2869815106786668
3.2617240545344757
0.32924393699553334
0.13788289220191635
3.7951971276488496
0.017262982672074954
0.2495935081671049
3.683145953130805
0.2706469666500583
0.18147414291420683
3.7185783653763584
0.13261031035526685
0.2429359598570472
3.516207737021247
0.3099101559338948
0.1341612519278787
2.3428372310470076
0.06417728316639121
2.0338458843047063
0.3756738194964133
0.45832674848237515
1.6521280425211866
1.041650794671453
0.32789724184474117
1.8977596241017063
0.38837174725902435
1.4512990945930808
0.822202056778161
0.5587869938169677
1.648724912190833
0.5413022285936039
1.3938458148336517
0.7923398333861769
0.7334716936132398
1.4288019957488995
0.7386581471896707
1.2381407508986901
0.8513608644587563
0.6804036011163236
1.059182575260787
1.7032167389610746
0.7791935708855585
0.7812028259782442
1.2254146209676466
0.13058127808989564
1.4492644613915022
1.711212247016208
0.9282972732091164
0.18923680463392795
1.2532267427134762
1.3832479672558102
1.2016739168187993
0.9006122599339815
0.28658387731105167
1.3940724529339836
1.1408837323429886
0.8099216748382813
1.236986041441373
1.0872067662317682
0.8348670965416093
0.6754082968520158
1.5955587087186796
0.7346040648047645
0.5990067640097215
2.154127502672485
0.5737100033274809
0.4403076482233678
1.6091604799048325
0.4580150957325587
