0.8625041176577786
0.8181385436702293
0.9575841852817967
1.0683999238947737
1.2519391015900325
1.1383611409277192
0.04826729924324094
1.3330078819315778
1.6563125804029644
1.1078498848344747
0.14890615725619416
1.5760412290758683
0.10205026303305247
1.7058719716207802
1.3825945343234203
0.24112360666897314
1.6547174239163183
0.065659161501086
1.6242120230145458
0.3247985809476345
1.3153865019255204
0.49243964557026737
1.6428482534302502
0.013652144779418441
1.7113095156228209
0.3217047406483078
1.7670214979458283
0.22937663333733344
0.4517971308852348
2.1133420280553876
0.1003659690021126
1.7513983731994391
0.28398802085262204
1.6270704307324362
0.4198319006725188
0.48248372150359
2.983699779233816
0.2356777524529759
0.21358920253417205
2.568112625152016
0.24688754324554824
1.4744858775762333
0.6080734947614076
0.5117855275847347
2.7518828344636317
0.18473985011904226
0.343897676857096
3.2126732030716525
0.4424206464011152
0.22547290022117591
2.113455673427599
0.8103072705092562
0.5523388114087159
2.51528510201482
0.12031358887640599
0.4755783626807678
3.069821053706506
0.5311341657804425
0.2009154145547753
2.133845638719091
1.3393746149459138
0.21259166951366587
0.819983589243798
2.8220227712178025
0.059609163496098024
0.6213098126579978
2.882879887081839
0.6454895565059175
0.1695639838750377
1.7347216989799907
1.5746828145574754
0.2823183500319954
0.8715998567479029
3.2205245050540534
0.0080353518249871
0.09848364985547106
1.0948963641983498
2.6491815225005086
0.8093187134821944
0.13909002998958966
1.314833040213525
1.790529098519348
0.3714783408983159
0.9332340291863969
2.9472781332353257
0.057030777103640386
0.057314003144684524
1.4526483859172614
2.4160277369009657
0.6941524273293352
0.5224123086588479
0.17831716925482435
1.0341952474709257
1.9774241753572737
0.48057490351834375
1.023239096308389
2.625219627083429
0.08044683114768893
0.021483141829609018
1.812631380876342
2.025931930128992
0.6489423110130913
0.9044143537877708
0.13625748055558617
0.55207158688128
3.0341870874577825
0.5206633296573562
0.4764215651876853
0.6809551166684387
1.1616183454906657
2.7601582675714256
0.01305033916956471
0.08264354894928873
2.213828588087341
1.5638213661342693
0.6143811197971416
1.4643281997323478
0.06830653259033855
0.04490041014884308
3.2672726474115827
1.3583745138802459
0.07227758633522373
0.4368794666256336
1.9514337493801006
2.217427969096712
0.12349586928379545
0.07297846512297496
2.6118668665194873
0.46419436661386865
1.1755659716587818
1.0041159437160536
1.464400049326633
0.12396885398412973
0.5487671811577428
0.158922003512868
2.4661496100621583
1.7262550574892184
0.19622598960221294
0.13561084865158382
2.7517180075424994
1.4202897398071692
0.27375279119753154
0.07265147873047173
2.5510091745546037
1.0708267062165422
0.6262466975951474
0.8688426183213114
1.4192169669762658
1.6154714329018331
0.09036370114090703
0.3071953476590182
2.0117357715733184
0.3277327328583313
2.2326375474965565
0.06925543348702563
0.2693853570800407
3.7227400126750507
0.2512569359958096
0.37685580077147957
0.37423239419948323
2.3333675091015165
1.3378338324518095
0.5577663163679762
0.20248015788297807
0.984058294220367
1.4615858457977444
1.8832147174698695
0.236685265741896
0.6362906945215991
1.8131695148569518
0.12170053744354858
1.4010705223785862
0.9136481148327895
0.2221274276444533
2.95648231596112
0.7079029860311892
0.2561251347699238
0.6923074023138482
0.7147471470050777
1.4410509846203234
1.6162200539403877
0.9737597420275015
0.4451827817065979
0.2529251826153476
1.5573658570785869
2.2843273229730667
0.0918396856868954
0.9976837660486586
1.6662907375842624
0.296904857136131
0.45984926889993827
1.541485007024212
0.2633741560472525
2.0044917599202705
0.9112036762280629
1.154325317278972
0.34676664931164947
0.337821226297219
0.16042195723946032
1.3634870890529176
1.207644066330823
1.9051042942207455
0.47717443814404814
0.3660316864309257
1.0567509223436005
0.8866473969481997
1.0397627509716443
0.44578830559659544
2.1263835835475113
0.8190557783387897
0.5984436588600454
1.03163195498227
0.8640032497480025
0.40840404902558425
1.666904722177119
1.2883118505326803
1.296931735314075
0.5854022905703588
0.0872758161307719
1.801812115458822
1.3792396049544864
0.16103320412054611
0.40342571529783294
2.9530561366802095
1.2400264821301703
0.1180588303156629
0.3551276727255164
1.7483026700259154
0.354330761297379
2.0673649571904815
0.5615591284022782
0.6719877346873121
0.9147395626662573
1.8861618322962355
0.6932366578666624
0.02977840116982982
1.5034825858450485
1.7302563047664516
1.117793812069453
0.26804002742082117
1.622035728755492
0.8780264436668745
1.02138146978541
0.01709222916133212
0.8854246767490015
1.5856901852696403
0.9523403937427404
0.8127556758948624
0.9375039374579164
0.614877813906898
1.1504265177711186
1.767597026255599
0.03362785538323354
1.7367301980399161
1.0006325713552309
1.1753469650811676
0.2053120253604155
0.6694948875895327
1.619463851754898
1.4919445205736972
0.32102449043047815
0.5208922755915119
2.5967829304324033
0.4883372021862207
0.9540013531994747
1.2207039738465328
0.7939315660175253
0.45954245395199617
1.6200839370323759
0.9642524468790395
0.6438161943678402
0.6553298884426054
0.5238287099958795
1.7809498797087462
1.0431467020604757
1.0077738463739818
0.6844077378490889
0.8546710923808308
1.155567226518679
1.9227277035004318
0.534123643230709
0.33726901552860444
1.4170863696931966
1.2145811878039934
0.7017458904351414
1.3075447068562855
0.9285424988107086
1.1647242806962073
0.6873789435433598
0.36086680792953485
1.9025873027295888
0.21217250484266853
2.266069235638143
0.30409147720067103
0.14990294109901636
2.5564301950138915
0.6460505395738637
0.5163282354344758
0.2581229839618121
2.548154407860822
1.1869305827533105
0.6756280684400722
0.15844139343044458
0.4394725152082262
0.3914365720371701
2.4601996414836713
0.7329081580241558
0.8087237413246292
1.0727337238777945
1.193588641071553
0.32750313120208563
1.8807662923941402
1.492268636876938
0.26132675458618226
0.30535852463776697
0.08449743355574735
3.2259595374888157
0.010007973967793798
1.049584898388747
1.0532557145089219
0.44050886201963757
1.8772221052010352
1.115662860430075
0.6200685692676041
0.8030672324403244
0.8744053515350794
2.194183750963049
0.10913797721246908
0.7980475845569519
1.1615747661626443
1.5785935405010432
0.6891887147993272
0.45452332134173695
1.1315935784080045
1.121994713813294
1.9262046273745992
0.14917281316360517
0.8472186125885093
0.19666419809401295
2.280546084776766
0.6932774914065304
1.1687297152555778
0.26216417085051164
0.4298354034890108
1.2114980008661789
1.2356839469263692
0.4683674804727534
1.1436775616928039
1.562302740967236
0.9864542806549392
1.1391645903057284
0.7830542470236798
0.05665304188517458
1.4142005701115523
3.0759112769982546
0.08482390250234853
0.010394253087817967
2.069140557557165
1.2279546917742417
1.2313170357396381
0.7353796559442795
0.3790859717705327
0.9593062445219782
1.3591171033347478
1.2096411058718173
0.6712141385951214
0.7526403935720379
1.8600450662304913
1.2504236449608637
0.4787998147198276
0.3271648581798639
1.2957248735530145
2.4580184280264326
0.19075626011144695
0.1350346988480292
1.5932016321640754
1.094063758117533
1.2082041877475618
0.8074034025062115
1.5773960968458252
0.07418281983406814
1.423401460051818
0.4612004212148279
0.8507580815592334
0.8146700029342904
1.3902974591227113
1.0236076468320399
1.1191584089017401
0.4723676806914536
1.9101846241437177
1.0357987187793025
0.24489259197336558
1.0555824704607835
1.0744162322507025
0.7997053462931167
1.9047778181571198
0.23911634814729346
0.9233254455734843
0.7900257375454164
1.0465623446039667
1.911677567815698
0.11901341779221722
1.4751546805037508
0.6483886460060073
0.9355852810614538
0.9347886451533126
1.1388435247091953
1.301101828216252
0.999031244961707
0.4280390594781808
1.394952356505415
0.12931150318468956
1.5058622509767883
1.238174488428593
0.7114392068251197
1.1814331411130319
0.6750289241729182
1.3086078632633857
0.9462119477905321
1.4032033338683256
0.3751174538516362
1.4850757477703633
0.5440179388423775
0.6189469473528817
1.941268911531053
0.6774169989082668
0.4883971421894993
1.2281371193254644
1.8320606619763398
0.5407408331948858
0.5903416535755882
1.9113088530523832
0.9685791633725213
0.3581164786809875
1.6629428851613597
1.638059595090318
0.33317264169820543
0.5853856476520021
1.5555128657557067
1.2333014164813056
0.9080714085627527
0.5116928375771046
0.31936028921130233
1.9770436605405242
1.48187234960579
0.5330602368831023
0.617255018184364
2.0296973343319697
1.2379253213331503
0.08690291334523884
0.8110011895485844
1.7597079156202173
1.6791817708521881
0.16594083844604016
1.2616257962332063
0.12135718224678313
0.4766754107290437
1.512403288020021
1.6547816500889163
0.12828576312152482
1.52889091791986
0.8906139058926704
1.1496892325658012
1.204151361603086
0.6591869999912092
0.6278039291766653
2.1624242433471763
0.8831161981487439
0.11958524524049222
0.7972603478372441
2.1305130605376053
0.7847967411360715
0.9009540058965592
0.8403710510316245
0.5906490320352447
2.138082885396779
0.3699375005950214
1.2488031743488412
0.9739666513588063
0.384125826372735
0.7307821291544652
0.633961566961597
2.0143766876175055
1.1741999626902586
0.6581682724542559
0.7718072380025442
1.0973838393326185
1.367841180791775
0.42247285999232626
0.20392135795899932
2.859303869295781
0.9708037843044607
0.0404871216949117
2.339761519911051
0.4231989961985691
1.0296390257600527
1.389595487379914
0.12572193341573695
1.0486144682250067
1.5255162279561845
1.2212872055443642
0.29531056073970063
1.6677177984414602
0.48402344922290147
1.1999581402748958
0.6366952537613663
1.6631467175672197
0.21173094248857013
1.07085151449789
1.1853198390160367
1.340513873236947
1.2117799754862044
0.03838821626683654
1.612956800902944
0.529443834811126
0.8714509995775048
1.4813344834477402
1.5706551908973638
0.4826264048461191
0.381057939253636
1.5001098169337899
1.1453827915859807
1.0533452102357128
0.7844213362151267
1.1870566453349154
0.5378235192274824
1.5424097709213005
0.8089319076544256
0.940224363344187
0.7062176046040448
1.1498850935479858
1.2066703769984615
0.8081863313526266
0.43906276750042406
1.91205969393096
0.9463573759199133
0.9787353191626108
0.2672985772718707
1.9558602434063757
0.5076879108389575
0.7964305333633762
0.6582192478346942
1.9269678171658782
1.3338389290151056
0.12762026385303635
1.4859152467526218
0.33535943534622353
0.300324515875628
1.863727147744977
2.1899663273749783
0.36688426948187824
0.32095027052439656
1.388654831068051
1.1989814650361528
0.9728524878026484
0.0675557126914512
1.3403870617079934
1.646346166886686
0.8708178773805256
0.42098309738093065
1.6049424029716075
1.3605205769391253
0.7281529872937319
0.39046851179573844
2.0117772822352924
0.5935224459072069
0.7053135595250114
1.9593468150107656
0.7375913987796432
0.723654657744315
0.8329172406518437
1.4158452266460804
0.2514584568613492
1.6767628982622322
0.9884898670356823
1.117315642668276
0.26420538333059046
1.0658828067288717
0.7278898822369403
1.2583035574892019
1.36080776450291
0.8300465944889618
1.118793160320275
0.36978681048157924
1.771774095770538
0.656467469082544
0.3994411801106887
2.3066725840374116
1.2255834505158019
0.26231212869296017
0.3485779299785606
0.758951847775485
3.038164772561052
0.4474736477414781
0.19096923013805678
2.1092735272036114
0.5167761830542545
1.1657020294922877
1.543527073386768
0.27939632122989405
1.1636307765565221
1.232440811252007
0.2658736139498915
2.527627439242016
0.258351124868984
0.8039350967780468
0.814304709118393
0.20031882833879575
2.213163641015612
0.9675339264388947
0.7899861023279583
0.9504861243636951
0.2297304851962151
1.3516448814022026
1.136332379515693
1.683133648205451
0.20755965590890102
0.8578513246563411
1.7675559926632056
0.8747537355914617
0.37929068966251334
1.6444025396539992
1.7266255732932632
0.4740318940185524
0.8068473007328913
0.27801955327173566
0.5762956481173269
2.4914422491429042
0.8236267449731626
0.3082238671179941
1.3233049536868327
2.041980294877965
0.2409784370051885
1.0268499618584597
1.7490280530614992
0.447400236818558
1.4560965701285797
0.2752222685248445
0.8962029421172887
0.9788002857130061
1.073456133089962
1.5032233144867813
0.8863925306882531
0.2343531949624289
0.49156847319042085
2.5705795494273533
1.0693089590824463
0.3106117233668482
1.7430789254611234
1.0787483914225702
0.2503731861710846
1.3799072907531607
1.0562291658866418
0.6395724793254911
0.4175231213028005
1.5038747583919265
1.908343012172629
0.2633053522385348
0.8420520930051363
2.3573832987735326
0.32688964496409595
0.6112749713336653
1.1643406022829546
2.4705180204322885
0.1487952140991626
0.506961522000167
0.013781081352566045
1.2007597453429195
1.0457809033562224
0.8363670317587466
1.4545980384645765
1.0866534126699399
1.2353564429222677
0.9512240779764997
0.08322646520139182
0.13371236650272453
1.5100890532422795
1.9479297455450493
0.22950042901744908
1.1702993193936557
1.9561834183777242
0.8848080331020652
0.14223696627415888
1.1656549091526813
0.23590876663783555
2.1217906325720914
1.0624746096933095
0.31642168149513894
0.9077991021987807
1.3509003955183916
1.3957069251033056
0.9668618525795267
0.5829656963086849
1.7260845301908276
0.23492180553184006
0.715767797394712
2.799832779811877
0.34041749284004574
0.19061580438514367
1.1448785082943438
1.5508935709056997
1.2343787913656747
0.5103203653453721
1.2057241494695468
0.7383129390336084
1.653933358280102
0.265269417451691
1.1710185494395622
1.6595497057338238
0.8252800089221102
0.09786512766150161
1.2303522652187782
1.8817320478067951
1.091077016565519
0.5209589580786166
0.860024114209064
0.5252171130842862
1.1102747391682957
2.3988332509383476
0.46489166013869454
0.5656757253453245
0.00378121843239486
0.968904731779761
2.08984339531231
0.6151890489087041
0.6363341426717305
1.9288239921816113
1.0319087371551519
0.5978089984301957
0.8008856857455486
1.495167218752109
0.4836645307865795
1.262675118156925
0.14539832887794707
2.2985382100398595
0.566050309852593
0.5419451350547267
1.346995237091096
1.0751646359139964
0.6631590629029223
1.650444646374048
0.7514669335109464
1.0844286497142386
0.6516488017897156
1.1718495778572091
1.379359158649743
0.16408806090841474
0.9586620151287222
1.5537607049132092
0.5316095761556462
0.8890289223159561
1.1459637217571668
1.7414685453313286
0.3179229576905704
1.1054255690877428
0.5521577257450123
1.4676904476285562
0.7698783621493549
1.4681714574174671
0.9805102778310727
0.276368876159254
2.1658281680423612
0.3620104550901507
0.633982705359905
0.09288691081579944
0.6033787668748785
2.352178434550194
1.2651459066326871
0.2831565760545737
1.1094558092669229
1.2607379019543674
0.6163104491067365
1.3099411041504556
1.6714452257602326
0.3531944346999046
0.6799237299653488
2.1136073354925586
0.2548470433159686
1.3472216042395855
0.5767872455827722
1.0901920088612171
1.0152843131628682
1.4526561648552505
1.0845338658341426
0.20194797242741788
0.4439597280417433
2.4284002212828675
0.1681755124707834
1.112360996215908
1.983065302231202
0.8288325802667894
0.420157692861412
1.2393563995056966
0.41944215471955576
1.7010838587272525
0.8893114073416517
0.7577261403079129
0.41200809567933727
1.7263385824588793
1.6923255875593513
0.2401979703215789
1.0455661013521909
1.257390363872171
0.5837533097858821
0.9176338622748009
1.5250276370798366
0.487813561687121
2.0097538193517743
0.4486255061650808
0.5435324415618589
0.10626957778819458
2.5825127991462336
0.562606018896222
0.6083314932697241
1.5554463026525711
0.6816820172207027
1.5355561814787684
0.9563686182411695
0.41782455738741103
1.2905438218047907
0.008522496073716317
2.237677267164733
0.5890113623320179
0.5973011038814572
1.057846963715719
1.2252767963681992
1.3373341550761406
0.7310059941289484
1.120786081112318
1.0547655698123972
0.5703517799303602
1.226193017381008
0.9815724162691097
1.2263997491289127
0.8564822265338209
0.6533603574168567
1.437554658223886
0.12763538510123326
1.8220416614230248
0.7646647687217207
1.1592007920746767
0.3495295487233788
0.8168331688202426
0.8563697185775546
2.616377788643025
0.4494987663157572
0.1232227185723112
1.9276127782615997
1.3122652123714846
0.3054379505241585
1.1434535096288212
1.3281416286554044
1.169016984061895
0.17852157295134966
1.5598637397276898
1.7042995869051738
0.12886197999524115
1.8224331056126766
1.1426910202200695
0.5180038108445252
0.5852755581818638
0.7577635557937702
0.28811647479567337
3.3629781102264107
0.22033096039326747
0.14700695545363746
2.130663261141411
0.9401786548730272
0.8489190486573477
1.4427304570456885
1.1930099292866083
0.28416114761011174
0.5846838081907036
1.508528231794157
0.8244021743316597
0.8361514200046818
1.830864392021571
0.24486093595266484
1.563569888256227
0.24832466704434855
1.516593112170619
1.3127064774431085
0.13228905966562632
0.6916929327636571
1.2684054830588263
1.2060861213045695
1.5035744098179966
0.8450566647425397
0.1643086922345379
1.2377841711795516
1.3163627936708902
1.2489400017706875
0.9932265604218603
0.9738577694714962
0.6366432541395811
0.31101703596364794
1.7742167430508433
0.24200889209567755
1.2517655389556088
0.8799206048702487
2.0127142722885414
0.29413461634170257
0.23809900170681797
2.7437555481796427
0.3359285400225176
1.1985537637950037
0.7354931325415356
0.21578825678323782
2.5111626411424512
0.8561351934294311
0.29460849656925164
1.927021315552479
1.3651817316169093
0.061984248024875115
0.633358253871917
2.472595180912074
1.0696784439908897
0.7301808669042258
0.5515085384603455
0.5037046043179412
1.1500711386482534
0.19228318782342818
1.8754567318263438
0.5179810109203984
1.4329682215783328
0.7123375296831925
1.1632975142436768
0.10997287192100735
1.4334324870800697
2.384890037972827
0.08213477946044359
0.6694992397955235
2.300031867326768
0.2764716089409931
1.0803190551519397
1.7181642042684284
0.3222993557072531
1.5277124478142399
0.2949125128750945
1.075126403966389
1.0126817757121487
1.3225085917855859
0.828517269717198
1.0920254380237513
1.288785389055907
0.3524946612419158
1.477078606321992
1.2859816916962101
0.032190306028999804
1.196854127481119
2.031685046400641
0.17496370142747233
1.5867608067019352
0.8854111898776178
0.6345635443561202
1.2929725396568996
1.77714801261837
0.5995705971936205
0.12303826076725843
0.6116772317377018
2.0716457714116467
0.364045338850955
1.6042553035618146
0.6704105834806846
1.0585444084236562
1.1364006044740897
0.4403606715304626
1.1963225667536928
0.8293845948846275
1.278948031081151
0.9723519682190499
0.8867285372245088
1.639304509628633
0.9690664853993147
0.11061383358107078
0.5998093337559766
1.9236568793319344
0.6418415202499238
1.449827043785126
1.271559648340127
0.21007145282548387
1.149455679960929
1.489935647550947
0.9139393625011314
0.3731190941016393
1.250398700522465
1.550964880161085
0.8622861991512849
1.170830928657711
0.2335125150126143
0.7890207226691318
2.2860121631318955
0.5562265953840457
0.7993758225995505
0.24870106127816471
2.1459509073369767
1.088055176697601
0.5277121755933539
0.8003917168885881
2.3452740827430967
0.47933216340310775
0.16282360692451717
1.8707846864106983
2.156589490718313
0.0385846887518016
0.9859624039850095
0.2087119576097857
0.8427022113184073
1.723273844313737
1.292488320909471
0.976100487012907
0.02875337130285253
1.2691598336002263
1.4126123554601522
1.076267869050096
0.5301400721952738
1.5683064734359675
1.023252725947015
1.0905845250440729
0.18555876902635013
1.515859619179888
0.7921336210745412
0.3524532260815519
1.6355321975651647
0.9944413960938974
1.077454563518186
1.5480449176178255
0.5612697092860509
0.2799204842490628
1.0021060890283535
1.2833427671316524
2.0286578891093754
0.36317300122920115
0.4235390858612322
0.7844670528729952
1.5374563708753783
0.8783877510376329
0.8454929113001082
1.8283611005380922
0.25031204277835684
1.081080377250688
0.19993467717856167
1.2183758922285117
2.4050317868924007
0.4368168387356711
0.7336199416311144
1.1012800110449823
0.4097107977941231
1.8638216913691543
0.7253277011611613
0.8044815966352452
0.9197870313770236
0.855804066174057
0.9964691531356435
1.5330288529025689
0.9553550223599097
0.8201446285206447
1.0946738758792494
1.0413776383865399
0.674096169932948
0.7940021202801802
0.4331365196837996
1.593566987847532
1.11526798078533
1.6757812287909493
0.1151920961814655
0.40741665089861623
3.08475495774443
0.636999312722933
0.12466423804403012
0.7980258457235676
2.1673138917023738
0.6355494294461379
0.8233676275599552
1.5171236267625827
1.4651277115397028
0.316380808423186
0.4850449313891327
1.0553467018272393
1.55123529006124
0.8865419809881598
0.8482336975323744
1.0645799803483047
1.549199619450787
0.8799329737479352
0.05744248397210016
1.8692817426823298
0.31587331607184715
1.0575029800287334
0.39225830092357367
2.028842324416365
0.679521900057034
0.8892225566676982
0.5878121151345533
1.8863311693252884
1.0742143932661907
0.2674561609189992
0.8286935724542689
1.7261400850898425
1.3793295562699184
0.02435748580793367
1.8630960399361176
0.539917284093408
0.7718244784214853
2.057964379149045
0.7694606786474344
0.5501885770410216
0.17756902362914428
1.921364961488647
1.6666818381410482
0.30022213275849097
0.7736650251779374
1.8486158872595002
1.1110196327531014
0.851763969693403
0.47372022687351767
0.833788807304075
1.3245986595104404
0.9264039104417265
0.2764149109878959
2.385811227609289
1.2606799879245025
0.22535903259090778
0.7606878281156769
2.607016140095437
0.176915433313706
0.5063240748508155
0.18349379385282089
2.5642587699832267
1.2043485838721493
0.2624721543726537
0.6894527507438862
2.2891082377767424
0.49341486386975014
1.0070455179898798
1.1151700203070785
1.003851402107643
0.7935820607057869
0.8734201071205873
0.7882334899578689
1.4230173184609827
2.0233304542264055
0.1503378109001988
0.15862061475527658
0.7804723641259886
1.9722950386816644
1.316744603586427
0.5764068501047395
0.47239964009858115
1.3502058669565147
1.0395724122465502
1.6720556100153492
0.5498442664960778
0.4759577448696633
0.932328965049529
2.3578969381256205
0.5204445876073763
0.24518435694465912
2.040974542421509
1.1761581958911587
0.2006317982437015
1.6825397720403703
0.5683374128667372
1.3317172103048605
0.8926522649238395
1.0814674415903138
0.995646821633347
0.6075589396256811
1.0515057718753023
1.6223383621604879
0.47785159993732834
1.0166036681523234
1.3339304879390645
1.1567012252683024
0.6975427782778316
0.7091804204995792
1.6816470036445292
0.6225016051722274
0.8454320807837424
0.27857320401116004
2.207397552394247
0.6963604921220755
0.642361435095975
2.3066207583784304
0.477051677125432
0.15788482635046847
3.06274030634483
0.28027808385145037
0.5766248060347892
0.7951291127964996
1.0019507437715716
1.3597521110483384
0.9139033366506362
0.49716179341888733
2.5822262640009304
0.17836135676494497
0.3787407272300467
1.930117312426948
0.658889776092556
1.7536409295920037
0.4867556120579623
0.262182521855877
1.6696119785953356
0.6818412022398728
1.3534623207187586
0.6337951405094039
1.14146920347803
1.3838857606464166
0.7756823927333749
0.8892325868330301
1.5067565444435396
0.0033239348446821447
1.686427069800648
1.0624665828797972
0.8131474788095683
0.9101679486822034
0.9759022250005387
0.3115736657234205
1.5328360067524103
1.6435048334491054
0.5625663056138845
1.4874439604343959
0.10765151897789534
0.6464557841450107
1.9740542190230774
0.7851150173600161
1.1188771820251677
1.0905471142116856
0.5212706347608899
0.9331779202433685
1.0790177572871742
1.8944576570573153
0.7082643217745737
0.28076480113367625
0.9155621537468118
1.21745327752679
1.2710552107456383
1.0708680605084506
0.7854218414040006
0.8210493250191249
1.4773120284657804
0.1694572090140552
1.8110108372573472
1.625169188226459
0.3535084463118453
0.14767389311103954
0.8526116342716732
1.8403458558882633
1.4580114404039595
0.5936219545148645
0.736775524412552
0.8941510866212582
1.388867544586953
0.7749372874890251
0.8607792921169314
1.785642293021006
0.36053846971353437
0.9688639937403578
0.8705570751349884
1.4960354696581906
0.30787160562833377
0.9691588655621477
1.3208231022598385
1.2134510004922223
0.7978079798917591
1.3537744929054045
0.8729819091115406
0.7154988012656391
0.5940738624157941
1.7537384749697211
0.3307353432723195
0.8085673189844941
0.6938066465992422
2.5586502066503582
0.10342716863722004
0.9118330557377644
0.3842945760545169
1.631933643690893
0.34860925409775156
1.3284958509896405
1.7737712342468113
0.481827448584336
0.3265894903441972
1.947164749433074
1.9182169683884145
0.11506644751726662
0.6911527893557051
0.6730996325015441
1.2551571700936883
1.2396053403944218
1.6591840001627485
0.2555105762127374
0.6533218227311587
1.3664147161760865
1.1326828020444286
0.6747009350395535
0.5871016757512594
1.9783154499056794
0.8228857546926152
0.5171515712981255
1.7911385365370103
0.9444377701688631
1.136700072660951
0.2519935238341746
0.537008314200544
0.8674051942159782
2.1832403792630153
0.44047299932661466
0.7830125478158816
0.8404942945066188
1.9662564141988537
0.5255510899787281
0.8463518205322951
1.0778269213084357
1.3150067976423387
0.27821033828826996
1.5778689704867335
0.5377115686585711
1.0520429974697627
1.5791833490737075
0.9200905058761067
0.19573331306139005
2.07621950032282
1.0971454011710131
0.0418666500744438
1.6345026852822888
2.0555933304444607
0.6100162762474756
0.08661424281576247
2.067993028911955
0.2110981579351903
1.4557502625963037
1.8612141830498345
0.32572122794778247
0.2888590936025198
1.359659349550934
1.3786352367170742
0.961394813683016
0.5923857307781953
1.6070135339856395
0.3499871073638649
1.494322260332195
1.386458547983628
0.8191881956300541
0.2951517109549552
0.9268783798212129
1.05567770514104
1.644651500674263
0.6882709054878736
0.6298373435578308
2.1057251817162745
0.531823896204552
0.06127951338552613
3.084430481710598
0.6625837085088003
0.44894373476867283
1.0619453567486803
1.4603994100796172
0.7361359519088227
0.13373883046401885
2.123601397883296
0.1700521276371381
1.6601583682201069
1.4566076902075158
0.3236467767174183
0.7394973007362234
2.1413230923438715
0.05471923094840402
1.5625957482658765
1.6963528892900515
0.12365838778652229
0.22115783468941982
1.8687253437351499
1.5777394365632138
0.4848847829096836
1.058425066727963
1.099601819777269
1.6617787151981676
0.6608470865523318
0.04108305006951936
1.238568356782943
1.6376328044800326
0.8513847388394152
0.8989962562457167
1.9173245807843586
0.18553963377359428
0.41341261840132554
1.7269910591283795
0.7749005696573771
0.8936804093095368
1.7413104216942592
1.044780380467621
0.27168783997495805
1.4324398407316898
1.0989397404710062
0.8653324223582924
0.8139777678338969
1.219233251245134
0.5720997145000902
1.1206350401285252
1.4676322682283762
0.8636086617553475
1.2631318408613548
0.5865266788117393
1.0645959421836657
0.39172689918395914
1.084210674303267
1.2632403463813378
0.536936584561812
1.5493928426694306
0.14525688784691962
1.3125728550643108
2.3353271712387254
0.4340953932987742
0.6638122229449953
0.9921913111765395
0.38465129526415537
1.421246831399933
0.49376819880010625
1.670094740818406
1.614040757867714
0.109585187603352
0.9028257141066285
0.7917419357287575
1.625486673611802
0.5165790553413581
0.9841510815539448
1.1562142631038244
1.307594356645272
0.9354242486250616
0.6909364633506319
1.194449560693086
1.7598369281387463
0.2729007682961889
0.6806438003666128
1.2294119792201241
0.7120252885556051
0.9898258043558812
1.1839101856726835
0.22921069276670347
2.10507459075811
0.9318731492877856
0.9092987009265119
0.3875270028290717
1.2966250709726175
0.7875299203046603
1.420465528262949
1.1076088929063768
0.1700901860948682
0.9994043827253412
2.2342227028528914
0.9817585970468278
0.3172072395800377
0.8958708768612086
0.899781077513227
1.1221625996240467
1.933236367201602
0.5168744171072974
0.5757930843844542
1.2568635881714658
1.195574183080781
0.6219580813793606
1.0362233987367744
0.4774013386002103
1.2991503851064568
1.05914011472249
1.0154059776753934
1.0791061559155644
1.2184873668619478
0.7897054811815226
0.9968938634763383
0.6924273468946262
1.3300613110120165
1.3278879213023527
0.29167610128006416
1.876387290650289
0.8875816758689404
0.07618764101840275
2.264814057993661
0.1988997561040436
0.6148798153913839
2.4764905911752764
0.7431547842622666
0.9146719762789345
0.5732357970099969
1.0072889790107453
1.3618373123698113
0.9292728784300577
0.3988062561532131
0.85461463182154
0.4155262749153115
1.1457297184122275
1.4902256119709303
0.69654145741585
1.6519286223892
1.3096053151674967
0.07213285591734667
0.35558265326824073
2.2691565115114822
1.3513316466831333
0.29329035414383425
0.6940982658459018
1.3140473378356823
1.4661004672629796
0.4979282643127211
1.2408368040197484
0.6991989865097391
1.4644919260057356
1.0552047117635748
1.1339485563788207
0.3473254653039658
0.7365062007554846
1.5546024378858772
0.44102442458212693
0.4351369737083921
2.681523359177314
0.055016126925929144
0.9784588538983271
0.6571500954736599
2.2581208520142817
0.5419712717513745
0.3236318906914509
1.7703250411271187
1.5654367527993671
0.0770742000283146
1.2193876635976553
0.1404595935831857
1.6172351770127704
0.14775228579507432
1.654060612137874
0.9880076131857153
1.3813291746023966
0.7631161738154414
0.07353444245512732
2.167467393748555
0.03145886459023978
1.028215501879523
0.4360006558051985
1.5032434433635604
0.4861330410320851
1.3076400170904143
1.5841350757100434
0.4212584569674091
1.6753124382639952
0.5036476800431978
0.6817069280505729
1.0895628434032405
0.7253651633359594
0.06698559640921085
3.4007286582917025
0.41172626285304303
0.2157305351070003
1.0070149126269201
1.421090705261799
2.0329861071951556
0.06145690746389335
0.8578763632548484
2.0249976171231427
0.29756357060822
0.16362633174337557
1.5585735582507827
2.243396826098548
0.35297103413752723
0.7165879606191754
1.0349193055236623
0.9874406816972559
1.93664272414067
0.616197511977752
0.3106355467902555
1.7504244676145237
0.44848777905205883
0.6727374328780618
0.25378707525316335
2.5534888543787675
1.2147780263341228
0.41281268323897946
0.7355537143401475
0.667633956747512
1.7524367970073975
1.07427969828382
0.08703465646538605
2.1759064981648066
1.3011232590453234
0.29358568751038333
0.34868929786993597
1.7975399658000037
2.3627215209321784
0.32032569615841155
0.038201549977146004
0.34704359379725364
1.8433098594347794
1.4546894354340947
0.9678138960711052
0.33091643895937733
1.31933119879931
0.27062401255759144
1.7261747317819878
1.8075259268209982
0.3328393302288207
0.89383202032436
0.5794266092732641
1.035604463878749
0.12580610613917384
0.8854843745770676
2.466537706601603
1.006449269993539
0.4711018456071858
0.26303863441953057
1.7050904659505675
1.17668874145762
0.7791406708226573
1.3202511806077342
1.0458947667497478
0.5793413261953101
0.22054999153809257
2.1328039611293477
1.7757439758612357
0.20402215793290288
1.0808547154055834
0.12735212691995876
1.4537794132165427
0.6418107021857626
0.8458299432187275
1.6947672744254738
0.9026589691860428
0.32992104366260755
2.0679363794533536
0.04651365845168195
1.8689283950093627
0.7139871118695299
0.41958355045145423
0.3261674455971386
1.3454191592988523
2.2779603818034753
0.09807078844837894
1.0680800806361526
0.2506299635164219
2.0706156597996617
0.6058901211436758
0.8169702668591284
1.6602532507045578
0.788284971176636
0.2640085841938031
0.6224520174062873
2.6374160536110054
0.7324344341796613
0.7591892267529763
0.2261215228060935
1.2728175091867064
1.5584374981719447
0.13702150440700123
2.0734782366702964
1.0439608917607723
0.4063367337510015
0.14962700831746176
2.595575695765559
1.2332879843249716
0.6673360105496771
0.25238436499571204
0.06336623369636399
1.7403596952755187
0.7014050109611848
1.8124914006578114
0.7605251902114492
0.1831565167413074
2.1400680655548916
1.0358075871661685
0.8247906365530541
0.8063858047401486
0.5272314951337468
0.9457360452068232
0.22948519771379805
2.708898843236206
1.1727313197968483
0.09407082820252213
0.6647005249831237
1.4262454515889715
0.891315720416453
1.0779023403957817
1.7125034592689419
0.3254007275678481
0.3651363719361106
2.9566863906093275
0.7599907498262733
0.5824959561612528
0.10016428203058847
0.2908538971621932
1.0830464253708747
2.980008397364295
0.43844839841523076
0.10986166120493468
2.0816669294306593
1.5347692995154887
0.44769919627179416
0.0834422729469696
2.9582400308432555
0.04343586352111079
0.5591426299340629
3.7225231627692295
0.3721398734310775
0.09009495104406003
0.37138401099422075
0.3269410210649616
1.3618208394559637
2.9522968608022166
0.08104939098678918
0.23935323452485813
2.83091558570257
0.6316479780274132
0.6352955788098964
1.7105119366220363
0.1515057361562058
0.7617635682078944
3.390926907136762
0.40932872422000716
0.0799005333593867
0.3538860021227812
0.6532358129827852
1.437239161403158
2.4540929868796826
0.18313869310485814
0.2505924278826818
2.3928462720470263
0.7278256768847438
1.068979343664336
0.8490720121858455
0.24370616733934974
1.0247894330553924
3.31060237143314
0.01903521077196545
0.23427098356594503
0.9410063824501318
1.4529948454124724
1.9361666917930933
0.498106876759489
0.2709551596736903
0.6722799771937321
2.2414905197716815
1.3899604760457553
0.2531099722157385
0.2981844320730281
1.3645701359469529
2.7834873817816717
0.2654524276116402
0.13036564306856108
1.2262128451844991
1.558042961125729
1.471286472358646
0.5185964402923859
0.28476002613694773
2.0319979935024484
1.9291450063877962
0.10098625972080721
0.3412259830991341
1.6664599842029972
1.0901296463710843
1.5052036059406084
0.2624433469887856
0.7118024189563777
1.8535056063462254
1.2868547881598205
0.683537037223956
0.37554022012215255
0.8269311169430512
2.974432648034903
0.21839750126236354
0.18214805071010173
1.6544773444705612
2.4880105929080925
0.2989449363686892
0.09908207637577912
2.596493264378562
1.452416632424576
0.3379804330187468
0.3722271408890348
0.5257196920501923
3.0310923112023223
0.5959263407033238
0.1327768755601279
1.68612631400809
1.9957179638237308
0.37571114363127933
0.3770114789673911
1.9776341627251222
1.459647757939566
0.5313563797251045
0.3748623588995028
1.9949992201116098
1.361552227593686
0.1259411227446436
1.3176596184950515
0.5045748817061887
1.68901323580569
0.37798764452284406
1.1350653291866533
2.0189001523883565
0.6479946193754198
0.2433774679890582
0.8441946594998441
2.663650045129125
0.08316617121860595
0.7587503733204729
2.7218720618333596
0.26295000550202074
0.5418021667644626
3.022968064989389
0.19878437556554635
0.3731481463070485
0.030081179702976756
3.754345915684853
0.11365171916992264
0.2858190495140349
4.016809668780839
0.002991934098843545
0.1495756941003664
3.9658491637590805
0.19218008951006926
0.2819390730057842
3.612841508039162
0.13404248543174108
0.2038068209882778
2.639927995603743
0.9465797676212625
0.05242636706313362
2.8806476587369922
0.20829040362855955
0.5395859919070366
2.057986582340204
0.7367741986918032
0.3582271426313405
1.9701753177669268
0.3257550726425803
1.6145564626208102
0.9036039907583674
0.6764626101234384
0.3531875451649659
1.6155679928592181
0.5984651947821068
1.4943937224585964
0.6833259022220033
0.9814685579811693
1.1938180002681065
0.7566352341048832
1.2923727770267144
0.795657721334078
1.1399352743364422
1.1156049581972443
0.2112825872465532
1.8252847981403073
0.9602955815275
0.8581791019759819
1.132340673799983
0.3248180900695195
1.2945540325508536
1.7068371229817283
0.9764346052973849
0.3932776872290754
1.1735231208813879
0.32509543916046485
1.443950997329941
1.5451247654141895
0.9856159825877577
0.13709906085157997
1.391617548541766
1.3663506765416462
1.061607273140498
0.7774327403228498
0.6564680744780044
1.3287580389355191
0.9935815122220186
0.7352061127198444
1.4749731260447998
1.0452696757841173
0.7343950840102917
0.5872426855427101
1.874167141731865
0.6665278357513857
0.522344166112169
2.358678529468761
0.5183651673740902
0.37259948601587795
1.7114399555973288
0.40893365984697577
