0.897075629295102
0.8445747664846696
0.8685082983519247
1.124602652653435
1.2873885805737824
1.021932813452847
0.18690537522509357
1.2802707808473262
1.6574110643906004
0.9899848147493069
0.3557001779084636
1.552168387471159
0.05912569159398029
1.7192384467786006
1.2226554498329598
0.46997649216746756
1.5178508896792928
0.17728517759524276
1.7974524491270736
0.13957955878328976
1.1542908552820477
0.8720903787832471
1.4339182181395074
0.2798846392830769
1.856965542155357
0.08200445007106039
1.4774588004324747
0.8444933750213278
0.3069517392104784
1.6858138482868674
0.44565937555739055
1.9246996192286692
0.013953298434786748
1.3108448121176592
1.1325623987064768
0.31188516771389047
2.4602169475694473
0.21812799984352252
0.3971862862383551
2.8581903286408674
0.05795384270332646
1.070720669494681
1.4420389973604777
0.3003348391254753
2.1309077085970616
0.3712651148267611
0.43575623005194036
3.2024231811063033
0.30971618352441205
0.14736715374140724
1.3372586419886894
1.781393616103416
0.29425110312210684
1.8174977094947367
0.5200357291708593
0.482594457325229
2.947646459224618
0.2875029677711175
0.25216574980162865
0.9000933146412278
2.829534069121868
0.2891950488965868
0.3289853357967243
2.3145680098943795
0.6763206388701424
0.5462011745280706
2.6808710526416464
0.27712723475989254
0.3641577575065405
0.2983181562697307
3.173105443175094
0.38591084931807473
0.3130439562329506
2.389220859506968
1.3576186066615952
0.0027848099010824193
0.8683229584157515
3.2430672554798217
0.2693472902798966
0.2760710718473385
0.3267933234270932
3.1802634364049815
0.4914221506026474
0.3234785848076705
1.983501811450291
1.4966445778376545
0.05881343205253758
0.9824664913273711
3.268251092569622
0.24987749116994445
0.06747387510681535
0.3167924544621479
0.6785891762375965
2.859739175866444
0.6237196152671585
0.3625201986438819
1.5512356924785027
1.6067715347570972
0.2030340866858644
1.1896683604430112
0.03453270052415505
2.7782782828808608
0.34392297938346417
0.40855296763443794
0.20608882920776683
0.9113692276844094
2.6799962823359067
0.9475840119738591
0.21580933261008686
0.43028619441019167
1.392521861252164
1.727469961955617
0.2833420139094089
1.53640938420237
0.7445532667657352
1.1358481190907719
1.1881704702802631
0.6316872867687336
0.04541149380402093
1.2163584611591334
2.3757181884411542
1.0963705864075979
0.02176169486058799
1.183744157981482
0.9438930301442015
0.5864311825851606
1.586907134231926
0.5038900553002463
1.7530176966280833
0.5851345586807263
0.9908632661105697
0.15133294657195748
2.0223298885163503
0.6853586191040837
0.15437775184688723
1.4756802356645964
1.8522599972162408
1.0920678474661205
0.23358808400249106
1.0922271616796952
0.19018769321686924
2.384517890324346
0.2580212879278801
0.5924991007313667
2.436787662769229
1.002229311598341
0.24132855022084937
1.0400379076934132
1.5299299276211034
0.5576456207373893
0.526677504363221
2.2579693328270394
0.8294105888430215
0.73782357747403
0.8400953684791118
1.2664958693681656
0.7141960078509776
1.042462947635371
0.5603558661226311
2.104866998012644
0.8138483032172387
0.026480205978850712
2.311749406803681
0.5241611613955396
1.1599500430407126
0.7470680619172338
0.7973896974717167
0.5827292518647863
0.9723790875366718
2.545945815928298
0.25477446240918533
0.47757315852024124
2.650999359366674
0.837442055377645
0.04784732618883996
1.242303604798339
1.5647093685031614
0.8974796081549796
1.458108219605491
0.494452894116388
0.09804127779300768
3.2541365785877474
0.018611758306500536
0.44470950107581303
3.0291474746528073
0.7188409144542763
0.11896404943146896
1.603934180803907
1.4579031799861557
1.4370638801656324
0.0857049830005823
0.2816669843674084
2.37193448445305
0.8306983007917224
1.0667744809445399
0.14611103627912722
1.8526626276081795
0.7581942663480914
1.1751921364986815
0.7720823150798329
0.5200289958477273
0.3279034184301807
1.4690311710109067
0.40092032701987473
1.625343973860365
1.056628780139865
0.8706211332997977
1.1716149104377054
1.5212589892246933
0.042074363479789434
1.2587371405070513
0.6194647288211583
0.4214191257235028
1.7978448007366004
0.6967433608289983
1.78061016561342
0.22831585916011796
0.7139263570306551
0.5641755056266061
1.7940984430043017
0.974906393014932
0.7929617498943432
0.950347380932429
0.9538961951003722
0.6555077093167408
0.8196302282255019
2.0432953176838624
1.1696152040137249
0.11535583437503856
1.9659539466153273
0.7407321353128172
0.2283885823359357
1.843537008661686
0.25255054125408205
0.78377666970827
3.4315510250243784
0.13735511996484323
0.031700292443487293
3.3259871121738622
0.3129777741465475
0.8577457054868943
0.006644607086691365
1.1987459669648988
2.176544875616963
0.8957646132723952
0.6811307549734642
0.930104088682699
0.049488138271515575
0.6820051871517132
0.8742936816417731
1.4224161819044685
0.9513725923700798
1.2846228815986833
1.6287258041493533
0.1434677527379299
0.7605173676378337
0.2087251764559039
0.6130611668375329
0.5993200908311674
0.529073865332494
2.062664679302136
1.4457983324320096
0.7108328087827839
0.1583464557126163
0.7074936381588938
1.3964532973047168
1.5945134934267857
1.111721884980572
0.36795730367028007
0.9956162161810426
1.2109502242074395
0.9652526212346592
0.9047248363622739
0.7685985363945795
0.44410468689237576
2.912627161068106
0.38509921554131177
0.09602805740380713
2.2316887253097306
0.9531512572084749
1.404831143920792
0.36217101340952057
0.29378921878179254
0.26825852435526415
0.5669773567619558
3.1824693869248617
0.4252302931123671
0.29964429246369423
0.8294772183379285
0.8130572068769606
1.9315529576818269
0.7710246168194288
0.8653465540947547
1.4318971002377217
0.9982799148038053
0.1981546153679842
0.8345583650741278
1.9241662774306245
0.7665119777111035
0.8297877530895785
1.5117153763110098
0.6142279063451784
0.7305771643163809
1.788376584580248
0.7162334365679257
0.7508535235623913
1.4332456423928386
1.1723677229770892
0.9831226171816498
0.3409379989534194
1.0584787210514586
0.3837306312608894
2.445706222543599
0.503652172839939
0.15593747450294035
1.8187495307546924
1.060062544625135
1.155629269955354
0.2681663412985165
1.8473965562750294
0.6878245020540069
0.6980690542484838
0.8672930002557285
1.497061869217327
1.0457786661291464
0.5238476634503554
2.3829546539207924
0.22198134390563876
0.294087532942897
1.5021379616418726
0.6135542408202046
0.8377788594183362
0.46786784020071936
1.839590019498897
1.9211188991610668
0.16609058098715965
0.5075048829790683
0.776312831072011
3.110715744768564
0.09754441905147809
0.2000337589226832
1.104830869377278
0.9632590382717072
2.4622968607538502
0.35522550850569684
0.2868357255602242
0.6054001743046081
1.4691341289181474
0.07561166684999383
1.5858438192988644
2.0136619587219733
0.6010658072473792
0.4388410949657794
0.6714768166091168
2.576348738115707
0.6711362882710065
0.2546861150745191
2.3577247678778104
0.4212817882165085
0.9534578659683447
0.06447330405784446
0.13837542333952696
3.8141327797143267
0.32849567785739364
0.29035905303522036
1.8576356692999878
0.9882193727430613
1.5290220994474193
0.07008445211185586
0.47214881546419246
2.5810276013500135
0.8544463640436639
0.7613093007998727
0.06338656539889465
2.528792629452855
0.13096842480581525
0.8542463664927242
0.9435012447450831
0.6746075695092187
1.3895148502072796
1.2007886893021473
0.8628267191751846
1.266551982253238
1.192398270897283
0.05942166555024891
1.397417371601113
1.8627844726190232
0.1193329624489029
1.998957322386178
0.6034950824379708
0.331540740689638
0.4374972617033184
0.7166322141970856
1.3604657454705456
1.7284418384176112
0.6612813020503412
1.3735303464720907
0.2805373250438679
0.15018333950527143
1.887063408474735
0.00911400068699988
1.7625795170079868
0.3593944265193334
1.5901122184703562
0.379346796393702
1.1581195721748823
1.5735798533313796
0.6228098876146573
0.8824827087750501
0.6055739328701539
1.3492586214274238
0.658376882632059
1.8369879612359892
0.3982774681156039
1.1994053973588634
0.49677192870649123
0.6986932866744467
1.5876530944841099
0.32060573984374485
2.148401932600977
0.21720695495094652
0.6252324615085127
1.714784325189661
1.0102662636864823
1.0729128115930981
1.2507622294764174
0.22327862114611316
0.5963613839339162
1.3778645461082675
1.0095203863364064
1.2164552297106135
1.1931976017760848
0.4759268708163193
1.1546601700270536
0.8855833699336827
1.2271619767287105
0.4402099777272894
1.824818054311498
1.0026200413523112
0.6552808698753336
0.6918356727032388
2.146145756012395
0.11076474085474652
0.6140420622182455
0.8420399585029679
1.5753283074041329
1.5519925761558506
0.27852240665538563
0.6191169841096068
2.6923678429415427
0.8096725508110227
0.3829538394246401
0.6648491792466833
0.7561763879520159
1.1553094226666367
1.5001800705638717
1.1059217276268936
0.5678364111193888
1.0527507057578902
1.3198014109127267
0.06091013315888929
1.731172978613551
1.5402223792638776
0.5095100952867152
0.34541727934406946
1.7640589187726385
1.670699076678769
0.5511152072008276
0.8240487495295933
0.6388422890719855
1.7879813619560037
0.18988507752525582
1.7923294436650352
0.9380739886802032
0.2831121278192113
0.7901730695168078
0.06939692944535353
2.5280187567701513
0.9051310583351969
0.38859922143716297
1.8117454763412897
1.1246420711888783
0.548264748541071
0.7237925052138845
0.802006158172108
2.0055408908323162
0.3737901836723056
1.1762737652467725
1.8901229070115806
0.0811642099344381
0.5832524792760785
1.4460438571652154
1.329658085855508
0.3984655491081128
1.4667103904853778
1.632773876575857
0.581377394955293
0.6893256539039837
1.3661801761540235
0.2768730625405999
1.8510724991568022
1.7498150209511736
0.1907376181249669
0.17782555667753733
0.6941009654523532
1.8601558715806632
0.8153430655797198
0.8349463354877434
0.6498476743080177
1.5007728227899313
1.0744124223180047
0.4944033953734707
2.3443544858916057
0.7248323337504374
0.13214595590403536
0.5781563994198525
0.7330718899627782
1.929321329127722
1.4493016066967737
0.36462630591017003
0.6486987104196348
0.7652230003611126
1.8752162430883696
0.9379593936753148
0.7394304356204362
0.7098429505911842
2.0672250131055963
0.5351975875984822
0.3692365507334732
2.0844134621931496
0.9971181503991322
0.4426257699352114
2.1112241497525392
0.0878649409015449
0.19789882066813713
3.60642380421629
0.5010981659358437
0.3350541966996823
2.509020969448677
0.1618580027677011
0.2990224354874697
2.657614054712514
0.5010904220919907
0.866049907508279
0.2691763660511811
2.570119316988212
0.10477748672685676
0.8181984516680781
2.289873988898443
0.17970326267247003
0.7146647555014451
1.9106930289911077
0.5581509546923998
1.6812161041050997
0.5680056074943716
0.500681655313363
0.8060794714922783
1.1896425332047929
0.567066809561091
1.0349094978119358
2.253449347086053
0.35490547192464017
0.6139338831490947
2.0084621768291706
0.6368531914933055
1.2924715437737553
0.2747059844178571
0.5778828021613167
0.5741295612796656
2.473252244902156
0.01523679246806227
1.2939833302485784
1.268104398751898
0.24074767966360974
1.5099177247607027
1.9909943432044908
0.2450887222636023
0.9812037389100124
1.275301237571995
1.2867475894809952
0.3262527276515434
1.0782254433510108
1.398530964166504
0.09250440481219133
1.1693017750427732
1.5996468274266213
1.3810009563725798
0.20951458109183435
1.1448920218029734
1.490150276091871
1.032421395494543
0.8867805953119036
0.07649790068355766
1.589390996741065
1.8666355356269613
0.4950385607008957
1.24407201959424
0.39318451156123635
0.682543609328045
1.67525279715127
0.13896307913223083
1.4467737381668118
0.553727924743039
2.042819685310221
0.32283968162847654
0.8987466118587396
1.51692929991869
0.2853748908885413
0.4302502563226815
1.06221810617237
2.2127267340841428
1.1057386008427097
0.05485161814751991
1.3039473817307432
1.5175761706453594
0.3652903213214453
0.7811823227274338
0.5652132527633673
2.2547147845809064
1.1494997263252256
0.38650767368316274
1.0058437963322646
1.0881524882423819
0.4119290767816914
1.990511322961607
1.1104461301547472
0.44545776860520125
0.49899817877732566
1.8100414569793264
0.950907098812822
0.5350541801195771
1.6009377580314903
0.27626951664460625
1.2858440969968838
1.6169856999836398
0.8019676900095859
0.7632183474997468
1.0142392195586838
1.177101465783293
0.4120856671072339
1.7120628219478733
1.453869009811677
0.21208105871325825
1.1721604192974306
1.051593212397253
0.8684029633123772
0.8606955943794015
0.41388259618903184
2.126524536993353
1.0035930975425127
0.5913762190043391
1.7397616266768026
0.1399014050401103
0.8690266925217852
0.6563333838126273
1.6261412929067225
0.6669714158628289
0.867433481808633
1.589292303809018
0.4608104764299551
1.1144960953073955
2.078256954326646
0.6609434822058996
0.21068899941027452
0.9372524399694798
0.6429396049212881
1.4985815943686396
1.1387003251762826
1.040476946219887
1.09040402803929
0.8475801161873244
0.1963131525037221
1.7745363980947682
1.7512491002066082
0.6345637608153446
0.21850073526777616
1.311883632281722
0.9272823985836595
1.00531552905603
0.1690320525877739
1.4682200677799926
0.7650091263396454
1.9067582910719105
0.7679169452213336
0.39924165475981455
0.5066327008953809
2.132971614923676
1.1082913115304505
0.6541787038126294
0.709389622509556
0.2517886503560253
2.434505560895548
0.3884397705820338
0.9610106233188103
1.9163588651477699
0.289232831533439
1.210438432243856
0.18063970395466167
1.5141355901725946
0.2680745293871855
1.073443636794657
2.0115351404179225
0.33593997638881623
1.1152102275626963
0.7115276207008117
1.2202388180636732
0.9700396111759992
0.8044819996782904
1.593786608074596
0.9346543950908806
0.5721992404080721
0.6263948527550655
1.8509338032409692
1.5090827632580588
0.04546606736150444
1.384527958309163
1.6510742055641703
0.07900422991580383
1.965013596299248
0.26626199338678563
0.6759501992224561
1.497135261215195
1.4826133456858095
0.2445512119474872
2.2504674474227246
0.25427039837690857
0.09254360818649618
2.188509872215204
0.6495967502390126
0.6023731076429525
2.6112918815302852
0.5160317198968555
0.31802408918514763
1.8629252072986828
1.0983083133332683
0.7241406468830568
1.1112125545659381
0.29550346023393403
0.8902920010838529
2.5667385899830637
0.32239412541844326
0.816473832334565
0.7632110339975327
0.7305994712596534
1.3123621493303024
2.209980155680817
0.4572707052282708
0.08865124475553302
1.8703321757025322
0.6757531857134409
0.27536220418181473
1.0273740196219636
0.8979507577937651
1.7261735722475786
1.0642989224912058
0.26755204604859073
1.3728602969845793
1.694928455760932
0.7733161526601599
0.3369568654430736
1.5619041959244322
1.4935807098961922
0.5171207912824954
1.4675142391599327
0.28267535011678474
0.8807321618656849
0.4209956247427577
1.5971932823052917
1.5682997569603607
0.8162369223735354
0.13121459166465602
2.6502544821759852
0.4683319989400892
0.06220598958869876
1.7393658398115204
1.1214383223599196
1.4445416370372475
0.10456358713795486
0.6882268718576897
1.28061173299092
2.27926105798305
0.35032959117231993
0.5257029138554412
0.9224034716438065
1.1913924459193415
1.876128027882911
0.47012723883873664
0.2961693738166817
1.6735960534543657
0.36044516309222185
1.9736055724063162
0.2607750994140223
1.1784944927811973
0.8240692059711802
0.4011263038005694
1.6405898452115175
1.674650085964164
0.768138758329071
0.18810928817234146
1.355233588382956
1.5088628895915364
1.3010336409170118
0.3277291785542993
0.10328848666003221
1.8036077900707892
1.3395997153248886
0.7398144830806163
0.8412972880212383
1.4414230119823115
0.8389508174854262
0.5731465270717871
1.6237849258611943
2.0074563359661246
0.1717111142154642
0.11701381129276588
0.7585510912586716
1.5950656601222637
0.5561374768833564
1.1798722778938608
0.5346469094953405
2.200225142696525
0.377183333059755
0.8490247528951665
0.6604449463340396
1.4506324471807255
1.297053399229242
0.35206755710123044
0.7502577970506353
0.7456813620119952
2.4657820588919663
0.7333234334277885
0.14948891380954737
2.456708647392545
0.257195297819053
0.5984579743768683
0.7848845081560711
1.325846283573505
0.5634202853729924
1.8591981456153321
1.0344971416444941
0.2574848268590629
1.8972601579341264
0.7553219643146065
0.20448568379375243
1.7662746747147784
0.7451703354410931
1.3808176128070877
0.9027393249737694
0.5029622689588176
1.4787840385440132
0.8577534540804916
1.2254078337354475
1.1708872758961677
1.0954743418647026
0.18337062570658272
0.7076017902249084
0.6823289697498308
0.147085362265749
2.038515539109593
1.4418603674178532
0.5212228694241913
0.9580585826055401
1.0653893227342957
1.1036865020429274
0.7183732627867215
1.9338990591674838
0.2813064811102497
0.6510468303981216
1.5226011558770107
1.4706949815943129
0.9427915278638134
0.259787594985557
0.7060540255309169
1.523090365536418
0.7097319079237411
1.553786650047948
0.8184977341371444
0.4988763577430363
2.082023877346954
0.8619482877985488
0.23219494605272223
1.6591192470322074
0.5945230321429306
1.5204784512446348
0.08407989468604357
2.086300654547339
0.35947748874860436
0.1927999112777127
1.5702914362858316
0.2873349370177757
1.9607319303436386
0.5800157389326114
0.7487106561501611
2.076845718443408
0.4161767454813054
0.7518509315509536
1.176436654780111
1.229796304651424
1.039799511481051
1.3388340961653493
0.33772063223611365
0.3565165765184797
3.0157945103582913
0.9629406239356195
0.0043354144935793225
1.0289244054088509
0.5688152695492001
1.893970241953761
0.6753148157133092
0.6245062202330642
1.6193435743058584
1.0141839497535148
1.0365364541509041
0.31489924373573924
2.0245343492259917
0.5660242196246089
0.24726264631399567
2.1219053228312736
0.9089849488784706
0.9782210002136582
1.6056118516518423
0.36138782807659303
0.09065381472354789
0.47935972774364394
1.5727122440434436
1.0151341252211852
0.9893419903989458
1.2772826602394671
1.0403999235173895
0.9968549937190399
0.6334900144815951
0.9730942536259516
1.1805486045381075
0.5200248306662688
2.539586709833236
0.12238562164828441
0.2372246582980813
1.0051918405457376
2.1037381585601205
0.6079614110053989
0.8963893252961445
1.0572221848971233
0.3561006481655581
2.185250722075015
1.267376542191047
0.06351342035254755
0.7307938048721112
1.193677604316845
1.879886105831214
0.9215863034926729
0.2570581569558799
1.6654426110225444
0.08909476264596225
1.5195832019097848
0.4840892886362916
1.450052056328698
1.65354785942817
0.07752746649682572
1.452463243397568
0.6387869892775767
0.8257307455640351
1.2809224612698173
1.0816343066605425
0.28657141301544603
1.8357541319610535
1.1343657756727663
0.746082282903657
0.7559155430334625
1.9926666287109973
0.3723982802962058
0.21472386927852172
1.9265464259919396
1.5299430998801802
0.39676410209420954
1.2016458900952216
0.39873716391278374
1.6206482770325905
1.228254106640574
0.6536284053931029
0.8283061470905894
1.3830020029706191
0.8322127429290037
0.8280468789044302
1.8242248005973971
0.7202579356001517
0.39299033251898563
0.9369645374689951
0.9677596910438331
2.3404490110312604
0.06350948915249897
0.6392433194247951
1.6320708922375902
0.5225986366076794
1.270488985423373
1.086213957376349
1.037981333556942
1.5131488387774228
0.6647543525187996
0.1433476897898469
0.6472523223013142
2.573744915416984
0.9116079977867523
0.07292395406555152
2.6788623727829712
0.9169545992211326
0.13540264930131818
0.9892944126936349
0.9462289901689357
1.5508444337103442
1.0363610076401903
0.609557111769008
0.6986575813198183
1.8401257281574466
0.2804047533856174
1.7450786090356645
0.15506456877701721
0.8432084217925705
2.1432708402075
0.9726164980078962
0.4059270176134589
0.8782292533865471
1.280977132808251
1.5432494430971735
0.281006958668376
1.7539526794630798
0.2941430065902132
0.30006909521409897
1.585602109717837
0.9640949078868282
1.252768226527517
1.109019518960521
0.5649977232932982
1.5221859658254557
0.8326374174726797
0.5175358350526194
1.2250641961206297
1.7924600823535932
0.4581957911363568
1.481319909531705
0.39771276428167657
0.09827612786869926
2.3284310132618242
1.6450176785893025
0.2706052389555215
0.5190013266420538
0.81495576908663
1.8627615059742464
0.8501080176020074
0.8195574801804475
1.2654697176795757
0.9738364465358108
0.2868009688707332
1.5132943099777285
1.5576164834372528
1.0505373867439196
0.16434259208917962
1.1646855787165402
0.6645699754027143
2.099690484594838
0.2062183257751445
1.0891143012115898
0.5319262414037028
0.38023695760190246
3.0643750552021847
0.5377152717413038
0.2257032373667407
2.2883524009142953
1.3433502701292785
0.05597717935890857
0.9119662438201288
1.618999390723822
0.37279006249974705
1.2231041287644555
1.603141008956868
0.9559049088578242
0.4564472023491919
1.495747423235255
0.526989511501627
1.2297324827312819
0.7365654190789928
1.5340173468697593
0.5083873721248605
0.7806656354683221
1.0570722973381292
1.5816838923915375
0.684874686629526
1.3184988448217185
1.1595437724405044
0.04332505451633579
0.9278366822147819
1.9915763599428948
0.6817210611857943
0.3874928520227945
2.4223886437941617
0.657955125771047
0.7961371768915686
1.200878666556813
0.21785501236870397
0.8311125385258618
1.6513474454118373
1.4240556402739386
0.8758438991544255
0.36813415829506135
0.8410449029132255
1.4417792396488223
1.8963653113280656
0.3000036135062865
0.025711216163049284
2.1505255400389
1.2112422345314693
0.747169143558299
1.1668093387487393
0.7491914004764447
1.383422351445833
0.6954063596313179
1.1885568569862617
0.7872879129922441
0.8314966315054615
1.148601848460814
0.08223139097939575
1.649291999338929
0.4280455848678278
1.505732971477369
1.71564817809991
0.46380559760773593
0.6204394486125872
0.43500270300041616
0.9955557821742179
2.386682823204423
0.8186004255683842
0.37633292730690954
0.9194562021461281
0.3532604118142246
2.1405617375886195
1.0062063964501102
0.42791499965771185
0.5483393061846784
2.4508853851404764
0.6125775551840538
0.454510025262426
1.5232781533806015
0.6015210181121661
2.028374151940268
0.3161357862705528
0.5798476786080173
1.834603166101489
0.579178785769746
0.39486358782337666
2.027957415831957
0.9007559655302171
0.7871177777007368
1.087044010284758
0.4315223755703753
2.0153984078471923
1.362812208017159
0.3165321870104671
0.05127186690677261
1.8073096805898503
0.5880242809638828
1.7720801775128578
0.19642799591903518
1.5244863453584154
0.33029815546053326
0.7660511607912802
1.6857206973304515
0.9274798962324768
0.9182912961593144
0.4577417290658042
1.6250626956674012
0.3445085411844958
1.8504944031393382
0.29711699047917167
0.9346601973776314
2.6858479344918265
0.12824919005814597
0.18494581701011306
0.5698474802643495
2.437635619522511
0.5244217325213532
1.011493534440412
1.3326168085083634
0.5319511335112619
1.4575141903225992
1.3160955044216454
0.46922338115631024
0.28716230690780115
0.8664849141049059
2.03048091180502
1.2292657766949913
0.7173020936440134
0.5003255394724696
0.17808917104478642
1.960626030272539
1.176991171432844
0.9569145147809487
0.38371298783993757
1.2987987347979002
1.4284757045064007
0.8380448139693827
0.5256392094214513
1.3054333409492078
2.2324523697813623
0.03945409346054271
0.8550185047287377
1.7253558642101292
0.22555465023528648
0.8864524972542124
0.5779362439244973
2.3780910727329174
0.44071967183288013
0.5347030063829804
1.481005269963999
1.7559588544928504
0.39258457981331835
0.9839460929426853
0.3648347730864786
1.60978628020212
0.35919150226193197
1.1563022068915734
1.6413669074899397
0.1817776804271249
1.4369219494838577
1.3060419350467893
1.1296968113620154
0.6536655106149545
0.4887315390721811
1.6070533066199104
1.6789245219382969
0.009203731279655866
0.7840601158339532
0.9510402459822304
2.13258806058626
0.923878981661705
0.213851973837021
1.2598621922953446
0.09859054524351438
2.3439637381909657
0.013410419257317285
1.4008560625820323
0.09414122428925434
1.1305818107118641
0.44518553384010195
1.9479885840701907
1.465871677593215
0.22374976353318274
0.3251687388632539
2.667408032377015
1.1657235184717596
0.06602484457268172
0.8765169274618019
1.3132043928443446
2.1316324895252974
0.2688263704564078
0.24886081263812096
2.6338690125219357
0.28597960262193417
1.4897938893998186
0.5069142544279469
0.6316817895321103
0.17848966898093396
1.145494941154118
1.6764645465212424
0.4182809397184693
1.1879530320217375
1.917691340705488
0.40151126989284774
0.9446366646114136
1.2675928272791805
1.5855380391661977
0.15010682546557585
0.18929102869863848
1.6795533121024664
0.6814307977013421
1.090802199916244
0.41687169743146396
2.5094003804183926
0.7858478135483513
0.03675936968967191
1.34966841250005
1.510794311004107
1.0386994171690627
1.365644765097265
0.23845997154198903
0.5319559441050666
0.6746325141032941
1.1152133148598655
1.153213616753678
1.3080555639263463
0.10222226390879648
1.9422425034945576
0.28491570188405946
1.8091635628132783
0.921737359760034
0.02149393335069021
2.1036172151798214
0.12860433717852968
0.12212760622012482
2.4895655329041935
1.229521087649205
0.5332400381870012
0.9672159899203527
1.3049054626650252
0.934466870015851
0.7815116743292171
1.9495545872635467
0.49707907022836206
0.1604162158748481
1.6336936690046484
1.6955301539247671
0.30512644223868074
1.4104228976834121
1.3151485812567765
0.5407148972726467
0.954655804480684
0.5064212985726337
2.1958330519564413
0.8836668426758559
0.13879226921255478
1.8437275202448904
0.9313468231327674
0.953159034438724
0.5395905477208686
0.8191516323791214
2.5088495669934585
0.2856704320573454
0.6273715824900153
1.8962426670234165
1.12068216357745
0.5499385131144466
0.5635647903076518
1.3367483317195863
0.4598762179663767
1.0448351346114657
2.2371239375094945
0.2927199989086769
0.7642715497483711
2.122231328382217
0.3447922529852676
1.4255618170142632
0.5348225858266369
0.4443891831046206
0.729653855911261
1.214122764889891
2.5441324785240274
0.16310306852862733
0.14244761785066196
1.262928697051753
2.5194019880934406
0.488211340715878
0.5404956567399775
1.0039666194798458
0.5884810363667666
2.5027419371919937
0.588567242090599
0.24856885596204026
1.5254973363126678
0.9983005177031855
0.31956028487888655
2.4151362679202206
0.15678023500273103
0.7649394376674714
1.267247349701862
0.8397341062421502
1.1151152727413145
2.2002197619308923
0.24255667718503113
0.2271606632576164
1.5759558952428543
0.964697674787395
1.4389974038925908
0.7369152484198516
0.24017613228008144
1.198954407552065
1.7739462842529112
1.0167004104576267
0.47573001093466294
2.038978109283045
0.13436850342163256
0.6471609448965363
0.5395238963374019
2.029972571693095
0.5308554436063407
0.8327960063686956
1.013018867977485
1.1826923518907548
0.9600942761669854
1.5904125053924136
0.19182318984841942
1.1432876142495445
1.047772490356702
1.0315107622109194
1.6614101331602733
0.029372437346703372
1.3787149323778645
0.3583795678314106
0.9774007483207909
1.0172416458608495
1.4112677010145918
0.7393051244410239
1.1139867820686735
0.6905024525041724
1.3750394310569938
1.2437824536040896
0.4823718750009731
1.0153344876341572
1.8468351518270443
0.7400813191000287
0.3038836458964981
1.3351056462605153
1.061580720915985
1.522775548585578
0.8794208813196591
0.15644112113245293
1.2021783525612955
0.9143800840380133
1.8273972850641913
0.39293506106770476
1.0797609863168471
0.3622280350284586
1.7997583150346523
1.1299776541485673
0.09265955691702059
1.3260596143241936
2.1965369999745765
0.8692982671269552
0.34146997545375146
0.20301300084544954
0.8890557129887993
1.558302125300077
1.5667280841462645
0.9001423055982471
0.1799679642518852
1.4422712755553253
0.6515559187779079
1.43523131086234
1.0043958912485074
1.12494593216018
0.5886622075367974
0.11988524179001299
1.6039946181679383
0.3268286923289262
1.5776768337236085
1.9647850856904863
0.07839767208816593
1.4040141577545955
0.6388182809199341
0.5223894498958415
1.7770261134800325
1.2419131179866598
0.38065559891073897
0.5424920069202872
0.7698894371393983
1.8212914162614942
1.1283781987553274
0.7409976176405263
1.2058725288167345
1.29077430588932
0.2625686306787863
0.7180499532525367
2.073572010743096
0.5805659167037482
0.3608352396733963
1.9179198492058571
1.6674962622418046
0.2903213188307845
0.6951977649147946
0.47613095880888195
2.363999414852704
0.12526091081211918
1.217731258292146
0.877082447060347
1.4654470723350561
0.9452035808448135
0.5183524058637264
0.10598068145653339
1.4763529315586559
2.185545381147374
0.7200572316741967
0.1999255345066279
1.0741676097509154
1.7279119579974564
0.7580060268344262
1.2152965040733619
0.5701164323610168
1.0282034995102787
1.6221287177768278
1.199122015925207
0.24251734998105418
0.2065904185247284
2.555104659126558
1.112697604103111
0.34208125680373325
0.6718138914385353
1.0424361890652278
1.9690169936045256
0.5157231660881735
1.3817539196004351
0.7773353098352603
0.19567173775742355
1.2797514714420515
0.8541569820432173
0.3655442812536195
1.3241880425952584
0.4151457799780257
1.9531165541635083
1.489732378613533
0.271336400290079
0.9352958110189307
1.3629327071495347
0.18651321027512546
1.7578589261358588
0.48218961371705743
1.4109508397990786
0.5183833765184215
0.5712270103183772
2.248346410664988
0.7926176363218483
0.366349192459969
1.1442770974524776
2.317723898072589
0.3032523873503649
0.887950232656767
1.2913724390933075
0.43328575027890043
1.5414013800283883
0.8527430782255224
0.05506730218475471
2.040785851183166
2.155645844133702
0.2634246785442911
0.07929891387869727
3.435302088263428
0.1400679896254819
0.5337186553741919
2.6238066379859784
0.26444663106538513
0.9184351077764682
0.5178204169333216
0.607374904671588
1.0598606737289429
1.1159650786942912
1.8202768443504376
0.5177776121959197
0.9803854792370101
1.3261027740642113
0.1671077601239018
1.3164846162916604
0.2192441492241993
0.873878394391289
2.747037159486792
0.46565441792660356
0.42099498181062855
0.8736652744553738
1.5965214530734444
1.5941049112866326
0.6814301578242871
0.27387441498031845
1.3805086412658585
0.47977477924398365
0.553369674238735
1.1358811246536276
2.77212198243514
0.17327161462201174
0.19645292912839238
1.685582293540184
1.277794778953395
1.030589678512585
1.5087455777057392
0.01844348637621334
0.9932708450997216
1.5153461750349702
0.23900804778729237
0.3081608291595624
3.311035472413699
0.9121326808209264
0.07474403500286053
1.3946408002229513
1.3294832992027947
0.5373634752711423
0.9839087527652854
1.0913753170233766
1.8439874248418915
0.3743728306102045
0.49858870506772646
0.4521573388965266
2.080380167098212
1.7891312156793446
0.41231320294990265
0.13297119958863568
0.7351996557911877
1.474938378869825
1.1654202561343885
0.445775227896134
2.0049265381683985
0.515467006771642
0.4692124318342012
2.466554020384745
0.6661152599557566
0.5639331588812482
2.2567414453459778
0.44018069390934084
0.05824029763051142
0.043018084381446685
0.8010996917285388
3.281441362204605
0.2971897508819241
0.4987270097369925
0.6555117130052325
2.2584191210588003
0.2860488736656806
0.8118990921990491
2.4554257184296104
0.5497923587509234
0.24951074651662222
0.28487294917950107
2.9876872156783443
1.1750990954427842
0.24007265776253975
0.5083225155665045
1.0240571186844427
1.6167150674053636
0.4429034609920404
0.7930656114676153
2.564498932656967
0.6673019910435591
0.08888684079077128
1.2884282318337945
1.819430531524314
0.941962824777552
1.195840811660245
0.23340760010744638
0.015559005015772204
1.2542496168287038
1.8104293575084875
1.2705701967788512
0.5958418422257117
0.2158235496245028
2.729124018017893
0.3962788304994534
0.5232235350355703
2.8146434538704472
0.2574092272910595
0.23396668029392198
0.6825234773014038
0.888615533173937
2.3903757210299807
0.9748889654393837
0.2236446429502994
0.6146952698350202
1.6753864748104632
0.24972200351113144
1.9581988497236928
1.2746362086329617
0.26373970931532004
0.16133111928238034
3.544980008640979
0.08919755722194368
0.8414978309794329
0.7170103923379422
0.3943357111397109
0.9059445887528305
0.20454970745107856
3.3287037567055004
0.36857140921067694
0.10364583700329233
2.413993667093403
1.6444379502172066
0.1531031551877246
0.41293374227519763
3.01797222327085
0.07715834861146052
0.4181216634516267
3.8529988008149254
0.4700221822047175
0.005514050218165441
0.8446950696713845
1.2147281739129974
0.43768390193720785
0.7972199388851948
3.4369993925679485
0.04165677105622525
0.0981286408831879
3.3329766308980853
0.8169014088026666
0.3484446721217732
1.3959994752848732
0.29346739960243584
0.6879691904415711
3.546639436077688
0.2830028131613967
0.027715785202297474
0.5543006664310397
1.1160742995053066
0.7365027491318007
1.0450761500116623
2.5493898809078868
0.266552992709383
0.12380614949102363
2.6227991515372855
0.9023046820014375
0.9356528100155093
0.28855706965725664
0.36834518308798364
1.1100081287846864
3.190688200279772
0.041596517289434136
0.2616931979710584
0.8307830936521113
0.9646584765254254
1.3010667399736289
1.7845541959121025
0.6828722021635673
0.24027101035457787
0.4792848190393143
2.876786676103433
1.075079993539495
0.19084468125099652
0.19687712430851367
1.593830320452033
2.8610614402684367
0.11069972525647565
0.19813430681271024
0.6249460592968029
1.352628256850101
1.4763969176634852
1.178102080925252
0.589206255538067
0.37857282221757127
2.087943694088595
1.68857243241209
0.2829347235955124
0.0064583134787469625
2.012648012549332
0.5831998566014701
1.8265253229604341
0.517936996630117
0.4107625150249295
0.8233175137098645
1.9958939335292478
0.9645965185620812
0.7589426955177552
0.5591622013231151
0.607710167545283
3.306346282154249
0.09759462432578743
0.06175886565477223
2.039448561772321
2.1329932421014943
0.5793169981070793
0.15481934268834405
0.2698149419481709
3.14655357032796
1.0740371313801924
0.0755954136670091
0.6757789879350105
0.7965090692108441
2.84819373919971
0.4252865499887629
0.05144863212435831
2.1521390896193506
1.4978249970850477
0.6036692927273655
0.6974891777005008
0.3784768458578907
1.901215620729177
1.3531649752996076
0.5108587134294393
0.6412739289559268
1.7577917631631952
1.4321487827587371
0.0382013095426203
1.270021892242234
0.3400922000023959
2.21638499336708
0.7395443354038967
0.3090862093660267
1.1179119632730297
2.1799497392528253
0.6405046635608969
0.46090620928971304
0.2847930105677392
2.920553218040921
0.041545635374617064
0.7927743202704725
2.7124205772348575
0.5834816832732612
0.3666304284289058
0.08367637378705364
2.9831359360395133
0.7312966108928287
0.3865747428674242
0.23675479434713917
3.6841190737059764
0.025055425518707975
0.276200217658956
3.55787545554102
0.4518605166752803
0.2182681722294959
0.847169842619983
3.1349048792526357
0.16202909952037325
0.2631212092129723
3.4499108773814444
0.48472934854338695
0.12609773516356051
1.6152337773167358
2.1910083473789665
0.057757884358824015
0.9368975389429982
2.3612839479330585
0.42007802781884673
0.5475252831583545
1.483086966650597
1.1423757315143792
0.3266114500118797
2.1474906334083745
0.49823948143907953
0.8503790464366191
1.0649351424190865
1.5343957989989176
0.3929053207079682
0.38991892815820783
1.962884685931166
0.5977288855457564
1.3663745628105455
1.160380845655891
0.6995542068479488
0.35341938540176804
1.54799993253944
0.870721320811951
1.234034335787541
0.9799345473135025
0.8520302931742041
1.2698836861462295
0.4403752329541528
1.1619322226200584
1.179614623999923
1.0363012552324862
0.856607618690495
1.2900653531588722
0.03648868842806714
1.9317548585683364
1.1888789118041012
0.5347836909235317
1.6670818577179771
0.09865238348132709
0.8784139401655622
0.9070049257384079
1.7325227279749364
1.3661566014915398
0.0625101955747245
1.129321657773176
0.5970261466961586
1.3761609188685329
1.3803454283955205
1.1890457073899052
0.4940930134539905
0.26431795179790873
1.389654096724028
1.4028910341078793
1.045753528014901
0.7562847926482074
0.8685709628570965
1.2580743422087792
1.1941211538146759
0.8508691723124429
0.5132852042950907
1.4815213045878608
1.1733285673631948
0.7240515028409812
0.5731351030481063
2.026691535852271
0.9386380278358402
0.5381511299220537
0.3921209679185553
2.516565793350643
0.5243641760667697
0.37222126205377853
2.846224978614137
0.3998795990636231
0.23309009178846787
1.9320413189828205
0.30466654625673417
