0.9033466352871836
0.8494553193487139
0.8525534912199406
1.1348643904677758
1.2938141299927648
1.001091027585872
0.21196848468514903
1.270087288658601
1.657607346181354
0.971386613348902
0.39139016859627274
1.5294065744607173
0.08914789025298894
1.7028561227098558
1.1911856101238323
0.5117322362545627
1.4845243873000835
0.21973952063670776
1.8215478692793403
0.10529157107732165
1.1267485647827056
0.9408653036567707
1.3969581073660113
0.3260028135557516
1.8857920988469405
0.04061847493268819
1.4254912379173599
0.9684112305932007
0.2796616107678594
1.625911839042779
0.5092047812951005
1.9316842951571216
0.03189154502465591
1.2205603953961146
1.272460301422797
0.27795585002865053
2.326678939465077
0.3068333765868826
0.37952040670420795
2.8302724887268464
0.11240167219583905
0.9528098628186097
1.599880375443186
0.2606186144827803
2.001977384545152
0.47452863751034563
0.4184564511075402
3.13680311262258
0.22329678509764
0.2145951489215016
1.124231855593435
1.9642360824031926
0.24664170734266053
1.6937468925282981
0.6384033168948343
0.4608690309889966
2.889160555968295
0.17574168352484495
0.3334611994577062
0.6239538999851942
3.069072729605342
0.30524823974222554
0.2558864653038668
2.2107456387857742
0.8117795494740894
0.5193624198940405
2.6316458652349715
0.13276313005837387
0.45737142960928884
0.0016520678389413648
3.428567853156729
0.4073723689991695
0.234149655760471
2.2294903854236696
1.6040068910147656
0.016803545740944947
0.8074771943082937
3.536255395554788
0.08822500125298798
0.17283919076860632
0.6511947859632735
3.151681015156818
0.49471715780155884
0.241477127003691
1.813249895281797
1.7728778586909646
0.07659976512362207
0.9124184485853698
3.32932769899242
0.1558554912936023
0.08719070305137881
0.5128570621185666
0.6595829303889175
2.834868300356556
0.6616475396378746
0.2620549926883213
1.3715221471368166
2.5110629345883386
0.23175773772694228
0.03478000004250522
1.4782662853838056
2.5431859193875677
0.7132271759946821
0.10750938073611349
0.40413290907006016
0.9228515643280648
2.595206563730111
0.9888871486114058
0.17139239669101275
0.29591663038500854
1.1569354659258364
2.2870749046428096
0.35158902369858275
0.9796583347533442
0.6007119164765595
1.5481004773265
1.6759185952868116
0.18573525712401465
0.26805395870626303
1.239421924005215
2.2657376043037605
1.1257778356323764
0.05858038277731289
0.959986154125633
0.1484371201834893
0.570308338669997
2.3434004468387153
0.4980278936112983
1.6760917568397724
0.22992517784949976
0.28897763928922493
0.7195337967539341
3.065801679420421
0.3464484304528861
0.10096136629521152
1.6618448464646922
1.797068110890796
1.0709877584909828
0.3581862426883143
0.970138395436192
0.13800762116810839
1.0728728687644262
1.6527502913883156
0.6741563692432702
1.88029725390404
0.417353178944516
0.22243021932644488
0.8410010219240912
2.758205498120755
0.43050921660928115
0.13297922638761775
3.3105078761384594
0.7635133683347411
0.04451277573805534
1.1855143763284324
2.2273570426808216
0.7729721527307687
0.3548625598217637
1.0256526515716546
1.714715711166574
0.5859243689861269
0.9653292423003298
2.180347497727735
0.258293348203217
0.3182373994116461
2.292229033991496
1.0527953260372538
0.4138867551835756
0.534853127752059
3.073976194167228
0.15613177013676482
0.5998368242283533
1.2731778139111138
1.2254051340470193
1.0455765974189175
0.1541449400687499
2.0269857482294498
1.4435257693769468
0.10867730666887267
1.4855367739616703
0.3969794632710277
1.6860273343330634
0.09538517999548812
0.7204586042108125
3.10122551997265
0.4599455053730847
0.33015027836350225
1.1234519699468413
0.08317603621304676
3.183833969445567
0.25637139242705737
0.2036780021764592
2.8076804296510725
0.7678457044523594
0.3835767479686521
0.39428406780844355
3.526419004924181
0.10117760881434996
0.2903012055138781
1.4744819653214833
1.1855036081550163
0.8484763949180965
0.36683765005342184
1.1486620686185793
1.766120245869116
0.9410881062411529
0.7661394413224684
0.8033776555169493
2.076629730249341
0.2786599135676252
0.4774738794017335
0.7113885957168995
0.9927956926018692
1.8580545669910888
1.0101879764725012
1.0168490741144343
0.02622338607779806
0.2818130826967365
2.180148205623457
0.16094767067079394
2.1183570404128376
0.058768236436485426
0.8356288688777944
0.34166476522956557
1.351616776891125
1.190564699361755
1.2801331748885663
0.384972549413896
1.8091363209546172
1.3280162983521848
0.10500709065411726
0.4264560474783302
2.598546582184192
0.7231694824795283
0.4521124635126396
0.8452309894522544
2.220296425441905
0.3918807122098036
1.087843825122575
0.9998823003052751
0.6457173095562992
0.37106518554548723
1.876812678779815
2.0033371704977245
0.11140911356951166
0.8873944153084309
1.1057055851704671
0.6498301686126772
0.6948155829943988
0.7619288300526817
1.5607754069476965
1.1094515659427175
1.2720916446313069
0.32246935941880717
1.8046475319023851
0.18072346300257994
0.4560656463336617
1.6697558952388003
0.36362164134098246
0.8638872260682723
2.2083241730599554
0.5737395140157397
0.5246196138332981
2.284137086858884
0.7040329865009451
0.0037598803929553724
2.9381704141704246
0.9196117797164134
0.33350159328577145
0.4451656729930037
2.1723880741790014
0.9448679779580935
0.7634072962995543
0.3251517556620197
1.0681114784742773
0.9388137208465531
1.4070226740718708
0.2591534389114658
2.1437989252082446
1.021435627931551
0.4268535021661838
0.8192406477963154
0.8442164482921107
0.7928009037950108
0.6427168189642949
2.271263018875088
0.6736881205029496
0.4668457875146039
0.20578012646243007
1.949862340036096
1.4415717148615608
0.23532261540884888
2.0871591808869763
0.46756868276452374
0.6428520268212524
1.134228133728021
0.6366347714638575
1.6468865770546135
0.9118359431180673
0.8585645735614114
0.7948311454748852
1.1539211585104616
0.8997473672860321
1.535845975368552
0.3771807502651843
0.7583196609856537
2.595720493018224
0.6527920225510043
0.3763367000709783
0.1721634423985725
1.2997059113384104
0.2422731102602233
2.5979125512934043
0.45083099850738584
0.4889428725631674
1.5240137454933875
1.2401217001817284
0.419448812203293
1.2794598742337726
0.9110921720169315
0.9713265052089765
1.2517972741105652
0.6969371941859267
1.3378979362553627
1.6501329764950858
0.34415174014997363
0.12074054354104496
3.918681546876576
0.09688653881301318
0.11588644030391859
1.2015339924239614
0.9244301538214633
0.9696988662918978
1.8197903246868024
0.09735801338471002
1.8498581016968176
0.4620963472432098
0.3820053685760336
2.6665268959774555
0.9182325444899033
0.12337165459286455
1.2578217350804712
1.1893358888442744
1.4445557119301538
1.2351793796818313
0.34289076270298985
0.017401854649309108
0.6816006493202137
0.9834606473229159
1.401505621534981
1.7356309257460851
0.7414881171265055
0.23414247048922038
0.7634432618325043
2.586837631176893
0.8751058746034801
0.4088729043032268
0.30945474585046584
1.9976743763328053
0.6401702955146872
0.3933111694963591
0.8495130555987604
1.6825886644352557
1.0703474472090466
0.6610138114130812
1.7027299624980323
0.9280479847754618
0.21888775057334897
1.5938475750473469
0.4955156565838398
1.576504162450458
1.0589744718214167
0.05762175260966486
2.067123973151595
1.9931984517770913
0.026812884140205256
0.57950264289067
1.2842454406508177
0.7267472209342971
1.2137570730477285
1.6101031058439257
1.0232712505579509
0.09505267790237913
1.2762300165835232
1.2469140138352501
0.9895879046903029
1.7381954718069845
0.40688920520847954
0.4586364657632991
0.35615165401704907
1.030470098277847
1.0954613677410345
0.8523049331840964
1.035177012491999
2.0000514775382014
0.82522551735657
0.21975768474337737
1.3087510790265922
0.6170220461126799
0.5311942349285802
1.419404212479124
0.2510148357989119
1.9944407749856674
1.2995076675571482
0.319857513351627
1.2346343892473488
1.4736072824449784
0.4199137125392528
1.3230774760442994
0.5816473312896109
0.8945515116984318
1.042309410970453
2.3837547582907535
0.1720086912964625
0.24941660550951122
1.8949549304050384
0.5235179362027925
0.8279599013209203
1.5734843568688872
1.0204259153384858
0.8555382873615848
1.0139931743946764
1.536906784485783
0.5384433031034958
0.6291424373681935
1.5930917449521023
1.652144019380914
0.061434851239496976
0.44679334341355287
1.5691665262934302
0.6194764013533001
1.8717774203772426
0.3285205593084676
1.0973138062388743
0.6930275729440842
1.2795253192814824
0.4908703854827936
1.7870534011365096
0.9220236420787368
0.9197341250511204
0.29140841434847664
0.6856498522438578
1.8289142853171934
0.47080537814212386
1.3798423943949876
1.3869349685625731
0.19694889826757608
1.1835335478844835
1.0422769403788419
1.7366781182057907
0.7038611752045489
0.3041398953574358
1.3275919280859119
1.3544104304102056
0.8369875512898863
1.1331473798661316
1.0931401380247694
0.6805188283026357
0.7720764930056194
0.7966993570538236
1.081035140412506
1.4234597639213786
1.4394108584809222
0.35510677846266836
0.31257892581698765
1.8700776952092377
1.5555438996662942
0.6007041409371106
0.9875454064622049
0.6725789112919796
1.4417985251676284
0.9355798895235595
1.0824164416854316
0.38889016069995624
0.7640567099618992
1.6731308846195088
0.894422379236818
0.44482832248875925
1.2370823278432397
0.8082936052522534
1.803875257558472
1.1716419456833798
0.3959678896704296
0.26310856084588485
0.7946741648740079
0.9422849919445777
1.6585930671137736
1.2210408012389158
0.5654671224145058
0.9568966302284365
0.7297057306496695
1.2823988837557858
1.032577498782231
0.5778596189728994
1.6040903977533194
1.3528830777155574
0.6523774069271858
0.5073491816979294
1.8560914370578072
0.42121403983796674
1.1988105372743307
1.1357403063495073
0.18124431320883663
2.6331109185901282
0.5059616269876783
0.18627457626995952
0.6673588809184587
0.5278279031883366
1.6394079153131724
1.1935836134059699
1.135358713623982
0.7324023793618127
0.7357029946103262
2.1212113008119853
0.4922366634908358
0.1878470724168398
0.8495145228811848
2.058807021066639
0.4199157392399956
1.5342144559964515
0.5450255426251385
0.5892532348707148
1.940652356487816
0.8359156214196005
0.7529365237568294
0.9844271989959789
1.9428494747079892
0.32034394243506153
0.5993347840757605
0.05387530431611109
2.366865155871222
1.1042352880662603
0.7033173605130993
0.7254127842907935
0.23702750484388463
1.9453652131391077
1.1797323892630585
0.9542572824542741
0.7958112803935696
1.277599709819711
0.3909427773363849
0.17840147143571655
2.2946499894316634
1.5097746037823583
0.39308778162012453
0.6593698792563362
2.141924031324502
0.8016649902367193
0.2051562992668129
1.45007623995743
1.1544818231685545
1.2401341533197947
1.0263885132931037
0.534760517529162
1.552235304722461
0.6100201701437634
0.5439935755192276
0.8795127932141259
0.9854274010536188
0.9542696532123438
2.2555359451168773
0.14885888468437194
0.6938161086532495
2.657979502084369
0.24158721671165026
0.5554212878739835
0.190365737860176
2.6100954379771353
0.45386247098023064
0.41526817890559525
2.421665202155422
0.9865328047343547
0.2652705102765634
1.1916458818928939
1.5626516282040697
0.2502541784602613
2.1408797842184715
1.1805362506490302
0.062468215246849874
0.3035943766644694
0.8267895815385261
1.8077977485583612
0.9679614654317904
0.794631921113019
0.7057980921225518
1.7389196167636167
1.0771287116685757
0.40972308251633355
1.2098545817410027
1.3206603145875577
1.0663498782329401
0.925179217739694
0.2192760233409564
1.3754836520307745
1.368595606780599
0.9473120136736733
0.8271084248942456
1.8053450512642926
0.39588647102543373
0.1329707810629972
1.4430853427533565
2.489162007761092
0.5995315929943236
0.032168734018434675
2.015173505820686
1.2729860883678463
0.12577458688816429
2.209831612388771
0.31936889688132014
0.8351226166191489
1.6984786156673946
0.6862096623678278
0.9712888838417552
1.0277264982787366
1.4694517239044618
0.344784135524136
0.5812312719367226
0.6888811453959576
2.5287779114847475
1.190572793750057
0.015106304693007595
0.7107523107047201
1.0426031890791176
1.495084669843265
1.7517269548950596
0.08610868938459407
0.8469886151587802
0.6999044717613545
0.833228470363333
1.8845002342635617
0.8746305129235421
0.1431969502984324
2.0026621328032603
1.6658920931063783
0.04653656508881762
1.2038939895651473
1.9271372830631233
0.8505331777445491
0.21818883338191974
1.3058390571608878
1.852567130573209
1.0718148124346636
0.20914161909561396
0.6241583534707779
1.0347834172915733
1.4315259959068491
1.25973534323516
0.3741149016359358
1.4455917219432128
1.6084187086445483
0.17263498837545008
0.8998775271399121
2.491591899089604
0.2664025189915489
0.7596566061391005
1.6993441998606513
0.8801152148184456
0.5388831783910548
1.5927967515963795
0.6358272184045924
1.223316376651487
1.89437986428508
0.09077258266970108
0.4685712734920779
1.1849633662569774
0.681275759842841
1.6808677184725849
1.0280537577133018
1.1484069600668283
0.22220523999542763
1.6139353984182843
0.44573129656724725
0.554711393717864
1.7582771956353527
0.9031945474370657
1.2057738182280304
0.35427967924231685
1.0479230983255714
1.6284031283457854
0.1305705978382458
1.4852203946982518
0.6969770870344494
1.6834055787698652
0.8182713971312193
0.6024876177467142
0.3719765236804395
2.0044460089930403
1.175113926677835
0.6991272830873478
1.2203261926395546
0.3743766469662631
0.29641861626484844
1.3861224981962559
1.1519814494951661
1.2375013011219107
1.3197585199758777
0.5499695314650898
0.9149060166916314
0.7791103688768857
1.3262642962669313
0.7021709978722627
0.6791358718805499
1.3780560422088628
0.8552297440895649
1.0480521642359595
1.305838189409253
1.0400763896771763
0.6842684759758471
0.8261349267455037
1.4417689654177293
1.0425890845177954
0.5535564277061095
1.3600385973055809
0.6097714241486336
1.7834549274786153
0.1095737892719635
0.927184291428036
1.9212443762910494
0.9509979777637968
0.9005436480757154
0.0834432280531274
1.096947537946002
1.422868787565707
1.407439591607103
0.23991778308503597
1.823583831740452
0.3974745950224791
0.8892356708001316
1.035865698675102
0.845046337744624
1.8894249388473092
0.22616760594096566
1.3411205437346734
0.4859912801795682
0.48805622150775346
2.233666640417784
0.42366863894601015
0.814387556732385
1.2839246921503717
1.774198869273499
0.40770481134860453
0.6697254347870129
0.640851061230062
1.788716608597517
1.5356159569168266
0.327360157993455
0.2457030763001975
3.284138081689063
0.6249967505917909
0.15113015259762363
1.8923637115790592
0.16786556634265457
0.8463196272075338
0.8574327353555482
1.3757572108987985
0.7089285627474182
1.3416303761374908
1.4069762115272095
0.7678003127632044
0.4993277370409294
1.4259110066701155
0.316580968484049
1.5253996749624021
1.0439374495110074
1.307923594398045
0.09521581262256393
1.266289716187373
0.8799460144854852
0.6864543154881934
0.9447844772141947
1.7283436048331453
1.1284680437641923
0.2681320979580292
1.4529669904550964
0.6204826118771335
1.2528975719320024
1.0439181797860062
0.39286349437059714
1.2789385990913034
1.1207393797497194
1.5870805630726295
0.929906327375293
0.22499184751789872
0.9157398409806145
0.9383494892517419
1.0501251317313989
1.9100086658406856
0.18922402961028853
1.2095811725569459
1.0103674511325202
0.5680368014719247
1.9574354670475804
0.5301081036897167
0.47381040981875977
1.234659244467743
1.1244158201718675
1.3246674159179275
1.215319106940128
0.4880116083198622
1.0933785905618214
0.2868981756084862
1.4234727142970145
0.854212302648923
0.5440193199790768
2.0746253139067923
0.7713484080840562
0.7780480059009282
1.266223224491866
0.4997182792258479
1.797385668450369
0.8045303192820069
0.10083269394471849
0.646903729341173
2.247487276789961
1.4390064000095466
0.30092869636599406
1.262347971514767
0.7127989419652231
0.41432513948607064
1.6189124879148356
0.7415881582379407
1.0307113887022998
2.0822324578047753
0.007290345984743889
0.8202752457655165
1.5302569594601207
0.8226855605423724
1.4198286040054844
1.2438647878758775
0.04161373627358288
0.9303459038079411
2.5934378177529105
0.658506754008838
0.5209304565136226
0.7769085553599021
1.2481162863080444
1.3200467967006708
0.6549239726337839
1.1441067519926218
0.1023178926994681
2.0455560402026047
1.5422215806241044
0.30931190771656275
0.7686163664667182
0.8939371991359856
1.7039238789771713
0.15804570227294
1.444730442997997
0.9641820186137546
1.3400571208654761
0.6146309250494414
0.31047893559832584
3.1873158641360546
0.04235053382403466
0.43194618209790886
0.18483110145607454
1.7385678503996387
1.3633558282398088
0.6114048646373119
1.492712985473755
1.1155106279617788
0.5876803892106979
0.3282662103587556
1.2486583398303575
2.594127899204718
0.37854002961305344
0.20765850760632268
3.026314174166314
0.05538685711028587
0.42899861373903014
0.9704024223850203
1.1984152857916814
1.9607849733445029
0.8324550336241173
0.08874537768627211
1.2615473187669903
1.7460922024143055
0.11155948335744817
1.2663027582004038
2.7812316457609447
0.11000996114337498
0.49235536102211513
1.4380029691289793
0.8056274863231137
0.711534993220813
1.5551606947984593
0.910337913393903
0.8050411002724663
1.189537414052763
0.6470104264409732
1.1996814126474973
1.5372945031018657
0.22216684357016678
1.7088488102672015
1.1667906055369879
0.6010714750445474
1.0492148741903258
0.4553587923245197
0.5041477008636246
1.7538240845532258
1.2198041095219574
0.7267340273266628
0.9463348728488579
1.3250438896393306
1.2351592746372975
0.3139499449260712
1.6227566798404471
0.12662613204754086
1.6653084773470377
0.8365962223235498
0.4710882854080243
0.7117455391973586
1.7405694619253693
0.8847507691131142
0.7375777923353869
1.9393602362867917
0.7069790700909915
0.4743366643731358
0.15399842037144285
2.9617272603438023
0.5967536516936724
0.3300196488393548
1.8286808860615524
0.8097592998535248
0.7126744932597395
1.5501345457008149
1.2094611752881843
0.5512803283575239
0.476715548066112
1.6402366668864863
1.420912533883112
0.7944121837167641
0.8169741147905845
1.5707603287024954
0.35882518928306156
0.7057477612358846
0.132697485163377
0.7937842379767837
0.3810793064780687
1.961914575710269
0.4871211324912116
1.686708962056847
0.4719568682858593
0.7914182427074427
0.7869264216299274
1.6001970926194118
0.7668431480716876
0.5624761439326746
1.2968751236217961
2.001903532214863
0.6454648441509722
0.48916077725065965
0.0678183032798975
1.3243253957713803
1.1794200715054368
0.9650462915480814
0.951938408181349
1.4053160323782525
1.259792785061846
0.29481325408759484
1.34199111166666
0.9900703949017763
0.404095519654425
2.127010953160706
0.6123763675346112
0.27191816644349875
2.241951344464579
0.6619600517414559
1.0076631472879523
1.1111971517944088
0.8078081382112441
0.8246051250726127
0.6639869206558777
1.1502434770376326
1.468268380634973
0.9796310610405576
0.6252613691285764
1.7631077679235088
0.8724203758053171
0.48754062594862413
0.19762521095037014
1.8869095677402357
0.3868403707499574
1.3979583363974963
1.2023515858342577
0.5345038485419424
1.1356040659345539
1.000218912881364
1.429905897374629
1.298337250776167
0.1581280211880719
1.2843346285842847
0.2081909105978068
1.0875880071427175
0.5738679313211563
1.3079212898929655
1.6401178146170134
0.9266988579771145
0.9748154190018136
0.30248078131918754
0.042642745075617175
3.074363578255103
0.13371263585564605
0.8530295272828877
0.43774321316116543
2.4699972695588537
0.9659912570170464
0.13916734141133455
0.24387266406077168
2.6285213869777344
1.288636444111946
0.36669118928499833
0.603065601968553
2.21689643613479
0.8727705034536244
0.16938292349855041
2.499220210902913
0.2465831806212222
0.48885960042661014
2.778956505405639
0.2535252858871657
0.6987200676510822
2.178917747266383
0.7419978259221925
0.23906207106446786
1.7671552169904154
1.4083751217576337
0.3651934796463325
1.0588461208192954
0.9285415163601837
1.6334203260191449
0.8388225751206604
0.3133667694863715
2.5224020441601005
0.6962169743141717
0.20695160285527434
0.47846692634095306
2.1004035697506844
1.7509154720767623
0.3915093388517732
0.246360416993714
1.0595701039200438
0.3401642555536092
2.5256324130183208
0.35052898489446827
0.7562630559715445
0.9469854191877248
1.3039300372845173
1.2141834344271187
1.174781838787687
0.11577820403051303
1.357376096639091
0.8786310802724359
0.4067608858358243
1.7316696152790179
0.9519113130103379
1.1843480042615089
0.7074518067953829
0.8215998077227658
2.244206102862988
0.6227944276927907
0.028251290782334036
0.3623628300462969
1.2368745537368506
0.6199804573175731
0.7034284678713307
2.5638715410018107
0.5498029972643268
0.4493590240693934
2.0477908779440304
0.336872629961799
0.8414615887003297
1.319465371592278
1.0016371257841137
1.32229928534709
0.8270177497314836
0.5259957982239909
1.7054920889619383
0.2760622089058864
1.5846612469547696
1.689098364174985
0.00789120656030086
0.8259709557455097
1.0951476426093452
0.948339279328488
0.5749369765630873
1.7566970800388304
1.4378933715098867
0.8340061514437376
0.06528297434011932
1.0622388162137235
2.1364815924687948
0.8054704173796395
0.06766863648303918
1.0149862444343414
2.7379606252479722
0.5143478349071552
0.8181710048627429
0.1840284401088486
0.36938637793600715
1.1875110318761315
1.3057458463778762
1.3255427279215903
0.7853747106383343
1.0524298556915908
0.7342734218422138
1.670235294415861
0.44199021819009865
0.32227152389612085
2.057462586972541
0.9916310591354386
0.9710731459253836
1.2047015038598528
0.1376909632790156
1.6666671832389814
0.2589664193960375
1.274478572390151
1.8780644472302332
0.15814299924259706
0.835327929553922
1.420868364174747
1.3887066962187753
0.42456973290859434
1.1779911728444297
1.9003142653427758
0.5705135094482667
0.8348891454778441
0.11738439037812029
0.7059876681249538
0.712492782245444
2.384044874627284
0.834463099702225
0.45075856768230604
0.9394524594676552
2.169953346990725
0.07506963001914965
0.8765910378815034
1.1701508920634218
1.439578910697598
0.8917699154561572
0.5477091386114947
0.13774487678351652
2.1634980079056976
0.7229267832225457
1.4105925820635343
0.2313126257005222
1.1209868429412881
1.2147483870026832
1.4122552640967958
0.10878315697682002
1.1151753768040167
1.251893076070414
1.093941466653733
0.7219837229899335
1.2639620823293096
1.0646134229360578
0.8693554433003043
0.622289673740785
1.6811722809477123
0.40877768671251763
1.0988590370646851
1.6519961586334826
0.8215454878114454
0.5319498227627113
0.8011564261991849
1.6418402355415982
1.7723231804195112
0.19260897532072002
0.4288931543805866
2.012458855735036
0.7074003639020564
0.7159917329870328
1.6170855066470404
0.6559240521641797
0.7730760878571629
1.7768108999896857
0.7304377601222296
0.9517820264936178
1.1145112280089406
0.5103147988663125
1.6298065858185014
0.7243703441557691
1.0222297737505828
0.1934103148661807
2.3849506620242935
0.7656770500099549
0.1430654117527465
1.9104252179329924
1.0390885569773582
0.5634385740984033
1.0627324205834217
1.769755974845721
0.2844331438073811
1.188224081275046
1.191202574081706
0.8001033955820136
1.5757541799704011
1.0424752664173753
0.38831985374833466
0.3091214439475022
1.6973192854824701
0.5682029105108536
1.2989883612194884
0.28816505501027395
1.6562637484010811
1.073373930465955
1.1084953021544262
0.6542386630110574
1.1610596917020952
0.09341474206999181
1.9758018662136032
0.044006229296105065
1.1820259374971223
1.589025400353582
0.19537797038803487
1.9688423401825172
0.8238849665782492
0.23165830828583664
2.2355620893318346
1.4854963438283533
0.22190410144266554
0.7798102417103446
1.0224255425766138
0.05713138898726713
2.0141562230331678
0.6854825631634295
1.2773208598867283
1.0900698825308983
0.4239495585810526
1.115975153028041
1.346089521462803
1.133433209979791
1.1690974047838902
0.21380426898584673
0.9893898521815123
2.3522652249740754
0.1809635440758907
0.8965502352851114
1.7415951668968954
0.2981508769865369
1.5739836692132736
0.6967427769082305
0.7807885928679011
1.3774037184470003
1.456275513565066
0.4527769306081803
0.5521728725345608
2.356432578442639
0.5745185411755346
0.3257160730478825
2.3064281820448245
1.3178367096040082
0.21752436807421677
1.1000804980584913
0.5263191109771238
0.2750217224457182
2.9220282234832657
0.4395211514032419
0.9698228162418071
0.3815297954620453
0.5600726351224989
2.4645200648011203
0.5264885245740087
0.7743021724172274
0.038356484220655955
2.159340390851401
0.7806847089462183
0.6880693363816531
1.7813192826706272
0.33357110010318125
1.1219482482993308
1.8975457161770366
0.2832984908801339
1.2274510290788092
0.8486588592137084
0.4067445438690626
2.325415405489933
0.914669029962026
0.3803557435945403
0.16888363688829064
2.670133318236749
0.5150908077590147
0.6703038976345554
2.2215254896265213
0.6311556241625668
0.43634559137167256
0.38312943154545004
2.5677142255298193
0.5897653271329167
0.653561944322109
1.57813313805503
0.43999880442528755
1.8807270078688747
0.7836965239340401
0.1432262155217704
0.8135005010384526
0.837657974624636
1.9120204054254437
0.52721637149528
1.398944075178541
0.5825705469826913
0.6113713829025308
1.2475517025936733
0.5107650302301646
1.9541011177283352
0.8888899488749584
0.6205780631933796
0.5333850417626336
2.2007851810103762
0.38191519296561083
1.3903557797978405
0.2909156049852574
0.28850360872190006
1.4565874397758296
1.7179589073435513
0.33980946402770795
0.7990661303661328
1.6472603120399538
0.9757383798152238
1.2403608847389676
0.9811347277192892
0.598676301185765
0.2409597305343406
0.9095814580341506
3.0413507728508615
0.17386627066412505
0.5372611606731157
0.9587926887943191
1.394791587527851
0.39744777018989036
1.641749852331017
0.5692281821797818
0.8916133442314393
2.4143521729106507
0.26332664022407676
0.42151806466039143
0.2577217997146244
2.904014350880878
0.8318505311699724
0.6107754412386361
0.002652992064387774
0.9544203622241735
1.4773250263504003
0.7451506895701335
1.5659917964912278
0.454143056236638
0.7958316055864655
2.4296713979776086
0.3266089455136832
0.864924974288484
0.3958868676778037
1.1917313174804338
1.008313149040411
1.2385394609504345
1.6355915280201423
0.3269137453101194
0.2670644692322824
1.3507059684711846
2.7087921676246935
0.2960074733619146
0.1298921571824676
1.9912666111275397
0.6727695909562289
1.3041121086412728
0.4161330386684989
1.881318682293427
1.043404104238255
0.06390676084540654
1.1369078655653095
0.4227156117339873
1.5771507752038312
0.7342019537242609
0.8935784920080978
1.816531863130748
1.243330219567964
0.08936275655713388
1.0384698745944998
1.4268417244054943
0.6158356186631663
1.349097120884831
0.5566866392322648
1.553014037467316
0.8513865430090357
0.4508738959367526
0.956536955337893
0.9039287887516376
2.6228656150631844
0.20132109944775417
0.17461980864640173
1.4872009197006637
0.867522018544474
1.5220117903166395
1.238671198663119
0.42181934096312546
0.7042875045239754
2.408911209630444
0.41387417208010147
0.27043947979307154
1.8787916039296673
0.3848754383010437
0.9856564578847167
1.8204246034644744
1.19641297154811
0.4493220261875651
0.7307531953036583
1.4015110590905102
1.3946978096344542
0.1671700386125472
1.614946790292058
1.181132027484343
0.10996260440583644
2.241584172822446
0.4264688677565876
0.6213126673529129
1.9897254836592695
0.7115476675910076
0.9775212359503462
1.010522629894082
0.7658315850172392
1.6369662653625072
0.8647803128711264
0.09874097480543635
1.4803217743177184
0.14106968891868019
2.3647181577168515
1.079561261783166
0.14211163392065482
0.8373829518941437
1.7712808721252888
1.2619344337607568
0.6894115169295267
0.9737578524445423
0.8268031496222741
0.6744199988493285
1.773249092407417
0.30024180029198705
1.371472416288386
1.425414223744002
0.5104469481697718
0.2414610091066306
1.2498638483509663
1.5296403143108743
1.4385937654113932
0.20887400325359662
1.901891174217078
0.40900158613060034
0.2485536793758056
0.9931673252758518
1.313717372837904
0.920080744261546
0.47338963958411706
0.6970298179439666
1.898318952427642
1.1887723807170392
0.8055522470980214
0.8230857584806343
1.1756646720252892
0.9033759558199463
0.8041994285429409
1.064510134539577
0.8629830536806622
0.5455336184229668
0.7439864132824578
1.2265237571736056
1.9449834835280877
0.5248094805237631
0.3794685242883286
2.2808277107991253
0.21255863759234023
1.2662973215687605
0.6213138281727341
1.5440734186792169
0.7407001170436569
0.9003708513046459
0.5623710940590647
0.872255432281852
0.6206168101233177
1.6925024767127965
0.7732079362781413
0.7407584878581969
1.7507643238758366
0.8249394089992095
0.9334527926358528
0.6584333469849063
1.0654178379294128
1.5770358965430415
1.0207831003074226
0.5052337548975319
0.10784844740047932
2.1843546255523933
1.0063585897682328
0.7096046540980253
1.0619213566928498
0.03139266193890674
2.3337037737649076
0.49674528093796383
1.3869245124005822
0.5363446596057998
0.4581424420212232
2.235763136297084
0.3685829696075207
0.12598523135801729
1.477354439287795
0.26929472532053694
2.049372041134969
1.0711963632364265
0.7581057408055584
0.634891725145826
1.4280702722838432
0.10790537344442863
1.5808773332602806
0.7319425180016607
1.3376042951075322
0.4478112376080725
0.6447662940378959
2.690684163587686
0.4249681979235276
0.2990131242844702
1.3723756895072028
2.207659784079827
0.19928772414173807
1.2899001021833678
0.9376957580923075
0.1764288715954878
2.100497696002157
0.783609521643095
0.044744536075280394
2.0681676122322714
2.11024052573184
0.2736388220098065
0.1844258908854221
3.283986678360595
0.07623436849820714
0.5867597020359552
2.737719612736741
0.0700369177623508
1.1281553660283967
0.5369894123497486
0.37575083621364475
1.1812455716411008
1.1202619782320178
1.8327929394020623
0.4957175053432715
0.8902773275885457
1.3179144794959146
0.416189928489491
1.2136286594898167
0.08887460280772307
1.0298225149208249
2.5914650564889445
0.5847925273916155
0.3847935875911262
0.8796981892397171
1.6389949187825532
1.4842822128989346
0.8241749664625824
0.1408365861416884
1.1586842982158558
0.727690304719901
0.6217889981345766
1.0243494989736452
2.766885502080789
0.13514418309969467
0.2341251063871193
1.778386156793122
1.3167941556730491
0.8697923040783919
1.5708133053113347
0.1727474875893203
0.7641347094545021
1.6233654422627974
0.18069891308023284
0.3553541046663233
3.4211386381278133
0.8189649219072566
0.04958991554002548
1.571344061355619
1.4404553034839735
0.34563460999130974
0.9791976000608892
1.3316719589834503
1.7672559885487253
0.2185988960647506
0.5534488766169949
0.43624328304720067
2.174928084194037
1.6702156125357193
0.3839988623659959
0.2595993621101505
1.0020485734739013
1.173716589241911
0.7229705388816788
0.9224776724814323
2.0985819109867108
0.3670329461889192
0.5401882874797354
2.621820780224626
0.3921100466044235
0.7107623878926281
2.40971589651913
0.3338868664190647
0.2248007163035608
0.02865304477087864
0.6964569980989814
3.492259298769429
0.12445805739794921
0.5336580536161917
0.7800283075051718
2.3183479339187594
0.13022732414094162
0.8255219620931997
2.7325950855617394
0.465570373138397
0.19530861017713544
0.29584111130726487
3.1764228422894902
0.5523430884045156
0.712380610846281
0.6081886791213196
0.6849978073144011
1.939658168142904
0.26095712474597577
0.7709558526938726
2.838004364096068
0.584268996504913
0.11154234294716682
0.9832492028489683
2.224476528728585
0.7838060819524628
1.1695286866855779
0.1709301523420492
0.12117928454750759
1.1366788159825434
1.6616800652159809
1.5424780465316235
0.5025357324952998
0.2607786612827381
2.6971973170562964
0.5997897116598288
0.3510247421388921
2.5778086585972946
0.6300859955326819
0.1857987497874789
0.5857712128899393
0.3904667369918877
3.0057207235692727
0.8595244490887111
0.2621053357043075
0.44424207558916023
1.81058536105667
0.29959957641714263
1.5625038677215373
1.9265167677483552
0.21378589035620385
0.09710107616166155
3.697986937261151
0.12084161517968484
0.7234346281530144
0.9713659448323682
0.5444728468718658
0.5677687724723527
0.4157409664783145
3.4872150489827383
0.25669165661588794
0.15748381998387492
2.4183154436164758
1.2133808270610191
0.40222413735183227
0.3887317067524272
2.970198753090066
0.12144339651207829
0.32723203338151335
4.030291873248483
0.24048813609327468
0.114994854970177
1.3920896795590925
0.4553063399533093
0.3741288749043545
1.0579346002485621
3.4080621875370656
0.02640269214501718
0.03914822761771321
3.306190872320521
0.7317477303327633
0.4896053252468632
1.5012878654541293
0.37462921298832463
0.5832505836894989
2.9195086394242247
0.8931528924262092
0.1713047641420837
0.303629362287924
0.6815269125835869
0.766054631250994
1.1436037282879519
2.5512687300053503
0.33802611705366176
0.022542598165364313
2.2227101914846146
1.2259712728626586
1.003292604479041
0.38780171764079036
0.4131787574922596
0.976746243868172
3.150171069037441
0.10498536870288316
0.3371664923605241
0.08309663692657811
1.15728723655516
1.3981957060820354
1.8078519482673088
0.8325535933875488
0.030598853787421994
0.11444646170917304
3.3004100020773492
1.3085494930650776
0.07145181613704889
0.3769457844936708
1.4602809252807165
2.385689357299664
0.6029644381360177
0.1415161278035738
0.7349452704861708
1.0090662066978757
1.5515754215376654
1.3275306903600985
0.6671263183820864
0.2684288581317101
1.8359887069053118
2.107011605988708
0.1476279651337207
0.2838111429470775
1.8554667598147616
0.04575842351052556
2.3971080975136756
0.4689447712607286
0.4928610209227457
0.3918811188320989
2.1065076864892394
1.1417108283176922
0.8656054423187113
0.4395064079722633
0.19114253403299905
3.7480987468534677
0.08911553542042149
0.17098993093078946
1.9200860884335427
2.298846788175875
0.3637721417637751
0.14229534967085122
0.7273255707385269
2.648728899646381
0.5846483453415293
0.6846056267020514
0.7612272059936709
0.5744630845081412
2.598338489712665
0.6691286127172079
0.10627807377760065
1.8410287899802293
1.1829049852362152
1.0459331683129915
0.6362817220495856
0.4849141946087545
1.5630295923894666
1.5897808814712868
0.6129039282108276
0.4800191086691539
1.468473168229321
1.9874706210339652
0.05904899950170891
0.7300796975261512
0.7266300278715352
2.3660598545815286
0.6160917558899132
0.4242332068617679
0.7221791058501527
2.5262277696127695
0.8066720919447675
0.2609079102947244
0.056031901518711145
3.498020116707888
0.03260183822387177
0.6281037214205858
3.161965950554343
0.4685321498376317
0.1767657748521137
0.6096502806161415
2.183968647802572
1.2917058478062007
0.4513908131940495
0.0009559809185139031
4.02125827281794
0.08642442254777782
0.07266295165103488
3.458132033368235
0.8483806918018526
0.1296676787320507
1.0280832252624328
2.9694762485824815
0.04115998498920417
0.46716757641687434
2.9545566014977713
0.7406054640691777
0.20884128560904372
0.9930183866409259
2.415188747520431
0.16963377365790955
0.9462398078863133
1.9100353566912718
0.6309086829232375
0.6468743777030549
0.9766165919219897
1.3498397211627313
0.4228138574100907
1.8726794496682049
0.6566438650882527
0.9294829320009124
0.6984111376495392
1.7614344425548676
0.08790677346389132
0.7662434439208896
1.8644065838479797
0.665963493545801
1.273325851922591
1.2861055792745122
0.48224320465010884
0.6741623657992374
1.4486802116142976
0.9229583409855162
1.145321561248947
1.148567707341487
0.6531607493406314
1.1296795359875305
0.7220229188535462
1.1979177836456547
0.9997805973024927
1.1735736717916605
0.6727479746750086
1.2190021813925183
0.2170049357042836
1.8801369835110568
1.246752331975363
0.4058183191924495
1.7637842895718026
0.12610938877480535
0.709345678916543
1.1019285853916632
1.6797299357336408
1.362562499917228
0.08633158401628495
0.978746679539922
0.7746100565476872
1.3698448659523768
1.2936068764666628
1.1821401242335865
0.6523563760611406
0.038862213098765835
1.5669486725813844
1.4107497898431332
0.9744120942039087
0.7174023955260731
1.0018619182018675
1.2324412999208372
1.1610325891692805
0.8124245262076387
0.46850780302230643
1.6308716099387408
1.1430098442043577
0.6818196900357982
0.5453213576665438
2.130019756850433
0.9166359496606956
0.5056637399501321
0.35847693384152396
2.6349104191850063
0.4995805932508057
0.34842290215146077
2.9386038153745453
0.3787176790875914
0.21032861757363988
1.9704521482428958
0.2869130785300742
