0.9438132726444545
0.8814934579109857
0.7511471260158004
1.2016309574571349
1.3351540076028234
0.8685861784104566
0.37286938589199803
1.199921573156319
1.65882032313278
0.8496035415984297
0.6124527241017022
1.3807580843076421
0.28792720733095173
1.5931638082566004
0.9898443609631447
0.7795705649951061
1.295533730843398
0.4724773282857775
1.8891338981054893
0.11354661285168109
0.8495268926959912
1.3514952505485196
1.2238637257775005
0.5865614277090313
1.8906448945953307
0.21039352428969352
0.8540514966195913
1.7790343335833871
0.1034101310902264
1.2919867021549145
0.9138466803639745
1.8907962644590202
0.30526550725801116
0.5291864242410919
2.2036879608861493
0.05101615701703413
1.6160009694403388
0.9513436829872031
0.2532069287222248
2.6275969601909708
0.4720815377613098
0.17328482864172726
2.6694011099959796
0.010059313604391591
1.3128327061771026
1.2295730407840786
0.26181099156999377
2.555830352921861
0.5668244480594715
0.10874030152508336
0.34567146433283563
3.114523362473446
0.07145913619710381
1.0208884843734232
1.524821965483742
0.28020266675709393
2.2938030677386485
0.29781088118882065
0.2859690296081254
0.5769223976002154
3.5450361608242202
0.1757721408794454
0.14322010403830998
1.3141649279795888
1.8955085636489328
0.3123005453658094
1.8452684083315398
0.18399378604433309
0.5984912057561089
0.6204799509352087
3.095547207789211
0.17476748611986087
0.22091928537610894
0.875415175115175
3.1524901931623828
0.12627836655147354
0.39404490500710665
2.095192177970089
0.6837399829312407
0.7381843181868567
0.6490146271431779
2.8130772754313815
0.19838724540555902
0.3054236671565005
0.2789551644140129
3.4619652290790324
0.23739655128223672
0.421914995661256
1.1017800548499668
1.3749524113239713
1.550403804888346
0.4437371545897542
0.4999271690870349
0.11824805127620164
3.6469872170553788
0.2955109343810082
0.18915551730401614
0.33786076809856724
3.427523958688445
0.3927002697651975
0.49199761364268246
0.051940754188764635
2.084838057369247
1.7016259778461296
0.22427649161743507
0.8221345247793415
1.2615524457517964
2.222802818583641
0.16918448612761489
0.33708065981711954
0.7061596272522983
0.14331435175229787
3.5925176301929516
0.38248415165820443
0.16889550103923587
1.3795712493405414
0.9007663246769293
0.8594113496476481
1.854742795281234
0.15585053484193845
1.1610880970846456
2.2766667538049563
0.5763186186950283
0.3564029471296926
1.11530352572185
0.5545794894208145
0.4779222041025709
2.884057378957345
0.33152753906164023
0.7659510860342251
1.548707232211835
0.09371357409565298
1.258141954423642
1.636019540162976
0.9298032230643057
0.10950260571255346
1.7675656233750505
1.9526307466830626
0.6631210468757209
0.007067952959350718
1.4723685390792762
0.39624458607180674
1.0442460190221616
2.1864092704400497
0.40873565507095383
0.7610166463941559
1.4718157159165113
1.2954904207630258
0.36020152141838074
0.7526298507256803
2.9442934692834877
0.11996515814052301
0.32212102913425616
3.1851939403010565
0.41307434112095626
0.4905902771086433
1.7735485041513108
0.8034849670140692
0.9748236500155356
0.06307788388805677
1.4481581502480942
0.534789546175447
1.8767643193239192
1.3972771596590856
0.06183554764136555
1.2618233028127992
1.2216034006565002
0.08319750206768853
2.1861554867245485
0.22111460487184034
1.2635239870650887
2.382718234308033
0.015254163892279505
0.39941795450384815
2.094057116986944
0.5447424709940919
1.517888364049972
1.0770449290439486
0.15988931210948168
0.7009004559909829
1.0042313161613694
2.0224647947219436
0.4873811386182534
1.01265942093091
1.1815988563470632
1.2139204242299952
0.33859491477211673
0.9032991322585012
1.3493746119714995
0.43153415801866546
1.9589218949555558
1.0481898906391531
0.4992864966207368
1.3416623757206005
0.7123691701928991
0.07723283071783538
2.288845769031251
0.47791019625635606
0.8648281827143551
1.6357556176594021
0.9034472175125422
0.6900948554626506
1.1776255085789755
0.8547548858912838
0.9467485088709898
1.5735110279809796
1.127985956512797
0.6382520312468174
0.14775884906066583
0.9999809692051307
2.8443559299835037
0.39544563620421225
0.5185956359636935
0.421895046507725
1.5893446083184823
1.0824572486355462
0.860683821015824
1.7097851967553086
0.3195154349274919
0.2560539270844043
2.470200356193149
0.20485303029844704
1.2748996119010607
2.119020675761874
0.39303197806441087
0.11703010490231178
1.5132013231725632
2.5160523116375253
0.32679908005820263
0.3980621955940265
1.5524366816574868
0.9479345670334696
0.7759954516756464
0.5324299107115029
2.6253170686826595
0.5170452039703711
0.3011877696516491
0.8623924391776888
1.6711972652494205
1.2558830396473033
0.37865270220978736
1.56147083840273
0.7156575377972579
1.2775012179621894
0.4128266129373561
0.6120381958130651
3.047783602874836
0.23022887249614293
0.31619647987333943
2.3224879741358815
0.7310082669116855
0.41833981564094025
2.4565147845888973
0.11522181749883005
1.0190491845551517
0.15118922433888485
1.2329487537819643
2.255600173036612
0.6135762239122711
0.6349971936100275
1.2889836264605075
1.3925411068103555
0.12331003301777602
0.28669975404569426
0.6834220529885164
1.455131116558208
1.2484244081158156
1.391322037256654
1.0564031876300273
0.17845198787533262
0.6192267232433343
0.4508492364351333
0.9394360532746018
2.0696406101790115
0.525735971172586
0.89186090471965
2.1655890149284915
0.04988592033985735
0.7428406710911588
1.65287659154696
0.5488155172118817
1.2323198261420842
2.133275511219085
0.1551586211662969
0.7532934147683117
1.1702589747570233
0.9841861168721981
0.9968171099210703
0.4497760791360885
1.1991652591681268
1.3526085796425535
1.0614611370624876
0.31764403258028134
1.5636050301903257
1.863559839533176
0.6512979189890941
0.4674761955893807
0.20176634549350386
1.4355158776852086
1.7103907568137908
0.15219680159344015
1.2024921389506324
0.8701172508921416
0.7428612010010727
2.149327547075489
0.8584564081717045
0.16244810970013965
1.9298456591531228
1.3267227205118137
0.4181310851691491
0.786983499494958
1.6563386658105341
1.1398919428259715
0.0370565586424744
1.9697767716715917
0.8555779723641994
0.7800100539301276
0.6808448761292878
1.2568721543075705
0.9800458157631968
1.3322353968482732
0.9228299529416388
0.8000178847453664
0.9856292330640326
2.0191694602642576
0.18197893110321617
0.3092335788615202
1.5231030509520498
0.15548655071414536
1.4597882352036693
0.060341764667971524
2.298808457552295
0.3066560333926918
1.144210831674508
1.199918572777147
0.7109666336499418
0.23494181790237767
1.5463302875377984
0.09372961860722132
1.621261988422259
1.1366189320746827
1.0651629015552961
1.3129421261233725
0.7532248554128016
0.2513013999284741
1.0566398516803104
1.152995577712759
0.7786765525980516
0.3879838040908664
2.0688215290509167
1.1317712897036356
0.7280538689099307
1.0899402048049938
0.2956122044802184
1.7681528858761852
0.21573914006491993
1.0758217730548287
0.7579615239937494
1.9383216746015601
0.8639566712078025
0.220002900281184
2.3992310940521135
0.2729255239987147
0.2576979317641226
1.1142923327942882
0.41569520235077345
2.4142683820270876
1.0503399602430818
0.20266996105706253
1.048160823202203
1.315067250765411
1.2283925008439465
0.5945936731260134
1.0977237707786542
1.0954831177552218
1.591189199733143
0.6754784197196909
0.33430145070815803
0.6817808196165327
0.19195068660103867
3.099923316030034
0.4520750249140323
0.2753485823483416
2.0345184247274473
1.8777387019740663
0.15416412175204583
0.28652573337537673
1.924506605677794
2.1393574075347837
0.2883365276434527
0.3859680988571801
0.8915359959557259
1.2800419397134992
0.04232656133935552
2.112727386017557
0.7050636133705432
0.6098844394866049
1.9411671932719994
1.0776496090482972
0.5119953701351502
1.2373761034369029
0.5363789847316982
0.42726037788274845
3.144077743513828
0.5441482054605975
0.17048129514063656
1.537125951446036
0.14222732883878447
1.38372734484678
0.19345913942051904
2.0731549182589935
0.7140603759913305
0.22390641102729272
2.911799296810566
0.1901907678699279
0.6777847540085011
2.670828780092129
0.17944160168687068
0.5472047877852799
1.889994824367935
0.5308260488221495
0.2388222035453644
2.4882256787367756
0.47304451997331953
1.1060698805564775
1.8429874445909096
0.26968258316110083
0.5630509030584757
0.7976207292128745
0.6104638678881621
0.5252397979008795
1.8643096741203984
1.4562689717774544
0.7183924035886563
0.975846153267021
0.6301523679056337
0.6443597128547771
0.8361786755736137
1.4712778653954721
0.13897643781374638
0.9169254655944877
1.9544731824344337
0.45438371831613533
1.5953204575028306
0.682222929684124
0.6538164435716378
1.4642923982768106
0.8625204414243501
1.0651083112218434
1.0267289596308877
0.10490294610434181
1.4870995344421263
0.8467281031006414
1.5650488136954241
0.7236352746838055
1.2142478618822135
0.23518342841233233
0.9711345279749729
1.773040405987588
0.6882993408189849
1.3130968604498108
0.7672101391150636
0.5794931648277963
0.028247578870954828
2.130233389929306
0.9839953452954511
0.6654534569664114
1.20951175353713
1.242502382157392
1.0788597282597956
0.748535847284047
1.0521591236668202
0.5650556624316732
0.6288777639033425
2.6982210690585
0.56356223876737
0.4083349787979619
1.0772339553420447
1.4778434467858683
1.1892571061728787
0.15505418863348638
0.8275464695512803
1.086472690943571
1.480524965632943
1.1109844968032594
1.1492462771133531
0.4303630485856294
0.5851822223121024
2.1396297428346953
0.0825834319485671
1.5286988407005515
0.9726706649895667
0.19153468000367022
2.1215398557652505
1.2984489318319075
0.46813427487854775
0.9237037316735532
0.1661417595697008
2.2595407510427763
0.3943033843854102
0.9046885351130574
1.9893753263075415
0.671863655142144
0.4745939609725178
0.9499007042145632
2.1250785042930094
0.24839123119794265
0.8011742639856845
2.902824339343938
0.023914766962879672
0.47559018989976404
1.7220644970189554
0.8588819204453768
1.0647181679844053
0.22973590458085097
2.255141814987478
0.41256339528245145
0.6542979808429741
1.2172705698833037
1.5708151621381243
0.8672254718221464
0.9592956368688836
0.8014220568673861
1.2925550776109054
0.03059708437816397
1.304775231500003
1.4020179225844678
0.5639353232510762
0.4006953512637979
2.226290628251791
0.8706933774163936
0.7016047961751218
1.4867642492016617
1.0774154819010207
0.690844911401745
0.7561383378757323
0.30869410159767524
0.9023615439203735
1.001494065850503
1.4061682952920354
1.1897543577719107
0.7645250158968562
0.48255556058680915
1.3909690642882302
1.2390508230718211
1.042430949016563
0.4294065122556203
2.111054503961974
0.5272210504372145
0.40738269678398986
2.6163484156969754
0.0723048310524938
0.9476049146074497
0.06537420453883695
1.0032697870491858
3.244279188734712
0.1275467950058184
0.4554859359879947
2.414515523124727
0.2718817787606784
0.32075640773127034
1.8214352158239446
0.47423572979319356
1.338946809058047
1.2699857288970071
0.9621413774418942
0.8295175536541923
1.1359150180475055
0.9166627807285568
0.2557471614969447
1.7115497024168074
1.7042755522332107
0.180760874235963
1.1777302567142722
1.676647069300212
0.5175594350613203
0.7063019918188809
2.063646262818727
0.19918996552877447
1.4107321079714759
1.7995403391521003
0.15952645892766976
0.3371926683067179
1.7343545950154522
1.2978078810703906
0.9629044233501862
1.4702719538422186
0.22186034961575662
0.4592180373962639
1.6165944143580757
0.6697331915897475
1.2468999765891209
1.5375903069519914
0.39104285082674684
1.0030805987240683
0.8202627045915137
0.6214587883500744
1.4023279763023995
1.8988548169991672
0.3252806267835788
0.9728463574862497
0.9172740506416439
1.2550592130114013
1.0697717951533028
0.768463990423609
0.40238277334208744
0.9414538186565953
1.3672241127693914
0.8660194678600242
1.1604676380790795
0.7577711789057381
1.5036064740726316
0.7132322418230297
1.1694635763363128
1.2090871126230325
0.05872933180083191
1.2443592350439372
1.8587249050154204
1.224270253532387
0.166325915004012
0.6085531724307179
0.5459596716844877
2.6178372300302652
0.14016274435719633
1.0701139892757574
0.9762689493842711
0.6118883095683452
1.3656381581241395
1.268701184259465
0.8385570020468857
1.1084548988969236
1.2858927391716433
0.15347491449356232
0.5516814087826045
2.1963177175315507
1.2811354455598563
0.38730236813768126
1.1863795256140484
1.314817303297035
0.5854457541082032
0.511335852903526
1.7539418694233464
1.8359737322580385
0.4998461529684011
0.10104161218279258
2.091100425165572
0.9823001783101148
0.9266113444727199
0.28838578623800387
0.4890546359928492
1.714514232596515
1.01075275706289
1.7098061709935242
0.05331282645218407
0.57212876350817
1.7635778616415976
1.4049039003951673
0.5452366786627418
0.748973339063185
2.05954658939785
0.8285520059634501
0.37958333363064994
0.5531816084696572
2.1096584279204524
1.0155329836336526
0.7669766537832851
0.1709509348533926
1.57579914748865
2.15981516043207
0.4326976977306341
0.33937491583055274
1.0199370802879382
1.5323904629741847
1.0942815442484481
1.1807276682852705
0.788215097709278
0.5470745580353393
0.19013411540454891
1.8390676900749061
1.486850097969442
1.1438955994643558
0.13116070350511116
0.8051588785728697
0.4504374940675258
1.6910170623707639
1.674834825040177
0.27823036877873875
1.4905843238751244
0.7123114207618723
0.35368996275607256
2.257363863722598
0.2834339116534933
0.5487288094063102
2.590489899277589
0.678424289796555
0.6075461861117009
0.759951377265383
0.9941381954287126
2.0233872785595532
0.6841472190571656
0.48354612199283015
1.2687777400669493
1.3235316494855267
0.5387259792484215
0.8032161098770603
0.8187500871025856
1.0809948544361392
1.512722663930428
0.9620444681086522
0.28963722020574667
1.6863028432766722
1.1290420956032368
1.1729670436442146
0.6986498528569622
0.6875704138918926
0.7956996841491695
0.45591473454893894
1.7225378176165014
1.695575781958814
0.7326802986755887
0.15205924190232767
0.5659915060245038
1.069872048450027
1.9858820627206477
0.6625015434615662
0.890449901145769
0.13017975264393322
1.8637266895440405
0.571537729677886
1.6847963073754462
0.5742422520377174
0.6165262276182827
0.45280562588474504
1.0704334397432598
1.225318153014724
1.3452256127041216
0.9295221244053427
0.6602902156014057
0.7695092645817341
2.034750659952563
0.9941888473899676
0.4463125055046932
0.16936758178037675
1.958947099745083
0.26763759599311127
1.6320875278302946
0.44615765366518656
1.5271982651961686
0.8558823870799304
0.3158662727322151
1.573020164839564
1.7323633483815053
0.2991237263635063
1.049370640204056
0.9679022750058087
1.677477198416671
0.6397857272025146
0.4764158478455924
0.4295156214448943
0.8608353209091638
2.6246449354177805
0.6781943027121529
0.41886338516516286
0.04073219825192967
2.6398214794144828
1.3251559412635736
0.02705489228680421
1.421881287009216
2.3418819781443148
0.35916534506937087
0.35448913317458813
1.5303284899390877
1.4947051715222393
1.0813767910121472
0.13388265435564442
0.6843043149436787
2.457016920661951
1.1448441973016033
0.26536062453302306
1.2789877265943934
0.5579292458642047
1.643432652048348
0.2918982285569588
0.9352662239537797
0.7648401915138967
1.1864603311816533
0.4811434103732535
1.590557518192557
1.5318012704257549
0.24163120718177736
1.1365215779482405
0.22952948759838349
2.5290155006577275
0.7735638237413663
0.14037985235648603
2.5660299496353765
0.05314613008911281
0.7767547064114289
1.2672801003464915
0.6890516697181698
1.3910581635556083
0.8941169886032801
0.3078528058735925
2.078629058212925
0.7972463921606758
1.1790904898636634
0.6863281271721994
0.06772398048187625
1.1128341014189067
1.281783530942136
2.0522817596516973
0.397624544163809
0.62555882702025
0.5056271657085928
0.11941214404665432
2.0224567561802744
0.7059520122493865
0.5483520813754784
1.9021266449571224
1.0010924481589552
0.6706205577353749
1.4518341791294385
0.1366679338140333
1.8174901617659491
0.31632797467047497
0.7169068436029457
3.271831318967565
0.22307797413687547
0.17110299835303833
1.2066138526946084
1.2267389092325385
1.274854452795352
0.1948880691551285
1.5360337989191004
0.706992476417118
0.819246368747709
1.1362569562005815
1.9148598838446043
0.3790969539960659
1.0467448719695684
0.0875512518956494
1.814948053469354
0.35120389479126013
1.0129100398524173
1.4599129771457888
0.5320148093958202
0.390015631169454
2.4073873780199397
1.317234620651719
0.5664297891430415
0.15175734716402195
0.7833888088480924
0.5823132756889299
1.0337624488448918
2.022869489251073
0.3843243483330079
0.9430276770771716
1.6638361834587772
0.7661058527629234
0.820897756185846
0.5030582149966575
1.3809449571650998
0.9374100577156583
0.9865847194180243
1.5173097939016815
1.009589545594987
0.8113401726514189
0.518304390897439
0.28735443853991116
1.8606087267536355
1.6192975357124069
0.355874387868231
0.5923783412210949
2.294885595603842
0.7225179817868964
0.5899081408936904
0.9435586765036816
0.9958229539234662
1.467093550783343
0.44268304904265204
1.295020791243826
1.5883283130322903
0.867713578181002
0.09131934066492783
1.1436838517584067
1.2132081475721515
1.4732791006928507
1.3487742749634262
0.06861357362251992
0.8126865361586024
0.12028831903115464
2.3495053520366485
0.3425053172843006
1.0722743992668287
1.7977572777064685
0.40366515012360366
0.7651629498815796
1.7899735159082706
0.6912652068901924
1.124477725588066
0.6642583801339484
0.5224749042753439
1.0020942929607495
2.2937017802362853
0.8734259090821285
0.19898623113045605
0.5750202797256742
1.096482871352005
1.9111150010725322
0.8496570033736557
0.7432242276190247
1.2924932986755482
0.31069091851420144
1.3089562256106357
1.422203999097248
0.754054258725226
0.3134616590331695
2.6181571419505993
0.7668048879375023
0.024241255758248204
1.3108206862948109
1.349780363826554
0.9764489610505845
1.3335582226985534
1.1474123034959556
0.24399757288530585
1.041116877566553
1.0336295229912218
0.7636268457438015
0.5425656968462186
1.8021816285498764
0.7390230659242463
1.068648004402107
1.2555030953429496
0.9861658070347705
1.0955839825909452
0.7710873525726071
0.34824083239181847
0.15129635088166554
2.384620994872643
0.8476746843118679
1.2248046830776
0.40269321946110903
0.44519242546933
1.7350245018296286
1.0894349646922283
0.6880837924976466
2.3112291610622733
0.08266591119442493
0.18099717765853818
2.270031141320291
0.9188746550845412
0.20662382808807525
2.336090996764842
0.3094102717542214
1.0357708593689572
2.256420608932425
0.44304119913757145
0.10393592754837029
0.9767865616720278
1.2634662824670657
1.2943971815076938
1.1175519004639631
0.5748057480937182
1.3901468873071041
0.7910113884637532
1.007098873155694
0.48872917023743917
1.2893563637603151
1.6555772497683208
1.0025164729846519
0.22906093683047837
1.7650265016056623
0.39513956430859565
1.1796196421167058
0.8516318856361346
0.8010697173216406
0.6534481551903694
0.5613530635318177
2.7858194082124985
0.08567981650842087
0.7696129335692791
1.0233567049867283
0.9811547486581234
1.9108095900072284
0.4956771985674073
0.6032253106449896
1.9110881607624528
0.7294828860217261
0.8164644761168963
0.37930713498477125
0.7967797725528186
1.3452956323981273
1.2515093263683186
1.2842113213038329
0.5663646847851866
1.1560263428136
1.4015633897540947
0.09070662198777106
1.254929496390616
0.28905920259573853
1.8398788242289499
1.0533764732273132
0.34565847141719197
1.1596329408097696
0.9737928711749891
1.8083764521085877
0.42574813021804925
0.9052684871839142
1.50420090280971
0.307450046225531
1.3145736990768282
1.513843481187442
1.0021136981334493
0.2674251792908142
0.5425736477910142
1.8636790204510176
0.7821431081175004
1.5614737487388433
0.9564759731664442
0.11557091809454652
0.6411820270639337
0.6341465405510786
2.7670396363748773
0.37727527816689543
0.44137889172266825
1.533794184389865
1.5327858889992885
0.5536375254448004
0.7036163656585641
1.8393440346560859
0.40122064620734393
1.1005683459913442
0.11392760302624197
2.487982305699499
0.21211786010311315
0.7542712637824868
0.9402671735911476
1.776937270268843
0.4028342670670144
0.6154905380829574
3.0387715614491455
0.28571249155383777
0.20993609435282531
1.8316478181875961
1.161467390911654
0.8311978573311862
0.6106338272533721
2.1895813488301132
0.3956486170812841
0.5391896802653373
1.305231950634475
2.221133169768936
0.22161716496985256
0.4344195930606018
1.111439848893731
1.315571382112877
0.2506478738263728
1.6632985928276744
0.9534253325491806
1.0933536821490788
0.31039737984042637
1.6784449800276315
0.6467980600369574
0.9824741788815875
1.075707068634592
1.2884777955934665
1.3759171768525116
0.7200069204041315
0.010155779386431111
0.3597765566238522
0.7948123518643345
2.6014479428818675
0.6070979122026163
0.5078387940939042
2.3869004082836884
0.2833770601910164
0.3272813599520972
1.8943687256061768
1.7685904729335735
0.38438403761427015
0.37719194610497897
1.517256891258885
0.7830638174141282
1.2222607745389606
1.2149524499140514
0.7121906596525233
0.8496736765844366
1.9916899389985914
0.6592520473349385
0.48899105733574966
1.2942633332273201
0.22662883464409048
1.604648202364013
0.16845028039592141
1.7771064996856352
1.6904563477559915
0.2522634354997997
0.5280624476911168
2.5522401938059356
0.804600181401392
0.04000580678168915
2.438720646521007
0.6903194321165618
0.34163884978339965
1.8979377615672863
0.6244060068459211
1.7705130048801692
0.1576449170182779
0.37781809881456874
1.5340080610531248
0.7618846876300164
1.5057224330744265
1.81254441900597
0.08530827860457196
0.2553269204977197
1.7805859865625027
0.5027548109152147
1.0510248204515311
1.266739755655874
1.0134927967171519
1.0592088839301734
0.9538482752646301
1.2283828278337914
1.1799530004051635
0.6096136005591775
0.36017695484649564
0.6407234418909932
1.9113562575234255
1.6000644277504328
0.525773116049442
0.24482869715742284
1.3095426938290118
0.8345264921384096
1.9018036332770463
0.2655690867932196
0.90302743946445
0.4188919640270036
1.3332826328701544
0.9712423328291832
1.5848687522924896
1.0397619094470034
0.520210292786295
1.0056034476379465
0.25700926351705433
0.3967329799405439
1.1939165039095827
2.3393504918134456
0.37150620604980067
0.6745118325822648
1.127896743936033
0.7487950769901857
1.6720338142904378
1.2853096047837005
0.643583545680144
0.4765275347092465
0.5497670273998332
0.9485210067464298
1.5374241201633447
0.8667720410154843
1.247962401240952
0.47470616358634415
1.442325366759533
1.414348874157177
0.41094622005399506
1.0139517796778552
1.401550812195522
0.17925250362533032
1.4883196739527955
0.17757786662395408
1.6678935973080602
0.8701430215578345
0.8342918166017782
1.0421812899700436
1.4006109199198054
1.2485727107236546
0.31019998754676426
0.9674262184775013
0.3242015901800195
1.6740976972913335
1.2487070267440097
0.8748434531955263
0.8872137943302287
1.7083820201794815
0.49187264484044274
0.0497554492117711
1.4184796774634234
1.4399929182582014
0.9237357643564238
0.9741513179596891
0.4504588788046152
1.4391698022586314
1.716996629130846
1.0198678338109077
0.066154982470837
0.40216608693905476
1.7260134574477284
1.009627463318903
1.4991962079250252
0.6825925112291602
0.2530587062760339
2.273656513125095
1.4194723663239897
0.0965034827834572
0.6147189006364455
1.9632014418589259
0.6489461248348384
1.2570694056970972
1.250861286210085
0.3179325902333909
1.0696939592179422
1.7307972461446821
1.1246865507075439
0.8065625618552482
0.06377739839365394
0.60884621831559
2.438614984745025
0.08116146579846571
1.2975522040026115
1.234626640352775
0.777191096226793
1.1318685744481927
1.6425248741319296
0.1576900091828639
1.3973931802705608
0.5022756621088013
0.7420638207023972
2.0454447100666884
0.8172590755544404
0.366899132926142
1.7033510578382949
0.7320161047962311
1.2383065095532884
0.676989047068079
0.7560492170486458
2.0422830518595747
0.2460277249281409
0.988823876139817
0.06747026687051658
2.068141075849512
0.6051080403631939
0.7989147220346776
0.6539153839586713
1.7372820543838123
1.5291038449915324
0.6120147593893757
0.31498567914294934
0.7055722359905177
1.714285168639318
0.5052352338383603
1.283005557880654
1.2974902806862432
0.8595863103186167
0.4351343139377884
1.6692632632793487
1.518837516451721
0.21078873170434273
1.5464764508844842
0.6762892780318231
0.4918824124928134
0.7624451422335086
1.388316907068758
2.0437537889199002
0.06354877120492702
1.060388288458631
0.9689326412074647
1.2717322866045033
0.37866993162650603
1.8410172137796406
0.33884435867917323
0.6708632693381825
1.0335899922357121
0.6541160492420215
1.9214512710562914
1.4650282110633612
0.3514527330662593
0.6639207969805629
0.2387783543078723
0.30716387896785324
3.3610338491560943
0.47970938409310176
0.3505224116120274
2.2076510713669446
0.2564111677230355
0.8993029021723736
1.085923319407663
1.2410179839186974
1.2678900945559164
0.2199593574711091
1.534318324036752
0.7726499798313746
1.7536797295241184
0.43404057416618136
0.3271398314467304
0.5647832141453873
0.6570905339173225
1.804483248420314
0.9051336965267809
1.4426637006293688
0.3008858924805165
1.1233897388842777
1.4122410181088716
0.6358810461739358
0.496697181726957
0.5690677616994219
1.0243661791399779
1.0851571082162743
1.642348060609597
0.3670373033244202
1.5825198860116998
1.2746120012942492
0.06661710003202394
1.4697287618517245
0.1015397252364431
1.538869181055262
1.0486478710932219
0.8199153854597852
1.642750741811716
0.8282102344981146
0.197286438037405
2.1762311178766844
0.03657860665655524
1.4873250453925366
0.21395502176052272
1.3081745067379738
0.4647084250737423
0.8833629008261479
2.3744878964987324
0.11872600412687966
1.1161550741965462
1.1551970964900877
0.8299937144183214
1.388994971623806
1.3545539999007234
0.13098043483035202
0.6634913947691667
1.8520680379877161
1.121469318314927
0.6645875763362245
0.1527560142731446
2.864214252787008
0.5233367149343139
0.5242664920032368
1.461601681167826
0.6004281600894188
1.0132643653564644
2.1320648893836265
0.5256082451673803
0.5561515796121006
0.5699235628871224
2.0648159122924783
0.2101704616550009
0.6473152547686809
1.9670152323620949
1.1604736021082436
0.6686131765783659
0.34463369901308105
1.9064033544897134
0.5856690485913447
0.9825904243507276
2.121033662011105
0.3159297525480938
0.526492394840341
1.2323880865562196
2.0200111752561303
0.7375624094322092
0.1246655107329714
1.1200943862565533
0.7396720723251152
1.832563537373859
1.0834937342550859
0.42954318190435287
0.8150729577454301
1.9469361974616661
0.24431503930340706
1.2766295508963017
1.9721988765766505
0.13437361940348902
0.8188827991652181
1.67358858816227
1.2813328256789092
0.3324520185162583
0.7608817004461981
2.1962655226662466
1.4347703085339492
0.02569899001191898
0.41456269430053594
1.9589354289965948
0.35081060650900603
2.146300753939962
0.3791709986367339
0.246265937002387
2.076803303487244
0.6037757949689986
1.2227695688640587
1.3049070997822247
0.7293210151013164
0.2708606076134784
1.758974508631016
1.2337761382171988
0.8454677076670781
0.8801126067819527
0.3296627980173371
2.410463420565463
1.0217629872909166
0.11408688554608148
0.6661806402532088
1.8910514495458106
0.755563994190558
1.6090765579920527
0.3701906012952103
0.1918015552399469
1.7716870552520227
1.9872936907023773
0.26617318108248555
0.9578724091009284
1.058461330853273
1.3733401730874637
0.92500914353369
0.7574888097371087
1.0437305048107657
0.2745158052636133
1.2915533816045128
1.4577083569601699
0.3891607079429505
1.3795652137920413
1.6783438176569154
1.0037059719811017
0.23269577342413308
0.4073444921401699
2.1703784827137467
0.4934364152746472
1.1098539376311172
0.7542746490606512
0.8710974375103645
0.804571917787586
2.201151556194504
0.3528240316416741
0.6070609868860865
1.1657253325524881
1.864252247578577
0.41141259629187854
1.0621707986475268
0.78733747254358
0.5678145133344402
1.8865861608522903
1.4323301670939828
0.2749571914981497
1.0051229409066946
0.62898478512978
0.7716886184072224
0.8502119860573492
2.921605230313587
0.13388118282328562
0.11759353727448697
1.8072872486347171
1.3722343722436314
0.969552024007375
1.0586209270196794
0.41467110943245505
0.7956414053701726
1.4732450439047555
1.4181999907149765
0.4732746035216956
0.632909392830959
1.4304349717092621
1.4257550910672199
0.8260770500471724
1.2398136905671706
0.48945546211714597
0.6802455543285987
0.9777243479746164
1.1556018616791988
0.5566044577559078
1.331286673428492
1.804093393780094
0.6876368033127688
0.7545347608829771
0.3474186762013073
0.42202552779294356
1.9334669729584066
1.507302150884267
0.11278987789787855
2.1447160022603016
0.8701650824195208
0.2891592585871816
0.785211273402548
0.8943492128527489
0.40150778860425873
1.2676729455650133
1.8133936499726744
0.6804213138848731
0.9444798676329257
1.2007691423651567
1.1035822362231542
0.31475227742079115
1.2999432380400733
1.3976400763146786
0.23501400790754065
2.0281868455372543
0.8015184312820902
0.4420997925776838
1.0382066499483642
1.0880683545580634
0.44758071901892255
1.8774868857562468
1.247914105760015
0.7997183638671261
0.41138720146704294
0.7495326711790521
2.3391598023890823
0.9086703532768883
0.13789980948345254
0.5957057473843181
1.5150445840012412
1.6704352657476529
0.1810818973427911
1.3004814288161632
1.65266862088977
0.8979597933780622
0.5541899530060418
1.120681505839739
0.4460717228717707
1.5891862833766528
1.8388896223886275
0.03381745414740773
0.535418246124953
1.9484027345804944
1.4097105245247206
0.5177789610213918
0.7412641022061428
1.61406825741209
1.1285119184598291
0.9172238711426549
0.5363219959460284
1.796457171751755
0.07026661548820946
0.3493446885031005
0.7957344807987132
1.1025225654263329
1.4113561281856797
1.910426232074738
0.0649634103518327
0.5963734634103834
1.453462901917219
1.5766024036267017
0.33551841106235564
0.6242888899820641
1.2948961358594069
1.3059275948078473
1.5112608281104067
0.02307011385044372
1.0221624662830646
2.167413974736949
0.6263982265022704
1.1864764198417224
0.2489814009260924
0.8719791210376169
1.603944607711621
0.7188040646975435
0.6880989388346664
0.09451309227547364
2.273116767053758
0.5764096543772816
1.1506152549910826
1.9313598730256902
0.06972937377337489
0.6070474541882441
2.761214301585541
0.7642028918294241
0.1688205814935321
0.379903533861395
0.651848230343635
3.7561926313599097
0.02230684847786216
0.13927149499315616
2.576528148741448
0.8890820821279154
0.7013281654894964
0.26857438668025146
2.4351414862767906
0.6356789945585319
0.9606916757017679
0.3953709199152966
0.06053070811874759
3.335851098280074
0.19694279895370004
0.9008496942832002
0.46401359425037864
1.439882296218052
0.7136757401175537
0.416956745846553
1.1491517418867707
2.328077647466973
0.4161257584121144
0.5432103700914743
0.7951490265680307
2.17642685943716
0.1274628591330648
1.6373038472727115
0.2819002310343432
1.028680989873335
0.11185101652743236
0.41556008685139656
2.631933017309167
1.4660481181594913
0.02168671481601595
1.0223661691080461
2.0792333249234067
0.8428341365533146
0.02936009658908504
3.206429853830503
0.3183086086311722
0.13811615823340284
0.24904598478278997
0.07616540397750465
3.7532691145612076
0.4626789058547573
0.4040389097415137
0.5855257786330245
1.9659595272574424
0.6747315318526121
0.4038820712485245
1.652421533011225
1.9510938130657756
0.22475654297000336
0.19930034252161172
3.369373552699337
0.39125503457019084
0.6668080448900197
0.6151130425448907
1.3966104947976141
0.3240154405925195
0.3017814258075777
3.6572051119777576
0.14547752082282414
0.4448603479600017
2.1183847458091565
0.23072863098103874
1.472324874238612
1.1045288098086428
0.023585935968264107
2.8163854414472977
0.2030221513737289
0.1143230957510325
4.452628684227751
0.048250746683719606
0.08356439741412848
2.0743046814597554
0.17913156731297025
0.6169124201280213
0.6131492575058884
3.3256939548856477
0.19423451974890762
0.10781713100174747
2.9833385219313517
0.856618800625531
0.6080608811450232
0.6671349690579276
0.761799305619748
0.8564766669347532
0.29417180160229517
2.2399661878393626
1.5248693119942234
0.5086055409458647
0.1604036785222874
0.7537694519584652
0.9340997514593563
0.9069038453317788
2.5205419599924603
0.2542327655160225
0.26400380559798375
1.7079635072915635
1.7384951787239367
1.007162257822855
0.14993470279985477
0.6886838880526495
0.3305904112535879
0.8616699964197263
3.16027397955024
0.2901025653903057
0.3985141037010371
0.03770016960787943
1.427449220001295
1.5726664476938481
1.434224238260113
0.1677679424842634
0.753196758453694
0.052431726873032374
2.875830949880536
0.9376581359974371
0.5102769803562117
0.3264070303289101
0.3367838146563742
1.3339588987231927
2.124318364704788
0.9911878508111766
0.09713302978757567
0.8397996411798407
1.1913112082761963
1.4930029066432071
0.9920190408599978
0.8653664943631713
0.26056545043899454
1.5951371001190349
2.125522337904022
0.5087908304633897
0.06636377409962091
1.4781819954319486
0.06800807871172175
1.212218241632898
2.518830507903256
0.44851668153001706
0.5398621155346477
0.41131392607090655
2.269054067296522
0.8687487047936442
1.0049768511564199
0.12342736992886377
0.4902226119480739
3.9518636887546545
0.0978274370730558
0.13131336920267947
1.2612410588953353
1.1566452084434755
2.0602591976937186
0.25878146956547565
0.5004626842112622
0.7130693173065595
1.8549195122497384
0.8110124775911012
0.9687369570339481
0.7164657184241356
0.714217784590725
2.360605994442391
0.8075072204612384
0.05986912444346329
2.02075690040373
0.8971752198337419
0.32393022719511994
2.1247737489393903
0.8472484998134452
0.32233952615080186
1.6171324174399726
1.523355684841372
0.6118479685529615
0.6912925549437758
0.882073375009318
2.586412521280425
0.21883039658268938
0.14059424403401802
1.6449538244392559
0.21791454472654714
2.2747507799508995
0.9241822515962211
0.29540337855472276
0.6081057062161721
3.1502561881294118
0.2697300501023609
0.24222611952348658
0.6374511520800624
3.155212978205173
0.12353221718401519
0.5797137530919534
0.7526428420852251
2.6980395408924855
0.21715818971516052
0.47800578757401896
0.6605279221836154
0.7863544465454279
2.790397701030247
0.3719088814278539
0.03776593602739021
4.071361400025678
0.14409933271237665
0.055072045873949975
1.9504462226720798
0.667364449811013
1.722662430748043
0.1661973637518005
0.8030913813969873
2.928557655159358
0.15653942478535288
0.42907836704439084
2.347214848799647
1.6279736950740336
0.04857477265344457
0.25620381439916273
2.024020967960906
1.676421519158014
0.2949792992989633
0.9772710644699041
1.4905511804753726
1.2623141145819634
0.6006066998233083
0.09053737209504631
2.3051127705360517
0.5575209363135927
1.2116651495624635
0.7055509480421484
1.1573940612081108
1.4296888727289698
0.05718814149480731
1.1827088473479865
1.0626923223751599
0.7781983341790338
1.549442375890582
0.9944713850665301
1.0451879388789425
0.4682998650377717
1.3460870982697737
0.27848047223379413
1.174303259230763
1.3803264082495732
0.9292154087346125
0.9886328461538539
1.7154215608083478
0.05159735987787978
0.9329455798754915
0.9513750174090512
1.0107679029307424
1.2784444745742123
0.8267521057092126
1.535426049695933
0.19071720196482414
1.0498298538204967
1.0929748352812307
1.3823138546296205
0.509138335761647
1.5862080581550917
0.17782422820457094
1.6896623129627648
0.7128049281707589
0.1032406638637754
2.228558752655821
1.6763570885114762
0.003288191531367326
1.699798633075304
0.7094508598325424
0.35054288065273453
1.3243890996567185
1.5470639959356831
1.2820786039389827
0.5730054607313879
0.6375015013859469
0.6069079836238983
0.8124718633206616
1.4961314447186338
1.2542389779853234
1.0646730301043985
0.7362854773938862
0.309562133566971
1.4765977514643152
1.3471661881281205
1.1056759088602945
0.7848658136114784
0.39748699815313626
1.2745078819903253
1.320617842666596
1.1071063537274504
0.7292600250250398
0.5198991506144004
1.8404676617619897
1.060506260968869
0.9228259922394044
0.5352509158056067
0.2960996412472689
2.5306722183836645
0.9188551666525409
0.44641434990062007
0.40847023612693534
2.814013663557749
0.7394458081262135
0.2970190224549792
0.24242042775670272
3.325051169898738
0.3425704570284306
0.23796740676443234
3.4987557604884327
0.2290576325529801
0.13050778146995032
2.178123900292975
0.19454309397408714
