0.965307648454827
0.8988525734950489
0.6983923205345391
1.2375086312188528
1.3569845813104409
0.7995672951610581
0.4576567166558262
1.1595457178669895
1.659417023448426
0.7834925111794324
0.7235120879887112
1.3007299955611078
0.39670173743919174
1.5323970660187824
0.8839739503247526
0.9207607708286526
1.2062927927088518
0.5895717122240803
1.8747953490614786
0.22752001419618753
0.6428520837479011
1.5429467240331434
1.1442304201964821
0.7062501939201524
1.8696661940444197
0.3325419166731818
0.518038621468037
2.236813412855985
0.0006730676397746029
1.1309187818205821
1.13069958502994
1.8614838493256758
0.44091290798705945
0.14758884841662276
2.6467073252881033
0.07754219299063937
1.2427468435445719
1.3302254795245823
0.19078056045666517
2.3486682098294205
0.4419974761957848
0.24649332048542347
2.8071447905863494
0.15351877570170805
0.9379011299435648
1.6613836223839533
0.18440210100132604
2.168109692178573
0.3495353271593589
0.40657528319537484
0.42357141845330604
2.9303529228417435
0.23780577850549534
0.6457097720246847
2.066062587705686
0.1789453035490472
1.7492650468091187
0.13988240630346732
0.786298727346732
0.46084065946530894
3.0198136690452766
0.125078493672156
0.26969537891652107
0.5706379872220564
2.7212734707960906
0.17040029111129637
1.130596205782966
0.6545827432940132
0.9772687786213204
0.45791644817989735
2.7293134375103523
0.22166980922149931
0.3165759360447313
0.03315020018225248
3.993740870558223
0.2051791925636757
0.16950877304954431
1.0494670928028467
1.190767299400238
1.1802734812352913
0.4729940543992828
2.6839213203094414
0.28111531822490027
0.0005568646192284021
0.6743256440151869
3.774787353120088
0.3238042774347381
0.22304643800190807
0.006504307299009187
0.6806405283168727
1.409664603583149
2.305960642232716
0.1544660751184199
0.4964200624421611
3.4029258169889967
0.21558443902015653
0.21240770321199262
0.8592074865302686
3.1600691797263236
0.2759491911230934
0.41085914082389535
0.3895084919431979
1.4784382158712959
0.8723812735854621
1.8149401657000517
0.1269491061426598
0.7663265246048786
2.5320806737559853
0.7558291375555773
0.3850874502357432
1.2576466645695141
0.335963476564495
1.322219063016528
1.2314357976374182
1.33220177199712
0.7927006322465512
0.26923501136169703
0.9880893062299921
2.8408895065339337
0.4941080035299503
0.05474963234355883
1.374257073476912
1.5578042458650065
1.3369772407090121
0.3427068042635213
1.0229656199554633
0.6329997945673783
1.1672543556604273
1.864699372649786
0.4162709741870603
1.169109604516173
0.9134313885041873
0.4247820561000265
0.05928605387273754
3.833225939333604
0.07923063333534673
0.3966615424493241
1.68296544933862
0.4843312597467342
1.9798711994892344
0.7273412422581506
0.26583979062263696
1.6718695863459807
0.7540108476834863
0.22635375149984133
2.777647123708828
1.236869361288377
0.09347872950202873
1.0594603742342725
0.11273972091720436
0.08796582938140872
3.543010616469824
0.20015682949224958
0.8695650115153822
0.9263617533563305
0.7978046534524773
0.5566609962154004
2.534464524710715
0.008049349723082156
1.008726720767611
0.4610848529014022
0.6345886894186341
0.8442781611659349
2.123331440210316
1.4332576982070513
0.12741332843260195
0.5978281879452665
0.5610724056377965
0.3470690720887568
2.8250482250789344
0.4103158607043937
1.1929122732521271
0.07970611451738671
0.11182926927680338
2.589719316035684
0.33974225394147434
1.6078581196789263
0.5215728543435003
0.37520282194402044
0.8007797618729439
2.2811698340433093
0.3870246675431071
1.1849548891854398
0.1771220302597391
2.295055140430356
0.18655870140739472
0.41160158257113777
1.4949378390413626
0.5397355904307992
2.0213604067347717
0.8203797161406216
0.44708941768066024
0.0904024498296185
3.1843243758779867
0.4334669963717931
0.6778865221808217
0.47729525821904434
0.9398689265722169
0.979416109162555
0.16814132018715017
2.764805821958418
0.9896434589768197
0.3243364132510064
0.2627454036144751
3.0232826076059975
0.1348901017147948
0.4015910544706763
2.768314739418986
0.2895172504534673
1.3917656883237033
0.22680243111010298
0.2934317370646402
1.35795728965665
0.02422833573298502
2.4889616952723075
0.3443033119336445
0.8130165110690013
1.5018513193431728
1.3765026205216868
0.6084392912173067
0.45014747447771186
0.23952439767436712
2.6981924160594364
0.6362543598012765
0.88397038401314
1.172018048773038
0.8568158651020051
0.6581627618806025
0.624942552965683
0.35479584734856084
1.5454345262100262
1.7930414646850559
0.8103775757973833
0.5048176798477209
0.4809633889272275
2.0285009185723957
1.451523437625821
0.13148562945856243
0.9148715929198058
0.38617416727229126
2.393301798018777
1.2946031180173299
0.2323959691382013
0.2562005409404326
1.8377408937138329
0.44715499840493256
1.282040260582099
1.8585676960745916
0.4264784755879067
1.1118281169060653
0.6477490242326058
0.7617869583950289
0.941540974812726
0.024473381210007347
1.574588388158963
1.1233289392313541
1.6245207122126066
0.0005441538570145854
1.823553795365948
0.1579851908904259
0.2953201011338556
3.004334654806941
0.4694097024247995
0.5810845190788168
2.3297686881744784
0.1021608691993936
0.8535864249204208
2.626314794313829
0.11881602131032674
0.9546096560714494
0.32600839420736794
1.8924064848911224
0.13344492505332323
1.3533250477574623
1.188760840335009
0.6407045165948836
1.5488024010955614
0.7172585239450108
0.3285607019769776
1.7817785283415115
1.6211569916379611
0.4590564759450032
0.47562979641407127
2.158190725801276
1.3771730263108222
0.40964264722702665
0.1529695459476205
0.8405985718022189
2.2231584026897537
0.6646321955465002
0.5210208904590607
1.7453864597961357
0.6735482260055523
1.1503036667609072
1.8693430461709801
0.1861930567510698
0.541577984838509
2.781973771519727
0.268059127109682
0.41609869852115716
0.41916872918694337
2.2001713178660576
1.439674653478003
0.57855880302845
0.010124796982140258
2.4305507641902957
0.08143858615000343
1.0149822407150393
0.17061513547744026
2.0638048700489504
0.9745385200607488
0.5657199517920605
1.5428111960509503
1.4600167154368462
0.08066457483323539
1.3921676918341193
1.3007262774285344
0.5464115448526443
0.6414414494639006
1.1587872688806113
1.5635003917240875
1.553953270858966
0.13936154655526725
0.5449515068964506
1.6379477089620633
1.0342394819154566
0.20588415459338388
2.7104439203091553
0.3108931648815191
0.675735160223932
2.061474252121674
0.10360858264161316
0.38470640930323213
2.7693260354819236
0.6612312139416162
0.20047287716337855
2.0918729079266036
1.0871299608561307
0.930092464180579
0.25317653559751857
1.205907519568326
1.8521920715488907
0.9552021292158116
0.3877344361323774
1.260760690637015
0.3140321966055422
2.2525789598817556
0.022540602704022715
0.7472322377716323
1.1057573298311292
1.123916940687508
1.0723836051197766
1.7760156429677847
0.027922333167775048
0.7771540895184835
1.1479594150765846
1.950149153362352
0.5850587867242982
0.6822864617909353
0.9326886835915656
1.1408937256383795
1.2083620077098842
0.10708658182322531
1.7638152847052844
1.34646954315262
0.09695692964699466
1.1601151434053432
1.8822561219042264
1.0494299580797775
0.7805097743297853
0.8283087494629972
0.02693851068806626
2.6012367765973536
0.7938827279253027
0.3207149507241471
1.155564568188477
0.7077255519639548
1.2483835821655322
1.7446931415441675
0.9808540606188497
0.11098322685336298
0.3355325524871888
3.652122124208239
0.17308572091768545
0.46910283761208066
1.669877226480877
0.31120099701172876
1.6665057663568028
0.006597953728797674
1.7481361890741214
1.8187672596575146
0.2632393030870664
0.47631743387480263
1.0961387240021712
2.4878711241528326
0.5239475056501038
0.1713423274091219
0.801973203046883
1.8769509041802623
1.4487889336385993
0.33996252935345284
1.4644082970244976
0.9963205638639896
0.33719745567466186
0.962978982832611
0.7490892798025817
0.6911983035532403
2.1663242229587745
0.20312829768631296
1.1212889041719358
0.6082343644640162
2.201079509496302
0.35256109584534245
0.3876705589182103
0.25506594489320805
2.837592951008937
0.33517931560472336
0.7517751059558037
1.9735983786135562
1.112505153484514
0.06800813157936372
0.703455681156524
1.7585366525890818
1.396780992133583
0.24385210529083468
1.6637244562765208
1.5842207764061635
0.4777399158399894
0.6146923743208401
0.2644886647926456
1.516920794453145
0.4279935780521763
0.5741099408270627
2.147328470717652
0.6167558901179462
1.2947290240825033
1.3230938504034784
0.2272564487763168
0.7158656771916081
2.67870747928051
0.1610116443482464
0.11279716988263891
4.079944174773697
0.15854855937173723
0.292115824817444
2.57011047747835
0.11182073625987098
0.7108216856448919
2.4348953017169688
0.3202536351032635
0.9907109070471458
1.446706096461084
1.144274941342889
0.11911920506448961
2.0105355193097054
0.4207455056008925
0.8923508652959776
1.5599470888768145
0.8389734581889977
0.3519060921801593
1.8776890108589004
0.23154513684202685
1.7513798002706245
0.287670933866355
0.7075314963999821
2.067950563566124
0.4141531895414379
1.340440720955789
0.6424117865074606
0.7866423622863483
1.4327328481418526
1.2419625223693622
0.5652772232249027
1.2007453376766466
0.9132535381451463
0.3341548143694442
2.2834187403903328
0.8492794618628398
0.605842174335043
1.0040825920757492
1.3869184383690236
1.3020341431167868
0.057452027370122796
0.4527829269784013
1.2792684679131794
1.331135377818494
0.9077345375766239
1.2619324167861796
0.6423116548497031
1.8410990969542214
0.6283925902794717
0.09290648159495893
1.6777919815450526
1.1973057754178946
0.5953589758112174
0.1205562937924872
1.5390972846939828
1.5239720676436088
0.9938333249903407
1.1456488285810718
0.5608528141689633
1.1557276844373912
0.0767440564768962
0.7605384169642604
2.3434699146998597
1.19514713718281
0.19274943458530475
0.8553699995042945
1.365974332351554
0.8572100809057116
1.6475930451855703
0.42520381821168207
0.827980974951639
1.457332254199988
0.9348989569072342
1.0688106182701742
1.41118838872967
0.59641539493585
0.23700918190238832
1.000075750307999
0.924405655770868
1.8235601867991749
1.001786056371067
0.6787302700836259
0.9706548468040131
0.990976948486136
0.04752898037380936
1.1060233509877688
2.353501829504639
0.5171147846278925
0.4202925052827264
2.5366956543222323
0.7643798385619076
0.3118124173460703
1.1295449138663725
2.709621428058844
0.1371258248378733
0.14207524914603167
2.021182563282712
1.2275341581144261
0.780401429965741
0.6845741586244103
1.3187241806456313
1.4710910895920604
0.3366895900433388
1.6095067882188845
0.7785474984805891
0.9531342704323047
0.7258958234165701
0.019065132030781005
2.8939469619023113
0.3884481257808562
0.761922528393702
1.0514609307607266
0.8595735266113514
1.010682442186112
1.2231565611719561
1.3216309641282202
1.0625756517279419
0.43334111274948567
0.41215246671307826
0.3443003437736221
2.743829683415412
0.7932387267782461
0.5500045229838115
0.96247011613147
1.9501957375166497
0.20780702091426187
0.7741372650124223
1.2094275740612617
1.7363975473036295
0.7144507433538182
0.1710083394695615
1.1420026092628732
1.8024959070595261
0.6807745609126569
1.154366561657574
1.0858813138048289
0.25620657951174836
1.5354138003759827
0.7777494897997542
1.7246760523470828
0.4663365825193036
0.878058535543848
0.9793576506949492
0.3728208050160434
1.3203801538947715
0.0450821867252181
2.4143439611486923
0.39175843717998854
0.9607825321523402
0.7675041619784119
1.2299936268732632
0.526794934465498
2.046458659722811
0.35337033207292123
0.6369880157106546
0.8729801859937503
0.19791780592744457
1.0999194134259278
2.660041320242386
0.1878422601333746
0.8878684642133977
1.481459144558755
0.42030540419626894
0.7334046985591458
2.6302802746476353
0.5639237126945366
0.4010795315636915
1.417453232319687
1.6397268017399955
0.32791152264154516
1.0259442741672662
1.6711758596771202
0.09149397568901378
1.1662782001760412
1.3406025986874306
1.1885035869637524
0.9407445710857884
0.8890147437273656
0.2183632369973022
1.65036211744809
0.6801810834694124
1.0289886680249238
2.159617827915404
0.4229830535360467
0.3044091537267127
1.192804901011203
1.7055342832352633
0.7052403785604393
0.5438089596234869
2.54773709975825
0.1307532392060483
0.8268992990553552
0.34193367965553095
0.8260085386828475
1.436465604455084
1.45684733529662
1.2887114494696355
0.4202306300557891
0.1494511242003043
1.3942165527036396
1.263419395851002
0.38899951282259604
1.3065242742537824
1.299480368226142
1.113761480677545
1.3922228524201548
0.5342121963055981
0.13315241050753132
0.14891328023822917
1.440086212194316
0.42956277159223166
1.503209050055633
1.6739454651960213
0.8178614894070273
0.14983663675807873
1.368019224026675
0.5088415533100415
1.7607386132468894
1.111578102182891
0.604081395278802
1.1462038606371163
0.7776278575936841
1.0678746866734752
1.0002610273166304
1.3533187123799668
1.3545283849299532
0.028720513059334776
0.33832349574206133
0.4802753405119482
2.321074511611071
1.8199077888653892
0.11461752673031539
0.19141287658461184
1.9182048114649122
1.0271693254696161
1.0861554179137474
0.7186838123332938
1.26378927874645
1.7392047870118776
0.18693731384438397
1.0601942115079157
0.017131779429138308
0.3771303214181315
1.0614188155997293
1.617136263927438
1.2516254833024931
0.6097152309089362
0.6496736067490825
1.176424606047443
0.9495675538530716
1.167183266116148
1.5524005077567962
0.7552282929166745
0.3961563160753718
0.7251177288703565
2.3999248415010515
0.18180188312845258
1.2630888510132543
0.40359230637468746
1.0129539369300224
0.3123484078655512
1.6568223487139995
1.8368570146426164
0.48260599779115765
0.7402725568214351
1.0860122827719743
0.1506131764649978
2.3920397684759287
0.275307860203291
1.0436454668817665
0.2677054000482368
1.5640572968416837
0.5308640019272912
1.459821671008013
1.2468954213945787
0.7781734042145964
0.034092818118679424
2.0952747250885158
0.9142616344296539
0.8091956084868512
1.2805864916530898
1.1571157784614094
0.45732300725147595
0.5272184930764916
1.1504325747194577
2.2778253111079945
0.5018295604487697
0.6246202768941861
0.014941028485548983
1.0946234345280936
1.7106183417368055
1.78157159812338
0.41112791829928536
0.05446457581294876
2.06221827758484
1.2560926144896158
0.041916617532816544
1.278078391534243
2.3680376413828554
0.6098753146010303
0.4141373248478503
1.2161983910043044
2.1101112409513947
0.13451892307910143
0.8970288770517338
0.9920630357209486
0.8028127617059683
1.0180811323155545
1.164024676172387
1.3979142919689829
0.17095576400226573
1.3829014556071377
0.6893011415964287
1.9444915503165094
0.2743597946897743
0.6122940253620625
1.5012669253216877
1.488385273903195
0.9561079087980555
0.4165209825248745
1.1854921766010291
0.11911615164702681
1.3203270889158751
1.9258016774084616
0.7903933354626662
0.5178945161846903
0.3557325629499481
1.994132726278205
0.9112886617509854
1.1719947483111137
0.38496800552806043
0.5690870406073888
2.3606321701582154
0.2689297229537799
1.4937666691960902
0.8329832799874031
0.7050169906731498
0.382891402360327
0.543042723614972
0.9816532277457275
1.66065698366983
0.4860816441790823
2.0113549453216084
0.6784792232937419
0.030026669494992192
1.6495486723042858
0.6938587453455936
1.3351598609154542
0.6853793126534817
1.2163283203865078
1.5214391930340956
0.15619790348436738
1.569645165431229
1.338488841775181
0.4656423514585354
0.7579632061718173
0.7394191819351995
1.83191038456654
1.0409232287893473
0.7046353907769224
1.4348601900123579
0.21006083659279778
0.7105401547723919
2.5744869841078524
0.2104675938409394
0.9010979502854756
1.0136289642182308
0.1819895242058116
2.585343500551572
0.8086243938764268
0.70609881746743
0.07857143224693168
1.1936092236117084
1.8477780092718845
0.6963481872007142
0.518380231079505
1.3607088343631875
1.7578873758653688
0.6247686295656398
0.8345448023431294
1.6757961214315107
0.050321953377363664
0.40380349089082307
2.649051867687313
0.6440527229148462
0.5503282199439959
2.6146023299092116
0.34810533901869684
0.36468054532733984
0.9083464500770286
1.7611930869594736
1.0042546415603002
0.16637786609637176
2.129823416192485
0.07422656969705967
1.3817962932985395
1.2519746113542998
0.592345502553611
1.243471553908206
1.300083097361674
0.4777775734425904
1.2101854309107267
1.7172170942962661
0.4156393865008361
0.39720680743475634
1.7132812985567887
1.2409587789459247
1.0435644835545304
0.7418346206224564
0.7529179251377061
0.8558954576631572
1.2899546714995678
1.3581779742021622
0.8161925220392668
0.7966742346156467
1.680637369732223
0.4749392863997226
0.42317775105021677
0.8944805280414099
1.7338221727924905
0.5019929114218085
1.916527937349369
0.37762899747332757
0.1680864422782961
1.762492075002874
2.128300117597196
0.22502625113661606
0.46415552500773183
2.4818783116849
0.22686333418335927
1.354176449357776
0.9799789416886945
0.7866603218483745
1.0112294633581238
1.1197152323153656
0.7133381784308819
0.9466069273799951
1.8083195367339953
0.4049480313973846
0.6732766395846287
1.5274601996404904
0.6639539400108292
0.8101908106791404
0.7433756059866895
2.2834917080684707
1.015427179229204
0.0920700414966224
1.4537459351094468
0.030454814004590387
1.747210310862229
0.7731346514726133
0.07123143907326833
2.1423787090089292
1.6639105732514492
0.3308996640035013
1.334899426164443
0.17466244391575242
0.9268876903859236
1.4064080054352903
1.2879586373340848
0.7741174788627855
1.4178546613653735
0.3820339759835806
0.418961051720301
2.877828203457717
0.46828599106922714
0.22025628959562535
1.4452126728239674
2.275844217897992
0.29069398210564856
0.7070611049431526
0.500065155130016
0.9974546822916017
2.807903483636477
0.07149995583442942
0.8240712666755827
0.07068212753449389
0.7353522018843945
2.0158185869081318
0.9022519516295048
0.4643982266111829
1.6737863677710025
1.3824813372280924
0.1571943646586326
1.4897407815067722
0.6313578751165771
0.9894203333399133
1.6696813424616883
1.1693205822244617
0.4211840120035104
0.4819090562215954
1.0029462808114884
0.9009392615522396
1.5248865031752223
1.4236324455292835
0.374388831708208
1.091017740405986
0.628650732255184
1.806979055389281
1.172640902856508
0.11520873224196423
0.8017099019452494
0.4518049000681613
1.8468513888173184
0.828292910994986
0.5724518810183805
1.4586413819181172
0.8228186358927566
0.8999203543822819
1.5809641640011143
1.1779201791162957
0.8749425323913124
0.029331956161858377
0.6446883608745387
1.6391344198210136
1.2973435879146402
1.0746175395600277
0.6238389476706322
0.7773109366592867
1.0422338309439272
1.10053240124846
1.574494986410759
0.5122322098167646
0.4133368519241291
2.95658096638816
0.1254489432663693
0.44774584548005464
0.9488902078429944
2.472614412890755
0.7764937326420975
0.3774824701467891
0.3290956407576217
1.5953683369952505
0.015486924457810627
1.215261429811569
1.8841132231137299
0.5211722770019755
1.3362776743655924
1.2633797555928898
0.48787878294296316
1.6645899434194136
0.11571111835786983
0.03566955704627889
2.335432813419113
1.1585451313825987
0.9350984537607223
0.7019415355573296
0.8549975308663363
1.4405455883256169
0.737086635602444
1.2213585298752756
0.5715964325227437
0.965420797904803
1.278109873364515
1.159098428180467
0.5041522578373804
1.9710316711588458
0.29103339138272954
0.4750054457151413
3.0657247334429116
0.2222577013728678
0.6143133663873396
0.8265567575134438
0.6764339889474591
2.082094970459229
1.3818212194457076
0.24599249200954104
0.14125306000314763
2.057166265491569
0.8345242243761889
0.9320163468656988
1.4647236269344712
1.187965746615185
0.05765615445142989
1.6601876486298848
1.6113030752318942
0.23588419490827806
0.9617916403269452
1.1914937854602838
0.9485392139180113
1.2468810767956875
1.0676715600403848
0.9310077861806665
1.1734912614798465
0.20059577111024826
1.4374638406274969
0.16134262871867677
1.4826854944942605
0.9724131266506015
0.8886987907298661
1.2243299252956943
0.9827155030159245
1.2824516019362415
0.9070848114285861
0.3316768972439076
1.418841516080792
0.3604123320198591
2.4493085381814668
0.4197454860222134
0.05818777938072877
1.574553776902951
1.3773923428037815
1.466183190380065
0.04377433632957082
1.1835062619374317
0.5197187821549228
1.3307094928955476
1.3831359726117145
0.7502802897857724
1.3621289361807405
0.45483544663964914
0.6876650632204206
1.8739384597950985
0.7055023864076928
1.150490069991767
0.7212652295616244
0.382830659603308
1.8148333659127813
1.3245422584951816
0.8803707112676002
0.5419515723131095
0.7493053478506538
1.9752436617503941
0.8160400140350168
0.05242850326700464
2.176284726565596
0.5908953755971004
0.9168373324135828
1.3857335166879812
1.0069787704972801
0.9047841042790185
0.8237107987078578
0.691074837266446
1.4566967919046125
0.42081925813965443
1.394723612999853
1.2796851692925224
0.6068415626928095
1.419485107962317
0.8716149708678572
0.753024550024905
1.0536856989721395
1.2495904112786094
1.2686532962757127
0.9882377880189488
0.07706125459352807
0.5765097943135116
1.4453987737177547
1.4056345605348732
0.6626496666757113
1.7319084428466311
0.7154826505286539
0.11030265851621386
1.9613622173578076
1.7818130495327573
0.08999387205712722
1.0152039187842736
0.2760160385918277
2.079322365461956
1.6262351244609747
0.20356045209578502
0.6017998525972008
0.21039982764317347
1.315762996128109
0.8563803049946623
2.081175060960156
0.34155880014748896
0.5483383595972062
2.1464854913226676
0.6143059642543791
0.9723579321610719
0.5169594681854391
1.1310494961775799
1.813028503418725
0.9792332276367739
0.10396986403371679
0.9169000732265453
2.745084316282712
0.5805690496916805
0.27695003728124906
1.3742007291550224
0.21536030368687628
1.4036484520811807
1.5945148855902909
0.7601147996713402
1.188798825496155
0.9682450692033613
0.06989020088224478
2.249529640491861
1.208690873150456
0.07434727048883678
1.2996495895139357
1.3451235475551346
0.986804267047669
1.029504004725594
0.8378197879312527
1.465034691205395
0.7454605350459451
0.6987839380468154
0.7123772601283095
0.8888951284571016
1.511450012390825
0.32637638979921973
1.5218850406465674
1.4679863802006627
0.8533287356170937
0.387680631243624
0.9684923409910765
0.6413407285237315
1.475690271730502
1.4018354293251336
0.8927531605889357
0.7456157618537469
0.8233850391140501
0.32246364393735427
2.117434277726817
0.476686486076087
1.2561761289258855
0.8473980601446024
0.6712526758581563
1.4595673263370803
0.8284580617497102
1.1354747423235008
0.8256686460874794
0.5742682402140178
1.396442095391719
1.4350349128718982
0.7036775134275531
0.6358352221386958
1.6035301524182597
1.1176572218404666
0.7908609187272996
0.8999127026913935
0.4900657133420923
1.3086615290122978
1.4243464878424328
0.3522023452862929
1.6168483391555915
0.5462340859640378
1.1960323535964759
1.2262265166386928
0.9681722173711719
0.7820319183051432
0.6597373999730414
1.2511572684619068
1.7620081619732368
0.47254096470747564
0.3904213452078429
0.7659791346102081
2.2820724788055027
1.2935890520888138
0.2440197963959968
0.14634507468756972
3.369410709401751
0.07392961086660357
0.6481116865654947
3.264929086804096
0.20828940783148442
0.06900275546960635
2.505217770819161
1.6682426288432486
0.15326665924289515
0.8198621561159598
1.1441915786970653
1.5256167905434754
0.7843587661848247
0.5856205699123739
2.008867856856227
1.0137240230329025
0.19917803185671604
0.7432283366536874
1.827478336337072
1.0421733436751686
0.8797418919646331
0.03986896483821854
1.7137208284161327
0.734799085415033
1.5717386036171601
0.5269456965927457
0.8910736514603782
1.7970631963946355
0.6600689341562035
0.6515128438837592
0.22199767724134387
1.9865011765328149
1.7529761401289121
0.5008369030093119
0.08097103555653715
1.787682072090097
1.2243925494095165
1.161870651761834
0.5398708372403201
0.531395368298412
2.3281059841172596
1.0563378773983996
0.1996062285657577
1.3977351783350298
0.4806572950463851
1.2034765465564963
0.25154325513905096
1.263214487596876
1.5468320926733627
0.5934127517219904
1.1170754584269875
1.1529770587097876
1.4169892803417083
0.45275562573077494
0.724131243984693
1.3067491519815673
1.5841842817852796
0.8852150097988762
0.08960289361791995
1.2428612616708639
2.285351689217098
0.45325716770810187
0.8138614107095321
1.5379143063331668
0.010894821979346306
1.234367139348318
1.5454070956162673
0.7512188296263675
1.571685618493305
0.4301757141408978
1.2775261662608566
0.039391404039154955
0.28019845132033727
2.6248968013658707
1.4896713525932461
0.34577321726983845
0.24176910338627192
2.529667314816409
0.683110130199617
0.5596397274581247
2.0836487463442896
0.7434442052888687
0.1240309266303863
1.2944460176785586
2.7272856653957116
0.04578949013838978
0.7150196091585573
0.3585744661751252
2.039005828104297
1.2038649442700302
0.8426844244882109
0.28071580962683523
1.0421408337017515
0.043949641864149194
0.9883391787693435
0.8315474067561408
2.4283382858306357
0.6986092280212076
0.20158493594204246
0.5538802090823903
3.0251700237023287
0.50995759392055
0.4511376209211801
1.1179416861407212
0.38758699606237357
1.4183996588338812
1.904293149663237
0.2165649670136379
0.9916333836623005
0.4850155686454279
2.052281294943213
0.3976539301779412
1.4215118331373278
0.04294951313454707
0.7206728324121047
3.112566165952583
0.4653989077041504
0.13790246207019494
1.3799465567234308
1.905743152455336
0.5548973275056818
1.071899472880155
1.1154557809649033
0.6458239593642197
1.6936662531433921
0.4519964923436946
0.5315749628479699
1.2757504945060274
0.7471594495198692
1.989519715269353
0.5935374578853533
0.4043840781485895
1.7977547461336452
0.6336744694548132
1.2384778592284138
0.6349611081793582
1.0582788398661265
1.2381222607989253
0.39951112201466454
1.567198364310908
1.6514855811415752
0.6550680505563423
0.41146185495987186
0.8318647388186227
0.06623661056349392
2.9709026373956764
0.3157835669457328
0.6268306653453858
1.1030587923858888
1.052069013774026
0.9184943064740225
1.4420207211416824
1.0214724627215621
1.013045435032113
0.10332366400733502
1.2925071508997916
1.0516705510280986
0.9171269296371466
1.247029614130308
1.2111826523461597
0.6593540708809864
1.1616317667931366
0.9694541093958551
0.5928145776105787
0.9185260117051626
1.7435824997734655
0.19221564804057303
1.7398201328783156
0.7846451268635376
1.0037313903827623
0.4589654332895323
1.2793383037429766
1.0062358568518808
1.0980498631068893
0.785886312379396
0.6423105375499449
1.8653947067596168
0.36171472009537875
1.4260517091076772
0.9146984967261065
0.29951817973942807
2.0455342473130087
0.3513198463243286
1.3570614771463578
1.5663177437200109
0.036681918186987725
1.2907012682041108
1.1078325261113096
0.7941451847413925
1.021738551803287
1.1764878961070206
0.7542970829510324
1.314680522829904
0.4058351906948612
1.9728195697096669
0.5979165233585845
0.696968541212892
1.4651016945598205
0.6047350252151148
0.7732382222590066
1.8117342571756716
0.14914437672563993
1.5918590633750063
0.7419106286674144
0.30458943425162416
2.28924269792502
1.1165081793264295
0.4380264562973823
1.5923628179660851
0.4101387409239514
0.9592257921269873
0.8878996289160824
1.386296730487999
0.5563838833700427
0.6852852379903879
2.404330456879931
0.3953821812438187
0.3534791331975308
1.183652863530908
1.9387878457196812
1.227143168549275
0.40085707877553217
0.5892760306587517
0.7696538561929003
1.0079379572519847
0.6313261785063476
1.536192169116202
1.3562129643996093
0.20267916579711856
1.2236716689496365
0.9438877830496383
1.6882455445671969
1.1285250641725115
0.29497402278821705
0.7450595434726336
1.602752681128715
0.25821148557916257
1.5039986843380775
0.7111792250839977
0.8639962157834501
0.7984070870677639
0.9272351735114175
1.901112957799992
0.30408593117296256
1.3248345646095492
0.7591557831247191
1.4201499234062003
0.9931255651470154
0.2458176213601734
0.4670056574336513
1.6975574299009366
0.9402591706235117
1.3713077279890014
0.34194825912274274
1.3041030763312327
1.003865199052961
0.626351353485794
1.0459328328751232
1.9264432079867007
0.9608327287201756
0.4380281098203766
0.85687993261222
0.07095150755167971
1.7184199309474681
1.5845723753904428
0.5186344114619521
0.6417300175986332
1.9564844460489463
0.6455182970274559
0.3519573763873865
1.3910930051584554
2.2179816729710877
0.7210738291323223
0.21845658021474176
1.4115624244444451
0.6646686751568431
0.5405880348013856
0.7869289483282736
1.4717396690963451
0.40882902226248297
1.3651958017983872
2.2741949359682843
0.10091975493158246
0.5881025452926372
0.7414747022797565
2.3265058778203977
0.6106239702465639
0.6466443525490335
0.558376834146242
2.152523691142036
0.06101990058350229
1.363379485852272
1.4256876158044212
0.3136158579943529
0.5114340097267948
1.2080117986883558
1.1541985940791317
2.1644444569635053
0.19906310774481153
0.26311523235190276
1.6114281475907657
2.1368535256493844
0.1927366488441983
0.4821062166259362
2.574180880298723
0.7326324276972083
0.4213056976194046
0.7075201759424831
1.357963382261915
1.2662033582556356
0.9124290811464224
1.2981267871150455
0.7626806551393022
0.8489965228698221
0.0430779347251359
2.5607706945560125
0.8960988220967656
0.47651989168494874
0.9848059561718885
0.9127940843140652
1.5826583337878768
0.4799037229986685
0.35838120978465154
2.1727748970820917
1.096020176849555
0.9685290438526594
0.526338564505719
0.39211553017951845
2.170433290373341
1.0560634861059794
0.6124675653525559
0.4080912385827276
0.9433984102554447
1.847775911871649
0.6425493332702122
1.0268726147857705
0.8856688052697437
1.5871142489694894
0.8242225929884268
1.0169975798052926
0.062771297103527
0.25129033718741767
1.0527666801392581
0.9406558866398521
0.9622903372138965
1.2982859786834877
1.9309930128134754
0.35095549940337434
0.30748937922099817
0.9745987830662673
1.6394288935346322
0.9485196422458375
0.4454913591364847
1.4677859241260944
0.610245684581047
1.6393222163161651
0.3348388939975192
0.9778281578104246
2.559142153597659
0.1373906022387076
0.8122560947319215
1.1975175031902745
0.13780895417350025
1.8120334668402753
1.181197968389984
0.5717189264963433
0.4489996722821376
1.7216406589385689
1.1132809245962547
1.1392417591593182
0.9092194329998916
0.5782478039530007
0.8559894242578238
1.8608364679861902
0.5746316857253608
1.0687440169266151
0.06047025667720762
0.818233192860007
3.089682274378771
0.47053961452691023
0.2936612898248858
2.1567123775786627
0.2924017450211097
0.9380361501875917
0.42575226853391257
2.396176714781876
0.16451457813861725
1.2517776784509198
0.17396161478482566
0.35195556045920473
0.7854599489442592
3.127831679845371
0.4864466934799101
0.13950263058010637
2.105645619357842
0.10832959015718777
0.9713099855151334
0.488707998410456
2.527622117383556
0.4139258402630782
0.4285290025852545
0.5296351443152701
2.5902202915566424
0.46907606442541133
1.045692066798117
0.5673143321276966
0.7380090524094255
0.8691033842266467
0.6052133203821622
0.9782312014361401
2.2879136577838453
0.3947329143019243
0.7422596807224772
1.387828696713772
1.4637015944105076
0.4721972087889222
0.32442526177134795
2.405406257330549
0.9352634152953544
0.20411336891511353
0.4053565148294898
3.950460815945417
0.051472703090271445
0.27647998801153933
1.9422415915762918
1.3633282637226534
0.3144882857565115
0.6039682177526013
0.9490739952543357
2.452166536400576
0.525275660686823
0.07537902105187277
3.032134514021713
1.1541717671006726
0.018394289822259047
1.1528772448051576
0.7241089468800938
0.6057412010822983
0.037206218249390056
3.6317608169170335
0.15225524755139003
0.5333048287682823
0.5162667989650311
1.248358695335421
1.5418442706449265
0.4408046352981164
1.3901070700383849
1.706487333582612
0.09314341346931262
0.4820188275921215
3.1036534200364105
0.9514623478159381
0.18798292785663417
0.9010989975284153
1.2976598695055352
0.07799794622400406
0.8382027466700948
3.234858368474396
0.36718024004536004
0.2996304932499368
1.6014443210931175
0.9236967356466286
1.2003428341524656
1.3734823632708264
0.12280935029700867
1.9743592883132777
0.06949847496731583
0.07810408097222457
3.979812163380198
0.33415672564448157
0.48833852039420067
0.21333733380190142
0.42919971246877237
1.3992949157945223
2.8506348929446923
0.1327465501326578
0.13454263686062057
0.6633415033100136
2.432182146469212
1.2391261646822587
0.29081474028827653
1.4246594323268438
0.14904486168599157
0.5364664188181948
3.0449995103920844
0.6176589429049444
0.49573076946472994
1.1298385731876728
0.49474913580324936
1.0405462349108066
0.7758690224441156
2.008531865870137
0.628321790137368
0.3464558903088719
1.7549656505552402
1.9315632209318974
0.04680002245113653
1.109781398976532
1.0962598105115837
0.6046792142096336
0.2797802405845398
2.9643569757025
0.1302263542646061
0.823112052659089
0.11056240440801429
1.7744590273575003
1.4821054809918475
1.1441598308593057
0.10486152261791712
0.2653218770900545
3.269106584850986
0.9774176872473981
0.08043897099337566
1.1110507917741683
1.009886604326701
0.49598066479916575
3.009014447326873
0.2587275562774394
0.026472622896398762
1.4770864625503768
2.127668908236689
0.4956266461026893
0.8734053293949076
1.0753816563771954
0.15909494100514826
2.5922846678079496
0.6742979416202269
0.4108208925379226
1.724292174789024
0.2987479842335276
1.2531659107749096
1.977706513940773
0.6333557416327249
0.10217073753667422
0.9910572342530515
1.3316292167609365
1.5815899700227178
0.9046476331729655
0.24360497325090755
1.4143650826149772
2.164582022431059
0.25827562692795447
0.7706350534726987
1.014386325218352
0.16665972023861705
2.466825488903754
0.6412121145125459
0.6576703584035981
0.424988647182042
2.6029129838216796
1.1077024999430072
0.01777111341272239
0.24509743836165407
1.6506897192523335
2.2814155042975983
0.15806255541367945
0.7196992763034235
0.9231642897737631
2.4372910183483127
0.5294417215692796
0.09641444518835351
1.0129236783246673
1.6613137889561578
1.4840996542411058
0.4696758669754095
0.11935571570660367
3.8979810907273618
0.13485569406676787
0.029952135756069847
2.251130062750297
1.0841300513683632
1.4630624392903282
0.02474863613800096
0.1742958893724687
1.4616356398243682
2.735492191898212
0.024002200241011757
0.5822213055993156
2.5479415028886674
1.0052961696435339
0.3207412845954256
0.6216746639496986
1.5487309999949426
1.5478678182305752
0.24289690961584695
1.2023398267148198
1.5639504315841808
0.8516789638155988
0.9248920395122546
0.5248204743349744
1.1316661500798852
1.2440785391258182
0.5934262630447569
1.7005247222275892
0.6460989834533584
0.9117461956264911
1.4405134744083696
0.21352318216838298
1.780606246301957
0.25200519472842425
0.8624500148690174
1.7337348464363909
0.8981999439857264
1.1962150746064297
0.3803378959149675
1.6469422325453944
0.13507163035821498
0.9123148670393995
0.6725197318693259
1.3859289089551101
1.0434592489913206
1.0489121176591312
1.3796835233094973
0.37920365061481387
1.463360492175496
0.22963722893674107
0.9521946354342709
1.4873905580042188
0.8389403375464017
1.4228919890605882
0.38213412067879354
1.5627566851681585
0.739394569372021
0.22808431163791573
1.8512147756824724
0.544112683482859
1.514155807501026
0.267553006895349
1.6623162705184704
0.6010573399615864
0.38168760401632207
1.821244048585472
1.7065800387024586
0.0118032544438782
1.754370863851399
0.7430418084633036
0.6212528604085746
0.6426967170829154
0.858259032176735
1.7013336673388373
1.4348470025026154
0.47327607360227564
0.8354545689791635
1.0054343956677136
0.33614758192355626
1.5214833450959515
1.391017168929475
1.1086229628974853
0.8997837179448251
0.4504873463592563
0.18344759087337725
1.5320350298721221
1.4122997725036872
1.08907060984225
0.8655103648618141
0.6566158538032956
0.9017594786029999
1.3384428064110403
1.2266722762141367
1.0584150421300997
0.5289692611190191
0.45892460799628626
1.798652991027278
1.1609096461485826
0.9526634922953333
0.5951718473980399
0.48761033264440784
2.2456976555133425
0.9646644704175807
0.7644484400025108
0.35284889275121406
0.3761404915657872
2.895161469612717
0.7714229071359221
0.34268375205091894
0.39869141639081696
3.176081042219496
0.6041058725806636
0.18214062611773077
0.3262607817323663
3.5438557848275414
0.260675240749137
0.22627166342551946
3.6864211096434634
0.1366926989622374
0.1704369617829574
2.234198833402206
0.17643115247161062
