1.0310229295054445
0.9531271465573863
0.5419222566319587
1.3491786437895024
1.4229440576633894
0.5941398770263926
0.7134233972455671
1.0226835136179369
1.6610089270016746
0.5738734199961424
1.0372922906271356
1.0524820265752102
0.7406709167127531
1.337764777649357
0.5639523206244276
1.3483358690985483
0.9316849503133321
0.9070751680761379
1.7755749289647742
0.4855562018288819
0.07969214393861421
1.9852765069808158
0.8722577709981008
1.1022332056940731
1.600883055483278
0.277095413940915
0.5218757723550432
2.680694123522285
0.3207279886059072
0.4808376437533774
2.0620085703631412
1.51693466902589
0.0693233219012257
0.9688255976530372
2.621065436372344
0.4140737818430835
0.26399692443166584
2.6178753496903875
0.09896245772110493
1.1531512983977297
0.20117339715640392
1.309053970490329
2.3525538610144987
0.4156687290038399
0.1255612887048857
3.1678964398809217
0.21125569438231828
0.5551055334979982
0.8675163118087612
1.6561576881328075
0.14994366102587137
2.1353351922493697
0.262613703279384
0.5464455138962212
3.410639225105656
0.24585010655061437
0.05274160851342436
1.3068747729995047
2.0534249968295657
0.12212305691542127
1.8963171454144687
0.025807179838537794
0.8783382766379673
0.3404800219870075
2.5795030109163837
0.5876720454545332
0.33151305706604406
0.6404767548868091
2.541760061483545
0.1099407322800967
1.266144049797207
0.5603482037628572
1.2557274555973144
0.3446498564162091
1.5894460538561508
1.7463048895038649
0.4646501471818622
0.38510960816851425
0.124983910488356
1.7590731445275118
2.234829430691313
0.10806583966459547
0.839480416394147
1.1206947443133342
1.8255609840363403
0.3654315360207778
0.5233991561957462
3.1246207222156945
0.45903998974524507
0.06259959660898269
0.4194458126588542
4.036542850336438
0.3657642283738836
0.04461996955324627
0.29891283248836864
0.24413277667868896
1.948755298297014
2.2757718454131233
0.06848071866456848
0.5209212468661731
2.950409101520535
0.9035426288880791
0.11726375497484977
0.49515597707682646
0.5435062557644142
3.3409522785465677
0.4988845560470295
0.13063716599608033
0.36698521005938844
2.0580103452380585
0.31779505485919474
1.2783311300279219
1.9516865739868123
0.4045366011706952
0.3138795876775775
2.7055596086413525
0.6914476669601277
0.6414717649509228
0.8626627881574553
0.0943320097458249
2.3974972763554083
1.6119414834403951
0.26529720018372305
0.36456383789080676
1.7041330920265652
0.09878277279493435
1.8572230292456668
1.5373660539907883
0.43473373179591923
0.5225154573545077
0.7446612518796856
1.7639425672508176
1.2537321871576288
0.6118246948740815
1.25158223687253
0.22241764141788284
1.1863773555748443
0.8337892591506242
2.183132720678549
0.43360630703372693
0.2990517776324284
0.3694436608015724
0.6838636718236742
3.359935509075794
0.20303225836739677
0.3331609003999981
2.108414899008033
0.7916333865071146
0.2617973214777315
2.029083181506083
0.6397087617638832
1.6959981343062303
0.1378513568169373
0.05161838699814487
3.055607422430816
1.4352570331789547
0.06260423010432489
1.2932090857092922
1.69749964427427
0.1441493484152662
0.26924194228748854
0.8619546612021495
3.2381946879542425
0.30669163846269176
0.2932705630802104
1.0321302649762198
0.528592677381663
2.832751166889046
0.4624944504981365
0.17978273412500384
0.4898540051118258
2.217467578828296
0.6151846942681028
0.22951994790316874
2.8949799867463195
1.0312984483265513
0.24481048173348838
0.8773902480194582
0.22759995763347085
0.7583927414256666
3.0585123983208606
0.5037400162746886
0.38408003337200225
1.0066757096272132
0.03280754638551343
2.30094570047574
1.4172508921693534
0.3988057079698157
1.2441951914128366
0.031149911198568265
0.9858687827318833
1.6023343265251433
1.120262968926618
0.17361041659208845
1.8423941606492737
0.9336753667769723
1.195680829846577
0.03341373630817161
2.338265367565441
0.06021264395087988
0.23011558191729997
3.8966517792145674
0.5538025645418007
0.07096532967212155
0.4424011333741826
2.8577754317568367
0.6992045626855564
0.9013175102557437
0.19461147956569835
0.7303476017733496
1.2860281957331994
0.5827685481340871
1.0641835273983347
1.665540353086841
0.9329020401341837
0.7386569954220148
2.0067157188121603
0.09139697487591358
0.09184320760625488
3.285422926690762
0.501251338158768
0.560678310534784
0.16600054873145775
3.1379155819321483
0.4211766082253894
0.25172893482503633
0.8831390040846435
1.6078471718324197
0.27327174044554975
2.486043086855839
0.3662736053086482
0.3333886637310012
1.132720375231054
0.8968803636478173
0.7484553124128457
1.595835113181064
0.6257129346849853
1.3210481505016758
1.217205022308208
1.0807533949738242
0.32754779516794535
0.34775488840336255
2.6684419935037402
0.3820661242966308
0.5026641604195614
2.974642420103041
0.23675943926164064
0.48480506611430013
1.6474688528936936
0.8485412520700776
0.6122447468165996
0.1497951994079291
3.4079067656895927
0.1418091024298281
0.47628245086213555
2.9081441666764825
0.4682266945942378
0.3262395675500464
1.1990631701021968
0.6270634724792831
0.9851517878943372
1.1168346686353394
2.144465647283386
0.20062648245654324
0.8488629502760319
0.9951213390284842
0.12340667098494143
0.4033042418817946
2.1944053873302627
0.9404622708086674
0.5308138047393041
1.5768313521461481
1.5595432637540851
0.5231684640726948
0.25978762929253285
0.4414080149276199
3.4569018838523897
0.6789543335245116
0.053637477611614914
0.9805983245320976
1.0543142652299102
1.4527448287696176
1.6956105073885492
0.1597744007954057
0.3729596972685221
1.775799228820393
1.4281957241541248
0.12377864828195326
1.4646923193883141
1.6068212741377093
1.2485853262535904
0.05791379948051712
0.6753975046904488
0.9338775231154186
1.4471321060689037
0.45894477285833346
1.9650236683213653
0.5426437335116273
0.31723407392017805
1.823049044587889
0.703571394426027
1.4858616877396575
0.2038435474028602
1.1238507541509466
1.7030909391414608
0.5871894483776621
1.019864595433728
1.6579223303615107
0.4786200591702444
0.5522731617718754
2.1067493678509943
1.1034093786832082
0.5313207187973706
1.1951535863020544
0.35498776575139074
0.11102679522301313
1.887969621797625
1.3598080695707269
1.2488810635947791
0.47197285153854773
0.5478751580533668
1.087874658255866
0.9389160886824343
1.3316553897155257
0.16125898867049543
1.2756833467346216
1.2389407917477704
1.2990383259451086
0.9939073942128746
0.9746028625601547
0.45336726344171957
0.7019163441619303
1.1279805940542638
1.1044389070242875
1.3028772317486585
1.7499545891611938
0.04599604509248382
0.13642926452427098
2.1472699926571504
1.2204884837970638
0.12344140361755225
2.2355212622087084
0.14863026437573448
0.8219695740808796
2.1735152538220497
1.4081420959317876
0.04326456289020573
0.36390466083283707
2.0595799671264747
2.0638188097697694
0.2272458622312355
0.10459180568247356
1.5686930291050019
1.4892478033627414
1.070610015961096
0.7709486425326588
0.7506663894057904
0.5306867048888839
2.6775739535309886
0.7948263390344046
0.07053716490379412
0.5566471572129393
3.3829666884059235
0.38550421365596726
0.04621730572557966
3.452820805762958
0.38617910145756473
0.3866998994583279
1.2604323854905524
0.24531433120657734
2.336718311257787
0.47864659656019826
0.46325070255935824
1.5923460631144788
1.5956736447555282
0.921829217046776
0.5995909609204078
0.1940833862531587
0.8086171977621347
0.42104443106266193
1.7064903490652508
0.5907702341400194
1.9936735496293194
0.01658206965461162
1.2053808360074967
0.5050869693423771
0.1320420713294073
3.698500013487814
0.2003764029621287
0.2394405472086004
1.8093529502962455
1.4161543778071948
0.633158533485628
1.3493555596364801
0.4736459843584357
1.4500765434088538
0.509012061876536
0.41652868264665116
0.9827139462095971
0.6044105504734638
2.1606750283479093
1.2614349912305303
0.016677611501065476
1.426510248938322
1.129575336851164
1.0394929375114805
0.567495457367542
1.2412860053393076
0.8703426813353079
1.2731394529923272
0.8865078002538049
0.9439443123253766
1.583229859216721
0.5503274705553569
0.41505916029146833
1.844214079014627
0.4974461859340453
0.9254977671637055
1.1885895106271487
1.8624849315929006
0.10668831405337502
1.3497828610919742
0.5158823765520968
0.7926737369712363
2.290516676141179
0.1969745328281695
0.12759050934861194
1.7561301762494408
2.3200641057385716
0.6225002294861679
0.2248065948504542
0.04777786417190822
1.9450255412482222
0.7903707226432507
1.6857492200418005
0.27758096972374824
0.8763683059205909
0.41124505057707245
1.3790763427641024
1.337203792041653
0.4654848294455082
1.8901709278573946
0.38213933187409693
1.0389553657739703
1.5204437234686845
0.4368756972779449
0.8580232273513666
1.0105648246628813
1.9025763357936087
0.06235531525792071
1.3010474381582078
1.846616054896676
0.5024615402191144
0.2342395331417419
1.8277907812370504
0.529281849764447
2.089736793879197
0.20699703488990917
0.2432423509782258
1.8583163248438705
1.9288602032382605
0.37112076633664
0.26943627707835244
2.0569826579071155
0.3554857735749385
1.4881491173867194
1.4331115077645211
0.42692541253012295
0.8021561945549222
0.6978625282307782
1.2473747839689595
1.2842168361038813
1.0370777947765564
1.2837883910646322
0.5072429368079491
1.0522303969043834
0.30886790727162217
0.9839987356222434
0.998786061956362
0.5787521026195399
2.0381171623995558
1.0858346167265698
0.5809519075937988
0.8935242678600912
1.028581599298487
0.6540379871470027
0.9433156049252417
1.4390152079982734
1.2879417202535142
0.20181741110910484
1.670814956126602
1.0302054709323054
0.3824146097016786
1.0108442127793904
2.6188994679541344
0.5461857685147964
0.314354060540907
0.7484793545069452
0.653922964992133
0.332450334548716
1.103192829104417
1.2376327237202969
1.2987552077513067
1.2723241049583742
0.44561073893036457
1.2791248912327973
0.3387030952654809
1.127893123627776
1.4483347166586824
1.0882285358888135
1.0321747735167084
0.8686550502882372
0.6249828323782751
0.028400264845300966
1.9208389042788292
1.2597749637550926
1.043855201964251
0.40879729551774924
1.2924649456395116
1.5936400761127156
0.5283031117113892
0.35486004085752315
2.318551548987675
0.2925259769485202
0.8660509184047968
0.4454289864226229
2.6628735619536417
0.3504307880712493
0.6205200117473668
0.16957698902254756
1.2291371002614386
1.969728270270403
0.1928464909530466
1.3595826661989914
0.9236327173994547
1.393628795989414
0.2213808552622216
1.972954286679969
0.034984153786929637
0.5158279550529715
2.5519088700873835
0.6892051894043703
0.49995195676745263
2.174163642763962
0.17101971843879066
0.7007047327230788
1.4926554981855122
1.572630755321126
0.8093955514921226
0.4363925246424802
0.8456480110557895
1.3853720480042104
0.7937481432358631
1.2571935218227006
0.8527874025458299
1.7349825835192327
0.26326311023260746
0.5914782393842476
1.0299696778843952
0.7808816339186728
1.6668244483274952
0.14147361947958761
1.4368884913072841
1.6658646632992473
1.2229117479301441
0.02159408593174751
0.24967690375499643
1.4670873021446618
1.23881853102422
1.598102167586662
0.13868876034226826
0.9223254928991891
2.396628604319946
0.6510639339021416
0.193313485087622
1.8718394818698971
1.4874724474110188
0.6590690354089738
0.7680527247669632
0.7507066267574536
1.5226441832810602
0.17378982881294164
1.2156766654214524
1.415415719016738
0.8192724019975233
0.7152730759462483
1.0761989329007535
2.2094302432174384
0.08767023950086786
0.9893030831632715
1.6800269458295258
0.5212516418652564
0.13735518338707803
3.149892737395444
0.40103920097917783
0.14587680959810662
1.1041588016377937
1.9959812650303588
0.8983747769276468
0.8314862939717705
0.9128621732928677
0.7112660654405983
0.9443186794982407
2.2657122641204936
0.3098375212806662
0.3513299672651096
1.9304585399839191
1.0447136919311344
1.2535600560966957
0.6246659683044122
0.717802760486742
0.27475394186193414
0.27176352536821563
0.6656139839713683
2.995742699763779
0.5542879042510033
0.3735100312258456
1.6584415958777274
0.49384769614656926
1.0293707976850512
1.308975683373326
1.4878211145917934
0.47836926396687157
0.7801220060061614
0.7076230997475853
1.325593542526166
1.0210024763106667
1.3347961979482081
0.34207180230674444
1.3020633477059333
1.742674973864188
0.5515860440928433
0.16212479740289165
1.9031017395629468
1.6677818069008137
0.30280087291760266
1.3592475521189942
1.9137134437242698
0.1259931009484161
0.027617148987916878
2.186854075756043
1.9582525530451116
0.491070128894496
0.30807373739170557
0.06568803119039122
2.283642051108383
0.910165344076211
1.3805259435342547
0.5359140869718276
0.20206733248500916
2.3631295735905486
0.7732551934328855
0.5461530944912568
0.3854450202321792
3.078659661077052
0.2074651542584975
0.2414295905311902
2.8391966044680053
1.1793537362310063
0.11618793904874068
1.2938577203127926
2.0469354335507473
0.041319610623246614
0.7814330328170321
1.2378050888182046
1.8721359851571187
0.6213798151226888
0.6048200694034886
0.37861471973529853
2.8721678658759333
0.03941249208966888
0.6976976621278977
0.46936600991448896
2.1630250097807315
0.8257176344307264
0.3075022696339807
2.5744922486576343
0.3224969912352571
0.3282832235211525
1.9714951874684936
1.207733059735827
0.4588966575649033
1.263828130289461
1.214664056737505
0.5515398574797441
1.6302329180018247
1.0965118548578063
0.4027270408905731
1.622745502299771
1.1932215458870699
0.2928172826456647
1.203294417439593
0.5075719414706453
1.522175023544653
0.3162058533319407
1.4018917990976063
1.6135868475513375
0.44935090534302224
0.5189443554386179
2.476826882594927
0.702600015772902
0.759747059264918
0.7015971495909438
0.5134596530710555
1.2675758188430875
1.5551455312923217
0.7840107701161805
0.9864935198045851
0.3077005155720463
1.999543033580135
0.8681877224100581
0.49477632583697645
0.5380653581982618
1.8515992902462113
1.4272180856888539
0.8260034253049894
0.29695683189533684
0.8803316175896311
1.5861773109569433
0.76837778395412
1.0027773825185906
1.641414778882357
0.979294055346854
0.5017517172878746
0.3534525254043994
0.5934905255074977
1.090769522126367
0.80974550735983
1.1436780595019445
1.5187882919909625
1.6669083194161152
0.053616297638347465
0.030579377436178806
1.1635442134979181
1.5939602162203905
0.002097909283162038
1.77525811461669
2.290944761981704
0.04225103302471758
0.7699591940543663
1.2292894990844732
1.4428892470079948
0.5623039978813217
1.1605209254302837
0.25026867880714393
2.1475954735737357
0.7150454511972589
0.5043432104936797
1.0605353618455837
0.9145601975185599
1.300306653403344
1.3436072109949495
0.36008072440673505
0.9142886402052097
2.3032630575066335
0.35114731089077217
0.63847913567746
2.1053259577352805
0.5121871567303147
1.1213065967572533
0.8322284313712826
1.0716006384272947
0.2757588319130512
1.1847953013914758
0.17996730951761
2.446487967841126
0.08420763780238182
1.0187617331331715
1.304970987398917
0.12535179405983637
2.3406245652639153
0.23018384879009413
1.4668390217728158
0.31435978627255595
0.4425222552268347
0.9264177931237545
1.8305779769868389
0.5818231329086223
0.6026812822852775
2.006934345370125
0.9989558201761547
0.49954895139957245
1.4942441398761819
0.734264832341038
1.3053965659227333
0.8400087688217089
0.17953244377862806
2.039434912045469
1.2993988527981037
0.07057017663927037
2.0836154450503717
0.537454910278913
0.460413952740819
0.6789022126998161
1.527746254807602
1.536384154456811
0.45334542403868905
1.5752705727769551
0.6790761974601761
0.6257508867065585
0.9902387307695328
1.1504617225500284
1.5390088401405708
0.11241372806734598
1.4545948986226118
0.39090262999668496
1.2021745016440122
2.4105290198072122
0.46748788854747836
0.05992634831317219
0.36439718792459463
3.607453402646013
0.16336290723936348
0.7089765156711524
0.4833875347828596
0.533296542036796
1.4721123494296586
0.665429808303158
2.1721075103292513
0.12860590316800602
0.6668151764733108
2.396485119393302
0.7936899515134894
0.2815927711339117
1.188731507481857
1.222807024491973
1.2555342625146833
0.3567461970314754
0.9905917164504179
2.0800011379751053
0.9249280804295346
0.06802457817151386
2.0051643080600647
1.0995854554674942
0.613438300082778
0.944838044810951
1.0221617381720307
0.19342416608576887
1.8825859507344138
0.2736948232829034
2.16899822933106
0.2733022867076868
0.44449749555307533
0.9639789634328714
2.1522255587915278
0.11136285705406265
0.870054072307866
2.3572112877231417
0.3745412519708891
0.17743911696931844
2.8502759920724268
0.8940672146137845
0.5808331019673167
0.18619188735733583
1.7456809927125227
0.1092181331236448
1.5748318384812843
2.0741920970376895
0.21247136608303974
0.9669796281955902
0.39350040924860624
0.8140846483286787
1.565450124132065
1.1267663681936124
1.243028252746525
0.7781896931760026
0.1139131850891267
1.3793069414396641
2.364764681594426
0.6183004052918903
0.18906179593821867
2.0334127377028466
0.6690715913902122
0.7747470112080125
1.1451185427477062
0.23079013407066928
0.9517541721862327
1.3797293998654308
1.66181855463779
0.8118370200597825
0.37641894333355225
1.3090077738912609
0.8871125533688871
1.280845979765837
0.9431441231036309
0.9418246615825276
0.20657073397638412
2.606060359904125
0.6768759338307957
0.09005263511070409
0.9885384635616296
0.834012605030444
1.411540122412656
1.3520069688894545
1.0939559170016786
0.6118882611999651
0.14898766446065703
2.624094986969124
1.1986167994661252
0.03152419684564323
1.0862579442374745
0.6829831665153848
1.4057661045280534
1.424821335862218
0.18948178698236096
1.16789467632429
2.2996708510044006
0.7921200923229047
0.3391189738121627
0.28674146637270326
1.4931850285744583
1.2642575809994423
0.6143512453973748
1.3007996157802066
1.1999572410272554
0.8887953216944362
0.787390709802744
1.5595450015355101
0.6413756655666777
0.6094958094318077
1.5961367241408055
1.209040185813008
0.12581468032151874
2.0136528444413
0.9303218150627969
0.8181532155617635
1.0609440866994908
0.4133227584061059
0.15354073663776116
3.280914624164813
0.7363330421628498
0.33155377505197137
1.2355196496008873
0.5753248193578036
0.7779458331469136
1.0983977410699717
1.3415643055137054
1.2875675272147045
0.6693826786826454
0.8380635528153444
1.2025454055356604
0.9285670516689335
0.7013611284584428
1.3352046990748854
1.045114721981775
0.7165184334381219
1.2128847231818654
1.734983215615925
0.061740318342296714
1.1279886503710983
0.8766644489076894
1.308562484895588
1.2117436356066633
0.6675095900543344
1.7349011479282417
0.6423317523662376
0.018747170276549478
0.1346205427907852
0.8186726633443684
2.106565911299795
1.1934606780758616
0.5574513093410614
1.2432710063704235
0.9710506199063292
0.5792111518598566
0.9761521989161883
0.584223979495061
1.8627678441333848
0.6824774614088838
1.2517608004364007
0.08945046719458559
1.2683407073008133
1.466763684451668
0.8800427572208739
0.7882293257427054
1.2805710520629001
1.148955036806134
0.9961639082212047
0.08687139925742085
1.702575856892317
1.3056857550577328
0.9201237649872603
1.0441542534727217
0.6301073068692448
0.13179909371559986
0.6914061706951051
1.1226400191630606
1.6714194908941198
1.0693509533820922
0.7834975829614151
0.9236934862676804
1.3587309295072014
0.8229586142076101
0.6914701624348999
0.5031544459617735
0.17538951194632726
1.0921551430434568
2.058549307375933
0.7514324642223641
0.903664950045704
1.236076163468616
1.0548682616699785
0.34256909637963867
0.9514813485629593
0.7959678877745952
1.5244616568906006
0.8526451719137427
0.4520700886988571
2.6553769119816812
0.5275781164072413
0.3423689199247168
0.31381651501660046
2.4615445138519534
0.3953755658541993
0.40243039030014494
2.531299671368304
1.0729839903051401
0.3230666277284215
1.841754985683162
0.6397943608587261
0.2545164270378532
0.2637981906548382
2.0240327456126708
0.8793483747229703
0.7789091931576116
2.127222082011304
0.8652430186960028
0.06804582234193354
0.18456707602891817
1.691829847551373
1.5316379634329673
0.4680819095315986
2.032343012902839
0.2679657766937747
0.6617805640534337
1.705284580600003
0.37673428600815273
0.6407430337157782
0.19918028911987581
1.775623224200301
1.4847569577291213
0.32930866207151055
1.7540570770471107
1.0916094055917391
0.6916962652210457
0.3531340489115884
1.1034085313410853
1.6267981821982567
0.2894139389114478
1.6182280579179116
0.7842738838273119
0.9621365770585607
1.3618609173063734
0.8430316790298993
0.5818020291421289
1.280469955596182
1.4588726961149006
0.9140365169584197
0.15069616295292604
0.9006283303127117
1.2538558053036895
2.101480372521346
0.3885530159318536
0.38781377569198666
2.241119430754255
0.3586580196055076
0.836855903980953
1.1844145614894943
1.4396885559902322
0.7552237420566479
0.8798128812088293
1.2291768119026487
0.36441095885857666
1.9673229717999667
0.787855052462713
0.40507147078607875
0.9392445249993462
1.536022616068899
1.473646581171683
0.3227943459930173
1.3744904208332502
0.40355508920148614
0.726164873846641
1.5501181299007718
1.1761119633766508
0.6907015724808673
0.973650288107727
2.1143508873016574
0.14141073397245485
0.45886624020163835
1.4906899157702158
1.749833807923005
0.4519002366357189
1.328737014819383
1.2021612526229903
0.20898035557137418
0.9185413004268486
1.4329961777669316
1.2961756646810718
0.7433527187539591
0.5796862706918237
1.1421146888127482
1.6340859249345445
1.1325699557733098
0.09450001215720139
1.5889711041087904
0.7066957535547395
0.7204085796708022
2.1621835054323895
0.4706217353184982
0.8467029076487814
2.049970864289771
0.3964658527671335
0.1610949586097261
1.6007214037744335
0.6192014076446796
1.214545407594178
0.9514695971828724
1.3291242779923909
0.9702848364232524
1.074870930191075
0.6354557614337302
0.6580859273252515
1.7248850031931657
0.950251705487534
0.6533282390493493
1.2894187518046638
0.7976226801016514
0.8281458633972157
1.1584265494034505
1.295232509834697
1.4495124606708334
0.028886159540351328
0.6486485167810586
1.1747364905738154
2.321157952613282
0.3899909664356831
0.3640559304961551
1.1538135085773995
1.7590392801543548
1.3387142989792413
0.5084584261715412
0.07110580969489602
1.4453958652019931
1.4644873916401497
0.6242691600440233
1.441124647098795
0.5717826619780353
1.393383319590449
1.2374525938380327
0.20979271133733363
1.0474719491514308
1.731903126678475
1.1007107674471002
0.18790647856816464
1.3748821990419782
0.42453497950643626
1.4213353971112785
1.196661145833702
1.1103211569272118
0.38095168940790897
1.3784341154062878
1.467576562747573
0.29089786711737586
1.7459640343089573
1.03147685038941
0.15904877308188717
1.9917380345630946
0.5474134131084248
0.7401378904318894
1.9361256125484771
0.4158250714542751
0.7754896284292739
2.3561687190942657
0.3846844352105653
0.6095907952550436
0.900891083985126
1.4580896527720888
1.1138338342553535
0.96204637320433
0.530035324901852
1.7832507177191146
1.331562981865267
0.03925363225304533
0.7802891898774995
1.2636881464421665
0.8175886040928667
1.359197015162626
1.2280404144410124
0.6046437884372979
1.4394860706709653
0.3486868306781062
1.619874752396221
0.8105028271556437
0.4953935242824966
1.1013515400024871
0.9488604328328045
1.3246302341431824
0.3760910372388801
1.4666491182798052
1.1939933667829765
1.0051956576026433
0.7327969237533242
1.1676407941815963
0.5353354393390458
1.075806466212865
1.6268333452606782
0.4166064592869425
0.9071292600222375
2.2357477869067366
0.6731954919727207
0.4734880137036052
1.992647242195019
0.17213551947851807
0.3623648069837074
1.199793454565803
1.5370140977490807
0.30621645744749487
0.988794987046822
2.2762281732139527
0.8581653225585207
0.3402598584971901
1.132471601220973
1.072388915699744
1.8824172731453743
0.2633948138766178
0.13776429348945438
0.8632152261200505
2.185923695463452
1.509249398759374
0.32748009914506215
0.2746872326995597
0.134308693549894
2.2620642664384163
1.2175949337628764
0.7320908781478176
0.5069970469960072
2.683505873142712
0.08330651461646087
0.45169411585882047
0.9819759287046631
0.33589633670714414
0.6885789423561569
2.5268612275053535
0.8162452424345309
0.617017669984654
1.1785909791241578
1.1362215480030573
0.55712205248907
0.44384437051712283
1.8042688150971342
0.10250516677828889
1.6484201795124742
0.806175236490426
1.150701537548604
1.278519350779528
0.30566623757230693
1.8611835782631567
1.083435920500293
0.10067662669656538
0.48998878105264954
1.313383836076151
1.391164719785895
0.9610155230054932
1.3162875511752885
0.7778748149724616
0.43393178942059724
1.8939493187368068
0.9183943849311695
1.034298872961617
0.08682251561557766
0.4005661658900876
0.9295866968540436
0.8740043847369205
1.7801080813665575
1.2297789046208838
0.4989147488322471
1.3668320232915625
0.08802109504017257
1.4831544879990086
1.2659253436144648
0.12001588009198921
1.376471738567674
1.9457439116762318
0.7180822706911371
0.6034868469962931
0.7367566648552786
1.1703254669383558
1.4910015555524634
0.5254327632210571
1.4276228316982487
0.8265704847897465
0.7177714920875479
1.1927192627578096
1.0607081211240148
0.5588437189244247
1.5661547601589345
1.5704614129155754
0.14746586735703138
1.4147876556148447
0.4084704222115865
1.1900144394434675
1.528722294312604
0.8018052718965053
0.1864958241744236
1.0472024827948454
1.6071757329838068
1.5362092554722564
0.5205425132728516
0.5531819672535251
1.6374145406491012
0.9417999710640184
0.3801078353511286
2.0924562079516207
0.9330796170834449
0.46206086090834236
0.9143823214033395
1.3700148970961674
1.9682921742245474
0.10336232664004584
0.030438900683460425
2.4929040581988366
0.09778917805074316
1.0820465572005706
1.520122080133146
1.208904163737276
1.181964244094153
0.23795490670004676
0.8295960043206889
0.9562158035349209
1.1996844682761
0.8866301217492822
0.3938105142582173
1.9453399372531088
0.6959333038046155
1.19972614132106
0.8714955313892626
1.1055651856202202
0.9043899034012496
0.596262981234711
0.33151020158428185
1.7188367804056097
0.7930500442817138
1.3858217223389482
0.23634691069883845
1.1488440735089591
1.6151323483443716
1.4213194100924744
0.16748549205020158
0.9893212325490064
1.0678168707881215
0.7080672470948468
1.2878008185426353
1.1649618251616016
0.29921724622006207
1.3279864129975958
2.061213031158948
0.3649122713278857
0.7293891207534189
0.9229597847761168
1.8432286691689708
0.9476691514810737
0.12340360611897878
1.9061391060919217
1.5421447083599127
0.42325632419902176
0.381178165951682
1.2731482848640625
0.9829141426362689
1.5658491838655866
0.9923146186286174
0.7140910728423258
0.6621101610581831
0.4282126051046796
1.4733570058032825
1.8219513084486039
0.4762617442282863
1.1896632928298176
0.2938479919674933
1.1333466638058534
1.374118906664796
0.5247541928382178
1.7201066654592079
0.7528884024951538
0.7880049605203725
0.4553865297530098
1.4867909602681597
0.9127531047410865
0.7845431402935409
1.317923233537402
1.839883511487464
0.14976652391467293
0.7981987511776863
0.9006564003460433
1.725229596960416
0.8699333441056345
0.15172451415721958
1.6508770107955695
1.7162184197440318
0.4191618019492892
0.6228350788879505
1.220809536429837
1.9607701255814967
0.966667787991267
0.2403619214274343
0.5271484405811564
1.7344868620250287
1.4431982187052992
0.26139185608716425
0.7113957647464054
0.9794498567116935
1.1943169535849065
0.8792561801984701
1.3739939233804288
1.0124556398314457
1.2933189783427563
0.6100566223416232
0.28244338842532746
1.7838254829761822
0.8533069131541294
0.863978622388525
0.7796674337880075
1.091309328273826
1.635163731285532
0.0489394798283438
1.2221472439614505
0.7257716218039927
1.882426449500412
0.8549177321226654
0.6076898437014032
1.4225530234776012
0.36200291569089565
0.7345906145153946
1.4585972159604923
0.43403488137274515
1.1491907789234246
1.3917145274717115
1.1284472802004604
0.6778209390197009
0.7265618607761499
2.050190233086836
1.0566018897788096
0.17558573295779978
0.7910648323805781
0.6001762870546743
2.2060481383185815
0.45621257832997536
0.967341181270612
0.48300649381252303
1.0493431798846777
1.0514130008180504
2.0982766562864072
0.48444008347833756
0.3964808880298557
0.7788348102661183
0.8330028927086085
1.1104267456505341
1.0921681432428625
1.2348770304942698
0.5754434559745926
0.9627525334122757
0.9623985443931745
1.939374315021943
0.5896558008934055
0.572383596342195
0.32176582483438443
2.099251601221273
1.0840861571889562
0.960534006546841
0.45843094864921125
1.076201005281006
0.1491823539655369
1.1157388090271025
2.393097464502419
0.15936961440778016
1.0858679483021498
1.8792200402592374
0.32281926585417475
0.6220540602783264
2.7669732964854554
0.4991404571824569
0.5219485380104716
0.7666795015843385
1.2076302142037616
1.280803088310716
0.3159240771118451
2.112186260566637
0.5945312681576063
0.32782996080130256
0.6445997933312374
2.0288994845375368
1.170006128953674
0.868532201336622
0.5187642288903842
1.2773659022956392
0.3091164395240607
2.1880720010608017
0.29542987916958424
0.344262437136263
1.819533105426356
0.4823167598205632
1.3916964711820512
0.7934878164295287
0.887915363977158
1.381669713638173
1.537755317625912
0.30998035777060623
0.7539526539879078
0.41438543712058973
2.027149741868523
1.1086736375337602
0.6500978868158065
0.7884414178074688
1.1399537588951825
1.4861145432475058
0.6754520718717912
0.6364384977279279
0.12998432959545286
2.798724565038194
0.7321975185035564
0.41913351902137197
0.7811962525977207
1.7664419708781438
1.203013094233397
0.7706013156498867
0.7164340997786047
1.2643164300771415
0.47170523621473
1.3483975608411647
0.9772660118127863
0.43361161811954235
1.513943873434261
1.1660818902466676
1.2404136988234102
0.5466118486374416
0.7993668367198743
0.7959659364087462
1.5325687947612954
0.9378693751073464
0.8395079902920612
0.5301039748339438
2.338875677756945
0.6196876611297516
0.37087388166293145
1.8924232732379156
0.16867907437334306
0.9493572323090691
2.3340519182063146
0.3822633840443577
1.0241953824761598
0.9131658215541695
0.02993156605432453
2.1715398252494467
0.9813822469956416
0.8636776819455049
1.4681833189994005
0.5976855822708323
0.2859574585985996
2.087227307600466
1.1482142335621661
0.49828666039489894
0.5793503781511818
1.2613628201985179
0.017423898344710025
2.8450303102472994
0.7878104221831259
0.04636679867289022
2.7997710424981483
0.44606563763222096
0.251730316348749
2.262309285686543
0.08488034696455582
1.1413915739464822
0.8051999862328081
1.2331448142140369
0.8102768206516586
1.7828907519110597
0.07912265926755814
1.1548556145060052
0.05111406609614969
2.707461144549213
0.12785030331901484
0.3629819617677616
2.9506872181156583
0.02197489909897056
0.8006692614868456
2.6510906587652534
0.6553445032752916
0.36386755212368427
1.5422329811183877
0.6606029301696933
0.8973244428299059
0.5503473801447287
1.3301686519485534
0.8704519966561596
1.7792566265662986
0.30858499534373024
1.0014551402403726
0.8640983616829968
1.6103969033411327
1.2791992252601503
0.15524180464467466
0.13481768674674333
0.21802760031072618
1.7857711365888844
0.8889230409674893
1.3208955267318492
1.5680069657455227
0.4172100919479753
0.4299121167759492
0.6196663363359711
0.956209353804599
2.52171591324175
0.09325961081087125
0.9726489369516726
0.1283622361502358
1.07394391302755
2.420037162589745
0.5581253080027598
0.8137258777504087
1.0620036851704755
0.42333463152198897
0.3024534383499595
3.2759996685350905
0.29432727885981513
0.5133541619803635
1.7116091902320671
1.2897006212805697
0.04430847304946953
0.8965728764771118
1.763948360992008
1.4935310681394791
0.6533626070273528
0.1542216599823622
1.0781170633565376
2.2021808384546335
0.5076230712304707
1.2778839935464894
0.6020890922941758
0.5731482108122894
0.9591747237408388
0.06604340622539415
3.2867381646348552
0.462128805971838
0.08343200165249058
1.4895504946205043
0.8731635533771606
1.5622445428807796
0.39558220974628516
1.9797374226347388
0.3060332003354489
0.07200500208440308
0.6322458183503822
1.4569843505585236
1.6988309609040522
1.0640499653895614
0.23432575656919513
0.8289653395003027
1.2042153435270755
1.8422356648221059
0.5958338832708491
1.0913492277398347
0.06929175190229485
0.4566259269059169
3.325401130506125
0.5958444584187252
0.12138631636755401
2.517254215609298
0.6217195799821622
0.10269658073721841
3.560810028595968
0.3288782268897183
0.0669734696485467
2.2175625963999077
1.3286585022811588
0.48749189915593194
1.4523002870491246
0.09246091346126782
1.5800358790590348
0.7657198426582295
0.5003072765442267
2.0880745200990343
0.5364958197420311
1.067298540249366
1.4374873821690386
0.2027788624857837
1.3227617074402842
2.122839572679711
0.26858096227922723
0.5145329429393442
1.3685349409877263
0.8146842619859802
1.5268240566029208
1.2960062347829804
0.2255690157971393
1.213262480114446
0.3069954816852866
2.3514116183522416
0.6508601029930621
0.21997870883168139
2.1215239023624597
0.32051077715325443
0.5473824097007284
2.259299083567862
0.5312127503787537
1.056859085207364
0.1329972012458653
2.2919364373743045
1.1534479138398994
0.3762261886756188
0.06620612082939366
1.8955782203268556
0.315926748208945
1.8303652697376829
0.4375023998109811
0.7294255446524552
1.1615724945950012
2.142909223532973
0.5339444172104317
0.08702178521291666
1.6907870330390273
0.5555312691936056
1.4653075511029243
1.081720815443823
0.7717312391378299
0.23866750816186078
2.2048283422972905
1.714863580449042
0.17595866548352093
0.1048370435983374
2.488562989511312
0.4193381622976858
1.7341641561021728
0.34070970017280555
0.06513027891636519
1.5877926819519084
2.559043147976512
0.07072211342031649
0.7445395337568986
2.4534726861015295
0.34141486573323504
1.2006182423647584
0.15533595451899976
0.5470996109482582
1.227637392491147
1.313190169219431
1.3566811010270337
0.25056971280593476
1.3458681685114113
1.3429580041593498
1.0350299618050447
0.9533563515845209
0.03158028984901805
2.1031115117167363
1.1639743247717689
0.3629638060314003
0.7448568218625817
2.1848095309145075
0.4985756960668709
0.9948603485815527
1.6919620148584782
0.2966076534555205
0.8048299327449928
2.151921384631008
0.0057487333000250974
1.0951946835825275
2.4026685813645665
0.2912466473735839
0.7944566930407951
1.6568278881807514
0.802402221508849
0.9937243679671421
0.6211003865607438
1.1791603708397609
0.5227316922639391
1.3462820020825685
1.2053020543110777
1.0204508388983202
1.420987335632657
0.5195326852188761
0.30931762985523775
0.9154614077919531
2.2637186654949146
0.10229950796169626
0.9118500401575531
1.576332326189797
0.7783273310521558
1.6607119745165349
0.04430672490394259
1.3283169595784967
2.1755081489325603
0.19527340900039458
0.1453767164550138
2.140841016726798
0.45077954938021675
1.8042107280912185
0.021799516495585803
1.2096915795073155
1.113349680955594
0.7082612529677199
0.8315778555847005
1.6938925017286879
0.06647048288474246
1.8969657326379528
0.2243054100680943
1.4255596890131774
1.3208917399326925
0.01628937145895931
1.181971968224087
1.0206542964089922
1.7373660102148547
0.4844113694164244
1.1788334658035289
1.1924127435537983
0.3117966164119204
0.8358012704371619
1.4315727574998394
0.29335885420630625
1.5617646702559327
1.6376441856585586
0.9656622104340283
0.05504328326858201
1.3641560989491484
1.299015755411152
0.18296312045765273
1.4426921419954366
1.5878774778624354
1.0641584778080149
0.5215999637412032
1.0774851369300038
0.7336661033502161
0.6576505367714354
1.0655194366987424
1.4605793232590505
1.1702108270668174
0.7609432495779938
0.834968818746708
1.0917051204266803
0.6061010729248185
1.387060489707614
1.4050290843635873
0.9234163945001022
0.41986585839237023
0.8002395443281715
0.9746843465673642
1.4609478710206854
1.1497531171408488
0.9646305235550305
0.6957245164929061
0.5973468431494698
0.7968995136117899
2.167342965846636
0.9759144588181661
0.5802052126590946
0.4755099175421806
0.5983526606340649
0.7436182636283882
2.6395691864494313
0.6718125604319204
0.4122918518800595
0.48514352718732134
0.6867620392836008
3.146855415043763
0.3293467273677105
0.2941427669990617
0.4890549413775877
0.6351195235763575
3.1836884913018317
0.2825402689096695
0.2838944552198916
0.6073385515763032
3.295806270677991
0.2436290511895941
0.25753853968113
0.54267053472022
3.2604914875115734
0.22559135986705975
0.31891709951059044
3.240072648325817
0.2538777927009884
0.29267577077628254
2.1099347318313693
0.28634619923445076
