1.0655125366196385
0.9822169990529025
0.46269179344475936
1.409083185909542
1.4569992265067888
0.4895436749767769
0.8453627708585452
0.942566385880491
1.6617078091022424
0.4585753135343573
1.1875066251857478
0.9204593868766682
0.9270519909359943
1.2311344877565777
0.3977599136710013
1.5705944028508236
0.7867740867362119
1.114380249202261
1.5645718357438574
0.26233727270474144
0.524267214502633
1.805772667358623
0.6738556435960068
1.437831715295395
1.3737441580835907
0.05339274526486333
1.037736291110269
2.576161309920933
0.46364615099449713
0.13848249810330154
2.584665156706846
1.1017727683318155
0.15359962165941216
1.379634238703723
2.2153421698379585
0.3823588364011466
0.24449081393945957
3.1340014435662136
0.32159157043602227
0.3853592966030201
0.5610450976660456
1.8548985641795572
1.7818288402564735
0.1684349995782028
0.7124434783806838
3.1633835954109073
0.12697867141723654
0.24959876872543815
0.9878919857018739
2.2803885129823858
0.015516258218470622
1.6065190228312582
0.07081383570752477
1.1837196884593386
2.1570081310800724
0.602256257342988
0.4681354337448459
0.30020117812648317
2.867607729330097
0.04650660896462649
1.0083881539015063
0.6595864227431582
1.6598862209601144
0.22240628210186933
1.196214627294821
1.9606696328475048
0.42246105004431783
0.21736407682846257
3.4416326627266205
0.1105901929684553
0.40773267365615073
1.221902555513031
2.628765820490423
0.36107838496336925
0.03577214262509855
0.23005386376992204
3.5841725425078335
0.28493461912885126
0.4294149950583971
0.30964518710440453
3.7164676298123847
0.08863964614596759
0.1451297009104918
1.5278661952915233
2.0715801822087565
0.6229459441138495
0.28775502217124616
2.8498645394135464
0.34717745167521585
0.28770368233757143
1.1509841455838374
0.36360084453523345
2.4936834115119098
1.2047883224111964
0.15303960666772737
0.30346264686020535
1.977858070692539
0.04732923552043415
1.0791454396945794
2.075474645741965
0.31797584813766816
1.371429760142197
0.8475478008282707
1.4558506509630367
0.4514594293135929
0.13937951174849136
1.7986985730759932
2.5413342001870616
0.1292551220292729
0.42140976538346964
0.4610746587374323
0.07171913093971875
3.2334427368655634
1.0280610773689103
0.26963498389970464
0.3022431618615274
1.0927096563163274
1.4677006117681215
1.5135253587538668
0.7167709370890397
0.4374793445176601
1.574881502832071
0.0746846498037343
1.9339252961722235
1.7572485230056725
0.06076743693655103
0.23057053278526346
0.1598891492509019
4.000607576889837
0.20705920455658766
0.38953740919453866
0.0648760015887748
0.7928126860171265
1.8921019352622805
1.6336901369652215
0.15571202592261615
1.3070283972172034
0.0460958314488525
1.129757256006535
2.349074630330725
1.0024977620639546
0.23326641852726535
0.3868155105237113
0.3757225540724294
0.1553765686667845
4.1207178055927
0.21341479915220804
0.08592221140291431
1.2549663530833095
2.549777352091187
0.5458587936418675
0.4477254324909923
0.8145462135650667
1.583727867685502
0.5580239451444693
0.7138638625293902
0.4069642510582984
3.0101491638930273
0.6523523401879637
0.2829986822768062
0.24209971224067683
0.8561400654928528
1.3361409678322127
1.365559012342961
0.9037372230822626
1.2505717797127958
0.0922422186910405
1.6858120595135828
0.6758418956642369
1.01272274261287
0.36040601750632656
2.1199069209223187
0.8666902972447937
0.43320511735112843
1.101293736238882
0.7553901559743422
1.5624802257960915
1.148312587103671
1.0128828936635539
0.4492394761011081
0.3972125991924689
0.8798415098032577
1.364392957391789
2.257707674598399
0.24240189285231722
0.37857452199675473
0.4654754876653978
1.3861543070163151
0.4102364844937898
1.4937019437610386
1.0902518658631426
0.3700583305825962
1.6166140093787733
1.1980832155070205
0.9877974256368875
0.4714262693057652
1.223792383671131
1.5067710027115668
1.1046926103197794
0.7279656629014584
0.09567179692652358
1.1173646889113216
0.932798279051101
0.4810450862510239
2.378725984743824
0.30321290981907384
0.7565172596066793
0.43081212727453355
3.097621455863992
0.17753467463251618
0.20823719813083816
0.7322896622019239
2.180468971547293
0.474336010347028
0.7418467259450358
2.7628036156893803
0.36177930887491383
0.11369002530488549
2.7005213643819475
1.0035573285465798
0.14090482426493692
2.650974562505004
0.45841426612170627
0.09096660043701278
1.1865275664198338
0.26680145542530626
1.2107590123135057
1.1661120152262767
1.64232161655118
0.3048688004983622
0.5232902563012503
3.3775714103531347
0.2790199596872956
0.32495530135176287
1.188287707135614
0.06512474250406218
1.5956904793306887
2.5078438906511313
0.052077981600051955
1.144551057239398
0.18614009507380283
0.3280827408942773
1.220087220388569
0.9834602784167237
1.8186263256818225
0.10958708463629713
1.4024158294711644
0.5150626124673331
0.7763208905782361
0.391286139653113
2.333917393798275
0.7815510207281917
0.4098692164475687
2.4823995308689026
0.9773958752589816
0.023454233491783806
0.39668574330450035
0.3730434649272199
2.4375131193737314
1.3921957238238247
0.3333873339818001
0.03356810480844774
3.5428037312893683
0.011923912173436154
0.5696043470299895
0.7719415702361356
2.5172257306574517
0.20067533684080283
0.7215434951387569
1.5414145823560501
0.4351726653193332
1.5685190979607315
0.08676197717665411
2.2107564645092594
0.11938212176937964
0.5137897205232871
1.3671117268862896
0.6633104896902098
2.4982539206596956
0.003641188936373572
0.6301362261788575
1.2291124957929533
0.6097976510840549
1.910592119576445
1.2504475145091607
0.14666327577183472
0.7530982449621406
0.23539769155199453
1.061948591388785
2.8730774254875056
0.40144360749472185
0.3167156205794211
1.4487509485998489
1.0847055831163717
0.12792979176800562
2.219287395459445
1.4211019970782623
0.4291717120534395
0.15589909777235242
1.9868484319247628
1.6595470764845603
0.638466415832917
0.07804339178608345
2.1007139807206325
0.954483584516116
0.8913556989655568
0.9043003731103
1.394292071064219
0.3809268362387978
1.0985707933062283
0.7830142067165026
1.121769265408571
0.7617062704979408
0.8490601257475677
1.65526170821853
0.17823152376640247
1.8826681261292533
0.7412073252333631
0.7316227707307756
0.08694336850053841
1.8211970863620617
0.757787701135337
1.7418330185900244
0.3214288502898177
0.661206115565281
0.19935711257576139
2.2110099303333492
0.3144135795621044
1.5090452073597762
0.3010192516879175
0.9687233761314832
2.2955414149544877
0.261293454399103
0.8648931465535854
0.6565837604253596
0.5078477099059377
3.0208793997234005
0.045531956853387
0.7462835032813661
1.8666773325719033
0.181389749392002
0.9746195567058653
0.404642006027548
2.3913577950935703
0.39202561020991944
0.805110953180888
0.6044444559349189
1.692648185017951
1.0752853269360896
0.18441158161754906
1.7330072361389486
1.6285616230761242
0.36846259278483845
1.2085700987679149
0.20024404294510753
1.3216028378069153
1.3963559146163838
1.0450048564623415
0.992393132704278
0.698416461425093
0.5080560588234243
2.6229508707764735
0.5301226636112051
0.1725625347851024
0.9076330339271471
1.3166763283889704
0.6938135247270679
1.2637350375104872
1.630765615710022
0.9000644748125239
0.5494488404443172
0.5668660877366153
0.35642216772254487
1.6975827993877055
2.1408573461107525
0.10764221120213863
0.4571227745152546
2.128002895492386
1.6428192865366684
0.26230894116998577
0.7869051621269618
0.8263032885384727
1.3863959728954374
0.9163786004087922
1.8199521745466325
0.1928564525054625
0.2442168405231278
1.82045353400284
0.7421283734956597
0.9212764198750364
1.0701453280021063
2.1446498676211667
0.197044920902631
0.30782065749817494
0.783452675913224
2.543398303403303
1.2974432931625615
0.023405611849945614
0.16288794349358943
2.6917830877677504
0.38944839422701016
1.3457667930947812
0.9922417790691566
0.03069695496542421
2.0614691743707505
0.9075021407182424
0.4003978834158426
2.4992038485571335
0.11899617100639599
0.8383337311435506
2.5779470964739364
0.10199051917146039
0.6539379283996295
1.6928138543874132
1.545355524449733
0.25558391251443296
0.9427040550572198
1.7601302891512796
0.5157753570216952
1.038780136588694
0.5351500448655191
1.5621616269937846
1.6248034460794702
0.2104792446643665
0.7741520192735384
0.541635999714283
2.7978327669132046
0.2439244678935387
0.642122585369595
0.7256780468601806
0.34989415351357084
1.6514711501069137
0.4560306244042666
1.7443627847767993
0.14247243025562287
1.4973038706991815
0.749506768555491
1.4360735268740792
0.8811839432277943
0.2595720167876464
0.7360124778630769
2.3827292342881097
0.6403641578936161
0.543605052140678
1.842393268424715
0.6679343487707902
0.32174446073533813
3.349469087097652
0.21990082322584723
0.10258949638144423
1.1835302597785071
2.060967907640824
0.1593216343585334
0.13219485295066538
3.474650998085126
0.43757675159824144
0.6453999620104502
0.8610054546425652
0.7003123782010633
1.6007828097959322
1.8516452634782206
0.2344549092409738
0.10861775230613498
0.5752995159794623
1.668381271111961
0.9244819493224261
1.5139681348549887
0.15492707143504203
1.1583065457021116
2.581213442368749
0.0997253996783738
0.623136453124367
0.7503066877037892
1.2264875064550997
2.0842261331987832
0.11886204587796756
1.169845786680763
0.9674523304540443
1.1079344296075824
0.8964211318555384
0.26642620289765356
2.194611122738047
0.47880864519016875
0.17376709164214832
2.3755769567001015
0.030851671237511237
1.5596282745787031
1.0831981357779
1.1266698453342807
0.30597215662284494
0.7614254497296903
3.260079607430033
0.09516510196562859
0.1097204067666897
0.49372253860960896
0.4923052550865213
1.2588915797264308
1.1771533052003698
1.8823655315062027
0.668895225169513
0.3652790563610448
0.22456567442357708
0.6202539872943292
1.1032621311653674
1.055855962902988
2.1843801333793085
0.36921367480052286
0.43681412596914804
0.36310505876691135
2.366936996765986
0.5590701232113522
0.8123068474810193
1.8228220474443615
0.1511442551984779
1.6052316630190773
0.7525843543347518
0.7604015838233872
0.9719409509979039
0.24506731258377057
1.5802193918851535
1.426791043942798
1.0222417104893644
0.2774979099817597
2.2543629976226462
0.6783230245352947
0.18132872221624644
0.509095277713186
1.2748268446659283
2.298287551482996
0.3126626085671433
0.8830656774676285
1.3435616374121637
0.5892040990540094
0.4958408131805845
2.1896499404602507
0.8584223463675621
0.4442812613331362
1.4761280821906242
0.3093813249310275
1.652001816333927
0.3413534869386482
1.8488676276535263
0.8994788764675531
0.4965732053848338
0.545556282023333
0.05014819579307974
1.3064320913556338
1.3513186031533424
1.9834495108601353
0.11336196077270762
0.40208823573090563
2.4701019632665386
1.0846310179249727
0.4492695481438224
1.374356856526494
0.4594439772375838
0.28879587491465974
2.335865728566223
1.1610367017284482
0.08670554268955284
1.6697896287245981
0.8487331103185264
1.2128175019327458
0.23611978314249726
1.3103006118208678
1.7530635474180614
0.973504265818128
0.12600236091533157
2.2567827942100696
0.6368405319640357
0.26112761356259423
2.5970538460998096
0.34353183072556703
0.6501726946607905
0.9889947029541301
1.0348110092145655
0.31504355065488854
2.1327470242747806
0.9651345303784976
0.7819523317625151
0.2886992270295169
1.405252884945025
1.75336676400248
0.8969653674664592
0.43802251549572696
0.8705391955985158
1.3378367561482132
1.2235099989836749
0.9170653676233277
0.5165023741049698
0.4933712128739793
1.5162038099294524
1.1928824127203896
0.7532532195516476
0.9610236673269473
1.1225935704058443
1.4783180617062839
0.9592449900817595
0.67669983244131
0.39867984365963977
0.5465109516847025
2.630619800420788
0.8451798378946553
0.5630993307363603
0.6044809519657125
1.5376821290620202
0.3426288431360462
0.9055172563462852
0.4255445694344796
2.1862841369659374
0.3693079127163889
1.6075833574282317
0.36533160673938275
0.17166304970335686
2.387044084844053
1.693621899744465
0.3586674386468602
0.03968788549699626
1.1217316247760973
2.1290574486063463
0.7843324790502292
0.6086797300577769
0.6913158367009652
1.7202961117046573
0.7833500263030974
1.0805725141437712
1.5793836157411105
0.5164869633319725
0.015219992625613984
2.281212290903581
0.8927760057813255
1.048340126935357
0.8288443810250011
0.7298386643163127
1.7842907100647993
0.3233253989168886
0.8350249316312427
0.2489765280500637
1.4100252625329144
1.3771178149546295
1.5627776808348754
0.2405033713779602
0.6536073864981803
0.7453845044232004
1.3081961112242255
0.6179010861029932
1.2974867607894642
1.4488227688485753
0.6298899791901467
1.4163823096456511
0.5622845839842278
0.8275942960112627
1.6524928612106007
0.6259161356793503
1.1425715227025235
0.27764960787350235
0.7990840076427078
0.8341497608110733
1.8899675565957506
1.1042255720638754
0.5862823494055315
0.15659135643895675
1.406379782499489
1.7100880728006145
1.193065228824781
0.7309381692327372
0.23641035813293007
0.238165760276428
1.8993925730244592
1.6174781053788987
0.9624761842458808
0.46362770454149543
0.3428864235898445
2.293266088681797
0.6512122378830821
0.2693905561576746
1.5831048576491356
0.6491977206675904
1.733653281370169
1.1583459652166161
0.19235344799069679
1.1741850964323064
0.14183913832983466
1.5141858950864036
0.9317407345641708
1.6177827901413409
0.9213624299816444
0.12245379527232807
1.9110257322930504
0.6328378654327953
0.8274038498846366
1.4018204365132807
0.9081590499964811
0.33259596388953977
1.575446633328588
2.1473440960224246
0.10706660250404527
0.7040734741915355
1.6052838720728773
1.0093417416010253
0.5058596255362291
0.7046645879951741
1.7354037422640978
1.5397777493142248
0.5925304646380081
0.39016593610864025
1.1291820907480383
1.4937541424446097
1.2502087932905164
0.2849994225210597
0.9138620206226044
1.5242153042808788
1.2583679179747969
0.6708673298839909
0.8934690482929987
1.9504586029678121
0.11220499866482717
0.7226615150224867
1.5587714953382745
1.0132206000308717
1.0434341792347812
0.45312297154424314
2.2379872490298265
0.7214199032210271
0.16798242500584137
1.038716858912007
1.9827875858311463
0.5738415116202388
0.9747744278359954
1.0737506074853338
0.32899263402214396
2.3451985115818053
0.857062872236141
0.2221754098223043
0.7140762855910313
1.8074461070240273
1.7878127279730496
0.5025276407716275
0.2289888551662194
0.4337696988136443
2.5251421845564552
0.6160178772245021
0.40362356789337445
2.8552773822062374
0.11825036275069381
0.560820636304988
2.654488575026232
0.19044693302277266
0.8328366504983701
1.579745407074425
1.0427594976472696
1.1042254340776647
0.2577502157655784
1.1909056731026342
1.4067823254305962
0.15442952878638658
2.06037861007064
1.2170078291101614
0.12627917859738838
2.265182738656576
0.28298010932577533
0.38520245872255854
2.186139339960281
0.8286945259123889
0.5741736005728469
1.7417563972419807
1.2071802774127756
0.41568899351242583
0.5156218215532513
2.198872238763783
1.4879025129563361
0.045998893485164706
1.1907948453336197
1.667191372120084
0.33238338606033363
1.354047258321874
0.794048893408533
0.7924829865219879
0.3128097207965164
2.040097126834516
1.015670870938269
0.06994934419169342
2.3846149195350157
0.85975271013231
0.8336187889654221
0.8056548867169392
1.0795893991672274
0.2163425475496683
0.7547250522401442
1.1436450123393225
1.3311628507982134
1.4724676344257164
0.5244868047076008
0.4732885490429532
2.0106032807691996
1.1702068331817568
0.8048842851765682
0.3888596891750567
0.3316795455883995
2.6887105033421848
0.5946512752772257
0.6043514102481113
1.5352130861480093
0.9683795045153424
0.6627045248820922
0.9109193699176239
0.44094492112109335
2.4399354160101723
0.8056147358718689
0.552910227293054
0.9482369398281902
0.6040097738150646
1.0894602926022159
0.7472824276730688
1.316420971905158
1.0346719088149134
1.3234383529702183
0.9472585594363548
0.21645991651365257
1.5557470836061589
0.16453509411164235
0.8095678561202118
2.7570009667826856
0.6886739067231094
0.3157589151642264
1.2688905610158558
0.3661494541043014
2.088152626530551
0.6488781741641658
0.6571905383977107
0.7479295096031395
2.0800246320260456
0.489498661692301
0.807525646501512
1.6975029134191535
0.5685916714306981
1.1886458135738918
0.7847027541510776
0.08189727240889383
2.0102530564985766
0.22798685117150327
1.352155849609607
0.5525754946330856
1.6576481499523414
1.1178339633662853
0.7076053668161065
0.6134907087819105
0.8849809831290832
0.08127153084095219
2.182867312851491
1.4932987200930425
0.603968642351669
0.7477338961923157
1.1133898937006852
0.23903694063346828
1.542537803148635
0.2359778343567777
1.4471400779359462
0.8286037989333753
0.5209737847323337
2.568121133228028
0.9890617902896278
0.13492381022578073
0.026908316176548746
1.7401519621189268
2.4620909222833394
0.3214156141017201
0.42396950725234955
1.2309293327192425
1.6462289787283735
0.2935086466755191
1.5386894447189468
0.5568058482975634
1.151006532776619
1.0760060115274865
1.1588862245683447
0.7877016132273306
0.6967146581459828
0.8777546835677357
1.3118169184188977
0.5411850535526803
2.2054010386632448
0.37749129961919903
0.41688997187178956
1.4150367098233825
1.6824819699278224
0.6534639660848373
0.3496809657151513
2.0137813200782313
0.43973642664786833
1.5115346206415317
0.7839425361121437
0.6510624050080687
0.06842687654167806
2.1888585158363356
0.8712007727036599
1.0440844417453932
0.5618809364258085
0.8580382945795967
1.535692165943286
0.5102433202092573
1.1728002382973004
1.9541633777976615
0.5817914303962254
0.32388116709395365
1.3502349657947263
0.22893645574639052
1.5720203099405634
0.9938840943082463
1.244017421456267
0.29885346237456145
1.5855193609381415
1.4553411991496341
0.43832090018829484
0.6060168878227135
1.2109785257960388
1.7752541954093952
0.8996422140834204
0.6176274661479096
1.1178266099391008
1.410212524950439
0.08946653358406911
0.1588054299243332
1.1403246001969107
1.7259364100196866
1.138709036719904
0.3799025407375793
1.6539518951527221
0.2563886092217203
1.45701484708816
1.1914098707744076
0.11453119084749624
2.1996983276295814
0.9903084626623639
0.7544713364249357
0.1905142996753967
1.6155506191881965
1.922636296554269
0.27320411299778957
0.48636543933647175
2.6001328928399885
0.19936094233990048
0.8719387146585599
0.5039919125810967
2.187058519459859
1.0220837166668437
0.44126238383075994
0.694784296790636
0.9173400656774
1.6547590231655191
1.0880404088399225
0.4669473599738487
0.18029524857828258
1.487482645811097
1.021270073246364
1.5270375536202248
1.2140415657909105
0.33676274592863087
0.8326278124266687
0.9230398149436341
0.6399548787037762
1.6971452119043078
0.19304557146795137
1.1804572027762872
1.1600492272516651
1.810813354321411
0.35128930143412085
0.5965483131625264
2.1556421734391615
0.021594537499063978
0.7927926237462717
2.3921022363555062
0.7565159589516949
0.49658645168908333
1.3838076499659915
0.26640958769208883
2.010885469995676
0.7912121848638438
0.9195151861586106
0.30439847431474504
0.9424248235404342
0.28311213983068617
1.526471058216125
1.1492094932365473
1.683375573253472
0.6047425188104296
0.1568124930540659
0.5887599403314596
1.5844918988312764
0.8031680243042583
1.0188176850586872
1.4235189049418429
0.8105157606424652
1.4518412071425757
0.10527973826107434
0.7108112428313429
2.0073943158144836
0.8290232549404091
0.8791013203136466
1.0667521026994105
1.280129366214192
0.7583385310472651
0.9728816779792495
1.2772515262059536
0.21137173811190482
1.404681431541308
0.6947633728868499
0.6506671999419932
0.35640801961832835
2.7631520997559527
0.364749047448369
0.9209831364393187
1.2410511909048407
0.1182352128115831
1.399314381276498
1.2923575133051934
1.388199723562074
0.6934638232121749
0.06806063166371389
3.381018405682148
0.013871063868263034
0.14508155445588364
1.8410377464973238
2.0716431607945593
0.6040155295233435
0.16415530724349936
1.7406904188244423
1.8425816503451138
0.3144371222727162
0.9567176045492521
1.1375339571636627
0.8803409861983571
0.28677390697175836
1.1373931503468946
1.186171457740562
1.714334170003183
0.44550100981146024
0.7723304891889818
0.8166483107508907
1.5466331142304157
1.2279359362252553
0.9718134441050442
0.4531388812790257
0.257538828561573
1.8527655708542703
0.6170363286831513
1.6822161949982704
0.4394438978826129
0.7804185170670982
1.7946624687709938
0.5684854885503731
0.8285615500890725
1.1342164864277426
0.8636960795491857
1.5799335368522969
0.5600247656102448
1.1759124444071332
0.6084229920349136
0.5154041917142995
1.9655108134548318
0.46507352933789015
1.3109331794135495
0.897470823993005
1.2400846170974906
0.5946833112864571
1.2959681170264816
0.6328057052695933
0.8815943804905136
0.9412328299953674
0.9189216670927673
0.7126427926164244
1.6106519379635689
1.5203538763519913
0.46318434830562544
0.402021945396305
1.3841720158425557
1.0933714902761325
1.5423417837023419
0.379032580048776
0.7949562470554173
1.8119275419593903
1.2662519064447704
0.08335608580543748
0.8965051417476047
0.45119537031597445
2.3273731235622384
1.1125025962134762
0.10279687824662467
1.1876689500173394
2.1241547280689708
0.6116312518291099
0.7196703016670792
0.5127413397842541
2.4801097593367767
0.5715802534782514
0.04226706731493151
1.8004499749996004
1.8848206045761686
0.8294161546451643
0.3940209638900647
0.28184449156273983
1.3226145762099004
0.2706908225397874
1.6967031521256664
1.618283677146429
0.36153453794000523
1.2157488408858579
0.6250174901985739
1.4287912629715547
0.37547209375176793
1.6821469952849635
1.1216058117870165
0.013779567675881328
1.5852469883470646
1.2832250117686328
0.580861266675264
1.6017304252920124
0.6719597354667063
1.1043217169883965
1.0664940160966712
1.0226808353343881
1.4516180812777664
0.030505932560652576
0.10410907158940988
1.8639780052902517
1.0691237821150452
0.9458915699551557
0.6246070561518607
2.255211509793417
0.23398218335190066
0.8502007443598623
1.1256136904845009
0.08695513769230434
2.445569733602809
0.8842480363790397
0.4985994817283565
1.3567727043074098
0.9109646871892364
0.5204961411982764
2.397317818435899
0.28336748769036924
0.3391777082038177
0.6547208503817241
2.4337812386778404
0.651885057326231
0.619400588651729
1.6595777404031804
0.47290002102699585
1.006381301759721
1.4848796309705123
0.6576156712445512
1.4046180610979777
1.100101581667067
0.4659840758698583
1.1499105088992632
0.913617760943855
0.5151765946788559
1.2816664767025228
1.699115462006427
0.3473286658824403
1.3341345672670677
0.5987366781147592
1.3004597081067506
1.5706994620700356
0.2051941995392596
1.229337982632531
1.1421706840408525
0.8447601045197176
0.9357310922827748
0.2124294102445476
2.2875740988614375
0.10059954287521414
1.2760164362555042
2.4725302488231864
0.27026512682420234
0.015030484171392869
1.0417513576424238
2.7280581468346834
0.6180354830970077
0.09454005336020682
2.457723371906999
0.5078204723284236
0.8972178729563087
0.9816501256846508
1.4810713894080025
0.4721641174930879
1.1297952394640465
0.796493226629667
1.2001258572246534
0.4928964857047974
1.3548806593499678
0.9174739852715573
0.7375566160647283
1.493233478982966
1.1924219520501853
1.051214247716969
0.8671056100967176
0.15091676772226653
0.0641541335980998
2.4587599059184893
0.9470276772456694
0.5385559875040726
1.9651537803834325
1.0001202644065057
0.7100336824572332
0.17091637841252938
0.36965919816057946
1.3856297755984879
1.400145628106416
0.7101341011809006
0.9171167145562584
0.7544751320474499
1.7151996076282536
1.7272215817822094
0.05234748730858508
0.3687420348557141
0.5871164717964887
2.2423447576496542
1.035169209075683
0.9206183929268864
0.22952851501376917
0.7353185833682295
2.052250530231645
1.1254697901885409
0.08175644718226499
1.6483531906948072
1.166895782334317
0.7959327667738227
1.2320288481657806
1.2130617690417542
0.548261175481106
1.3727183631985393
0.7566776639881065
0.6805754254491464
0.38131351242970996
1.9391226026274948
1.1278828340891998
0.271884540027606
1.6106835362238965
1.2627139478795297
0.7488518569726252
0.5680656730457536
1.5437472269468302
1.394321542016223
0.8892840624662388
0.5340629432995134
0.5172944601519254
0.4339071644801075
2.1567928122393845
0.6521642406237821
1.1424100511764783
0.6180802257403516
1.8193209526959133
0.16302544105302016
0.8057314196121691
1.6185248885010821
0.5749484069222919
1.2780340600549165
0.6433834502987801
1.0734762613391475
0.6644047640095947
1.216273214549207
1.273416645162301
0.9094582590907766
1.7340005457471472
0.19378547169754065
0.5402129546516793
1.19428622992399
0.3096230485475404
0.3838459798494711
1.4566109121544788
1.183912850048779
1.3937788813137602
0.595413476664337
0.9734352057144109
1.8632326999179143
0.09233388618040231
1.140775604901484
0.6527222981383503
1.1816717397673646
0.6232781571999481
0.976138249610587
1.303435374947985
1.9397308457736486
0.025989009641569426
0.8603649951290216
0.4270598553078937
1.4538859720895843
0.9236182872914354
1.3156808959888242
0.9133986731117746
0.45385090188676874
1.583016500590472
0.6877690193177619
1.547398983232412
0.619172419508243
0.4181916362784961
1.0916973931228509
1.0049737807113492
1.3934783776751594
1.138018747866789
1.1044515397972088
0.4484804335005633
0.509442591558404
1.5931122835941425
1.1900449267869049
1.1545797087490184
0.03743878381620789
2.1577308066554717
0.6653496242500819
0.48631210943072173
1.8264274414805914
0.25408673364173706
0.7588308059776434
2.0422167052086384
0.6263494915829292
1.4979670395551603
0.054889526446892205
1.1473734546997716
1.2003270797741767
1.4051904489393348
0.1555023735862211
0.4149333147244682
1.1465869620769271
1.7161050968992355
1.1920263157593054
0.26323030413785553
1.630271916544942
1.0281074193627322
0.8505600518636783
1.4326910298314433
0.0280456871502399
0.7409344715486726
0.991909515695736
0.7696259872796496
2.0838601500948584
1.0541038275174037
0.1518990893487695
1.4927299660657836
0.8826727573929039
1.2620927804613629
0.5402182256418943
1.0132301689119256
0.9076404074635397
1.4286735695696868
0.31449076562582573
1.160246663704967
2.2697433556161575
0.5740761334235228
0.15151413665357608
1.6225720819823493
1.6093054537331681
0.9668278759339544
0.024671751114480448
2.062580140713313
0.05842000875787165
0.9278962522201448
0.6707273289519133
1.8889652169421118
0.8004929645114869
0.373698238981532
1.743731414298555
1.6095543947344928
0.27427405638023
1.3882945499523998
0.9225094938852183
0.741963404444568
0.7809781980809518
0.6775496575964305
1.4723062906852797
0.7023678454989536
0.6073578124926148
1.5600770433379152
2.029692347183634
0.2473891644448137
0.5241370497388611
1.2877390675568923
1.0845658103976628
1.4275322677232953
0.32333101922554874
1.1882044958932099
0.4257974498013309
0.7716280320102477
1.3780378291081243
1.6935211643007735
0.4052025363553648
1.3821238666250721
0.5779765420820762
0.7822557463997041
1.1048817819674155
1.385585917214694
0.7448707295548432
0.9078364452711084
1.5027029262971714
0.31924394141027684
0.788355657188999
1.155931785869557
1.4839997420905395
0.9096578498274558
0.5983729803718205
1.7608337003242986
1.034624102491091
0.36580645814770363
1.461408841134464
1.0089768296671857
0.724052849625775
0.6567335093289014
1.6518794840768685
0.7072739202527785
0.8778657831828118
0.7213633276053761
1.0131759457852785
2.2666030766453216
0.3458959759357409
0.8526206120664813
0.7219926748623918
0.6897463657909895
1.0441616041028474
1.301643443925947
1.217895744934693
0.17983895658200957
0.9964555492461236
1.3896683891531332
1.428527611021695
1.354038862920008
0.1924833140798094
0.176115146141419
2.5158984687747803
0.7105954906504763
0.6831154103978592
1.372006529463975
1.1319249885442464
0.5617684623769846
1.3707649881355772
0.3724966440965761
0.8987098303011668
1.953425184402086
1.5358392851553633
0.2391152749510024
0.17832920741993286
0.46527753107146547
1.8844487551184212
1.2767026868027127
0.7511167613574689
0.9620081712438537
1.4240647531191142
0.5212296537673564
1.3632372830232868
0.9617240399457108
0.05277011400683733
1.601449382843645
1.2842490556352326
0.7555309608802685
0.9485150199020769
1.5352753998500595
1.2178048055590645
0.31416809710769
1.0191162804625857
1.0595489606089805
1.103460282776783
1.2159504388016278
0.311968035029442
1.3083901762596692
0.8908140156465851
0.7764684762874514
1.8148508565140686
0.38453906436350127
1.6450683056938171
0.368533010961848
0.9012828729270839
0.6426542162823623
0.3566292047058293
1.4435342599694212
1.5117601216757843
1.0981829825621499
0.8819501247164787
0.24166463900847293
1.9531680386603818
0.22694734496546284
0.7984188506931498
2.182853561811247
0.22049852323593927
1.5249815978658785
0.5405591764430522
0.5819111915467754
1.8758007210142311
1.332049632466259
0.4218776448192191
0.6844000706566804
1.2737491405719037
0.28041575904240046
2.283561061564289
0.7629759377071208
0.6852604909197397
0.559453377627219
1.2717949063331377
1.2500327306196732
0.4904765439588369
1.447484529796677
1.0942022186777274
0.46511677185576733
1.3718771036183361
2.168235276573204
0.26621875693540076
0.31002912853690706
2.4710220081634167
0.7533323949116915
0.26493883308339117
0.9750483897618276
1.0727485954383755
1.284031766985067
1.4465445293464965
0.7127756384138922
0.9720210408754537
0.9275641800089967
0.22585987602381646
0.7475873692693805
1.88041868585585
1.428407278361288
0.2577920999077311
1.2521598621373478
0.7589364245466907
1.1068820413275524
1.8753204087723958
0.5800889024402608
0.05264944039469099
1.9678459433255475
1.571617995603771
0.4240961097384219
0.8405239240845523
1.6276311334249491
0.12755685155142332
2.292370916072216
0.2132460057497562
0.5046230789861179
2.104994660429513
0.6975079092053165
1.2976709706808112
0.8066394669415917
0.6588522320623024
0.27010465683133594
0.35081934066866605
2.91511479120166
0.5504669370165712
0.8004223226708498
0.21342365400248478
1.657923807400487
1.9636691956068064
0.5614491241800555
0.06531880850827791
0.5844934134947344
1.4963164167799177
2.1596579214606755
0.5729747771551523
0.4341509340193027
0.25037217174767856
1.878923500953283
1.6156014420693354
0.41345278952079606
0.4413216550724979
3.01909531234514
0.5992378870498006
0.045885187652259914
1.09244279369833
2.910804564469246
0.14396960023883215
0.8435165859860582
0.4757992757546251
1.8744017217450737
0.546648857266418
0.28013945324795997
1.4137499140187597
0.7904785374525444
1.6021881261912534
0.42466638231438486
1.0624047333067594
1.6299453583992753
1.277316912548158
0.10461516221065734
0.9483586020361596
0.21051693994594983
2.267066130402838
0.7610526950474501
0.540629884458135
1.7230118453895238
0.5319778907756245
0.8098846413691816
1.6773851613732753
0.8829056950008429
1.228658965200184
0.4587933612217169
0.38653833524378645
1.7042033283389642
2.151511143241527
0.011558032508968703
0.7680137984614178
1.822138875499919
1.0931689676775078
0.7098268702402634
0.253842541630368
2.01257393555014
1.4505471181390324
0.3873161806620047
0.5183632109844929
1.7914085919220308
1.5462020713976226
0.6371838708940445
0.08950176194747614
2.4220764745209533
1.5364957248327775
0.22471084461147825
0.1138048427205686
0.4870564669054728
3.0192366121657837
0.7426201884273312
0.24382979868502683
1.6191376022532187
0.7492842071970603
1.4699078428941754
0.185071953321521
2.035768816129733
0.4345604536746094
0.34217133437069075
0.5897454860415586
1.061987011061492
1.8728567599940726
0.6753412038967365
1.1857105130691479
0.39815037340565024
0.8149713400496598
1.2353701863294615
1.6759111738757508
0.5556566669659856
1.250957203082614
0.19255723495091828
0.7543722400853023
2.187799779609558
0.7514091745436721
0.5289087608469576
2.197186015435985
0.5207524251413785
0.09305229320672245
3.152949492265597
0.7848871439112619
0.24820966238693376
0.7683160977869649
1.7280275354336885
0.7707533070407003
1.0607772743368677
1.338431936589865
0.03245769314425871
1.993350938409519
0.8109679499322684
0.26599443296027575
2.497919169903229
0.09015277471176518
1.2037452936237536
1.8918539877250176
0.0028123862670156982
1.219151504496214
2.2889807264121584
0.43590343872690696
0.27880876799865617
2.2015792481939713
0.1080561544384647
1.078918510673301
1.2642023189429143
1.724557862426887
0.018883996463187436
1.1771818983434756
0.7654918685612074
1.7027906562180706
0.37771809446306853
0.8125168672718838
1.6676410669828323
0.8994274172546525
0.15324103647044768
1.9930284537850305
0.87275827944554
1.2884794565227728
0.5259512204501439
0.33174828704355613
2.2039655886068568
1.063459142821342
0.6374949807295489
0.5947166524325455
1.2215141370335174
0.47441650030005345
1.887722804473936
0.3049350487022474
1.1075310595184038
0.7529725667865498
1.9367499677437123
0.7687839650734077
0.3795054097850076
0.9300737773750606
0.5196232542641633
2.061548802929217
0.3029939851301642
1.2384941593814216
1.092993490218614
0.20804407074405906
1.9593914534688996
1.8978227004993322
0.2408404899508714
0.10661953369687278
2.282462647962125
0.14914070448461741
2.004125258653577
0.1810566511379265
0.4850800803902338
1.0610552201210632
2.2605997550731693
0.8794609670648904
0.2046661986325869
0.6399758890389514
2.6634272369806866
0.657282225248822
0.4378810899601408
1.5970687541996347
0.3551772570025269
0.852094445740602
1.301320771071393
1.7588590695848032
0.146358492310512
1.1264246634553372
1.861554747064726
0.9331942415568448
0.5330662205501755
0.5522760813518843
0.42691574227267387
2.068296196220963
0.9917079972453552
0.7300716868949321
0.47465172277238615
1.8767173864866642
0.9109493771872513
1.0251611409633496
0.6607491029580461
0.9359563512006854
0.26067315890838116
2.80215743168621
0.49452870744594496
0.1451541031559954
1.003030530489798
2.7128244249492783
0.009009060326420217
1.0391543577149291
1.592918008031151
0.7591496737839122
0.7167670535778567
1.4051997992555203
0.8199307352943919
0.5472912021152696
2.0426605958036728
0.8699912611730717
0.45253867130079806
1.5943667439362754
1.1851655020691674
0.45764750088181905
1.1281481505698414
0.08261634107483805
2.1989313645769406
0.08246116286632173
1.0892840926172973
1.4627595583541086
0.8722480673789913
1.781348765570833
0.17021481760752583
0.27160885827003617
1.4139434458969318
2.36114856837926
0.25652582115608497
0.367753903388845
1.9758778912248012
0.6063791079506432
1.8379837901130225
0.311495468376334
0.30365599578324765
2.062778243629904
1.8369358133656655
0.03894026705396573
0.6167296300232455
2.063489943737772
0.14967556005175103
1.943805414571936
0.27748991038269494
0.9720389818437326
1.4571082529636503
0.4236308706934671
1.3717772949187688
1.235097919404234
0.3847534610311633
1.8943865324574316
0.6250915537748714
0.8116730529952757
0.933496373214427
1.2308298067956587
0.28077429565382506
1.449084135234388
0.4840371142377815
1.8220904348247202
0.8376670866169541
0.7340957417476919
1.2417216741361619
0.5176630314725925
0.996014741134708
1.538187939693756
0.0872040012908882
1.6512840914294162
1.6525138449857235
0.688093599212481
0.8255947626472793
0.11970353728731377
1.612766161445737
1.0973550366300637
0.5327398344075714
1.1647571013922398
1.538265550233542
0.9714638362319693
0.7295956206668125
1.2466570283916525
0.5417167228076123
0.9581034500272362
0.7838810042928311
1.6440420990143796
1.307303799301839
0.34428550850481865
0.82778770056881
1.3424036590158515
1.286963720188042
0.3507173799928289
1.4320711591170832
1.4020806664970349
0.7515465637796032
0.6747989592039275
0.9537368046751423
1.0725787772662394
1.2871124375083183
1.27203279847643
0.8719540905157349
0.3653674667840909
0.944441074631636
0.8397303039413506
0.9205517361652447
1.9892586853922893
0.8913686176807195
0.4838610211952245
0.7705109354559102
0.7078117467978299
0.8855139846135128
2.6368511516635014
0.3677440276531909
0.3703678940228335
0.9636965833814892
0.641532226717295
0.798182980090941
2.8072544682749454
0.2695130915362365
0.47797907519456634
0.6327251112111885
0.7666743827590068
2.8090608074910293
0.36963213411674906
0.4262882260270378
0.5636966773840824
0.6907505019154145
2.87418708494102
0.3877234596504435
0.36103875471042385
0.6728029351799408
2.7416297057176613
0.5459693027825601
0.33956500194796857
0.580248657466604
2.867512346224074
0.3599829575408757
0.3913847996371937
2.713126407933118
0.3934136425888654
0.3789371063110264
1.9687909098225933
0.38182488320164454
