1.0593137448860992
1.0739699898981518
0.37697240492274836
1.371590797623684
1.5030458817476597
0.44198216899637344
1.1055536154602317
0.5247556343059442
1.6651214713913394
0.49739136532468053
1.2547941019779159
0.516287321208745
1.804122839001527
0.4604256109289061
0.4675491977007184
1.795020316774743
0.44112207654187374
1.9166294332759546
0.42354425371119214
0.3948628895591169
2.626575136128114
0.36361348203408433
0.3842743846847366
3.05880063713142
0.3396670402999913
0.26740057620703106
3.1145502603230684
0.30096300010512206
0.2903363158473267
3.3109147602163933
0.3765563611020264
0.26032885794096305
0.2302767974049405
3.6982330149465215
0.20969581016749825
0.17386472280817794
3.897450747032397
0.26107953567523373
0.11182845617708223
0.1702926823621015
4.312500677364741
0.12515504051980675
0.10073444298935326
0.21284389251900504
4.32599854908686
0.14100134260877337
0.0733343440171731
0.223529366669714
4.358232651072105
0.1841933139066309
0.055563874714232374
0.18622115078015802
3.8661802642374434
0.6040769446937599
0.2421442237507511
0.16896451083929945
0.04481583046727906
3.975524009644237
0.5302268212530025
0.1757168270912272
0.15103066510616328
3.088291477881905
0.9770947175379933
0.4908395949000564
0.29421193734650997
0.18171818592275982
3.1736652550545488
0.8558374474214029
0.47232199381331635
0.4035152496812758
0.38851332791489823
1.9717335777745635
1.4184227457354739
0.8183222949162363
0.4646582691138628
0.3418029930185437
2.2610679685583
1.1890551578627484
0.7062184519571865
0.6984991283852101
0.5733072237406441
0.7176981546675114
1.860139797277608
1.1688445490102761
0.7591844640978007
0.7206543952704378
0.7610937227143494
0.779987748858724
1.7130100673616846
1.2703538619408214
0.8877242472719271
0.011690132132896444
0.724424238633189
1.6337308386745357
1.3843089725175906
0.9917836774694975
0.9292586546528933
0.3384330104702188
0.5965813056953095
2.0852820846676137
1.2945521958312516
0.2569348299483615
1.3244033812039486
1.3539576086270326
0.6091927482473887
0.5043180936451196
1.9096080611455655
1.5574276455949976
0.06864835829524954
1.1928730124606128
1.509260698755548
0.7437904689241981
0.5845186112485411
1.519031165122205
1.5546329157644874
0.4336336482981479
0.7741011623706714
1.6047241967084531
0.7775889693241734
0.7358464254309157
1.1968009958657193
1.6839934762786741
0.8872867809281966
0.24386326012266413
0.5825889302488705
2.005167519572512
0.6501416640985983
1.0304293396965998
0.772479652018742
1.6104721528526833
1.2497458044599903
0.307722971685021
0.2742475634329704
2.499658738077665
0.9854041759360725
0.6523782345967011
0.3240954688257189
1.8814131484887933
1.6787263249287423
0.3640035336326301
0.14828897297709087
2.257534194292653
1.1328773224613256
0.8404375502877135
0.12980261044713795
2.026197890981422
1.0746406624583076
0.7283196925217433
0.9235283981117789
0.012679307774268433
1.9415148194931713
1.640394274114936
0.5439228414697853
0.47338387709716684
2.003655553845926
0.6240325758925956
0.7317408699089434
1.31729043267167
1.2011600219873695
0.6948117516815194
1.6901075438696322
0.15541241738265146
0.7387099655574624
2.3610452393966703
0.5102667036080472
0.5829826503191009
2.068359966138618
0.7679292181470262
0.2951181651033021
2.585307221274451
0.3305550057917519
0.5207236836530338
1.8248774714079208
1.142488626186064
0.6497298679246519
0.16952583948484493
2.7609556713337664
0.5111458852458457
0.29281280054394176
2.8412053719197172
0.44250277401559673
0.4873282207866141
0.48638143490009084
1.9917353284191655
0.6071074806659817
1.6844842171962904
0.19488091567084076
0.3796221729767975
0.74234757884371
3.171957783416854
0.09028573558623454
0.38239969190832435
0.9373701194697327
1.956284524524728
1.082250780430182
0.48294042431603734
1.3153231096311966
0.39357563674641083
0.9784670132479042
2.7773829796528964
0.05439450169729119
0.549904677448907
0.1052047539885896
1.4514379042924128
1.5367379949003281
0.6767771539700602
1.5653041257256615
0.6240290880785839
0.5886544959906962
1.5154790155241336
0.5852903422687336
1.2383085872147028
0.7330218375765662
1.2202278026030697
1.8718405699486975
0.30717510401611564
0.1794778697241633
2.7551330282922173
0.7803359397766944
0.5719766418960897
0.46970785486984284
2.0796233908014323
0.4421089916638617
1.2378472019913482
1.1926856307346423
0.2266672463863574
1.4261089515133798
0.28071301265345294
2.1044051793363234
0.9972792327792678
0.6617663125629776
0.13289445041415515
0.5160268669703654
2.8977324524162973
0.7560863025735307
0.4110874330800162
1.0284426195304643
0.6085691337534872
1.9287753621827002
0.12285910515103933
1.5849443141019783
0.7795049032042463
0.6217044356171304
0.6952364451128569
2.5503846564937596
0.2817917795319724
0.847974923928395
0.9439958973922858
0.7075759340108108
0.5019857182771816
2.465295544343904
0.42477507357777194
0.5813649288139263
1.6585764326165218
0.843305610956119
0.7259722954952452
1.5347941688066953
1.0831882812441882
0.35467067449120243
1.9557660394169403
0.5250425566707916
0.8189941768193856
0.9114558962839668
1.5490580314928668
0.7983314090783458
0.6496085135100265
1.146597093718956
1.2264968504981468
0.7656537812341345
0.4572137327421861
1.805101008823966
0.9755420583439091
1.4303882916404458
0.18809890989567585
0.6115206022913449
0.6202078248852126
0.8585518755467882
3.1329658464026666
0.1224197692462542
0.15450205326274968
3.1358671773662183
0.4919262324271377
0.05915963926047096
2.4907376663812038
1.4844366695298818
0.24890240466030011
1.2964067628057918
0.6840606117910615
0.5122501434562771
1.6854701901386235
1.26232643148599
0.7712377050453595
1.1707485211429252
0.5285183119018044
0.8312548431137039
1.0799232883462393
1.1468631375855485
1.423722516490012
0.6597550522370582
1.3334696425834835
0.5081916603696928
0.49760746581620613
0.7675432459942636
1.7632807600938234
0.562954287446359
1.048656551960674
2.2470853297293267
0.34027477742495016
0.39804811694899644
1.4422843044358207
0.5085157854399788
0.8050621446517174
2.00102746693039
1.3715685040810595
0.281007859183556
0.659833040195625
0.9623769035994751
1.5060944578784552
0.7555965617952447
0.5900436879239005
2.4060512198757347
0.9712367266181284
0.16786283943732563
0.07830823143084117
0.6951548587422405
2.2549283582640163
1.552246072921017
0.3719714093541911
0.27121750389085836
2.2498983102990326
0.14542674606257955
0.9685792760385192
1.9944021770177545
0.5278480012314628
0.8796392246561858
1.9736900807251974
0.84769391435698
0.30574914772217404
0.2972923495313027
0.935063054219723
2.204090180527541
0.5528539111001266
0.8385570257288095
1.3121319804878124
1.2180493109149975
0.6126460466517527
1.5578879181494654
0.1869991364103098
0.6548126349119155
1.5973189205361267
0.5371232062075736
2.1568658880393685
0.3160690441136031
0.4077443425985526
1.065209496759654
1.9905889713541445
0.4913369366084592
0.8730303309786085
1.713093746298135
0.9968323464295157
0.27994555059091963
1.1224158924260759
0.4359767836824627
1.8230681561773159
1.399380750949608
0.4188945077863719
1.0148259402590023
0.6332226308649532
1.4875783647712983
1.0428797637836396
0.0198951742293023
2.112063535082512
1.4712071569688798
0.465250214495683
1.0510327760363591
1.40953758615614
0.4690134411880323
0.17665964352069546
2.5262310412166262
1.3706039386111053
0.247678012490763
1.4306910494323528
0.28236729535647104
0.4078739319851968
2.1181442081954307
1.575017869771231
0.4092150888512135
0.6811833088186823
0.4709446689422733
1.6024450174437423
1.8726498194837247
0.40263071948459905
0.6378873642077934
1.0332640339274388
0.7285458761033206
2.0441789017961187
0.5283017755755024
0.9888164250051288
0.5722227781675631
0.8100340687664304
1.7025484902027468
0.6463833469462739
1.0542811465971555
0.9831621724937503
0.43834970101128584
1.5460661222696181
2.04193105980915
0.5515309490587655
0.08939714247405942
0.3944260602734108
1.3716984376177406
0.7059360476993022
1.6099776879724021
1.6046353434799165
0.1442740041679121
1.2150658101164111
1.2013132142221383
1.1031555768213854
0.10198570832006357
0.49722053592166493
2.7199273557154555
1.106078349349902
0.49953499794303036
0.22036928107634804
0.9557298773604666
2.055872381487567
0.8041759928665206
0.4318662806312844
2.503453255314178
0.14051229031236862
0.4587240770301302
1.2662163621297258
1.424074436124955
1.3691982141522008
0.7023302348072842
0.7957121775228791
0.2501374964369849
0.9875041757573619
2.581978687340456
0.32189680524062003
0.5475002100636606
1.3409723354771914
1.434535428832046
1.44592057748495
0.21819008301211623
0.34293693347437165
0.5573271425816144
2.1122360475119115
0.286910079486132
1.8126976307810285
0.644060384723116
0.47490603644526286
1.3919746865121119
1.3363989597673824
0.8264719749231991
0.2938709374812104
1.6159097727338567
0.6419089316396941
1.2363340719662854
1.6986968585607436
0.7208211528421118
0.3631439388449763
1.033145966951375
0.620196106972003
0.942813334494343
2.2707960130200657
0.7796535705266121
0.4723078567013545
0.2569028026783693
0.748253753503709
1.325446481840576
2.195881359201594
0.6166893221397828
0.34289436999376394
0.4489385884670113
1.1829747256035827
0.5453474154405282
0.4280898606598402
2.7994536094071587
1.1229402502026773
0.04274326608641308
1.1422317616702313
0.41858697153252405
1.9879627121553012
0.7395768184116058
0.7388140834179545
0.4795163570521769
1.5117177008971594
1.1498937362733517
1.0565817182754598
0.4765234643615927
1.8478873246759726
0.3079157909349938
1.2718428375873703
0.5628201313318246
0.6511058857452843
2.027096927835486
0.3973622588022457
0.8326083755467503
2.5460357363117376
0.24300787634552537
0.4530047527978066
1.1693474319291934
2.008516817152083
0.5144697961939789
0.7907703596031541
1.594951861380773
0.9703354076138034
0.3246313708511519
0.4508539102072514
2.6611955955052835
1.0766447969289312
0.5825218607365922
0.1176630078816198
0.5921694642029258
1.9570185370915898
0.7588246562346703
0.0764676496697085
3.6226634971647633
0.3273215834695437
0.1485146105452699
0.6698671058807113
0.278449493258632
0.36848877560071297
3.5977693856207025
0.4163953278932203
0.2677101051274765
1.44288691232634
0.7302292209588577
0.614701600041607
2.6399338433934556
0.2641620519097795
0.6501807082995275
1.588928154702993
0.3076465613234092
1.1469535243401632
2.737961671269733
0.26868573164321835
0.021157711121079583
1.9364738333455251
0.7050156782917084
1.4223076069182503
0.09159765992146068
2.0700472089453257
0.4428069715540613
0.7318427714142312
1.5332297069849439
0.5725021433393042
1.0747034661928319
0.7890729241134583
0.9654576502630446
1.5603453766163227
0.7215399000861678
1.2012065807062564
1.354817349209579
0.5019009564781736
0.2270440850162476
0.7521963875801126
2.679474583088766
0.9877570573827954
0.01932815428857682
1.8421207174930772
0.318231313018471
1.5580449190789525
0.36232028525619814
0.4388350960973296
2.1595867002973796
1.7636770797634649
0.3627000413427938
0.21239650745306643
0.8848146629619809
0.2883425244863846
0.6238287752657888
1.8769588656119183
1.525266247598701
0.5980585565526093
0.6701428280100482
1.35866632246643
0.36495961206271554
1.70549031183286
1.1555686235876534
0.6721953509831075
0.10191912646296772
2.310429609121319
0.0017584009949390645
1.655710224620806
1.7444777612711098
0.09615632305815501
0.3902237373441028
0.9121389387372228
3.220510415597307
0.14565153943213496
0.29544786886475016
2.229872406390619
0.9165324242295873
0.2057935733705967
0.6846328828809228
2.2998860830544365
0.1715946785317227
1.7032026485278307
0.899110750231445
0.23929296911865996
1.7736956045681866
0.42894853923705484
1.355463321611727
1.100347403922827
0.7485162202470913
1.5633491996109148
0.7955123663157826
0.38846155050732445
0.18712761752822035
3.139373430281259
0.09052823390403657
0.9608841045844024
1.5514163692274319
1.0563381980840723
0.1904195718479485
0.3385672182627183
3.634614959037832
0.5761520890774098
0.12701456452005777
0.6082300689289758
0.06456486857736922
1.9019382929859032
1.9775556098210891
0.7432615604553475
0.12482022257145019
0.6103654600996371
1.8776785881895375
1.5052035738193064
0.7763984989997212
0.6025778792394291
0.908097332308411
0.4415019736555744
0.5214890741042632
1.4079334472300673
1.7707488721744302
1.1741162878593978
0.26776893950455777
0.4914200732618492
1.0371489689615219
0.9710502733356537
1.1535555348516477
1.6696899799489617
0.6644272421960351
0.9153105742365246
0.28900330274691116
0.7904387521186198
2.7955039863581863
0.3447678228207211
0.18703266273337413
2.3316718835452694
0.5453623093511899
1.1833075145179908
0.6934726347112511
1.4412359336634037
0.2664101128125757
1.664109666776463
1.324049682718202
0.09130692277093613
0.5614757565208978
1.362951525910784
1.7378733526230665
1.3468335405861016
0.19392709875209235
0.3950691460931684
1.5120596922213305
0.14071431911462512
1.7052029334895382
0.9006334313463383
1.2698038332074324
1.3112802800134078
0.386686214082312
0.6484434283263057
0.600022817519758
0.944147794593445
0.6303144798226363
2.371727872655231
0.5485227449582776
0.3998717753471436
2.4830610877480015
0.026502687113198302
1.056173981481733
0.6045942074554064
1.8903356346617268
0.8530429875235434
0.010749275719896255
3.054743876873983
0.25089986455021884
0.10987320706938057
3.7062779816829354
0.6828617916804356
0.08958988485781597
0.7930682351934536
0.458933400155675
1.1057085575903731
2.6631366949898276
0.017826849630621804
1.066280510252728
0.6808938304425005
0.7794929876133783
0.4907711820559158
1.1907316946978521
0.04963872813561178
2.941179382814626
0.46878035679857
0.420685472420456
0.5550591709546524
1.325492160975499
1.7038178925732586
0.9436541926994156
0.5359053625974204
1.5399529475347686
0.40487060638347305
0.12360716324851283
1.720922999525496
0.8772185442838564
1.9415385405787455
0.03796563425659799
0.9109542742957163
0.4757445574814812
0.7691886498289466
0.9526722639753624
2.0641577456261904
0.5607961418506426
1.235152323640285
0.4235243974064287
0.37104964947252084
0.13437090550257236
1.0438924597680226
1.1135587601664612
1.3735400921973415
1.7819945488669906
0.2727539073016333
0.18538949748084466
2.073126545246083
0.34328821300838147
1.6729251484166026
1.2280089234721074
0.41412825967567823
1.0963116569720073
0.19814249940183382
1.3227779703781593
1.2854793889851321
0.5548148580511839
2.0642298985390806
0.19690724772737575
1.0705014749059334
0.6310138269644183
0.6820529651968962
0.7800359786164418
2.6320302764634858
0.16468152956600343
0.9763241468766521
0.2531170304348343
0.7858267277795881
1.7303975341695552
0.35039702567317876
0.8407731990792502
3.034855029541755
0.0780683626812235
0.41310591161960053
0.707998581901048
2.133872157539922
0.8558924819222492
0.8769679609310641
0.3398151271093845
1.7518812322335118
0.9395897883671909
0.3357521889931645
2.750208390831354
0.191403660570498
0.144292831819426
3.1622686704891714
0.0866123254801053
1.0567838649116235
1.4264524960049725
0.4099963170742875
0.6159635153325174
2.428267527467329
0.8385577982988723
0.8289102439787139
0.22932699110461174
0.5468472507692728
0.4898982004818317
1.6535051294154046
1.3993180391828142
0.15868080264592627
1.8479907819805346
1.4835648995470248
0.48187886030382604
0.23033413316609858
2.103516456458814
0.7795055944007184
1.051448081425141
0.607069877754693
1.5449907871338837
0.8754224493484982
0.07353093310953103
2.4570549734668345
0.3338977033463647
1.0670497204606664
1.4029934712034196
0.36344663890588186
1.1737013077127192
2.1781661735636835
0.2705806914777988
0.304472831268895
2.142357387239085
1.5997795825422472
0.5642669260482871
0.4854572905755568
0.9092074256817216
0.4640002265832991
0.948635274651905
1.8183800866237585
0.8911309815918831
0.5591532213092354
1.7497878346110889
0.9780301036352189
0.47169364409730946
1.2734233939521649
0.10098513704605341
2.1995718187023714
0.49981631453451025
1.1194797043690903
0.814307485643823
0.051784711832789
2.333985774516238
0.27625665673875843
1.520889155228788
1.0730990045388091
0.42082268175634896
0.4883728642565069
2.1586636228887737
0.9211930520136915
0.6380345243791935
0.19499316172117667
3.4044673919780064
0.16214384833293724
0.213771946354117
1.7679550520730705
0.3708359868722449
1.2414177603668992
0.34139610173343116
1.7910442737920265
1.2896936801660328
0.28356960353343036
1.6447145590204468
1.4037929503613844
0.2308459434631502
1.0644165431827772
0.23047953745036248
2.380084100538278
0.5292775468357809
0.8862828323389248
0.8044934474128742
0.22558555548927128
2.5548100885147966
0.1618670413650183
1.1130226197839246
1.3017829754769117
0.4637405638779852
2.2128658505374346
0.5815401683265019
0.07631721044485769
0.5306782683002934
3.0290938284615083
1.0497841857694847
0.12721180187383763
0.6651194338228674
1.54677182586827
1.737302551108093
0.08126059378411488
0.8595098990395519
1.738138658567874
1.038055443166464
0.7649129743418401
1.080399281794702
1.5149527832366685
0.35772188294609
0.7185880753898838
0.8735498860708063
2.3545323456008185
0.351747873462228
0.7022474676459599
0.8124341250690235
0.661633566954098
2.602100840457262
0.07775503472868293
0.7409028128230846
2.4485884230554427
0.09107742824069885
1.0656823116427303
0.9070396387273952
1.0529399649967437
1.7589912036570228
0.7264853934051511
0.29851518877657107
2.0592111129862034
0.9476244833558031
0.33182525595692686
0.4023300713739857
1.1475397941556922
1.8148361482883302
0.45164943321413786
1.0733442085711118
1.128814398842117
1.2507152390560323
0.3795703617443959
2.0935425646521324
0.20991658295719948
0.37568640914569057
1.6816477203831937
2.2423253849222493
0.255707949945521
0.38083412225627944
0.9406905716766308
1.1337764053396102
2.236785817904308
0.4225108582563703
0.08414866745933694
3.20541582762712
0.20798927372527
0.36704005226508635
2.2183809565367256
1.3538638079816387
0.03687895537883259
1.7992547948552062
1.9152090283152094
0.2707287984894311
0.30453787107410196
1.437140297215228
0.3662371560996044
1.573578925058606
1.41548809171172
0.44897114202346694
1.272226177827899
1.2051374780164306
0.6488459577211959
1.4649166847543418
0.7628320257426416
0.21438344587703886
2.0967726649773817
1.3725726114220156
0.5984660286149703
0.49875667735448936
0.6828160555977089
1.784702080269208
1.365169577645221
0.6898139445663363
0.7183263507209718
0.24701556465438632
1.7119297181118631
1.2502284355824294
1.0624331913921445
0.061046133839674256
2.02776685922602
0.9752005537185324
0.4757297441883666
1.9051408006376547
0.859868440611905
0.5300366776279025
0.07902505377780204
1.6819155022010381
1.4277789775091652
0.8891271993498282
0.8538040376406089
1.0754079469487003
1.2166174087368142
0.3254060199333516
1.2493208779854552
0.5813786617154346
2.112594207998603
0.20755583256756122
0.9393271332177244
1.2273001704019728
0.23267420125718946
2.682939402624784
0.44347418234483504
0.2436332042885918
1.098045852853394
1.3909389471997315
1.1567977803239953
1.0282632405038246
0.6414493924629722
0.7737463167511494
2.604546456749265
0.2753086432799737
0.12466542843022221
3.321298286940943
0.34946154494278536
0.45806322691177936
0.7053160500316715
1.2668605471435308
1.838076559952953
0.3628008629424792
1.360335942697088
0.6081285767565554
0.5088237418690674
1.7936788662306193
0.31801609678225373
1.8017009900581045
0.36181087674113027
0.9450767416097509
1.7901882799322928
0.37003871825379225
1.034551511218029
1.3231813267912584
0.5430830523990205
1.226165632282019
2.086569802663166
0.16527259985892775
0.4212306011663411
2.9744828884414938
0.3268599915467053
0.6034565341828843
1.5972963317458844
0.9811110103703737
1.0015002534128155
0.8157124138680111
1.162707846212931
1.0390383461127246
0.20073110458698828
1.6829457601868936
2.007453796553758
0.2775184522017653
0.6616877470190072
0.8710169693216955
1.1740123401117037
1.4421652920990087
1.0773631878423866
0.20596932385804512
1.9140918764808859
1.1422370885132822
0.34367195724278327
0.7695636640234184
1.5256411770773606
1.0156153353173647
1.290783504210269
0.10062560085044223
1.4083069639496206
0.4365962012144358
2.156901017366036
0.5986061432057447
0.19879903734054477
1.9250698380042746
1.3202136335990124
0.41215054654248295
1.328221007289741
1.297892047698099
0.3920983227001964
0.8635741700365412
1.5884653641249176
1.5558387783317937
0.5733388448656755
0.45842616443291095
0.24633895593640281
3.2585636154386384
0.45037691985141787
0.20572305373866348
2.1373404015568362
1.080672862205646
0.202492427582148
1.9377280882266223
1.1208485908675034
0.5300600121109009
0.7070284628620176
1.6426715223733095
1.0661458566811393
0.7335103349020813
0.8226479896130795
1.6563526581074266
0.6410239687880942
1.0057503053330716
0.5385455704297301
1.4799696043207557
1.163182311875866
0.8549138531759812
0.4923042302137273
1.252591644182272
0.7308747120721272
2.063792790208962
0.673621380904986
0.18328813330861418
1.0528953607030789
1.3845680863129555
1.9488448508278065
0.2762224004650031
0.17329436861176498
1.3846077199161086
1.3241763008235945
1.6465177751745803
0.7153211308986914
0.22272814262681798
0.007554256113276726
2.9629230688177364
0.5552309232102488
0.8708914238183368
0.41128905844507146
1.5916274699796205
1.7156396898726793
0.4727822927402719
0.1781541944398427
1.9376422363736079
1.451687066538403
0.4184154793108131
1.0924169747416472
0.8047376519899666
0.9567570739139534
2.4541934564878103
0.07933757505852954
0.4361431886442067
1.0168562619427948
1.7617515510022395
1.083753645239397
0.3748063233820347
0.6586724965187565
2.7324910228134875
0.36244414170123146
0.7091486228361555
0.9891086454030644
0.3412146958480395
1.9040241972454721
1.5022340879042277
0.1239528060876322
1.2839930267095028
0.47128909874268327
2.180965777707087
0.36370276955362596
0.49405814194293296
0.9954981159065796
2.0421646875288615
0.03326802868359518
1.5395723680057183
0.3372135425201646
1.033372620980209
2.5486512858163595
0.4225127985207451
0.17385875898877068
1.8867151400246023
0.209236793943628
1.2572631937763186
0.7074688052061613
1.1227765105643308
1.6830836969557008
0.8773919927245476
0.25374111314879283
2.047774314458285
0.26202755945333533
0.7300845866933919
2.2188917140141426
0.6317105860125204
0.6849143664541633
0.9056693035205959
1.9918361603525025
0.9062596003798797
0.2116407343224459
0.5803772686534223
2.8089402207809724
0.304975610107597
0.6993202289173155
1.0395525460888302
1.110500265352968
1.7869067313683886
0.8295122674162122
0.12429634730847235
0.8756915917017047
0.9037607198413113
1.536899536875674
1.1456719541852967
0.34582915212402987
1.5232381173832574
1.2699798793192207
0.8697020065070457
0.7296222073823668
0.40300598770103446
2.110433841838161
0.5776160810604786
0.7440065167694783
1.6919677106013336
1.1199476647916833
0.46864925515759875
0.9418333148157453
0.7141134326126932
2.228364149927612
0.4822161676116392
0.2668712914666855
1.9987188638525282
1.1824543942449561
0.7388511463474051
0.8396226778838792
1.3761146285126769
0.6800768461736713
0.9278192200791909
1.488835606442896
0.664060933624689
0.38016075631227864
1.8453798046194594
1.3224830655242445
0.41665781298569626
1.4151261818523477
0.3650013767812531
1.5221216618231599
0.16922044803450567
1.474476875366604
1.9811945499959522
0.16658865273368723
0.9378835353612823
1.709331664046664
0.47061082519524783
1.1823539067165223
1.1218732705242127
0.5793862291747778
1.7483227468749474
0.7779720429882218
0.7664524457645133
0.4601463488267622
2.047020860297416
1.0489618183787188
0.6194074419797553
0.6433093317112288
0.2358681326972206
2.1128549127255516
0.5784819091460794
1.1039332832596094
1.6355438258545527
0.7059547515536496
0.29100424780194084
1.1179418630663966
1.2908365851858534
1.2266347483872144
0.8137401015649182
1.0368825133951867
1.508763327999961
0.38815955545710035
0.4296263212392139
2.349907830925355
0.519352259717183
1.0491365031027562
0.4888647009322824
1.3602248708697624
0.45862855443513156
1.9017609083114313
0.4242958110962992
1.2203258324263417
0.6134732914120608
0.07093369820535818
2.261603107308193
0.7797333489179825
0.819226071561314
1.8359153626051243
0.2769921116945233
0.9119229584991102
1.3972341654518656
0.6785063163232875
0.8373588749131055
1.7723890307531827
1.2549614276317256
0.21419249007370675
0.873936298807724
0.4240831419935791
3.0861045335854578
0.14052687331241204
0.18741339430812576
1.4878101781456998
1.5305333524493205
1.1924917659783765
0.44871000973319286
1.0677730426874765
1.1719816600740953
0.8606393747198817
1.0369817645111181
0.8783097351253136
0.6923065176645211
1.8129046357719023
0.36309291392498594
1.4919112066735845
1.4272337332813956
0.0865044438728145
0.5773540995583719
2.4304188395884836
0.8887325836745151
0.8756280592831117
0.24096651553298268
1.0738794713011444
1.812696163935383
0.9511673752906552
0.6451451296507892
0.6872767696805906
1.6239878279874265
0.5259904786929053
1.6192267265013156
0.5559189143180683
0.6922515859883006
1.2895485226181838
1.5553169707629266
0.5231372599948312
0.29998266268768514
2.315122821182124
0.8677629155489198
0.9182424092399499
0.47340511400594915
0.9569029014568393
0.3826483282958567
2.178052410131595
0.6521835302261992
0.7852755754925094
1.3251830405550513
0.8271580821115055
0.7624238135856776
1.3125954543162597
1.3609969914253381
0.5060626581447847
0.9861489087005579
0.628212246150725
2.199247539911816
0.8670824309597839
0.03382975354307527
1.293728455325905
0.16117184613475688
2.112315742528739
0.865594133969915
0.6356395091500047
1.3155699478387934
1.248272902825103
0.39617281579692204
1.2650481226213448
1.6129236146201613
0.5446115628160889
0.45165002335503457
2.943895061745078
0.2893365432438868
0.307749350344023
1.1725837606759701
1.5220055883648798
1.0804561288517445
0.7524684046887727
0.9931185569133639
1.061544985274189
1.514959898385922
0.3679319176561335
0.6871572459664532
0.39296142535385165
2.7990535771775873
0.5574542560853053
0.3872923689727439
0.7098681123669033
1.5383106755464266
1.7743987721064935
0.7524024213628009
0.0930467289389088
0.6886539696146677
1.328153445848752
2.3945792734825506
0.06616815312192487
0.7402247454189487
0.1685378990894889
1.218760327308387
1.3311397460492678
1.8708698814576854
0.22257867517817226
0.5600678096277164
2.2008429403796166
0.1964315172674593
0.6820026375071346
2.0131316275084505
1.2542407743893673
0.5132034176760754
0.4488880260664628
1.9721443997665555
0.15903049455941745
1.7704646061028713
0.6742369515669687
0.6614599802825311
0.3584400584424195
3.0370625808470435
0.24485591250083866
0.37940084791280154
1.6669848898505117
0.3179163399215505
1.1657646909285144
1.5682247716296578
1.4697265127105894
0.5288094826689151
0.253648604408173
0.2408670699185405
0.5174714795887027
2.8263807434071815
0.6639605150087422
0.466844582650093
1.4899957671743929
0.8658697367778834
1.4458928384742111
0.5646938032002492
0.2365540692455629
2.5294746042326457
0.6243622901667677
0.9339294536886549
0.36610701432649606
1.2012115043013956
0.7518509778153627
1.7103706167583363
0.4528832945990257
0.7573546522592061
2.812300633298025
0.13828097508764717
0.43764430232922236
1.496670363643405
0.15184874472662685
1.206227907946565
1.2139002276688788
1.7044376318418495
0.4348233609708491
0.9521725759758651
0.5820932922958029
0.6094078677244633
1.518112818905218
2.1321152921694595
0.4137049665873631
0.15765199427323284
0.9728361642712189
0.17561637054313997
2.842029948451019
0.543487443366949
0.4416912704466712
2.2081127610072007
0.5780562267495067
0.23380691874599677
2.7288673281963445
0.5406381830505282
0.3535737207540808
0.9048833404547372
1.8610720339631905
1.3827790187016222
0.5056989043793182
0.3568516401477894
0.5498180104462118
3.2326569066514645
0.4747286285178773
0.181443233182142
1.0397593710631383
1.2138849489250765
1.1293595527277949
0.7412852619687804
2.088139986852282
0.4002183239373404
0.43611019419704455
0.164965368376359
1.6890041718733584
0.5100946713686807
2.227869390424119
0.050709718170738424
0.6813413740112284
0.35847321318356257
1.5737754641108195
0.939432456273638
1.3758637628615304
0.6763339589326807
1.283099559876072
0.3212602630305088
0.7372300946910291
1.4616577575845244
1.6492994576303937
0.10003493354713602
1.8692938924042686
0.13711322202280563
0.7497967106648825
2.72053169962843
0.4705862398920824
0.1295806549727932
2.707969599425172
0.4579232788157123
1.0512475344540029
0.5616108927815333
0.4306005138566322
1.1623362650177702
2.508786141439038
0.6317051261023756
0.2536580275752449
0.37837329067469533
0.021638457782394694
3.3281316217341126
0.3020548893658945
0.943895027847887
0.6901062194926261
0.18657321502578852
1.7027762428471998
0.4014123379630174
2.4285741735572044
0.07690657571512469
0.30141221310952354
1.978275344007191
1.1084123291393697
0.9261249906349749
1.3154164137814723
0.14437244936444993
1.072321177451077
1.05124416005276
1.1900505523108338
1.3699972860739884
0.1876839654087541
1.9232049597226792
0.6734481929663859
0.4695332131812585
1.4856526485748305
1.3323151726162052
0.29112246210366083
1.6529798319718971
0.0788533457239966
2.023800738095193
0.4713591117470265
0.5130615693006128
2.6653495024287044
0.855399294561755
0.06760766246258931
0.6813152184627789
0.6715890998806504
1.4219693060548502
2.3428883525439175
0.3730863693353891
0.22616603949493844
0.07093435375535707
0.2239797114322169
3.598379354273641
0.3865594956033225
0.4660508882329687
0.6645323295432035
1.8488619055808742
0.23465888215652678
2.0003067041327682
0.18000541015164623
0.7080262343752778
0.875930662672349
2.0695134096096637
0.19496403545325594
1.3048857694522635
1.5506303664356333
0.10479341280341241
0.5451049743991208
2.441398227130169
1.1256057370337782
0.106892967031819
1.6075634546149378
0.1574457302775064
2.035069849300308
1.0550090708122168
0.1546145569673344
1.5483588306158627
0.8371851671418628
1.269359684846824
0.7881684290921234
0.8901077620421239
1.547007955915503
1.316634344905779
0.024393028199179843
0.6584137786599004
0.8015677388073635
1.6741513323386115
1.4170573312056924
1.0032256336563952
0.14645283249412766
0.19584130565685376
3.7420463425137798
0.4585966110343047
0.1729956697599489
1.1457883652853804
1.7836406708789092
0.7104849901450565
1.0953090560299183
1.1364482338257709
0.7802533413273101
0.26648027129670304
2.3537881425777094
0.8385869566515602
0.6089402983193771
0.5338079720543368
1.0632979386701853
2.0544560201357083
0.9217377096773423
0.2362157605086031
0.7355600457187652
0.8542839140636351
2.4288761247092245
0.7854861366163555
0.14995897399215036
0.7995660629968676
2.0157882608237765
0.5403426508578221
1.1209357010782248
1.0999182212224408
1.118132768056552
0.9082814889244724
0.7711979647560584
0.5595533644449899
1.8729280060828082
0.10329180601005265
2.214471955717651
0.22347342667498252
0.13718125924747965
2.7270294021003334
0.49047180450507744
0.899458091889325
0.8925236170339421
0.881496215903371
1.3312307825546668
1.6917750552792856
0.04182460239055463
1.0136376813383108
2.464414875057218
0.659742115518286
0.23948644498994376
0.4488877777122122
2.242542909022942
1.7271121059714085
0.1481148360770976
0.6451724087447392
0.2024204250601796
1.3831553199304392
2.579580791928826
0.11626531066216758
0.6194031390838842
2.117065434678402
0.19463716523386734
1.7447942203254512
1.0479800382499151
0.032606940089092186
2.2900001697552708
1.0158091499469244
0.3874434598073334
0.6035055478487387
1.538759055997837
2.3736322773968253
0.1067119791151239
0.03554002154254966
2.342913891754924
1.4608574808334716
0.6553309629821958
0.25543652151664714
2.0170672098758744
0.7626514662225455
0.9086515692685273
1.0374703030282233
1.1519937320831473
1.1029240105223954
0.6496087949272907
0.388592503478719
1.8945935133683383
1.7943064475805206
0.43824149763666037
0.07112469528360359
1.1445083662952364
2.339765612234787
0.4266031324619456
0.8119951105524109
1.033684410911352
1.1099501440978257
1.6747810870929096
0.19105455170906227
0.8553094345834115
2.4952064073557114
0.4112046073690608
0.35644980182707037
1.8612821582538666
2.1558131860069554
0.14892461540218474
0.038577555896486586
2.0181221072479736
2.046762952033826
0.24828906956371866
0.704242258223793
1.7427412935616737
0.2958755564039065
1.397383394285669
0.7216819679465887
1.8987990606355036
0.24598841698221216
0.4455688570017412
1.778346412425067
1.8959575228434178
0.48043219439242935
0.14029684698187278
0.6803768428930168
1.83300539756622
1.3284879469885913
0.8117836277174507
0.11442788269981892
1.698024703000613
1.4243380863654629
0.47734383790938667
2.0458159972276175
0.038071045186899105
0.5412809058005136
1.6633308994694425
1.9056720538712473
0.4825164006196256
0.22796999482242236
1.0392682727529599
1.8559253987813868
0.5241658871392934
0.786455592082395
1.4402969157219558
1.3354804392467607
0.3813440017131823
2.025636982136028
0.21067720797779096
0.49329261043912825
1.4365406405513668
1.8466619760088592
0.8128402876965571
0.45151595909612
0.04592729478373065
1.0825595772289958
1.6152928860053661
0.7881481564569219
1.117990305465981
1.4206860791247722
0.2792278374941902
1.9701007566949498
0.49359554213458634
0.4057724619187069
1.1920651133800628
1.8656979229914776
1.0345178740991414
0.3109402569737232
0.08035357297634008
2.255271162892754
0.8495991711336048
0.9255747782011718
1.5055369597005561
0.18145912947284765
1.9203716930200183
0.7907651693653328
0.3144783298103626
0.9795716253075334
2.0372358858222697
1.2228815878572108
0.05198657692154473
0.430388974555021
2.1621953339424054
0.877397458050404
0.8671292391073483
1.5795417888262608
0.09849065972594377
1.887792743294716
1.0548591237090699
0.2189992524100341
0.8538112682039201
1.8847312018231581
0.7582852953802454
0.4393913920317769
1.7804907195507131
0.920023465280287
0.8165880162773437
1.6274902310323525
0.044056191585557285
1.8887559799344904
1.2027459093750041
0.1269392886733644
0.8944655932264587
2.1356052301533563
0.5617708883055013
0.4987778144592794
1.7788593619363813
0.956108457574364
0.7824522267826841
1.6319997101237134
0.03457515552756673
1.9405556777069153
1.1570526841841253
0.050928340085284435
0.9966793187821242
1.75481961357332
0.4867172167614631
1.4004236678757835
0.9741443486325644
0.7743235227300868
1.5807972924402736
0.0860114633959957
2.051946113568373
0.9141891541481395
0.002815549902156935
1.4538452224470755
1.435601535170508
0.5073865329181981
1.454435660892997
0.9684912844056971
0.800262540332915
1.4723781691275146
0.21015959837336193
2.20810173384792
0.41232342566886593
0.024775556278420232
2.336147706507277
0.5060038235058302
1.2365230710450164
0.9338668991221664
0.8635065667910667
1.31479571555577
0.4094061821014505
2.4267941590536934
0.06437886737210881
0.031732145416920925
2.4865513042828704
0.478391533377178
1.26933379658761
0.8659578088511105
0.9609654032719179
1.1839179495763843
0.6759967955557491
1.422090244774017
0.010745246496786244
1.8284985849378312
0.42088755169476955
1.3238204372722484
0.761753397365947
1.0846216988606927
1.031139004470724
1.0025177742046423
1.172163694722278
0.034944597886268115
1.930211464074957
0.32837864031424335
1.404510480838458
0.6194576855524703
1.064571066796073
0.8241674919797328
1.5854751687689959
0.09334544056126556
1.6598235488796917
0.20101638272716904
1.508577418074002
0.4380956192807319
1.279622406425818
0.5825209512266448
1.515314357638798
0.19342950731814051
1.6597902524669619
0.0416694958171188
1.5616300508358878
0.15319690047015783
1.6616801389314755
1.4161348069347404
0.23152152558543476
1.5661057180003541
0.1448616436201475
1.636269099955254
0.03089170531233339
1.665630025140852
1.3987225602308777
0.33345387695838685
1.4784447884760998
0.23962330876893348
1.2066577829183398
1.6611732590276471
1.0108191992377913
0.4427854883515601
1.3768177665007142
0.3925459817476578
1.117799632204252
1.6612355916626456
0.9644859331717868
0.45921556530737595
0.9151891894955927
1.3861352883074585
1.3603344144934935
0.8243500915904096
0.5786379807161242
0.8149982068170025
1.4150943652342625
1.2213915589228572
0.5720115609801165
1.101426488202284
1.2606904176935092
1.1369124934976658
0.49601778697542187
1.0281851531836996
1.0367447383035209
1.2822571542025507
0.8746109725759272
0.8844992426022651
0.9935983530293271
0.7566092614361074
