0.9621532398968515
0.9843982128493766
0.6065204159347413
1.2108025718239683
1.4085004851564908
0.7423108239475651
0.7231655523176463
0.7982291441538787
1.6652487328778989
0.8183265265954547
0.879245178440425
0.9046977256305218
1.2285681207927852
0.819306133643366
0.9068856655525166
1.1730950514341372
0.8482576935536501
1.311989815901706
0.8939274985068612
0.9766486747913535
0.8232422724913636
0.808385452472101
0.9352005971012755
1.6110430328650562
0.8204010988208421
0.8447118104442923
1.097609926474527
0.8494808687071127
0.9687413564358552
1.3451258548571299
0.8003219406416311
0.8752918494196683
0.8907929295730843
1.4380588443378042
0.7522604421292233
0.7994212426318384
1.642577117527832
0.7681253346003243
0.8277464344736558
0.8470273916068147
1.4653851238330493
0.7498029215846019
0.7324175176283122
0.7861909216012462
2.0079393099807072
0.7259249967377795
0.6553177239189749
0.5878212302245571
2.0733574192131865
0.6722702054827049
0.616672957979866
0.7045333269553071
2.332124849080132
0.4781894222554086
0.768004388046827
0.699611658464974
0.33080487921794605
2.7681431669440295
0.5746327236395864
0.43960398304675036
0.49875164885152085
2.9263228970011244
0.39632023658392185
0.6089816990198091
0.3618905569175501
0.3595648404368683
3.571970878945193
0.1928003540725
0.45849229553295334
0.41895383007914616
0.4139171876998345
3.7109689363009735
0.28319396253282164
0.1344349454671251
0.3182784450123031
0.5110935251815203
3.8900244626395644
0.12644951998613163
0.1487616326524902
0.31601630723045854
0.5265388900104772
3.451681152527691
0.5574218159548259
0.2259196927275804
0.374029711097892
0.19589214488928122
0.5109446366280603
3.6014860645640216
0.44653426926287454
0.27669505701132857
0.26373529854088223
0.47855242144093135
2.624512036461332
1.2043884370304454
0.4698065588790885
0.710058770060125
0.23779680115051133
0.305364223419955
2.9235658621735294
1.0237102630009964
0.4944584348242907
0.808409250825052
0.6356652943150392
0.10452670034232175
1.5182879824156355
1.881172970836591
0.9081216308834036
0.739647965838056
0.5686114785315499
0.20018336312174903
1.804094940168356
1.612401010598921
0.823517086182865
0.8711179188264724
0.864524074216159
0.05074126454080727
0.3785242678986149
2.097217629800786
1.3945189548085455
0.8307136315668705
0.8946637503899675
0.7160392423731905
0.3497502133992581
0.5510659499562978
2.356877144226129
1.2635338536850274
0.22530912206838108
1.3254790632540017
1.147598305930896
0.5549083004205051
0.49769929119271217
2.34571575234215
1.2667754198374812
0.14240704500063478
1.1807853707749658
1.058528932050411
1.2292930317275677
0.6297678696501255
0.5886343406573901
1.7365919195053339
1.5214204160432396
0.4526403302538897
0.6522014040577003
1.1824755834895913
1.8508771828787647
0.27759109129213005
0.5805383587412909
1.7687009498904664
1.5364778733955085
0.7358334512175663
0.5878662135742416
0.0842522269507831
1.3329841638101294
1.6792226444960776
0.6626711847421882
1.142427044808745
1.5212580862810863
0.5307500921022558
0.830401288843428
0.499246767962951
1.3194177541025112
1.7063678946916838
0.6061973850821982
0.7578891363720657
0.8729242322075778
1.6574434912345906
0.909835175776658
0.6445255907364044
0.7044447772573745
1.881335427483113
0.9974390551460762
0.1166464638940877
1.9751670144137314
0.28454985853278286
1.4550183583434115
1.4034704468948618
0.5654080640887467
0.398942979565909
0.8021425906193552
2.0964367372057953
0.1679241797063145
1.5861931205370499
0.6364817192695038
1.1072109784685422
0.05766427225242318
2.345540063524952
0.34268848755850606
0.5263970600029624
3.1440545348716653
0.08220557324684707
0.303277032983848
2.1765481923095815
0.9811689145859539
0.8512343446304297
0.2869689909109528
2.4477681421245374
0.8294569384580152
0.26490589911586776
1.1307301966059795
1.172555209036986
0.7958813974406246
1.3628980134972841
1.0939426328444959
1.1995872041775666
0.3686248802757489
0.381097223390775
2.079469184712802
0.6773748592640266
1.1547553150195986
0.5191155973396746
1.7466238186039684
0.9446566923587009
0.38832790312571114
0.9368073382049238
1.0669582140873175
1.169194696276576
1.38830797346123
0.39889491949850825
1.5436122985370981
0.9432976037535488
0.14536614687589094
2.204336123340185
1.123985328085354
0.5086621532393066
0.6558483842417695
1.099886103020941
2.320331367193466
0.16961626243990358
0.4629106779717153
0.6697403697000676
2.4473501561673947
0.07352485133922018
1.2306428425249123
1.8684566738102586
0.4512529641688396
0.782090371214219
1.107025465955788
0.39402581635190054
1.7599464511611456
0.72342353186892
0.7177209905767283
2.6748586450093295
0.1387016177908402
0.20476055309933
1.043652678512188
3.1895158181551846
0.0695279029434971
0.38099929945586913
2.0227326557117533
1.198710911157228
0.5454383633508709
0.48034506484083483
1.6772995979913556
1.7803551321262665
0.6137202392470916
0.17769510983401687
0.7040844582353085
3.7114785218915727
0.0545740055766953
0.15427209205954895
1.5629883784920637
1.5863188798606809
0.6317477739873791
0.761525820681625
1.1521157174218508
2.080260273844988
0.3327055736271055
0.6973213293406539
0.6569215482669177
0.2631340659381553
3.358800292251674
0.35308517444836296
0.06836929419981717
2.772642801076929
0.6883282263526836
1.0089783573093762
0.10836884778632498
0.517727576797373
2.9848280210828158
0.6478856174252153
0.4896919735119224
0.889231662255087
1.3982658343582894
1.2620442146626558
0.42729655643356224
0.7413830192071225
2.3407886324413645
0.6579556105807554
0.6546924279446051
0.7277215846359004
0.2604630517059529
3.212890544100017
0.14480425687250773
0.4161081919851981
1.9018713629321236
1.380891593303077
0.05958071994905236
1.5379341636934518
0.4682537747263722
1.8361433450461804
0.7896723615250133
0.5222056246751307
0.9846258209849363
0.9557533859128761
0.8233628256753326
2.2141667713643836
0.3020053050798358
0.41217188616572015
1.6897388592048197
1.1987399819296012
1.2334496535959834
0.6531861030669016
0.043123854269622175
2.782132048850347
0.8066493759042366
0.2413345762591599
1.2458750370136553
2.3514715721989607
0.2992321178401785
0.6799364348912165
1.0394024454219828
0.5287157122628009
1.543481892961199
1.1500613484630804
1.1159744870327548
0.5855111001201739
0.7642213632989703
2.0925087544163525
0.5159913119653283
0.9592711392310638
0.2160282967644446
0.7171146354807002
2.171372095432698
1.3436358304327851
0.4095812678261988
0.2953003656346328
2.371600314973755
0.6895804677225564
0.5090846351114393
1.3369119366358253
1.0709934841170157
1.4543450624385525
0.844699786595973
0.25612942893285295
1.8475685642291622
0.20409941053671626
0.9619161062496673
1.869938091353755
0.9595816355765905
0.6958119029167019
0.8552114651305504
1.2530511705609586
0.567740611863571
0.8117643467366631
1.9775906384496498
0.7456582278284355
1.1166852157689302
1.0139683668815618
0.09859951822366582
0.6179992372060323
1.1305969061403829
1.5141113196091056
0.5716616311763688
1.6497657456947308
0.48263655710700387
1.361096037123791
0.581434579924334
0.5495278903899181
1.218963057924099
0.6448108578709152
1.5491899983211708
1.1115750758940761
0.7603821348763791
1.2574729125512663
1.036821466080382
0.5645246661527316
0.9552388198981254
1.276809131247363
0.6751291906976283
0.7277995847085116
1.8215922317707172
1.6986126295737773
0.09785420103699252
0.4109921871109344
0.3404362520872793
1.670755742209549
1.5421183007945585
1.1099415370300196
0.4877816789151771
0.38472499204669813
2.5860258061817865
0.271297022481926
0.39554790986982036
1.343866132528671
1.5667209560326762
1.173739533556078
0.3855172664583358
2.0467775815055633
0.1320654170877875
0.1456174518007083
0.9322672413739524
0.6947663515841486
2.001604925161242
1.088098681982513
0.7698572135279687
0.5668770922104411
1.4151311975116778
0.30028287432613304
1.0082169863401378
1.1728390777638165
0.6533369955718497
1.953776813476857
0.3473981467433201
0.9895357896427239
2.2638434798900633
0.22520445507297804
0.2409110170683885
2.6316016894434333
1.176636413091367
0.11103452011364619
1.3748586639790443
1.772364020745437
0.6862076304510104
1.0203321879329832
0.09038775601626331
1.271094319470305
1.0030854174111432
1.229307915676009
0.6197095009187086
2.015847111153279
0.3918793343413389
0.5012017867673646
1.5360219928166932
1.147754361265187
0.7073222011455887
0.2716661247568022
1.1900724248194936
2.7265612874705507
0.3651727834393889
0.49552731303307773
1.4997120603483893
0.10248491284976667
0.7770266604243088
0.6630946928622435
2.1345049374872693
0.7943966768660516
0.38993486439155217
2.880397771832269
0.14232118685805067
0.22102983771570936
0.1932070135528759
2.971193590516244
0.43590843583351685
0.5523315784297291
0.4954001006893734
2.203416916992686
1.2928929018404134
0.08983540022765274
1.9115473407158226
0.8264013416220438
0.44668161087208075
1.0751126473784591
1.825039645241499
1.2622395053635758
0.12587467222542364
0.3192864444029325
2.628146768615078
0.24839484889072758
1.4302577164263979
0.2085506673294063
1.3702567820807203
1.1351190121976558
0.47389695547666694
0.6317754582067683
2.9492879941070393
0.24653397795577314
0.3030796103097714
2.738885118795892
0.14937930280381415
1.2711431539666016
0.34258388035682724
0.5984490374291157
1.6794139098216578
1.4984021323637084
1.026763174652136
0.056647305012961585
1.0654008091126923
0.4344630349710289
2.6832004976519013
0.1596961821102964
0.44268024829004077
1.5353474007441656
0.7841015411283372
1.3902602211582182
0.6469915635488113
0.838826521472924
2.462939716150777
0.06581662148309243
0.7272628008129397
1.2906952776379383
0.8445792624427525
1.1760732058759686
0.16428281401835876
1.53981143250709
1.1810019350570766
1.2719829059631023
0.753335733248338
0.7374231209386726
1.474791860837132
0.9236965497008904
0.36488723216890684
0.8146233456605971
2.6640343445700236
0.13142565727400946
0.30918281452701474
2.258125618434825
1.48603864048924
0.6063457850337952
0.6733114413307819
0.9788552187680527
0.6677137118879545
1.4628706642765317
0.5566966854820935
0.5795431356497697
2.3318958943380768
0.06847226446345525
1.6206084940937837
0.13797758039327981
0.77266855357333
2.7639593960947986
0.5823475991952236
0.4897603240766116
1.028543435482521
0.5628849353619745
0.72602366092862
0.546338904064873
1.4417509946642055
2.4775791637051987
0.3649994635107149
0.013107071218781295
0.7954352981143006
1.5763022754359857
1.1278150257505961
0.3477221397313346
2.6288076605962902
0.13092737987707667
0.4637868619471462
0.6545336614968067
1.716982454001694
0.4774156277771628
1.9182082661873727
1.0466586607530688
0.07847064961825524
0.45863854254375547
3.5819715397191834
0.1385683355672807
0.3955561997984732
2.2347465169584235
0.6634934492630546
0.8132564236245431
1.0334056308653152
1.2043388487982143
0.5828581488442709
1.8484586214632266
0.758863453151668
0.49779805617867995
1.5904030388324077
0.7590089170007458
0.2458404262974695
2.9813342922264874
0.11609700907083746
0.48488897842959955
3.094818597628684
0.27723696081090077
0.4735708659282215
0.969645723227454
1.3949240559787073
0.4725090037618419
2.0342745022258493
0.9586682950005272
0.27052015031239174
0.6212061474718489
2.649400194374512
0.507102551055506
0.380237013299023
0.996245973291914
1.7706368704059212
0.9872673178285207
1.0562003222124758
0.6452980166902484
0.3054622523577332
2.0612331652036757
0.5139408313319676
1.0538287926924044
2.0880829101838008
0.06914617058511693
0.5846263573556247
2.111493996466024
0.7181534226802281
0.7139673335436175
2.2785662344352446
0.45215404465970144
0.13276562998554453
1.827940584854725
1.7078890069392278
0.6566613133811929
0.5427289918459905
2.118861045033592
0.3330652229893102
0.2985422091105798
1.0732582475969712
1.8910913901281858
1.5313945420935957
0.3239301524373692
0.2747535547325525
0.8447993886742238
0.48827838022808046
2.265159361099867
0.04294608904482124
1.6869666324084134
1.389223940793733
0.2810808396123502
0.36798472785405917
1.2258141582738025
1.0694171833953403
1.0325141500427115
1.423345653598122
0.6170516535178238
1.3345490407539107
1.2195210057003643
0.23880095767943307
0.8218344415479971
1.0096079403286096
2.116385979018649
0.3511884229507075
0.8845307482976572
1.0680495942564074
0.6159872730119167
0.8354188182825009
2.3536908744286302
0.6664535091763477
0.46953002630035545
0.38599856428459456
2.149320769822997
0.6185074765251033
1.0217346417894153
1.275499800591239
0.5966232569265408
0.6132232293626445
0.6516145980410584
2.334990589244492
1.0908527071572127
0.1819699935215381
1.4546265539825085
0.7800279085929221
0.4866598358975126
2.148027539007114
0.9592818450599137
0.21893438667461412
2.204065224771429
0.6823868479714674
0.7162317675866829
0.7932860388770424
0.3944928670729236
1.443110075476962
2.291978504949626
0.459788551320408
0.2856466497042936
0.7698419649806975
3.299324151068513
0.10371287866898539
0.0918888597874413
0.29243024684968205
3.248729066415615
0.7744086400950639
0.29752181212891843
0.6698649186738345
2.0858309616770336
1.2185050160190383
0.39832820704821376
1.090301754809108
0.887023241046933
0.7132321658376428
1.310973139394484
1.013814461680682
1.845581299265284
0.40678198853284525
0.06870872683342269
1.6322753211878667
0.7812318774185033
0.4212207592864183
2.258764093014688
0.9632440935812928
0.7580269364292338
0.7474734581616767
0.7232449801199524
1.9292080239756086
0.6417052414410035
0.15323972023073043
2.0339628805723873
1.3916514427921003
0.6134581000186264
0.05151375814481404
3.5234370292027917
0.04513256475039559
0.2722254352830923
1.104969836877534
1.194058802982272
2.057152836819016
0.29197031605778784
0.6521658085058166
1.2933236243760609
0.23220394805940991
2.1433552611081126
1.3103254563595867
0.3054132703324353
0.6688691055430286
0.4619331622975304
1.360857651478908
1.9449078291785813
0.6968236941064125
0.8555267753208236
0.030970982357134864
1.9986237906612598
1.8172365036064815
0.026888825932438454
0.24838337673945152
3.5703073291844007
0.7576992411623062
0.2475512083131521
0.007882510301012677
2.259215836957964
0.6680665305105339
1.4194681570491987
0.25940093173580747
0.7788658082412788
3.106460886715436
0.36177164584291127
0.17651579155370803
0.8499943236627975
0.21406943034860945
2.4863825225505027
1.4841853493111747
0.09646903817725618
0.9937207285252143
0.8449592095769157
0.4005530717853018
2.507985888449956
0.6013215869092791
0.8890983995430028
0.17553786670158572
1.5276967891766249
1.416884974155106
0.20077613993076643
1.038861362583678
2.297120663967992
0.9157018911541472
0.061727455534265604
1.7074360304126301
0.07288947105576038
1.0861917304995703
2.0106758783780263
0.9995505239093971
0.25828136619824305
1.2727812659072686
1.7525466232511417
0.831308286226131
0.6929053733259866
0.38333028141540304
1.6748610134148398
0.781413139734194
0.9816034245179672
1.0827445998380332
1.0040575956329594
0.33909849761852207
2.499382836470444
0.47381352260276866
0.47157494871138317
1.1400767755257928
1.8645206049196166
1.05732027076102
0.07694119692962466
0.3192768860713088
2.7201121418451057
0.7031939316827143
1.0829917276751
0.12585318320276892
0.9998519249316337
1.6271629665790717
0.15387933124035177
1.9253854879234273
1.208116637656998
0.3853836424991378
0.8033498018762362
2.2212432435617746
0.6398955100583419
0.42398212594018353
2.215186849711761
0.6693670771677864
0.4515805538700071
1.1584686529707577
0.9574924537355739
0.8943439380277179
1.6984684132475012
1.4070426495767885
0.056676708784498445
0.38973567918072133
1.8821937734242329
2.4303174961585854
0.0479562846259988
0.12120774422754628
0.6005602444058544
3.1627074465052525
0.42866959500407387
0.7043693496701744
0.5896266471712127
0.40666364366544266
1.4999360143880505
1.2574506676504322
1.2507050839994942
0.7341724544943878
0.32898937819997504
1.59912871512381
1.685181328913902
0.6914871492577357
0.12999446895917013
1.99105821579763
0.7934430322669226
1.0540130878560954
1.2295377215298686
0.6974700044946442
0.3766137410588045
1.8697591981789758
1.418150986639538
0.6672223608619288
0.16337062329074892
1.6112938740915967
1.2840616297324012
0.7777051918292548
1.496875526685966
0.12822880114141183
0.8820125734194804
2.1303158978719714
1.1330715977888883
0.4588632137695076
0.7590989290194596
0.2682886081520548
1.162948887309227
1.956830441241384
0.9674958996315866
0.4664554666297988
0.7468056587101582
1.593977912295491
1.187434286958297
0.9120576124642785
0.23556878948839774
1.6958541924061468
1.1212406411526679
0.8077161667003325
1.1287368790560113
1.017503696913703
0.16223451151926668
2.3797997275351244
0.2783573137099816
1.1183363609093653
1.3018805179336177
0.09980659151898419
1.1764347260352277
0.6219026910221941
2.0834608872524463
0.590416932804171
0.5585725252632064
1.5054050575139017
1.0218834339034781
1.1890153799145449
0.6592103862869492
0.5966056029723491
0.4860834390299899
2.035162529078149
1.0772225639701114
0.6740409164236151
0.6581116569486828
1.702030202716002
0.5865139531526835
1.198364005693597
0.6114422392634894
1.1709981254040405
1.7634503636046097
0.6690227474995436
0.39441162656574563
0.5889408289357274
1.6862233865367227
1.4398380963079538
0.6714040440634912
1.0232120668655187
0.6068170662204773
1.4556272553481688
0.6475699291566602
0.880335688261282
1.771046275217063
0.2501460475109639
1.4012578649099345
1.3000932838717576
0.66589412057744
0.0538777130715409
2.4194024653386537
0.4283888264068913
0.788717272695364
0.6098869211811689
1.814404646622866
0.6831843299512154
1.1631510225692776
0.356307838792868
1.7004569966955951
0.35225239423230625
1.2538821727769671
1.4471664486482285
0.6028901317141884
0.9053916028179835
1.7993203511206444
0.17604989857663614
0.8465024655291918
2.6525630326605443
0.2683024936354929
0.5120455603120432
2.52537555471268
0.8218695511625149
0.35925067436612207
0.3016964335267803
3.234212479564417
0.336266159290635
0.5269037282389111
1.2537558490804301
0.5291081762495764
1.286527822516081
1.4672772968944379
0.6314843663056354
0.6055409646142751
1.474244099245849
1.3727663548230782
0.48110253620734095
1.4458964155668343
0.7405502430483498
0.7608964866999256
1.7015882577300034
0.7171812459252551
0.7749265546700853
1.2584794746911088
0.17924903817894217
2.38494835479945
0.8977434593977288
0.20507803111554207
0.8383527270946788
1.970074818447644
0.3809995532854054
1.7121211212722236
0.43524638337346305
0.7000795105282415
0.5640948542734177
1.694685988864773
1.8489659181724747
0.3966764993088902
0.28905629677811007
1.2877224387213795
0.5208730664632946
1.6796385374643084
0.5981792770452786
0.9511429129768795
1.1719274278246579
1.2390739223310776
0.7736128741606708
1.1449121591775184
1.433483149533789
0.2751863399049913
0.8192461471656862
1.5099495513972407
0.6229231287650988
1.3506787800960227
1.1195063315959124
1.1335690919401396
0.3399811398370264
0.9528001294663668
0.7506978009309304
1.9585198849348482
0.6868373463392549
0.5958989324327512
1.70633514351035
0.47373910435014366
0.9415758406897569
0.6265963158948372
2.385025090390703
0.3416391878798566
0.5138529538086603
1.7508851375575183
0.6210800484132634
0.7304856551444341
1.5475967756013538
0.4767957953383131
1.7906779106085613
0.25261187935135615
1.404484449454999
0.16976340962248887
1.0216271619753892
0.6352822171998054
1.7450294093097418
0.7762715582886113
1.2433434741985294
0.0412864928098234
1.4602695893321964
0.9828884965504906
1.1008936351518173
1.3219098303123042
0.4211020340922074
0.5905554766851795
2.5529179969931137
1.078028706265439
0.16703204911925398
0.13673224667473907
2.6176696144699076
0.8878456796026071
0.754734650379293
1.125095250744737
0.8184796642347411
1.216444948415839
0.6579469274517221
0.6041423117111024
2.0904499429509924
0.9892488167730249
0.41327301551255013
1.2358737188204738
1.2822461947591985
0.3445652614601768
1.4674235134975422
1.7458142358065063
0.4962083130324708
0.42324172832428003
1.6676793322895678
0.8928925787332189
1.2654060083179712
1.0547963261738316
0.37231659537015954
0.9513902009736319
0.8245947491241898
2.068655779361344
0.7421772866927159
0.4347093724721338
0.6664750671223447
1.9763293562577453
0.7406235261142079
0.8330246202508648
1.4201536672103514
0.5135250201120587
1.4104063131246027
0.2568532892328674
1.6589735330797015
0.19994364642363543
1.1394672151420366
2.23551076997021
0.31751383178913506
0.6729542943336131
2.134511115103782
0.3843433026781811
0.6449582602057303
1.8322780914412153
1.0958693926747227
0.6352470177588176
1.084693506069425
0.947540805364868
1.1219225019198067
0.72004204219992
1.1081645730382113
0.8918597351031239
1.3174722612938714
0.9604362284093603
0.9210531689186781
0.7381417803690521
1.1548391079717961
1.0726238854964514
1.180111803283918
0.7164047449692073
1.6340807497932222
0.7786126699724413
0.10089321173095576
0.4359852273486671
2.341393887716398
0.28352338743877087
1.9745283408357834
0.5050158021213202
0.07529483033273585
0.6721812870970196
1.806884006767331
1.3923043169329175
0.759725856326477
0.8760542537270131
0.4582333971998694
1.832790251362519
0.25146940747401175
1.4183543504270069
1.41909914723087
0.2550394863611916
0.9774173142582627
2.209056538761267
0.6774559840466431
0.5122944914281513
0.9914517152841769
1.7420297420628645
0.8255713537028879
0.5594548181103846
1.221149184994299
1.6036766107866123
0.36388832780388386
0.5780936314694246
2.2924572253430022
1.1076429043749223
0.39717276563376247
0.9628682863855116
0.2421146313111229
1.6948722932513576
1.3520857043829615
0.9462081273677879
0.5264000193830841
1.0361365784095042
0.8731495757838613
1.664123169611123
1.0661690525303558
0.20030504766031088
0.9281352643318359
0.6766051190872028
2.499295085129936
0.26784260767256973
0.6523842052934086
0.8319360796416136
1.9471930348642388
0.5067319645528761
0.6351576829367469
1.1685266215541181
1.7432994177409649
0.7484025109389331
0.19823969923332915
2.8401849946411817
0.20800025462575164
0.33622430991916163
2.7673825402066843
0.4419700290021111
0.5649759066375313
1.9581243554344259
0.5628915603790986
1.0791650218253888
0.750237727229522
0.9709121305676545
2.2543098130863877
0.1755118359033655
0.5061249432421274
0.5707097191605496
1.4855065628477204
1.6057443014561037
0.8366923673154646
0.6202903342411035
1.352804951581711
0.1200838198479953
1.7916166925704777
0.5765668916151951
0.7263384970993741
2.165922679144602
1.0687233092013118
0.1087225899230731
0.804460285821897
0.8974895779445161
2.206272000589064
0.35299341894463604
0.8209839402134202
1.8359026499562359
0.2419952455916821
1.0138631338818636
1.330852921078712
1.0477085097642367
1.1880678288477557
0.8759571110430001
0.5497418514555635
1.0154360223920442
1.2250019176965032
0.856505054873445
1.332077228338319
1.2815453294512846
0.309543986442061
1.1713624378804717
0.89289798910677
1.1205315873066237
0.23439871860183753
2.480680717692068
0.6363079516592335
0.6545654254981862
0.04716899240798116
0.6810220529830939
2.2711814586291132
1.0190854990067484
0.9456299782763617
0.6067728222835901
0.425776402335808
0.7238129367537075
1.9137753671268383
1.2332559335335052
0.39174875393914976
1.4766992298579553
0.7290390568148408
0.9979772514987331
0.6069697471341003
1.0573668918429293
2.059432586879555
0.3907244030579449
0.8334085499653799
0.7947722900376464
0.7836654722701543
1.9646519911955798
0.26566819785074114
1.4847331510161852
0.7708973538788244
0.7340137676497948
0.8813275734028807
0.3793422192337718
2.3198803968674317
0.8923025612857561
0.834488061301655
0.3526365872078553
0.21375991133579328
2.395329828014138
0.8358148445366198
0.8845138841098156
1.3695318704001427
0.39775552171708667
0.8774451485659641
1.4656896724597697
0.7174714134906529
1.7213950947330594
0.2459325069086289
0.7360582384380706
1.1042406120027188
1.1878548748062743
1.6033473608469935
0.7373749414932856
0.32773648865599064
1.2691637821162047
0.9246676711550273
1.4778712361963575
0.6143229471317078
0.5958911439646499
2.544604693813296
0.16458728423942898
0.798530764873544
0.33866817547286143
1.750308846785336
0.5262644653753897
1.6010642218501292
1.0306252523408928
0.26493598256119455
0.9914055952246557
1.7461030760606744
0.9693004397392194
0.797594996828619
0.686513727445582
1.2166833374231476
0.49495942817433625
1.5822946249392733
0.29141396046117846
2.147216860786789
0.24256016172758507
0.6292578872198851
0.8243555383576907
1.2788907064600015
0.8110873424381422
1.1649484509629402
1.6076326075279113
0.5309758339425157
0.9083111084406172
0.8266232330018695
0.4646263879005809
2.6211382923996496
0.6556345393812788
0.24432433829367445
1.00545462709954
1.2066043110575704
1.9767083614028682
0.14395014431192713
0.8394330032336763
0.8241239740415018
1.132720810527313
1.2163200869065651
0.4994059059753735
2.173693574025332
0.5796587192217455
0.5710268400047632
0.32033205641545265
0.829510342675807
1.5913454259437565
1.4259196479563996
0.8329159901366493
0.6885746761152488
0.5060187807838048
1.587636767472289
0.9283844903338682
1.121488108595352
0.9973205453703144
1.1170840546934087
0.5625690372580056
0.390047084731275
2.5731157139477885
0.5004147211192501
0.7440279313224041
0.04686388822377721
2.3335992694135346
0.741729495958333
0.43050535411812785
1.7936745734082773
1.586262417093945
0.6203926077711753
0.14877837374614333
0.7706205552516466
1.7198343164621013
1.3707153434769421
0.41657949955117174
1.276029537197112
0.8847568364009024
1.0582766627256206
1.0491604203375946
1.450837702613179
0.45771180814112705
0.40448520398337834
1.9005860218971666
0.9030414923007053
1.1714368935042005
0.8478499174981408
0.4553280186315917
1.470667380688654
0.8113389964332034
0.8344777690999701
0.9287868857392825
1.9102467865550035
0.9121291546645973
0.3296136067039235
1.1868952681588147
0.4157005753423302
0.9842997098358655
1.0541012055649157
1.8960913701844746
0.8086008349699282
0.3914537017034486
0.9793920995752703
1.1862607373337752
0.9515469430387228
0.5642255886893492
2.0585472539080674
0.2805593476322628
1.4882462666666312
0.4952950183728424
0.5061068036567925
0.5023958511052343
1.8366022202184695
1.3515760952157818
0.292653758576533
1.5231741254381823
1.2315626831091306
0.9423287862655607
0.5617653114960354
0.7374316453840956
0.8783148377834631
0.6481833179096234
2.382889865971366
0.6821465574233971
0.7409501554427728
0.022244807798022688
0.7612710058511397
1.2280746923335604
1.5026071310599778
1.0233445220379334
1.404067790842373
0.054060676277443764
0.4000693151985198
2.307143393275179
0.182986656690438
1.2948858108063963
2.1467356418691748
0.35507956307209204
0.48052445741473926
1.4569077514310698
1.3863550515306864
0.7358120342936242
0.5950149196869927
1.2660589752826188
1.2833019183793173
0.7402914266168042
1.529680368570479
1.2256036206052234
0.2125563426052269
0.15634872600519412
1.7809668907850247
1.9953805602781232
0.6842617391559173
0.22428485268910037
1.4660705616642187
1.3071398090099136
0.7664036334656062
0.7523825599670295
1.3768026117176275
1.9531165693081867
0.17468761397693125
0.22427317524860166
1.3044293974494363
1.7126788884167532
0.5796408843030949
1.3484157643613564
1.0521208742097028
0.4262722569310772
1.030197559230174
1.5953235918677309
1.4659686566316332
0.13080362235430928
0.8097899630367912
0.8551771989594131
1.3417330474445945
1.5670743451948266
0.5281282845381352
0.8669802294919864
1.7000465809241336
0.08719033199218147
1.80217078310294
0.39030824108952744
0.6052684637354975
1.876421529353151
0.9061200094886477
0.9324092729629848
0.9788098188560219
1.0213535246806593
0.9107807940357604
0.9974770542556296
0.39837996121556357
1.8731191572093788
0.9467622263647218
0.9668926193061386
0.6469964492860902
0.37526343868199097
1.4654913283920217
2.1668739677236015
0.41110836629793285
0.6171800491289423
1.8273854776737866
0.42091735199206054
0.15104549637063497
2.21710182508955
1.4145015975883286
0.6031913139231382
0.8259361590882336
0.8692143864346065
1.4852547128587594
0.47416403847305805
1.1053213066874008
1.755097600431845
0.2125046861944574
1.0099223903707604
0.37793677910958573
2.271767339590616
0.8859004667362076
0.3463271425747052
0.9332731744765622
1.994594722860664
0.8750672594808886
0.6928716782624409
0.4888142237098299
1.2794866640788771
1.0844454317679406
1.315753114789971
0.288522543233567
1.6059863854109375
0.0754714966608449
2.171908018541035
0.7554957870562714
0.10010294550695119
1.3193727028293907
1.4392332301189559
0.2917717542592712
2.453970090752342
0.34196636749668974
0.45402479281171715
1.3013695259436255
0.4666712195590956
1.3434081394319475
1.9491457460213302
0.6255401059212268
0.46262148100559
1.568432730409946
0.06550712237654334
0.9917778954663585
2.16232569019058
1.0781061046345226
0.4371493991618233
0.33872911230791836
1.7498126151224853
0.040238095322247376
2.7539636855412293
0.043852674178070955
0.2865976520788069
1.0862478863448055
1.0454072576234879
1.4276193666669894
1.611729403849026
0.25944523403836245
0.24940640258793464
2.852586965567992
0.6591161092996654
0.7193580237790617
0.7233173585604163
0.9364936573664276
0.7260679456063461
1.445678362703682
0.7930434694680186
1.0509542559591656
2.2750882382023256
0.08801203447503257
0.1575805741198229
0.20148418672375384
2.651517790945991
0.4077497081509983
1.3211514524844286
1.46456021272399
0.14039497561377437
0.5356774037470124
1.3734901321535824
1.331586987587008
0.8706804119606499
1.4630564627462328
0.7068972613193859
0.5514392103605908
0.04943950987723035
3.2052516337042984
0.2936620468802597
0.5862053803402818
0.4590892257584826
1.943363328755144
0.5178291901585416
1.5338383885587148
0.8668276404070179
0.2956236198772808
0.8107915586179544
2.4855577499057877
0.28939790656974324
1.0575759206616135
0.7269337919937324
0.24359895595160994
2.7186070514036036
0.9365432730843226
0.551129782737644
0.04876516108771846
0.6705393455754197
1.5814650138816653
1.5469019053466955
0.8809609408112571
0.7965516922205135
0.7473373256488469
0.7097015404386379
0.6591478269737865
2.5422800471800913
0.5787254984735868
0.18026862743767066
2.192180601269598
0.5071761295168166
1.2054999118394805
0.7777672798109019
0.47250995197126305
2.678196050275183
0.552124958523538
0.2712841215557814
0.5969012248336952
1.3638549280964583
1.9331587066225944
0.31035151577051123
0.7781989245024408
2.4657286480375165
0.499395993807211
0.19810569092124175
2.038273535380368
0.8536146483066596
1.2122505566501118
0.7803804256532381
0.526232328307827
1.2933385084541387
0.49122527259381443
1.9436469853251228
0.3184087388576605
1.2383963183234874
0.7748618699083955
0.6741048724147742
0.5732737798392578
2.5816679326828544
0.7525792656284089
0.06567706995717419
2.0175018544665266
0.5978381735158126
1.1889862652984189
0.7452105479105585
0.8126216927000841
2.3056600998014543
0.5468035373347961
0.10806322537977607
0.9392966605673091
1.2839447147054373
2.332434454258724
0.09920761692806986
0.40250310720952576
1.009153965184713
1.5163033802526413
1.1530523873540985
0.7779885175419575
1.1847376572993584
0.8527813756622497
0.44281417961175423
2.4535146468266085
0.20863493561413204
0.5651329408691174
2.3613138872962414
0.47519382648420855
0.842020870079589
0.8205177402001921
1.411776957160813
1.6158764043176543
0.37252941668853917
0.47669892975640876
0.7119850817577709
2.42850086669374
0.301319683408926
0.8384095598950686
2.6426886858765504
0.16509342530572424
0.22564960255085384
1.9622817612343648
0.667771037542525
1.7024749265852799
0.3041786088701653
0.7592158356670746
1.0733225435594431
1.8917936010096266
0.7674458028215605
0.2521401907225188
1.3546215805611561
0.01103773239127536
2.51455168880216
0.36902495500675536
0.5654919533927552
2.0047519866801147
0.003881328328778713
1.5053624846357605
0.5903590055926087
1.8540920507001264
0.09669574962470612
0.9265037954811555
1.0050602529020598
1.2648910011298442
1.7549497536882397
0.28302507895140644
0.15966019947933538
1.9017148210745403
0.33277592106219234
1.2753315489522337
1.0489723526215222
1.410875364318635
0.21571285575177945
1.429679459915615
0.44110615636095846
1.9687391904817462
0.18232579885355352
0.8415754890001722
0.8206084346772079
1.5691102521841096
1.8287477683739397
0.09955613102401689
0.04894872300395472
1.7128521376630923
1.3101842464203928
0.9058940567245843
1.2748246914406935
0.45924009061652643
1.3679852844071712
0.27525365708932426
2.004489639266267
0.5238752594107858
0.7349911047850093
0.7591405212519275
1.5629365923036038
0.8711599641044109
0.9572923360612455
0.2588187315160231
1.5131611295471874
1.075140471336551
0.9903281922256496
1.1916707165270954
0.7123821451506381
1.299128168822616
0.12401040052744879
2.0467785373561505
0.8934690960703793
0.6109369422884209
0.423731923455532
1.5016588509537765
1.5186229234123947
0.2995833645878623
1.3994147742027718
0.8566517010884754
1.0688173251635935
1.115975546733391
0.9500532791255454
1.2135459614840995
0.014168797058742551
2.1226367712567695
1.1622106038707964
0.45325838183305117
0.41175596933396247
1.8838927253835975
1.1670886573915549
0.3946927041201484
1.5562778637565424
0.6534551225577008
1.1299015353427482
1.0732942864151649
1.127158345701861
1.0794281573137718
0.02297515287998968
2.260437621713766
1.1130396109803884
0.286386493617435
0.688458354957493
2.092979508400725
0.44017937280015496
1.3397915245807248
0.48766532621424163
1.1601228661289253
1.0805028350807349
1.209811230460137
0.9621750520663502
0.060306722567493455
2.5585853845401636
0.7508908007507629
0.22498289895030518
1.3768164473352875
1.5567525378325624
0.4763322374536299
1.5390976032153265
0.3845466439269061
1.144547729526979
1.184324872155194
1.1459001711614152
0.8212636245382308
0.29484930489408406
2.8944688661755262
0.18751580900276227
0.17657089713025434
2.5464041930305448
0.4485881591542787
1.3244260911754855
0.3649447809345678
1.0696538374408626
1.4030032372070618
0.941806353756651
0.7455384285423471
0.6743562943639829
2.639972605830076
0.1765472000554424
0.14837803823069814
2.519725096095792
0.4010404571683739
1.4048026660950548
0.436951979764796
0.927037336065797
1.7393152564139134
0.6266175774773002
0.7294156422220752
1.2519249079059376
1.2014677614126907
0.19684400219622034
2.0907624583673186
0.26908052531474486
1.4075530744514
0.5945052976472976
0.7151205309188758
2.1758363223254573
0.23604295147477058
0.7479685386620504
2.045375498774406
0.721682570544754
0.27272703798740155
2.367329944260516
0.10506952407133408
1.4375763359118172
0.8579837504780656
0.41949094939756904
2.4207056890722365
0.191886122038024
0.5522354271742607
1.8758499000410986
0.34894553544261403
1.8726352948586722
0.09001069347901157
1.3623035982987959
1.2515839048554076
0.08976454203908525
2.3197083624925536
0.7236119239166965
0.15119928532443308
1.7937307283148454
0.515212236443278
1.7852059592886536
0.3140211212570486
1.061968082997322
1.4301782529412754
0.2512456310913102
1.2405440343957246
0.9055950153858985
1.3396809886170509
0.5934153753524731
1.680356782473724
0.570270606532399
0.7058025576567961
1.549950536673779
0.6486797116145989
0.8373757487213849
1.0248177104143077
1.3149080455068751
0.739819727554823
1.5575539881744305
0.8479089461814052
0.30548305245859914
1.3120231021799569
1.1931211255255358
0.9241405584017144
1.092608206217019
0.8971735421637134
1.3992491203539177
1.080437111789294
0.056751086910544216
1.35418280902193
1.1409570328655647
1.0419111311650036
0.9660513954528022
1.1169707669313633
0.9387620600170299
0.7997823074889577
1.2425027545544811
0.8359722425917793
1.1441472156538208
0.8236911428526019
1.3574424071610436
0.7626811105088768
0.7101770877781491
1.4050440735057004
0.7128124005267513
1.1426030803341132
0.5955406251901888
1.6611636628148727
0.533556865267515
1.2107270639299184
0.5749625986124726
1.286274624519744
0.45234834303426347
1.6614717206741425
0.442544589768398
1.2558535602940302
0.2890790141927134
1.5801816871116392
1.5668404649303838
0.24313968397344576
1.395032250067822
0.17436774151278067
1.6143438067644267
1.5879398158414666
0.1065456753571037
1.195282584050982
1.6052902163861362
1.2776480922379505
0.025056926022687373
1.2235620055336187
1.2567037849837464
0.9878459794585409
1.0068579095937598
1.0322087423422026
0.7936362613745865
0.8514174050654324
