0.7147252312494503
0.7583363990710242
1.2980950635867392
0.8757394425731614
1.0600846101841377
1.234101709474245
0.3935651252143434
1.0672854783028272
1.3467720693697878
1.2844843117071476
0.5559331315440115
1.10227550711647
0.2810573751082893
1.4706783978280105
1.5741989881677512
0.5999114710185096
1.058755292663081
0.4566877006385077
1.6229184331302633
0.05160222138781878
1.668765852372505
0.8944267878847676
1.0163613983473203
0.50017668047024
1.5968037670179949
0.08931793163492434
2.104869585984366
0.3146347168637327
0.6573411346783848
1.4381875884508182
0.5709637806219156
1.5730506748948472
0.11720117494350576
2.094648376197355
0.29644929669134645
0.6955516117543808
2.257406534335614
0.6158350941848786
0.12291734990388563
1.8915895598102075
0.15733827148236862
2.1353460627293894
0.28317643517262314
0.7014921587837454
2.2636792152711376
0.6301154840303462
0.10367042638374688
2.58986719900775
0.1866846253161115
0.9912214378326124
1.9994617826919303
0.28676216155053647
0.8004096585754619
2.3395770202939152
0.6227417931329681
0.1142764512092622
2.5723361974413814
0.19691688175589325
0.9981230343117967
2.0442745637462547
0.34033208265912446
0.777051835448594
1.49659628596315
1.1822779039249187
0.6702450002864302
0.20692435362608363
2.5389299294585284
0.1990481093153709
1.0210538323855716
2.120963393163878
0.36142707104861665
0.5135185534027256
1.917496429760183
1.1128798747435802
0.5590120525655962
0.3589562578028963
3.357732864256169
0.10901756521792044
0.13049697362231744
1.7676249787218439
2.288187070341884
0.4087305011925563
0.11077206131329627
2.571234406544275
1.0063696824959314
0.40804976551842376
0.5884937345973899
3.230762011322475
0.2583059364782868
0.04316248167197848
2.0185890730907006
2.1240220595484867
0.2522070818460961
0.4823538323782966
1.510088467212112
1.5437924981339375
0.7960273553785806
0.3681186409825526
0.8995385395000675
2.8804903764466494
0.41639695743642163
0.059529336261206926
2.066046874654033
1.134111485648665
0.7527664482354464
0.7554769896627324
1.4825414677840636
1.4566950474964406
0.27024864512522184
0.5788822728383854
1.3207284552020555
2.3144370058629717
0.22364672534407723
0.616738941053509
0.396110368974041
1.79910682361201
0.2413032339729017
1.3676412946923975
1.0954231021531844
1.3521346010938802
0.6972603924690977
0.6175455637980961
0.676626714364205
1.3603189836629868
1.6399670411372744
1.018604464347929
0.41356153411792645
0.6586665284792128
0.06292780627755146
1.7135134436580455
1.050009374477532
1.3613472384365162
1.1965274787294522
0.3521273985095256
0.4341517275087076
1.4916948054998214
0.44753418185006083
1.729090452532755
0.48113359840332404
1.4796695104478435
1.2846787825869503
0.17423015406838388
0.8064371600315698
1.7966779239899389
0.2529870512892977
1.7036413951996423
0.6175640842583179
1.3438527702893228
0.5070660451004882
1.1231237781514234
0.47998795733583016
0.8798019120964459
1.4033543531706547
0.6433611377391403
2.0846998417164975
0.2808007414289824
0.8325499465876645
0.5673938401333967
0.18790817755264294
1.6948606687886874
0.911834486850141
1.38464217224942
1.1790194813801138
0.6687309455779475
0.8130885566195267
0.12822078318137675
1.363564117597817
1.4549277014681403
0.7451457585217163
1.2195672107146007
1.2033307373870343
0.7159502157382809
1.1233423747223543
0.4814775330669974
1.5236715898558877
0.5795292380069526
0.6931166938742648
1.9767674616905542
0.4947163776207946
1.362567586769552
0.8367159146110548
0.5988176000608814
1.5638398036602612
0.17317363372148223
0.9335424818577996
1.358867753687069
1.3736049438244682
0.8182582255077752
0.9692133413506295
1.2186513837172075
0.5777590662769664
0.9269202894927672
1.3758457798583188
0.47145807709433546
0.968447081726636
1.2903950650813865
1.525528297826097
0.3720387814313472
1.4158106078785009
0.5412837729468479
1.5133060828006022
0.2776459822579886
0.3423733570183003
1.369416919532956
1.0439147497392374
1.6119741880860345
0.8626297837441922
0.4105164925413836
1.4677696697497138
1.4828961060528205
0.7061578599570754
0.1758032020676532
1.4746321461197456
0.7263065984057729
1.1779815087913308
0.4997609233917301
1.8259168985367205
0.9523140771197258
0.750308348224154
0.5816621055426542
1.8690127575830549
0.9772288524599672
0.21923754201310738
1.1921279509124616
0.6944042573919811
1.6402017053102909
0.827028475270602
0.9453530184048207
0.9953474934017322
0.9912914935686934
1.4098488109934335
0.3134168672932754
1.2890053991678088
1.1107320306889272
0.2574921361810932
2.5408153390501216
0.24712157896389644
0.5968645950451442
1.9493444163272626
0.3187195600815508
1.3895939794139751
0.820180104324474
1.0579068906521254
0.741161315750779
1.4108625497669973
0.9310621424218284
1.0137046047851381
0.6796374367821107
0.6921997755724545
0.9736664076107137
1.2429402730018233
1.4918923420944792
1.1195571189872782
0.06754985832749674
1.2880169566694033
1.7399289846232584
0.5027935672472922
0.930543168685573
1.618827069088488
0.7355705331589415
0.21571851409858203
2.011576686127912
0.6165657316794367
1.2085691318760194
1.4170186181114244
0.5918542398668885
0.734181678280045
1.0847869790452818
0.9668590215683117
1.0854486903123324
0.7359664759249738
0.9051614941069742
1.3458406212583787
1.3562332912156132
0.6566177001708989
0.5582006441730064
1.979774825542175
0.8705592250354188
0.8501241676967591
0.5512049132905269
0.36910733468803975
1.951437368620506
0.8895268510574991
1.181814046373399
0.08736770786960882
1.5315825345923555
1.1039871889182338
0.9580372063773993
1.0790057087643046
1.0178211416194805
0.6653501479779046
1.3106972297207424
1.4280781490932308
0.2569232897355902
0.6618351472049587
2.9643805078644627
0.060682604451701705
0.7580055993815257
1.4292456134848925
0.8456719560916567
1.0834924098184961
1.2581207668877694
0.990147944732846
0.2183078163722547
2.1685700594219024
0.5638771356725676
0.6724785613916996
1.421428991997521
0.03880864486669105
2.154935545782191
0.25644136817920543
1.1940649968079848
0.7108295086913237
1.2571741372493819
0.8774863030024858
1.451710415544333
0.4006762386854923
0.6287692087355051
1.8040248316245189
1.1052544419597201
0.29045279893987436
1.7140345044088705
1.6170589627944838
0.4785133601805129
0.04203403261949251
2.3892521660884496
0.44325049720445164
1.1007971877674054
0.7651669785134874
1.514830084948381
0.6933188390922153
0.805372291167863
1.3506032278009732
0.6389407340621954
1.1345088525198035
1.3327500925337747
0.3756410795672116
1.4185469450007326
0.7314518939279364
1.3139575568880675
1.0333559265500605
1.0419118820985693
0.2853017208314083
2.1869211012992116
0.21394247256337431
0.24649056847186965
3.1371331290354707
0.9607868162018718
0.22845809926326466
0.721556641949842
1.7519206893811117
0.4264369070881918
1.5574826386692202
0.6871609197152883
0.7599017247201993
1.3109137755700897
1.880090448950471
0.35292676934733697
0.27329902709216397
1.0008897720586218
1.5337458928114893
1.2168812007305307
0.43608129552480396
1.3585044750770943
2.2931866777867436
0.09692775893640561
0.25876615712525236
0.6820898472476415
1.4582496036401056
1.9460813286325802
0.11516430407657059
0.9647871825802523
1.305183395922717
1.4374285503511028
0.6720970380869756
0.6273076233911523
1.162502265582743
1.3295183494510792
1.3550722210827923
0.45414655829820366
0.417376035422718
1.9649244159756725
0.7543002717761212
1.2121432403679695
1.078815356684062
0.19586695961072248
1.045623660159908
2.3249100291651925
0.3012796837750477
0.9451261481083645
2.5180550950824907
0.15748481748156667
0.19380023486030226
1.1144280355695477
1.443277423625286
0.9441660624300194
1.0612709427580356
1.154465594987008
0.9359997507954131
0.7695683133469288
1.1691605623527823
0.4376317769223779
1.8005631076377975
0.9399968591758787
0.4295560603040181
1.50747895657651
1.156668876434448
0.9237292754934896
0.8228926615442209
1.225169575090863
1.466183142545264
0.12006791664270085
0.502313937432688
1.546709565230755
1.4218167985961472
0.5126503841906002
1.1272405943618333
2.1833088258005664
0.12898615881049041
0.669129460268619
0.9660366364159956
1.8595938247673995
0.22318054040458013
1.2181382568048542
0.1812350217339307
2.146916005445923
1.0402986668821905
0.270864711959228
1.1893048341014905
1.2505871757717755
1.2263047239247533
0.5385599888626765
1.0547858410319682
0.6156246109730558
1.8435792713988373
1.2461001075215803
0.5575145626852384
0.17231065323216893
0.8740930230467541
1.8385352863990638
0.3935761149535915
1.4679439558369225
0.9859122238450774
0.903074460960792
1.5142531698665387
0.45690840227011204
0.3075551745836667
2.1784494634499687
0.965861318687567
0.9427271586337888
0.4357189578822857
1.1521685549476737
0.4855091137147851
2.1475458938183207
0.18014038567999957
0.7117221107024931
2.588059965928024
0.9738235735516976
0.03198878762974277
0.7311310335446759
1.1373043747103406
2.3607505414694896
0.5997071031034421
0.1915799383151567
1.5353052394658904
0.47855521539696894
1.0792391310638538
0.7591847749865855
1.6234530582399158
1.0255096887781245
0.8087025214026348
1.0872870223863522
0.5879910379361837
0.7906731810692039
1.208661947656222
0.996015911326426
0.7731973037752385
1.6453692761842476
0.8426029109911322
1.0695546205606763
0.8956026699152415
0.32391402292395705
1.0582589234666786
2.0390155425977268
0.9424871787511785
0.2960685658273369
1.1542726465433082
0.9623306989297611
0.9220441376686498
1.200985059414799
1.475227565504263
0.9390145341356989
0.5803762041772522
0.210013877502497
0.9090950909336323
1.8180559414313169
0.9830542821694792
0.6444550576693847
1.4244004582030014
1.1667115347344492
0.5376342935928533
1.020245951749583
1.182722060953974
1.0215188411520715
1.1522116239185158
0.8333958092169771
1.2578691421853896
0.4157598372661008
1.2328487198181692
1.0060574489244896
0.2816426168287023
2.3877782207370966
0.8653078178168715
0.13053154501301184
2.079709990335528
0.17191377275529804
1.5639097202045882
1.3653405259452724
0.052066909971826086
1.4953247648247097
1.0556055539910272
1.3242369111948071
0.6911739062225483
0.24099128070120554
1.8247305786227415
0.6457044080847185
1.7743478962080852
0.40364675259427907
0.46134791208728365
0.7762755552952293
1.5927602247378514
1.0873090146342488
1.326604520095915
0.819876533189447
0.06288326404225758
1.155889194500436
2.6427924844909803
0.3163638934127411
0.42552616996432757
1.6087381064730375
1.3247213313412565
0.36207485004902984
2.0584024920753774
0.22312576710581478
0.42760189694857137
2.6724972721995788
0.5515471092191073
0.7883945229001043
1.4808106937025467
1.0493917532293375
0.2034858145272446
0.6549641695341161
1.3959307179941034
2.2055727750182674
0.02606328095021307
1.0672290827122166
1.8829878187617426
0.6844055619829701
0.04532621592093028
1.432987484760872
2.012345128840303
1.1283542673522282
0.16021092430157816
0.30973868515400266
1.066630770340713
1.1775223934517227
1.7172472344532066
0.3488811077101215
1.3468697733539705
0.8422000592397526
0.8318873593341279
0.883805419552847
1.3050405491827424
1.147974361626632
0.7004718127205012
0.7467696985586233
0.9871428859300173
1.3355142671276525
1.2795908418070943
0.41528616669798585
1.432566509998725
1.2622849129038063
0.5445919948746181
1.4067171270465653
1.0797129297883676
0.5706812784783472
0.48428274612318367
0.8957928599567662
1.2720081346901866
1.530313116795243
0.6671557571303781
0.9292636421867729
0.6824703566740219
1.23087070590632
1.425044125087774
0.6702749428490629
1.3405339684139155
1.0659547679364372
0.38648518737949
0.6214413921852592
1.0713391816219733
0.4365535493641851
2.5261541751422523
0.08434827373575354
0.8199844127829754
1.57040096933956
1.3524834436097275
0.9589459579356391
0.13995674739282424
1.698679179060198
0.12577098869865544
0.5819849276419191
3.128986233824602
0.6530260265097844
0.20701327741823533
0.8188131032477017
0.8905889541627915
1.1581221769311614
1.7835308650113564
0.19408922556764305
1.381228723610131
0.8879140328841117
1.1370208669867592
1.3430027780325844
0.13769940693318253
1.1053799330929475
0.4470832300144471
1.3455372349315478
1.5744124855115493
0.4499880381412693
1.1381962261459933
1.8398241463093512
0.20992478999417633
1.2950328721066962
1.6276779553863938
0.5573669248863105
0.5278934140507675
0.7250861474505147
0.5856512828827977
0.8036419486988724
3.109322569697838
0.26342381298627177
0.052056678797235176
2.3011426614417494
1.1951898316449223
0.7092561974300828
0.4797572266440035
1.8614040594601666
1.0258539650969987
0.6174773668659954
0.9133330818189498
1.3025118664702129
0.30740249684484033
1.3693211460138004
1.2165983456869058
1.1574271683368536
0.6853483721674885
1.0826607809296984
1.0727834712493627
0.7670649070237392
1.6944083746234888
0.6379535557380908
0.5851945625903531
0.7516748726952405
1.279809143976188
0.9349853292889573
1.1621399050312542
0.8101296079265793
1.5492718336029996
0.8940008547920006
0.36227642366965473
1.3376477890704206
1.44979478746472
0.38546460952764533
0.8052671733280786
2.0894187528879256
0.6599906979301485
1.0030591330114162
1.1083663487916942
0.6287358619642496
0.5574313378841462
1.4116500574428867
0.20823603841064997
2.0452302744248074
0.6596722731040028
0.9143719259681362
1.18499226250568
1.3522979980378893
0.31646422994000895
0.8026139426381113
0.7933466035243816
1.6105059976687994
0.48302175250846896
1.8039735142231748
0.0534871493685561
0.7168754852512539
1.7664939813481642
1.8278323632503706
0.4388360579367703
0.29801933470110537
0.2993925374280022
1.2944033962974293
1.8136779199361441
0.9771612659313273
0.11391568334610663
2.1265535675755975
1.9004934997757383
0.10050921319118478
0.056299040964629635
0.7065685227246606
1.65211097441485
1.4950168040653151
0.7025179163556882
0.8312399344388322
1.0988859445285155
1.448583722217383
0.8825453790956163
0.20124140376497623
1.5928459737037162
0.9480387971324564
1.2356909361054285
0.15532816532782634
1.408034911188474
1.4354053053975486
0.9305878750513499
0.9172882792647677
0.34315728019025943
1.7700498458562144
1.02251583619869
0.5759497111958296
1.36185209176603
1.170110110260969
0.32975076878896753
1.519390327768097
1.3008053740334689
0.659546309204474
1.4496089799211969
0.836050549347292
0.16468318635710455
1.707943278599627
1.1958645223623776
0.4761036693554522
1.1643294304471985
2.4369274322305268
0.20078867896435806
0.4735279485789169
0.43588711773607364
1.738521297973036
1.402379753294745
0.2891018241513949
0.9925692226107207
1.7531533021823014
1.2007530455615425
0.787307703068498
0.2401035466474551
0.5916948482950746
1.8272410663100485
1.1470913619061722
1.1875916142894796
0.15812549220424277
1.8193432918893808
0.929168255432763
0.13746653465106745
1.0390561516457204
1.5069521970335333
1.1080715705498256
0.9794111259746766
0.9417606261425908
0.6744274346459561
1.2626417445049813
1.195107386353682
0.808528900354997
0.6875256728418582
1.7719270308469903
0.9579931951389907
0.6323849940491525
0.7442077356921843
0.9141716834921495
0.5109075868099362
2.3281040292860906
0.32649770703815506
1.0871135104740812
0.4853965838420487
1.0900761619966934
0.2614165997327453
1.866249119723659
1.144355270853698
1.062611902821291
0.397377010387454
1.0384332111321257
0.640629783614266
1.0520671166319082
1.4870893367403835
0.3625366413956597
1.7052690356966196
0.21670511949302224
1.2518551970224019
1.7245334134666634
0.8340042828561023
0.4265535504180807
1.1169621129849316
0.43655002185156383
1.7339804416206968
0.47729372855664903
1.2744368638195043
0.9006362973275649
1.348169939434053
0.1329515090760722
1.295350472048287
1.179681814315398
1.2298895923369395
0.613368423191272
0.893699185848614
0.9153007712589387
1.5565094022218058
0.9458879351885958
0.9352826873433662
1.3264871531681792
0.18806005759290095
0.5335379240919307
1.3877253950343968
0.9192682211695624
1.2248838768135857
0.7402615102661287
1.2790231387012998
1.236852172468475
0.9503871711080104
1.0254429120301443
0.49900518374154385
0.21930100527186694
1.4099951115992013
1.2297006742774204
1.870867616391417
0.20063899920317735
0.2363260031007738
1.8095965185946943
1.281801241458202
1.1155982375422995
0.6904357402261322
0.3722648481705658
2.0608604788765845
0.7234953211098468
0.5472229138063422
2.3759895400183018
0.14012073759122606
0.7758619890730176
1.8994273979435652
0.3958718446819086
1.3764315266419302
1.221507685267217
0.3399185159371574
1.2416456768534012
0.5726169165118561
1.291764782878074
1.8641068395738098
0.18322779565332126
1.204466420134027
1.3876515527452897
0.8437796594540896
0.1636508580116007
1.6552440967030666
2.3444735624370936
0.12889968455504797
0.47130632704620784
0.04093405154015082
3.035766638955161
0.3625881989878833
0.7846020738498521
0.6507056145296362
1.185293684732225
0.9962694271045034
1.5374275942880706
0.6052412614230335
0.5517677465259925
1.323318604232942
1.4103706955372242
0.9782464367360616
0.4443402463124104
1.412397238843493
0.7871192682161822
1.3165946880262678
1.1241041717491356
0.21434391122604957
1.1685251674957504
1.072741725246337
1.6548610574417835
0.16702322719473853
1.5724771422267438
0.8416810401650979
0.6478255126577935
0.7630476854369374
1.9195626179588463
0.9202258975385198
0.3583167275528616
1.3701396087059807
1.622498913175052
0.8669636426135622
0.37515862277996886
1.0668241781355545
0.47139767227003
2.110591164334057
0.15324434699446152
1.14027205428
1.9110207814919717
0.17189435494007865
1.4938149226073254
0.7847609481322938
0.5967015499520599
1.4896875093885664
0.9127262863475603
1.0687233883505078
0.9878713405240344
0.6326366435472784
1.5044258399593557
0.4979900843084556
0.9893350899989658
1.1199851607651128
1.9030096235304037
0.1626306302601514
0.795569789609569
1.7800031865633343
0.49018288736091453
1.214214822497637
1.338177285991467
0.7654394727770636
0.3481895797792715
1.5743656776005306
1.2650457735778302
1.0164065411583914
1.0311942773860105
0.8006899550825113
0.2858291264208043
0.7672578670449502
1.5643499500918499
1.4350396046365779
0.9543928234242046
0.4429905438076428
1.1068190300356555
0.7946681639703586
1.4536815948245962
0.7226251296840153
0.9775993780052643
1.417438427725998
0.5837018576984598
0.9428926853897724
0.8885099209254548
1.7418618323521837
0.9461082372377811
0.3047275971122894
0.8939809241255763
1.7573557990782502
0.7514211055065201
1.3976864661790345
0.4521123243854729
0.5684678084881235
1.6265304889819685
1.3220076511791832
0.672558961260133
0.3107920604338784
3.0241854880747936
0.2129338695568362
0.33793218515784607
1.3533989860348412
1.2164507787997214
0.978790649173261
0.8380359000877414
1.7440816979862335
0.3195784190577307
0.7670102149390521
2.0260194213761853
0.8562264029259756
0.39132748199008427
1.5304736009071762
1.28770941388973
0.6685122320566578
0.8090975569525245
0.622239311447767
1.364826474631088
1.5842111915467898
0.4235246331196142
1.3298890040251174
0.2839453823435697
1.3813531412571298
1.0073061662857772
1.6315246404419177
0.11866535229824386
0.6682735676753261
2.0338569588844155
0.5912701411899696
0.9911721129445814
1.2442559654599519
0.7677086458793658
1.4579835840250919
0.3468048816055725
0.9438782206099514
2.070770410538755
0.7576763955729755
0.27887564589133607
1.8570752916748015
0.4774080627995723
1.2811998443941126
0.9368497448508623
0.9039741595456725
1.5475578299310941
0.2735348885949965
0.7305224630065869
1.8002601292605247
1.0362419606150202
0.713776592319292
0.8670263021263972
0.9030241271674182
2.0832118642167594
0.24759747811568447
0.9285225827378217
1.2535366510760064
0.44036759258584307
1.6701857162106226
0.8226539284270855
0.4748209487434906
2.347094084746434
0.8435553220531218
0.09851841410647116
1.3664715222382566
1.6235200214850465
0.683358129394471
1.2804520094020646
0.8902713582427313
0.560719567241785
0.8577637549193414
1.3924818319317367
1.0832575430234497
0.9607671324894796
1.2680096262978144
0.815721788771774
0.6239626940824647
0.5850372689942769
1.1920637491914403
1.3707837072922526
1.2176797576235014
0.7202374507881238
0.6595269279447936
1.3714561937044885
0.9657638029097341
1.3489190093079924
0.28501880933096874
1.1795029616403245
0.7876233222949188
1.9843294991368665
0.11877559120164767
0.7537707869956369
1.8681194453450733
0.45470585235858724
1.0051416923835401
1.3451264817484818
1.2669685631406429
0.42636076200808076
1.5013048742795267
0.6200162844573518
0.8813666967333201
0.7066662451415094
1.6095925627638716
1.390563365297768
0.15523466020915275
1.4461114395778638
0.771523744518243
1.2220881840835374
1.2277529494076718
0.4000941278702862
0.9046826230502869
0.9262612985098733
1.6247021237590455
1.0751274398885426
0.8217736254535006
0.6956562588655332
0.6183968694927863
1.7787432413421191
0.4716482646303107
1.377378530526363
1.0644506265031637
0.2414630474863439
2.027310391800122
0.7851145498953345
0.2456019964543409
2.2201739072237197
0.8470404869112075
1.0179003299288862
0.515566823357886
0.4216022859400184
2.4096739053686096
0.9179013430204477
0.10439038727732518
2.135172188770183
1.2951179657981946
0.37790707764093734
0.5118871821115115
1.4543346055893527
1.7603163630552032
0.3127157199020555
1.2021894790432053
0.3168210723230287
1.9988663333055205
0.40681309401345545
0.6854294962655512
1.8430261550348446
0.6252990294602829
1.162976433082097
0.9356500790208429
0.8816232608619948
1.1266859650542895
0.685968392794579
1.2446641227425697
0.8639001362594954
0.7838901873804529
1.6953108638227108
0.3074305437190974
1.8410883527191007
0.1634335040272363
0.6553296274740888
0.6125427958542173
2.5306973260930885
0.47285323558860737
0.7336040904712946
0.49067573880901555
1.0334490806329406
2.397913200808576
0.3158060608075677
0.20892691433465374
3.013794175820467
0.796488794433268
0.11888164354604039
2.028879726271208
1.2552558204749171
0.49163691201955906
0.8961478346192971
1.398438249265129
0.9712932358020484
0.8513213518488759
0.9708220151037239
0.7586130368613999
1.8367139811994593
0.7307425196632377
0.338765272762712
1.64388510857246
0.5223110825091005
1.761967758011014
0.5325380439192112
0.6618756087699333
1.527333684055048
1.0264058887031735
0.8469466298653618
0.8313228517207738
1.2720835445345253
0.9026789591519028
0.7446560287636057
0.7361120483242515
1.7986260998139347
1.1792454704991058
0.7938434038328441
0.1957587820002434
0.815235295311902
2.0273422673135477
0.5778105654303421
1.2088016190639796
1.0454397550831582
0.8294490979599897
0.48466256482241976
1.9244229630618301
0.542001821848372
0.9154448385711583
1.502810720703087
0.7752716634285923
0.7091097435524908
0.5480474576718968
1.886692900199934
0.8362459817556132
1.106564934704302
0.7497112800922454
0.8861748989663026
1.2648070318660825
0.1895482031733094
1.7033894876044438
1.6460000872980718
0.10182735436745667
1.46172886014738
1.0485203929105011
0.8877959494471414
0.9282981600402267
1.1886310313655886
0.7978796502055414
1.152104955165422
0.6526887094703195
1.4385911748791045
1.0787462804743984
0.7809552605355325
0.7707567973093331
0.9488577928845011
1.5598168651859057
0.2205238085240961
1.5056273463966587
0.9785532087410186
1.2332412092610034
0.7138375763989138
0.5051708110225918
1.594590477620048
0.5474602127859819
1.4829109240609193
0.848124903158658
1.0596596061170127
0.254019767162357
1.4985684532575183
1.0008251743764631
0.9755225073113224
1.2037646604507317
0.5520456972693251
1.3489993725383267
0.7859713629880358
1.2328985521208908
1.4116055394820375
0.3777162398854272
0.5817418288201436
2.2966242373797376
0.7157558097282642
0.31879266024890024
1.6467230844195284
1.2538291476729966
0.6503349255327364
1.274438369498959
1.3999026801945909
0.36071644817166876
0.5812017316150795
1.939493075264997
0.7233435801019372
1.229891673062582
1.006347751237898
0.45457144133362165
1.6505512645581166
0.6858158899427289
0.7141625986066283
0.8573517153908463
1.3440106105637202
0.9846787138313082
1.1655529047577775
1.1268252423088392
0.714587281320483
1.076471174751243
0.5379260290175886
1.0711907959841145
1.4731080826690994
0.3277490289832448
1.9004197048756353
0.4915139595477247
0.727728479648805
1.8691627291658133
0.41220313180633517
0.9758725248005355
0.7209131309329597
1.985803277884933
0.25086439835537694
0.8724567946606212
1.227544960414171
1.7271452592454852
0.656714726825929
0.17943242597497946
1.371253665599965
1.3055634897681605
1.1009347163551702
1.0254496856027826
0.5415852356367571
1.3152924453712644
0.8545659959142603
1.6373741890516278
0.28010575166847024
0.5032419826006339
1.4569415066800866
0.40654899054442734
2.4055038368189985
0.29324270693282023
0.44636477367377714
2.14385733525794
0.7425323406002527
0.6154048566089022
1.6796095088803003
0.9145383440405123
0.7440968040262432
1.0037362459751236
0.7434974227078649
1.6868426988981757
0.9737684862485382
0.5266976401962175
0.7496733074074351
1.2293507735557012
1.3543800787787446
0.9400302111013018
1.101270014686747
0.6520225341972097
0.9507710205326649
0.7233078131208003
1.8153382718887068
0.1279224720672239
1.1497989600231955
1.5037836476570157
0.8598980889919573
0.9764726488394279
0.7160004905082705
1.3046573316299919
0.6767969191314754
1.6408651895949504
1.0091473667191464
0.08353810784483508
1.3195088043639063
1.2114364135350852
1.2376460859324834
0.7478290679483558
0.9918817812165446
1.4870070183152415
0.5448249789822773
1.0831173039176674
0.46995508724469265
1.3912094455897663
1.1473822827576245
0.6095026911265632
1.1707223861547025
1.276186859273821
0.9363120063174782
0.7499017877035205
1.170210105577293
1.2923973601652567
0.7195654494934395
0.6819529523594717
1.470799330516885
0.4670088733941634
1.7562484369728786
0.44172323653662415
1.0236745283201256
1.8188653664847148
0.2220136271915461
0.6923562341422285
1.892590502892269
0.43733788275795116
1.7596376894551744
0.9778398431512133
0.21919461335784501
0.9050051116765093
1.1439973912966597
0.9922226574147156
1.369722581771348
1.147181633646999
0.42996049780628526
0.8382772191571896
1.9202397724244464
0.6478220611736077
1.068229151298757
0.8683207849018629
0.7438364243782236
1.2214460904640292
1.0066153301720444
0.8318031423547123
0.964842633107104
1.4774571203743718
0.9440646318213052
0.5566616676676681
1.2252033886894136
1.265947567752459
0.6939575483458048
1.68469887084124
0.27333957916189555
0.8999647233183238
1.0449967239091984
0.9145385575129739
0.8921054325024971
1.1592924861171237
0.8755365160940336
1.5331496384080763
1.072168333412866
0.31960986281397363
1.0447145834253473
1.923966535943338
0.23345348443386302
1.3989863565558913
0.5407372869554952
1.1684510995144304
0.6222453214653978
1.1084680954736184
1.2012294209874366
1.2840719493966357
0.9193565212120168
0.3389490311343997
1.4023063935314994
1.6417073300524285
0.6488529141045193
0.7688905177484249
0.772872690190438
1.1317299766329205
0.8190016122214538
1.711336480659737
0.6322325613147733
0.4996320310763891
1.5715775471515345
1.6796882739829386
0.42778801012006307
0.7097546903815556
1.692857444630033
0.6822572780929315
0.9058109540595183
0.7928846881384142
1.1373785101423362
0.8678230023709507
1.7667656565241714
0.3676800074239474
0.8981411750646269
1.5307614585911318
0.8397386083046975
0.9914380329984853
0.5653451522340742
1.2754106521415567
1.2118379649550306
0.7115678868068719
0.43218183220305895
2.358398897189379
0.49031469161930585
0.7456116481646501
0.8925001365522682
2.1151375545430384
0.12813437721120105
0.7601592093549713
1.9282082404287442
1.103613549350712
0.6090472262690296
0.28064234084220435
1.299186941165327
1.8969341030769697
0.8879926459200275
0.4611158957890798
1.1004445377588596
1.4509717835299114
0.6158192351266101
0.9284875178800444
1.497856977012853
0.6561263462404417
1.164295807917118
0.740274844656431
1.277072280818333
0.7840659242084106
0.8245778370150162
1.0781669933377929
1.1187169772587549
1.0053298790761747
1.4301385907724982
0.7247790198160614
0.34799187271169124
1.9477170061789828
1.063545247858462
0.4181549519790843
1.0947830322894017
1.395973771302191
0.9284995363989624
0.8423912065013431
1.3094887955801882
0.6643711185197412
1.2379914338142366
1.168906268207131
0.6459097592202482
0.8531482418261539
1.6111866491972842
0.8355295182252073
0.6856678524567873
0.45922605809711614
2.126446514450045
0.3057770545807288
1.1046440147382457
1.5331552596483042
0.8970035046950455
0.5295984560231585
1.3684382108859512
1.8749222814498314
0.22009823874107085
0.36350596390431206
0.941886829389015
1.3310117897681029
1.587546338631883
0.9606011753832161
0.5271789597365922
0.411553045313152
2.0221011453526567
0.9321287089009025
0.7257477210220358
1.3374305437868041
1.243070342239265
0.33145690488525115
0.7130176960751634
1.4425707595700488
1.0110007409161321
0.6589759619349466
1.375245732647552
1.3475829062146634
0.721085285392125
0.5037487067197248
2.1744524041622104
0.9114044322151745
0.24369842920283913
0.8312871650971401
1.508639445235021
1.3039212446160637
0.9535897123030305
0.5177544654047906
1.3917255790275977
0.39584864285391586
2.016681370517944
0.22054230436902947
0.7410437098032601
2.027885642278435
0.10840680373379599
1.414245070568952
0.8516937244949669
0.7627007588467347
1.5107373691069552
0.9855862412200681
0.8840625216846055
0.5543979873896384
1.9481478818466365
0.8146502282431592
0.519869320483474
0.7586741420255448
0.9238157523992916
2.0117736437251557
0.4018020039442068
0.9244019236242443
2.0829802068640135
0.3032859403205522
0.5409220493541292
2.2479717508492807
1.0691711599484897
0.15224951529752503
1.8635715198576706
0.22169562837656367
0.8209004856276347
1.3528970784911225
1.487491710196899
0.577924608638325
0.5872095490281987
2.198775352409002
1.206760128876457
0.07087116512540682
0.6685653055179175
2.5934811551215518
0.7931220254664474
0.43584745033646877
1.644527551246192
0.3163761341195349
1.4932074139098088
0.7816552389094998
1.0058036504300545
1.7812517796084548
0.0017719375850757122
0.8966905112412192
0.598294342280682
0.9533995941530546
1.1433375550380067
1.4059383653568798
1.2471127939287125
0.6419603180519142
0.7335244029298242
0.28907893874378326
2.1076103905680155
1.3906899704510476
0.3060828746581567
1.040578095849898
0.7385376684888422
1.831702838541184
0.5889117562818637
0.5864099567557188
1.7257940432639918
1.362327939345151
0.11215575042574087
1.3365315880277133
1.1776396097686548
0.1733746437448539
2.3896543255100426
1.03650864904566
0.25594919543330763
1.1409933813054665
1.079872103791649
0.8836887073449349
1.7489327451251804
0.8084049075141453
0.2985894932249595
1.0275672380394432
2.5674809986119205
0.34534273240221663
0.22531227379383603
3.1559599438904695
1.030105816787326
0.009332404365924083
0.036386764068415366
0.8721002821986055
3.4425490720996725
0.32664014605057384
0.20220727309434752
1.550584736288362
1.7398042050211153
0.14896054480095217
1.5427190425280377
1.5420356511476365
0.4756769159121646
0.3107822073661379
2.46058715903852
0.9093320745984684
0.36899282771437786
1.8010056932206269
0.8732378538409609
0.6698029045851953
0.1930276708766577
1.9517400210362736
2.3756399460306334
0.00576860422134176
0.14321163630208134
1.654453972259801
2.393651351604753
0.08109029922933562
0.8690013419191596
1.8575133216900057
0.5711263094826616
0.8854113274691904
0.9503585993475436
1.3696824202584186
1.4750275175976846
0.7175148635073616
0.16985730494711543
0.48581767278459004
0.890261265649375
3.1611855664822555
0.2658561248059716
0.09034014567986424
1.0565941219246717
3.0440538864183173
0.37948465409249255
0.2022231945198564
1.674420971799738
0.36913555399801157
1.8049572146427
0.6346508118784736
1.0348262301050017
1.0875551634772624
0.7123148513546602
1.101803566149468
1.053042611358035
0.6010197767656982
1.8205533979708473
0.7808388461298948
0.6087411092913599
0.07804031890717285
2.768922897348303
0.06205796889241444
1.544591235494165
0.25062740857552185
0.18840552190175386
2.282682830546913
1.7817873908786335
0.54176189964996
0.01287218618684617
0.9634972095965417
1.61142389037538
0.7238756459044822
1.6083304557522005
0.7078638260159402
0.47443923295005686
1.1936545217158028
1.982575398093247
0.06930665849730493
1.4867758984790074
0.21701466990249701
1.003041602398499
1.6696543723984067
1.3577323367147063
0.33358281104153376
0.6921947754633955
2.0169490196693354
0.972019854064642
0.23902843782290234
1.9376642653951546
0.6227462705761886
0.36239793425674316
2.6298902451044985
1.0381312121736832
0.04708501703786364
1.104921709274742
0.19511987470718764
2.6048687393137726
0.49262775780726054
0.8255525604341941
0.29572239637267617
0.5432486050274486
2.8253090549751154
0.5620873199867831
0.7601701800231926
0.37441358781018086
0.3175102652154956
3.7928540032886797
0.2435774943319787
0.14332786890704044
0.6484461936181065
0.1374609328103784
3.8328179661411608
0.061232407256772134
0.37036963448798554
0.20125013276011
0.1961622875094056
3.0697847313568425
1.5211998052163571
0.07974604076416163
0.03962240043235274
0.27611746851218616
3.6660169663266533
0.8959776030558338
0.10262073749624788
0.0926680610096892
0.6015683079940051
3.622974431843594
0.5514046788716207
0.07531138514526597
0.20842977447015518
2.944974952841215
1.3769328367164366
0.3057875360093722
0.09501016494444732
0.9318765467962755
2.7372336023905026
0.9056360076125513
0.18967957757868942
0.43024772309697557
1.7330752282800579
1.902280899559598
0.5751618964017884
0.25335964942037886
1.0212718211977188
1.9198669786402411
1.1775341598881444
0.39624538039874174
0.5483048648694522
1.784114018875457
1.2528868153257111
0.8196954713968183
0.3719954856015036
0.9361045749272294
2.3748434686532565
0.5010064980937997
0.5261195836372974
1.7736018989460627
0.7293030886314099
1.0469958188655533
0.5437956029806773
1.0231770720946942
2.316248086315833
0.2807711848571265
0.5336105599264229
0.7742895405688341
1.5639871607786162
1.3414129990723649
0.5485161950471159
0.9329296542199823
1.9756024515635895
0.5397216954307109
0.4778982599606036
0.8537302406166923
1.530387827360823
1.2004174221466553
0.6166993419261579
0.8818027419119061
2.013194267561168
0.39556199999068514
0.7001103138423698
1.4663471356999564
1.1442090164729424
1.0420303709307466
0.7168441099218923
0.31264956386440357
2.2631685759061693
0.48390733929050667
0.6632861233278621
1.242412262540038
1.963157607456872
0.4506271839272382
0.4047482866931254
2.12014719437396
0.516010635067292
0.7213866533094998
1.2153859259435837
1.960493423226802
0.3101365115655796
0.4984084074188615
1.5371231275480877
1.4339640056570917
0.920397383714794
0.4044762784107089
1.941119326575554
0.19312207503626644
0.708826093041121
1.4360669582443228
1.5722899411245217
0.8957999018383279
0.09663061062505572
1.7047980593642222
0.8287286160222078
1.0086457904813222
1.6496146146061588
0.7485809631910024
0.1575505867108794
1.6799699322619543
1.1298552740999435
0.9667174495428021
0.7890464304625755
1.3214062789700944
0.4045425920069782
1.318129518983325
1.3379124151182422
0.9461716575126986
0.42170798147891125
1.498275949686756
0.53462510098367
1.1159397740663137
1.9557477001829748
0.0595512925926828
1.3161120203237082
0.9397524980513894
1.0146396000383378
1.092134713273517
1.1645301158835013
0.20030379345446728
1.3169008480603583
1.862237042292007
0.47047065978850744
1.128326700918763
0.44567254450210136
1.1729177013017578
1.9410802721036358
0.13021079298293525
1.0698744843710128
1.7013582988018476
0.9275326770284411
0.9341341136337018
0.14553182380734592
1.3547390473731666
1.8577170165650452
0.4316734034520248
0.7910019111705386
1.475492189812779
1.5925208471299812
0.13516922768030173
1.0529538534953347
1.7014825768110178
0.752950326112097
0.6704091322500288
1.2667030410825344
1.5785723693738738
0.4046006721086623
0.774141772872624
1.2054375591398667
1.3348102850372012
0.8499033083905755
1.2534965712393058
0.6992122311083204
0.6396917285799582
1.0868809592672413
1.543401373126629
0.6659639950213878
0.9669365583305752
1.1642452445036664
0.7839581399210435
1.5112755769858777
0.5758760022704303
0.8969686578653083
1.1623077105403532
0.6041504301780388
1.662574885788957
0.7235612488583902
0.9924716336142513
0.5421259157365059
1.5331835869661932
0.48178556435567843
1.3212221754693776
1.4031496856553107
0.3443817048448582
1.057582228612196
