0.6850010933457734
0.7266290160750501
1.401130217444653
0.8505139749054003
0.992658822538084
1.190975999780904
0.5637592939968338
1.0247838885709197
1.2290195849293453
1.285395953079559
0.790687537295214
0.7895031893143688
0.5148000184856537
1.383765406849989
1.4955461403133765
0.8639565333779564
0.7441827605929775
0.8068294461674734
1.3252041870613658
0.32637212228265366
1.6691650847678896
1.2029866927099646
0.6534116696979924
0.88313804332261
1.282867477281777
0.4750803146032758
1.8361070830728654
0.06755400440775915
1.3958211688198874
0.8044348485844433
0.9596172664588091
1.2322654715568173
0.5335803143881295
1.759493402932255
0.10994622597849955
1.741002967136071
0.9109412491346047
0.32431725377446985
1.0840194977791657
1.331065512204142
0.628398004807666
1.6877360121919964
0.15155132210568256
1.8808850556522418
0.7097167915710861
0.3015704975488001
1.2536815239217403
1.9810605304722526
0.7108667307973391
0.03525980735559264
2.0335939506518015
0.22172339858392032
2.010686280441185
0.552059578531724
0.28104327474248375
1.4218728414160158
1.8347648813674389
0.7347195998371515
0.041700022824771546
2.5016033003560776
0.2916828776972168
1.0180673294216096
1.8583069582269105
0.48980694846229894
0.3269741108825922
1.5670514929596813
1.6974286239090655
0.7323064878597177
0.11061003353385754
2.416865452903572
0.3410076993408667
0.9992103777499182
1.8428190754952365
0.49686459907744956
0.378770397994682
2.055709571111292
0.6476724627924202
1.0523274574979682
0.9697130720388266
0.18658378054051286
2.3357345264079834
0.4031085782080439
0.9846474602794961
1.624738602906448
0.64509031497198
0.38567315302695154
2.00137546908836
0.6621520276117773
0.992702291209432
0.9906656803164412
0.24418342893835898
2.8887045896141132
0.2522270875992332
0.29806311545018044
1.6322930404460059
1.2160687430099177
0.9844630480475964
0.4311158369430296
1.751620714881485
0.7754356418204894
0.9265043463140457
1.0136539436658416
0.2572316877062683
2.774358738923017
0.3789404227605705
0.30041486685591656
1.6174311524266305
0.42310925084139916
1.6091281364090875
0.6690034246674152
1.4504196740770823
0.10389414255184684
1.161248028772693
1.1893162429700683
1.0411146707606624
0.21592311182991644
2.697168314320836
0.6102210639883102
0.222042614762214
0.974092627165969
0.6835680549994267
1.9269003251091934
0.7708898005737035
0.9463363301949488
0.6196137030253078
1.1823825678979505
0.9047637107880411
1.166805429693474
0.147876570462047
2.903271961337372
0.3187406359032718
0.13145347951601258
1.071321362522628
0.5088175822829459
1.263137044096569
1.7578593156707423
0.8512981768576786
0.5150959533520192
1.4175373471027175
1.1872519863385151
0.4559411310599168
1.3962269094184017
0.5572451926367747
1.3507652568613706
1.46126564181163
0.6797623761073535
0.7189678771701478
0.3064035204696314
1.6388194520528703
0.9454820049033577
1.0104057899155154
1.1407071885466704
1.5442171288458915
0.27889724077842143
0.7672271267767932
0.7614053575635562
1.0116132565104359
1.4551450024076684
0.37211765143201775
1.7304901173338794
1.548184615269631
0.24981814273795203
0.6090942543239631
1.4140026309298455
0.5548608266827584
1.4935460086605399
1.6011261092440603
0.1435431913503471
1.7222384666661124
0.9253140657031844
0.2080799952595502
1.0210283909545517
1.6984116102562654
0.8788064633280658
0.44902028303341474
1.8649330137165459
1.191195404081858
0.8651258147147912
0.4197653553212815
0.3293555838975974
2.3475277080741583
0.19865559441637645
0.7670863033487165
2.2126625826837407
0.6617166755293028
1.0674366726000284
0.3764838290681048
1.4470630206402453
1.1897271777454876
0.45303455596364167
0.4515218138112236
2.814133668479243
0.22265855633814338
0.5772274237050606
2.775023013762644
0.5223208616287235
0.4907776914556453
1.311928940917155
0.9766480358759256
0.314041909393546
1.47579517383973
0.3979807699836405
1.5028521138894413
1.6165997985641927
0.8396789048342955
0.10491263815965295
2.022697743150284
0.26411586562370837
1.1006690387371147
0.8757649207609951
0.42608341059224203
2.4102646947119277
0.10105205370655251
1.108951269621749
1.7384472506469366
0.3865779810798042
1.3333764542843645
1.344285456098392
0.222867014111875
1.1903838988044657
1.0200683805870945
0.8820562065376643
1.0760127725029311
1.0505611960259145
1.6269935146832897
0.540498382538662
0.44009837706939386
1.843875374236127
0.9695594818663201
1.1169896398617083
0.3396021932562969
0.9876372746970246
1.109592408742291
0.38151717175964606
2.3585810500045206
0.6791176119900314
0.33825248805919517
2.0797433559635605
0.7914687838208802
0.435544490220204
1.6606708492808795
1.2530390905774433
0.5405152768155829
1.4233698607138332
0.9465555958289487
0.34498392002924655
0.7896564590753051
1.2891329649068763
2.250730897603156
0.4630008489414916
0.049487943122278555
1.7670788940540219
2.004667622038985
0.3633716380149561
0.4500721496890484
1.4293974288282887
1.2552812695044429
0.8928434776774701
1.1594644584805138
0.881276463322279
0.8004352189803788
1.2583791525466548
1.0217153031751567
0.9006757045490288
1.150159534462932
0.8974133549532219
1.0780226221871898
0.5892597541078035
1.0324008849052204
0.3615743786037781
1.9700800497579953
1.3969191410454873
0.39271961609580824
0.684927126936602
1.8795210836205816
0.43190338454784305
1.363323651747386
0.6049797211533234
1.1118467692962142
0.8765381812336795
0.9051837260100427
1.2697396096721827
0.960011377603939
0.7837697929407654
1.19796568765509
0.9728533655738834
1.2521152682280816
1.1148197950044743
0.07600618144374771
2.033783675336728
1.438972360915775
0.29180119597283694
0.14093136451181276
1.8257925939074382
1.1965638048841665
1.1148757550597734
0.97001030239693
0.6211534135770471
0.7345809529518991
2.052224368609282
0.4326902048287963
1.0364257214741643
0.8437024987337483
0.3441002668517188
3.021616806457993
0.34713121405345676
0.1606266278757138
1.1157327681424725
1.078151193299085
1.6225626589192288
0.6838967271428784
0.9436397109727028
0.880724915460938
1.1446756702672594
1.7586597749371922
0.45150225702609054
0.11767227111984686
1.1973867878226954
1.7302141465269008
0.6067929826309885
1.7975159675315457
0.0384530409057091
0.9557080634451396
0.8573974538881619
1.101357973819556
0.7972005727856489
1.3858870235004528
0.8768675745507967
0.9218225127974524
1.3535073426258366
1.3942815896248866
0.20781202983228153
0.15090868109481712
2.602777207259813
1.2970655480116031
0.2994303276213169
1.1518235882385914
0.744122779388992
1.578257157742849
1.2976527161288647
0.3058254820742516
0.9342256669439261
0.8973379855571589
0.6798449733288456
2.1046119180562295
1.050849830162615
0.2547649490695583
1.013959887415499
1.901614642212875
0.11653708393613878
1.3055133259084337
1.6976595408399544
0.5345978175758119
0.8510727927659525
1.1187044746773693
1.6866748345128557
0.6460147220332622
0.2051552574152965
1.385927994591392
2.4234417676559206
0.3850600061158208
0.3571271156785416
1.292980761961241
1.9575292796741623
0.6597318207905097
0.14097837449950076
2.381747171131456
0.9144264971836888
0.41480074405073347
1.8054500378944125
0.716056645031576
0.7015204767333167
0.4214371838934925
1.897338283455984
0.5118060461110154
1.392998870544134
1.0945048013450134
0.46187955673924536
1.1985370166227811
0.8469786982752958
1.7168602654129137
0.6378862224317622
0.7883405328848822
0.4082907424387357
1.1243895924007392
1.0024535061766735
1.3398897724562566
1.3557880735352235
0.21628522519964624
1.9115881965131487
0.8345708589656327
0.08161278312869376
1.4364753974500493
1.3220163170028691
1.409756895365606
0.45611486810036045
0.3503899463189121
2.094547459763621
0.7837707329916208
0.9538739796414563
1.1775938239400452
0.8489439538911326
0.8992428324415751
0.5428559924594494
1.563348843978219
0.9798957778028518
1.1647995197688454
0.910616583235465
1.0973301651449083
0.19012633032752627
1.083753724749959
1.1632710780994173
1.09075119818887
0.7003369101736024
1.2294795194568522
0.8597844516272494
1.5299143514834401
0.997242639042023
0.38219552430946674
0.8141838185031944
1.6478990509595919
1.0233931240253622
0.9019723984457128
0.48704473981972135
1.7330781392136576
0.8265118066495222
0.8824586368904752
0.4645945053364394
1.9583992330530917
0.8391383818834355
0.11817053391140796
2.7641454886706036
0.45733093616100545
0.43312006558136806
2.0519261281990895
0.5573413357598611
1.2020241546602441
0.39367289380053466
1.0934869968249992
0.48932134745090733
1.7397105020354755
0.9019562366813935
0.6045716042650151
2.1924359640528492
0.13801008354359684
0.8935060245173512
1.282233056566782
0.9338563392583544
0.16514283388618445
1.7570421925584456
1.3856882283628729
0.7833472204100335
0.888450680969302
0.8251611604767025
1.2536299963313013
0.6181703343916819
2.228039952987506
0.1924682748676006
0.045198713958277736
2.8349172884799585
0.401376897777648
0.7101331395919781
2.1631194669670437
1.041644195665346
0.17441791356421277
1.2557476268892656
1.5459214719557022
0.5835470092479824
0.7957845360325341
0.7932719324715276
2.068791380579165
0.6350373372468273
0.6397455566258342
0.3315836646049234
2.6618549735710393
0.3054687662716027
0.5041863780380647
2.623905094459507
0.24510506419295797
1.0886354144787522
0.45676849043925755
1.143140285944331
0.3009868545992828
1.9064992899761775
1.2303820161794514
0.5759277827751522
0.4687748103289341
1.5363055261248946
0.8182472757453357
1.2368255642869757
1.0857318344221056
0.7694951789470474
0.7353608298789673
1.8388148364757773
0.16654171200033588
0.9852512277700683
0.763419412508453
2.07562072391329
0.9075191854309606
0.3497698465370934
0.40210291522964586
2.243064166846861
0.477715439815955
0.9831448788906532
1.5570336531739457
0.6648739175525538
1.1675718435314044
0.1511686412333996
1.586450443944886
1.6311492924073956
0.49262081985948153
0.920666918907204
1.7731830011427634
0.09072410888952526
0.7976459101561195
1.4623619337441027
1.0536449023980154
0.8767322830713074
1.5170192741440864
0.7971734338514943
0.8032527720467112
0.5926735696669125
1.3802994841138312
1.1443654157597662
0.8429225381530554
1.1740915675916734
0.6086505285951582
0.9167391432388585
1.095500301825675
1.4042824117997839
0.4930304136995568
1.8100446542170228
1.107219221388221
0.2066608610136113
0.21752976719525677
0.4723913746973392
1.30659784014913
1.78188104468052
0.8023904634553578
1.0929189253907252
0.7639747500631444
0.32171541195325243
1.0864603071099876
0.9393422215868907
2.204588413854327
0.22266451796381023
0.7530316235916024
0.6565834644377476
1.6697013246835781
0.2928348973867402
1.002880134971348
1.361315902076407
1.193354988579422
0.9434653960052597
1.0817225959553771
0.7224472214123557
0.8906209760608632
1.9483724787534835
0.13839769468643795
0.42149444257930424
2.33682345704509
0.7054468262984722
1.0977546249117116
0.3845987817145165
0.7572477698978404
0.8629529329342451
1.7896442456873594
1.5623535389969045
0.09345455677668987
0.8377264286694199
1.9370437494678594
0.4336734718384565
1.1175092757426193
1.660192808675099
0.49416340920769003
0.6106734791361695
1.880600697611023
0.7397197417214421
0.5991150921921014
1.344914195938784
1.4091725908647816
1.1714156220211542
0.4339837211173531
0.9029036072456812
1.0681168085247779
0.733072693675247
0.5935349664037771
1.4626572630436951
0.9123685097875899
1.560011431899541
0.3634969009509362
0.7642120018968125
1.429311971659743
1.340332517420397
0.808775888664166
0.6479151428770525
1.5782025891156486
0.18096874730812046
1.8145189170142895
0.41517500853914313
0.7422019405151133
0.7622820596538338
1.4772827971012077
1.7581445469513084
0.29231028639770396
0.7244850732795464
1.4856343520798185
0.8696141948080862
1.3421007061157828
1.1860921672211953
0.38435893154745304
0.3602065434153266
2.7638231179995327
0.17159596308241817
0.7074591416694601
0.9686918219968511
1.1166350355010954
1.6340272217829552
0.8822351693425345
0.5545740807868282
0.6754578354803923
1.9396908485415805
0.6531519018118497
0.6528670136761431
0.9320831058295415
1.9850748284373543
0.18818365092103473
1.2653857288798402
0.26196106279304254
1.7338272226800369
0.5703599562665533
1.2631070789578023
0.6568555935155076
0.7528773615061882
2.1664207248936065
0.31841220579836843
0.6919626724677701
2.078531613418087
1.018950253779595
0.15454596136903992
1.3444562410778864
0.7359704307678372
1.3136903077910864
1.105952445780813
0.6391337602135658
1.2167970005563673
1.243286268574853
0.6665967525914356
1.8641158787472962
0.19602049102815725
0.5161487751472572
1.6061456737590634
0.272418351952476
1.6797459234011847
1.6539868128173336
0.48506095281684114
0.8005002787497849
0.5740669615991851
1.156594627282508
1.7907865328907906
0.49481609866464643
0.940275678772475
0.9184242819801313
0.8248483339473258
1.3073879633953873
1.8203679238670765
0.34275881523092433
0.5743869844374051
0.3250599748564928
2.556934359120013
0.31570745080035184
0.6934700881126139
1.0143873133398924
0.9703693866959874
1.436019196705398
0.9151790190061613
1.4245365689807914
0.39429083355687017
0.23812624941632263
1.9561676781909891
1.0573614739943018
1.1519588256060707
0.284597653960156
1.6938809902540368
0.38487396876882035
0.9333207205114223
1.5666855610288075
0.9683413762801156
0.2760136734217314
2.063213252203184
0.9248129344677578
0.2711511410856192
1.9234083100580337
1.246254545667469
0.2418517589263376
1.400189663065285
2.048450152003839
0.5453906137507855
0.18026369265248213
0.6216992660062198
1.5561177752809485
0.7534886771141848
1.138201480745153
1.2698870710959227
1.0916406987044007
0.7651449834412327
0.6171535975063049
1.640307995702998
1.0074996994409244
0.9692846508370271
0.32782342613391124
1.7141700331761849
0.4337312690835443
0.7594705667411638
1.6049348517408626
1.3251887810072873
0.7332839814284976
0.15372246554009658
2.2828317511505523
1.2563347279456392
0.3334401848318449
0.5650314778344755
1.8114206076371606
1.3693803525007295
0.7336089122651184
0.8871985425199799
0.3919809036422362
0.9804098034115408
2.2135689436052672
0.5746502018245979
0.617142960111818
0.7066964373204133
0.4267588161198541
2.458537521267779
0.580273702450471
0.9891023072969338
0.9467827500855379
0.7758731934496151
0.7848515213582316
0.5759546795796088
1.5954789167167727
0.4109395599000905
1.5043342835066664
1.183297420573936
0.815173304227606
0.6344100596079464
1.8321009784877842
0.3501135191173085
0.8374177047846432
0.17046833758849028
2.136351599911073
0.8202104325956107
1.1540105043928608
0.8033831478461573
0.7116259304737546
0.5264861791782133
1.2655032146197736
1.3894561203004199
0.8227420299213392
0.9106722030492316
2.1209751219423105
0.1253673931802213
0.29035423890240364
1.9252254495949184
1.0381506304447858
0.3726931281205712
1.3620956451200046
2.206415994969248
0.40351725661150917
0.3822283817979326
1.6709232473611155
0.8760433496227814
1.0544670332880526
1.1510185822226657
0.7586101173118467
1.3100156499822229
0.7122939426621379
0.28635546407922063
1.3434378580824065
1.666599138381378
1.2115212712170564
0.38479097373762056
1.4666767983993207
0.22163802054262266
0.43359345655626924
1.71748358730693
1.5870806242033633
0.35728546186873406
1.2900635260574977
0.8293630512974454
0.9441811257984984
1.1461744211857838
1.1038153998691294
0.7591010558410081
0.848723440535798
1.2331561211598794
1.5846396585101028
0.5233987381895685
0.6457531829463528
2.5007600867172335
0.47173157565839746
0.1742422426769365
0.8714874935773796
1.3399679614284719
0.7442530291687477
1.4995790283388115
0.8195589837124929
0.9721535530443154
1.111293549372911
0.7894037736054852
1.1695017794757143
1.1847004906599587
1.0409065238423656
0.6209147535345737
1.0968556911398917
0.7429247620375659
1.2300888971950183
0.3457547754515003
1.4097502893082885
0.9603821036994106
1.1338439825743296
1.3846109921348584
0.47713615982636515
1.016972838810651
0.38969034758604487
1.7364079782594073
1.5053832210645453
0.5978714253888525
0.7799065620723244
0.5412910809877614
0.8341159359143553
1.426069591940447
0.7136027300549189
1.5700311647671727
0.975649841590242
0.28275246934235493
1.4991926696118283
1.7159245562464682
0.09867879341358737
1.4657047396712353
1.2163510989984698
0.9559166303595861
0.9200169766191175
0.4569292536026222
0.9753852238715872
1.9033272470351175
0.729229216460564
0.5523690753312596
1.1289515691540104
0.7739893014575946
1.6406326030238074
1.3538780948185798
0.4107894681662234
0.4655292870885587
1.3592199746039235
0.9414194937596825
1.536930405866621
0.5048597670408511
1.3089250642995727
1.0483283914549333
0.15341346527192543
1.3770637938171963
1.644901422259601
1.1088381614996863
0.7014388212375192
0.28604142752520645
0.7857023801411073
1.838319396241212
1.355796988396956
0.4958331851457202
0.722090825068995
1.1079963667783863
1.6874011452267683
1.0086633276430719
0.3613155048741076
0.595006686491964
1.4842713978660416
1.1550493449810348
1.1779316088134666
0.4784364539286122
0.7856537703961156
2.2120347851202595
0.4081790391819294
0.9928793714122681
1.2258953745262653
0.42137625470235934
1.213367954225272
1.547259492313901
1.0093179828538912
0.5477127598327423
0.7422486242477805
1.8554432413290083
0.41384797562725434
0.7954211085821377
2.279039850635131
0.48733893567576697
0.6511010223341615
1.5473913010549143
1.0868263601335992
0.45487280158334054
1.569987945012863
0.7691370943325989
0.63212121554526
2.101753258338897
0.20508667366365418
1.1538018118451785
1.5569655904130775
0.19425546577489428
1.5935140409626398
0.7439996214095613
0.5450561408621801
1.6087664730841664
1.3377486051687195
0.44609468585533957
1.3772659033868113
1.464423260812193
0.3378851267855403
0.6315363110515577
1.9460929726017768
1.1391866575453469
0.6396428079378378
0.8213757011095771
0.445524441170121
1.7132733058976801
1.4162730701346211
0.4900552989347865
1.177607157082691
1.1194136308085199
0.43619142269363487
1.8803970332480566
0.7228048483450693
0.7756237361444568
0.4854550964753709
1.3211592259691836
0.9566392360125113
1.7331145681135212
0.3798377086891145
0.6879386027893473
1.7972379165802335
0.9177318693301494
0.5838387077695186
0.4442298632567093
2.3594476622682876
1.0701166885071762
0.3272226792091824
0.6881908413801326
1.5457835450818511
0.7715993079437187
1.4796905945599577
0.9201636808049171
0.5792226751644491
1.656559932757539
0.8157770443416517
0.13240167685301718
1.7070674087108302
0.43325501496843716
1.5454619974869064
1.5882126249498016
0.6096835968399188
0.3138636633927532
0.3997259710078688
2.7718125606336863
1.0013659683246579
0.16573231026253515
1.026268610064638
1.748954662694388
1.1976114165842076
0.4110421093658478
0.94717859018539
1.182372549033478
1.1499278029686382
0.8307097318525739
0.9200989064657494
1.704398580347201
0.2525537566685794
0.9779966082886088
1.0344735299617498
1.4001602405521358
1.0206103733844252
0.5979774280665325
0.9407601752407286
1.3241816027900153
1.2323074113458292
1.0273424139508451
0.5999759438756636
0.5805502831044042
1.162566423935965
1.0413745473082745
1.3461679760458298
1.1750788035728434
0.557053789470566
0.9650560386465142
1.467750717102527
0.2740835691644428
1.0060300908317887
1.888614527737253
0.9382800458995337
0.7548876869167788
0.5800669288976465
1.0544362097147162
1.0008282330403906
1.3010135139903911
1.5112716756753852
0.2937573991020125
0.7734151289072893
0.728119258301864
1.7518589319429518
1.3951818746398486
0.5053694067688298
0.10745750153665753
1.8544721363346175
0.4639722656922943
2.1101426159090795
0.590860183253581
0.09559177610652567
1.167278353348186
2.1015108376913845
0.5536884348934382
0.7480251660019827
1.2971744772358835
1.2372066495071516
0.3291355359519719
1.6589665002628322
1.0084730250359746
0.6736073445582422
1.1486869916507074
0.6160544220055031
1.8759247865338522
0.5454072230753175
0.7089421012404264
1.104446600652939
1.6677951746245108
0.2971904004999136
1.076614250511299
2.024045370523885
0.6682265245878024
0.2521718231119269
0.9702707453192915
1.2130391838674495
1.6936979956160383
0.5833475859564285
0.5797624103996495
1.8610463070058136
0.5507787763049418
1.1899210971220893
0.6090003638699506
1.0217744537409157
1.592419742491297
0.31346533842390684
1.7118607944109328
0.3878724041797643
0.9429296839154166
1.1030287974794002
0.9238940555945132
0.8285280812996558
1.6816416184880252
0.4208905828916562
1.5287665237247539
0.4536691439327844
0.6277850610949817
2.073651862400823
0.7617848183884717
0.5349896638695252
1.1031117669573325
1.9332449287907902
0.6588479022717866
0.5069587707911482
1.626453263584069
0.7243443020692362
0.41120189725171413
1.4791000979764628
1.157428511664685
1.2238888574109723
0.6318613882079559
1.234814155563731
0.49716642987575227
1.1407689332071684
1.3090265542181445
0.9842937801338217
0.3584770956798829
1.9524245830437426
0.7691413092498316
0.9547630300876566
0.5204652294953822
0.7577721966570411
1.6069730401395428
0.8849081911163483
0.8945645478658639
1.151023355983581
1.2748244769707913
0.7241047456301736
0.6324629777955714
1.6936477063583788
0.982345200755044
0.4794334506746759
1.6801173163482328
0.6220669519743331
0.9208185061471746
1.0970795618264844
0.7859943728198042
1.204100272666967
0.8648645160232151
1.1769652225143414
1.1558259120456542
0.8518580777563488
1.2147321329263736
0.11899453823553285
1.5661485611625756
1.0339479456745235
1.0828517632427315
0.9871435506534584
0.4369577737935922
1.7187255795614529
0.6170734668254328
0.896342937948211
1.1549532810937928
1.060267605624673
1.2924228195181915
0.9355249066178646
0.47632195038783387
0.7737256452175751
2.4258227725335693
0.33482299847535474
0.4428955201864384
2.8030798827450965
0.5730938715570937
0.43254408530230487
0.8965050872052541
1.3379038789127085
1.1105510165467996
0.7831232502893828
1.1010801904809375
1.288158985225387
0.5327704384112685
1.7104128831473961
0.6000475578072499
0.45978865063710944
0.3421353000871205
3.1692413838970084
0.1465958927210701
0.7522187591379912
0.9748881463733174
1.1773527238117565
0.24439655991126774
1.384346832383025
1.1791714227374455
1.3588612025774565
0.3263384060226468
1.3772252174345372
0.6050537499208645
1.2082354833813453
1.0131019466560405
1.0109012842797795
1.1005025748175123
0.9894383895371227
0.30407120411889893
1.4550142505763128
2.0930961544088884
0.5203485935843531
0.1189487354577764
1.3968784751100272
1.1786644607418117
0.9711928042224947
0.9233245763400159
1.3735996046351129
1.308906263386534
0.3916335540690229
0.6104959699121357
1.498105948334339
1.513037431657509
0.5242856601646378
0.6443584543869945
1.0785577353369564
1.9070858573470626
0.6582966187963918
0.6188695502461399
1.283300075081892
0.7023986445342497
1.8473795035177203
0.4440174710483739
0.6109655673183244
0.8485980899607987
1.4528847367955267
1.2119394436115378
0.6995447828632313
1.2610050652466995
0.37044647874955444
1.4415170887182076
1.1457774991893062
0.10520841116254702
2.6952003171646863
0.5623762625890486
0.39859257174184565
1.2867927977078615
0.8745579998311255
0.9847559665941283
0.9505680068536901
0.7720796471651649
1.9686552670689264
0.41447566107150247
1.0241283813335376
1.042206743943905
0.7441362639837447
0.675890323182367
1.6410035392976543
0.5951089508980019
1.8835458957394249
0.07239270758588584
0.47970834837452153
1.1194632226691734
2.017278905199776
0.5660533877069197
1.0311206530689878
0.3912736921512398
1.0131606805907292
1.8399104223390892
0.7597108260507942
0.6153480008372757
1.5256226489603557
1.3878696476982766
0.12704954541636074
1.0440089543674023
1.417978695537574
1.2470317309553665
0.8211411689234687
0.9810084766901753
0.950358831814271
0.7153139826801201
0.7208768666193862
1.8921271352513485
0.10169307345272408
1.846803140514856
0.4145102570792707
0.7145327701586134
1.2426530523466093
1.3170466638259892
0.8250360749621964
0.8381501983885369
1.264294772099167
0.7582369113505882
1.4134020856930574
0.797463951023731
0.639116519803595
0.8894806138645828
1.7370888266725975
0.6982845965084697
0.9792829591721425
0.634127606171483
1.151988530302181
1.167486032219986
1.48098469984686
0.6515137397472677
0.49404098128472995
1.033885267544693
1.4697831652058597
0.6222269798692212
1.2401710852496644
0.7089368592225749
1.6608484754876531
0.696205198402834
0.26106680253901393
2.1436423060063747
0.30641493912639667
1.321091007648511
1.2061382567727597
0.5692836390094945
0.6897326290336285
1.8789766380133837
0.7964582730510671
0.8868189543441735
0.7380666428161748
1.6381854350353102
0.5187455675245864
0.4692742657950716
2.7901001312726215
0.2604565527780698
0.7099597490665194
1.2705716997953302
0.6417471312792016
1.9054264959647234
0.560415601187064
0.4114309574949667
0.6089513894886254
2.1299824313551343
1.3275495867188303
0.4695170699453151
0.43257659365498596
1.6079700705091695
1.0702329164082713
0.9240563167664307
1.4427731031050288
0.38940945530369153
0.9441657499201433
0.45570027499144816
1.6708453040685098
1.427240407846175
0.5180489489027914
0.8788682095249707
1.6075004884105806
0.6356938067264124
0.6800281794503137
1.7864148353436482
0.6227417683231506
0.8770831403810412
1.4794154428554225
0.5986229370847483
1.338808268648788
1.3472103925850079
0.1750888711913459
1.1684036509623443
1.888870286205822
0.5621778211462273
0.46276757829278947
1.1863003308379472
2.345012927389349
0.35619415760015816
0.600579903453747
0.7553037601930068
1.1425679834975737
1.5651000439174785
0.5025680935922495
1.3547041243282605
0.8487308472999325
0.9248879488590034
1.0363548135184057
0.6218693088138819
1.1958938076989627
1.8732551548116518
0.07177128482061998
1.3999805697908965
1.1258747715012645
0.43542870027635205
1.606180257575087
0.3170299383373357
1.6773899641670333
0.9606458166211282
0.7122550340202277
0.3435408699745597
2.271608564735243
0.9828756523440567
0.19999560444456504
1.2865630893799886
1.327381467133176
1.1226328163117192
0.6283908225782175
1.5650510779891205
0.3483318711901233
1.2821825002209366
0.7923808028523172
0.33746214802297725
2.0308101679406123
0.30253051786635815
1.6209266440880734
0.5236366920723997
1.0848310415103184
0.6687785864552532
0.8619996505268394
1.3425250449171338
1.0930597406081632
1.1948043458314925
0.7666197139420329
0.32001587203955484
1.6483922181714166
0.7471501260005872
1.228274906429673
0.6367086858060891
1.4087905883124854
0.5212901549610917
1.2758078108044182
0.7043508160377565
1.7372458645256577
0.3435223852049662
0.7922737125061317
1.06214864135481
0.9285092680903794
0.9259475406086786
1.0933036482659728
1.012910719547147
1.3089513443058458
1.242683681018566
0.8219492503666177
0.3836940562566077
0.07272554990342137
1.969677826126837
0.6360634604400243
1.4214359048249483
0.7614407370029297
0.8258843050493625
1.6905154401625955
0.1970454642519362
1.5019996028414604
0.5574867168018617
1.2766128437981061
0.6263384255097243
1.287724126103821
1.0247151619067583
0.8498621649618343
1.0139537634008442
0.6812591004689229
0.5912979495858803
1.7418962766105959
1.1111731982705009
0.8539707001504843
1.00100097593353
1.088619133329551
0.4477125115729865
1.401415912567634
0.6440707648657353
1.6846619840642119
0.5175734814854671
0.9209786275838783
0.4626881176501176
0.7644605295005003
2.265026062099253
1.1384780217738772
0.18180323342545573
1.1455078792629487
1.8488195194826293
0.7716536047278634
0.4231330068724662
1.3344569578403933
0.9307399808685932
0.7153950441057655
1.231097478800579
1.3677277999028843
0.11678812992094229
2.034894490663
0.9696492701545375
0.5801871753488407
1.072843701062661
1.058253240879608
1.1053932928882118
0.6139913370590301
1.5671685130009736
0.3799004243978551
1.2453373390410098
1.038654189387998
0.8389376217863057
0.9042417113047951
1.6171437561619775
1.1827776397053347
0.3953671353930872
0.7818201979769505
0.9336092123036188
1.1430493886713906
0.7552601058321187
1.6332306501769602
0.4389931383422192
1.0007040241599863
1.6815392022715618
0.6474338143562903
1.2466062294086575
0.2795208442428342
0.8071240967620928
2.6492203682035393
0.6412224886746347
0.20373805014439952
1.8286446322363028
0.48973236215638827
1.317195686744962
0.797497677872444
0.6334281198447308
1.2378240351452283
1.4646527982408308
0.7484454512035132
0.9395835930747725
0.9973094210320685
1.2736008122299183
0.9366314576019805
0.467395272566439
2.1073206923558367
0.3347093697512252
0.5423166735712205
1.5559621897426255
1.5595304275119646
0.6097915356159647
0.45453372298624267
1.6339437233702316
1.6922768530849195
0.4072732228957282
0.6608551117339011
1.7626965008971724
0.46303371371714164
1.265628385913748
0.5419838680244804
0.8523833573004165
1.5537826960455872
1.3151438540567653
0.7334503724089595
0.48962068836089045
1.3934020501983344
1.3758253694493245
0.4714845530947789
1.6342759119744263
0.3788132727339455
0.7894700594255281
1.8522423648830157
0.5858768921674056
0.9726841183319793
1.393047667651111
1.2118901523264143
0.607137568371765
0.24936591216084697
1.9148446259906746
1.5484219742666032
0.138362235908478
1.1683911545453067
0.4003188517680854
1.453473734190809
1.0873592601071989
1.0741256591189015
0.9367548261874474
1.065033442585737
1.038069301090691
1.0110487097254466
0.6450428424594077
0.7101647099278176
2.187995409473328
0.5668105812985105
0.4833541607724521
1.2005321084145093
1.5740030092771489
0.9564931899835806
0.5262337515881217
0.7040709376541749
2.132813773638574
0.2666272677202175
1.5874928414458978
0.03954584633569925
0.6498482165600844
2.8098981656250643
0.2776514638277049
0.8305431587496787
2.544364820233391
0.26775379400685506
0.04909657250098164
3.491248219136686
0.07308347435452349
0.5209005780520485
1.453440736923842
1.6595354170554935
0.11864431142674717
1.3796411729982423
0.5418044493420537
2.0725266186496376
0.3616643658404262
0.6886652634946052
0.7744743064419283
0.503611187167687
1.2165871345203865
1.986017155288718
0.549358524919677
0.6418246935249342
2.016745954364966
0.11914142054273483
1.0089447607288071
2.2422736844067446
0.8498448236967525
0.2320406230820894
0.6718357320231991
1.2896329203995762
1.504954220547409
1.217033807773661
0.00019220960707834776
2.12656200159037
0.7472639301970504
0.5376054462002438
0.269173165550148
2.411535211605051
0.7726735531187245
0.8220617169863929
0.2166708085367406
1.7169252512846438
1.5467824998522384
0.4285779372284373
0.8495074613899579
2.3006051279645443
0.06283180143723095
1.0406892525283264
0.8325483935801277
0.5085554533752975
2.012289559251246
1.2898113265227857
0.6237801069785373
0.525546544623046
0.6323253854535933
0.5649128509476451
3.0024789356673574
0.4880974768514493
0.22957234741595237
0.3796821007634167
1.3746503895561213
2.5475657251644246
0.07345521120563947
0.7291554237758194
2.417180329546469
0.6759408396357187
0.04252575649768081
1.6647865148359562
2.258744079263342
0.22073121225771916
0.8291693723344014
1.3374503796384118
0.4631366706033172
1.1058552923480687
2.2165354463823728
0.6233707278311442
0.3283956517787647
0.9572887716879133
0.1669508271212575
2.31558277520275
0.2207419497932231
1.6272955709477481
0.6833704116849109
0.5150383452994545
0.38359146221580176
1.5064984669513408
1.9421439373165486
0.3395369700700565
0.9455123846793896
1.5359099727011276
0.7567478216146742
0.4175410097250877
1.9849006648094276
1.3113117681028368
0.34078037043034776
0.26577529446296305
2.6830247839861023
1.1015170954826672
0.11700022268661625
1.6047634559214592
0.40651938931361464
1.4018153782857958
1.73221029454192
0.14015744610373987
1.428436168680245
0.23879211565197
0.7448284182949554
2.5405456686462027
0.7095406272581362
0.6463526913854475
1.091818823671065
0.41428587860714694
0.43237556604100486
3.3645131099183208
0.3779046583490541
0.3172782828899052
0.7869623771157046
0.3012817157825332
1.775864118187442
2.490287292191199
0.010386398593553113
0.413736913269662
0.7267896726181284
0.39128910517650617
2.3541384029568473
1.6219395732902342
0.16831532385295764
0.6052508505835492
0.06577154373607927
0.865839969465779
2.824939068827729
1.05775863670401
0.11773146481217563
0.20837999856752987
1.5163708608270583
0.7605684627945547
2.1089935755476197
0.6699983588573968
0.18058827236090255
0.553822543445464
2.354942559683202
1.4877116601496005
0.32966138454932614
0.3295984871134681
1.3009702467803301
0.6236127548053308
1.8900324461337132
1.1324371531039206
0.269607659770224
0.8653605878173829
1.583353488121116
1.3723257074050412
0.62146594832573
0.7320790700282577
0.5109878436842663
1.6646783132786822
0.9610312822098467
1.2267232947175186
0.6215986199195873
0.8658513161002097
0.5905657048360282
2.3296872696449844
0.1550276665300663
0.7807636247063058
0.8619964374959966
1.6892909996350167
0.280755049470122
1.5017885366309656
0.6672334231152586
0.8277193280666639
2.0404883180200826
0.6020795648229367
0.566615587775729
1.05516247792451
1.499597016741408
0.2820504327018417
1.4857603102511183
1.2292639629359656
1.01425779803449
0.11041378077214815
1.8253482944491195
1.2045569697182663
0.45158908251698354
0.8700922508992305
1.464774282375156
1.0626694298742592
1.1315251882696176
1.1572857315838148
0.007875667018535955
1.5000224188452598
1.560400085375874
0.4009077209408414
0.9906779727880742
1.4182262693495027
0.8891361565561714
1.321906564853195
0.8342837428164082
0.1742777719217556
2.249581982528843
0.37408311917013215
0.956365519653075
1.6710170112661158
0.8493704618664589
0.5577045168613686
1.3948702165069258
0.813447863396066
0.4483960324795024
2.085013839774944
0.3565706737787013
1.0392875233190075
1.3166691686846934
0.9285000413560922
1.2716796049738555
0.5199180441140571
0.7038238598019781
1.9261889321231502
0.3384444585447994
1.2226899789084678
1.2791943067316482
0.6074796781414977
1.6121149650016948
0.3409856018359195
0.7155330795629117
1.6624357784302992
1.585372531985326
0.3345692431738578
0.9323514406159521
0.34082670461989006
2.1200378414889807
0.16824680061962285
0.8875077910638083
1.6545915983012616
1.4446032615350013
0.23000998369104086
1.1107821964318125
0.14137820374495344
1.656914577788106
1.0946476299805603
1.0864583030166326
1.0360862217314002
0.8273084701868411
0.7844876883733691
0.460327237248365
1.5851010369031053
1.4521556409550256
1.0589924429243949
0.2336530829573871
0.6888396012513013
1.7151113785445544
0.6315285141175564
1.3211628305091987
1.5242430418217132
0.3778004392286984
0.9367606899244743
0.1720853488937029
1.7198024702405548
0.9073137520779482
1.0245339434517573
1.2432014728258867
1.055623254791024
0.22519313241034433
1.4949161724750386
1.3533879179517494
1.2717128719482635
0.1401557113471464
0.7556954382810751
1.6769250359138106
0.4993054891301712
1.2210531958331219
1.9879498034350596
0.5154450317841968
0.2328214414822539
1.7273267505836563
0.8402436513513583
1.0451738570123634
1.3665742509325356
0.9935044867843447
0.14421967716802297
1.4762850250588053
2.3890281179255974
0.19792397114098964
0.5111682798183121
1.6367660046634753
0.5038670685626806
1.221112578542756
2.0271476145179474
0.49372048856204165
0.1828564481033861
1.352178962055947
1.716557430849367
1.00381962919543
0.852966049941566
0.18057666362312913
1.4526555445908855
2.4282187925041363
0.14290074706229314
0.3997654207688363
1.1527640084127875
1.5814907877766284
1.5063777100178792
0.5521018677910069
0.10391914551685973
1.388637841695365
1.7790065581032688
0.7185460395542146
0.6485833758700353
1.4207492567777216
1.9899058579641014
0.04127712253998558
0.40735682631758463
1.2440559616278455
1.592013612551127
1.0476687415566945
0.5274518493488782
1.1356142977267552
1.6311869664345287
0.5738364740232027
0.7202422658164903
1.4145057916426034
1.4004913965352928
0.40862516503549506
0.9717033910717388
1.6149042745897328
0.8499358570696972
0.5481904660521895
1.0517920385867583
1.6369395442900372
0.675624600153811
1.140476002191941
1.1407601093437385
0.43891210176870055
0.9480370457665019
1.8473377552923567
0.5448508811625284
0.9024433667448867
1.2799541286567984
0.697056244554436
1.653405965795196
0.4708810263940955
0.8412198026091544
1.2736319853663771
0.545503545337179
1.6640128566873436
0.6939415537364952
1.0405726091801857
0.49670193739011786
1.5432696717362222
0.4663813147407333
1.3278156173208475
1.4116616527191197
0.3389536081900755
1.0589350338128116
