0.6767549929982474
0.7135053370779603
1.4368481256274335
0.8464355317931923
0.967706630278915
1.167527310844703
0.6283696057975984
1.017029693372575
1.1865767224718162
1.2815754543055278
0.8757643987344321
0.66388126599206
0.6227378778016354
1.350690475345016
1.4582120703223336
0.9582408078590453
0.6144214096653334
0.961493229819521
1.157746519352741
0.454830592702558
1.66803091795982
1.287795306985374
0.5020772508560667
1.0517900470745478
1.1342750858149466
0.6638275719383107
1.579346959449776
0.27068714931053695
1.552904678158004
0.519815896929542
1.1463971421399441
1.0590569677851158
0.7367133624596212
1.4811520510770324
0.3247614468941872
2.1632386032751643
0.41076865341779223
0.09840960819219959
1.7888069633259722
1.0400011019440187
0.8252336649275489
1.3824591206996057
0.37948877637700573
2.4119983431258714
0.15091577755729663
0.06117569023721744
2.4089769909202916
1.332001496039578
0.4961763138981343
0.6051675716638409
1.5289690499362216
0.47631346936862845
2.5417874979244277
0.03485527876967981
0.06027980267971282
2.707541083683048
1.1128623454695903
0.4851493500202999
0.751925261152741
2.174607673065684
0.5393251791470283
0.4628583396252568
2.973471245674168
0.05421658719911234
0.3143094998295778
2.5735706970211494
0.8965800320250289
0.49405008864012584
0.8993048094176791
2.042175850132156
0.600263525002953
0.40610720920170523
2.780459495969119
0.11831834920675649
0.5667909099135231
1.7817735029836748
1.0016735643477457
0.7973508033319304
0.6257832941649459
1.0434811227185872
1.9105446700762512
0.6625457522838085
0.3513348833162275
2.661070471281403
0.1915813151500617
0.6385829640619868
1.5935023951010787
1.2054033028204463
0.6113455960561117
0.6742778470753027
1.4606276710931916
1.4983154294881906
0.44100601776985415
0.8892948300277558
0.39145043400218144
2.639267820074416
0.2821629509042355
0.5284572821624804
1.6929430228175313
1.3650454577425253
0.4392057858870371
0.6743137397013313
1.6554279439629942
1.4137257727781807
0.3506048656992976
1.0047231956026774
0.32435203777953464
2.7272430529665264
0.500708005788635
0.29245112329438644
0.4299177978283084
1.926297973250323
1.4764712627044503
0.39809636981653196
0.6831357061937559
1.7984578893359575
1.3402529440461297
0.24592331156169603
1.1642053560721168
0.2944901716176193
2.5347478998727397
0.25677760401350735
0.5705476295330127
0.7483982905125104
1.644020946573025
1.1496989566044717
0.5675809638965621
0.8691021109062299
1.8346451087457323
0.7210044441987088
0.9091746575784071
0.20134449782480263
1.7520819428641337
0.30821873482383644
1.4149103617411332
1.2627674129267317
0.8187472604291132
0.6960414531004441
1.5333246214994836
0.497134727107189
0.9962204418004692
1.0348596836488586
1.4581625882818299
1.025182767188201
0.8332700145550443
0.15801044181283502
1.8619110871453366
0.8317555767855271
0.3212208747856367
2.1558954000368376
1.3100624467845112
0.5284175948701775
0.42251136073890894
1.1681856896792533
0.6298521508302835
1.339596957690173
1.2192100065267653
0.6921350700382051
1.9564804657503543
0.511641169783472
0.25016827339638625
0.5061405569092056
2.0048727090979694
0.26703177667163397
1.4772112793209635
1.065134397991926
1.4455786915285687
0.34592941425024337
0.22118716945280256
1.907345949781923
0.7003770849815556
0.8606437578894407
1.260817113320861
1.3966716765337264
1.196031597724898
0.20989564824968127
1.352554755426283
0.28126684683863334
0.4102886346966904
2.7147905135737984
0.5438898319974002
0.6049755363189864
1.2397622291387156
1.5514527787856442
1.0401401387427056
0.35653406150313083
1.0064870791567717
1.9061411793991814
0.43990639846805213
0.32234348029935533
2.0858194016718326
0.687546161807211
1.0739854585041144
1.5225731698071585
0.4099932366538766
1.3766867783825096
0.5038372681045712
0.5200779262830355
1.8813805829121324
0.666209401182667
0.9105727444320694
1.4485928100566392
0.7132856474273545
1.3125023371225264
0.9591068280529061
0.7775707425458276
0.849772666488617
1.3797371124636386
0.11054311877144325
1.4227477715373205
1.501935884849162
0.5286821139511764
1.5114294028832156
0.9829375446397596
0.5469275711016264
1.016368201125203
1.769411174993333
0.5479239491678398
0.5584040008214031
1.6798470774857397
0.7903067758824033
0.9811277448341534
0.7823297822918617
1.3832576107860606
1.078413036910426
0.7330563759341673
1.5301362179767313
0.40975165176912015
0.8781235726456839
1.8117098176303796
0.3629867085873493
0.6278280172721781
2.1242207800986246
0.9768206392714592
0.651668317259542
0.9660285973674019
0.7802276406086611
1.608201405972794
0.910641365664726
0.5200797201541063
1.1905839247342642
1.833389967545215
0.3514625113132668
0.6638804429594202
1.139357179860333
1.3126831518897235
0.7095297714707763
1.606602579526673
0.71635175592776
0.7709277773005537
1.230323780219618
0.875153953007273
1.2150432957276838
0.14173585712032533
1.1403491702561113
1.0585978328159715
1.7002830008221674
0.9114014739153206
0.16722750476841536
1.8985814815231041
0.44443469092862425
0.9965010123457386
1.5110024028853262
0.550886376677092
1.5748632405757346
0.9567851044421286
0.3163068906343479
1.2711741052811398
0.9573510618400021
0.669833503213147
1.6936913939424088
1.1017721972508736
0.7573336635551838
0.8620472496849153
0.8943823852841598
1.171240843582644
0.7489960769865633
1.143812950700249
0.8239768107772624
1.9145412364819425
0.4904955055756265
0.14126543103157324
2.2278939959011796
1.066065320287568
0.6020921024649205
0.8588173727390045
1.1736166422604308
1.3538759072696904
1.0614931432057544
0.927103068289327
0.5110801315315623
0.47853821620357206
0.9737831845758257
2.1052712428605127
0.3529374566581377
1.3847422580829938
0.4369254050748087
0.7750935100914448
1.7378991340118457
1.0042353619056423
0.8791245486977564
0.4722996525858475
1.046004816717473
1.57809312733597
1.304520356683956
0.14398671644810762
1.0905045921906384
1.2776315280037678
1.5610803977620942
0.07834714104417861
1.1837500813801265
1.5293361159144347
0.9991917800181459
1.1180996325905057
0.4898717348961705
0.49968174047101444
1.4181677651872784
0.5441673323510349
1.8685138105986885
1.0468707534156865
0.5899575128124821
0.25244246752703436
1.75025903642915
1.1011285792108372
0.8626465337531414
0.8684125449404624
1.1682324804098363
1.0679105184970357
1.0969661560506039
0.372171457187816
1.290423227306549
1.8221820905706538
0.7122144519845156
0.2150474262616584
1.87591382246251
0.7184071372726372
0.9079677975616085
1.3253056039922428
1.0945937119879723
0.5189865163783034
1.4262364154540332
1.1671095513545577
0.3590331059239028
0.9581086379611686
2.2771120278728376
0.8266150396469778
0.4361389281222605
0.4317707812632602
0.8675568790535085
1.8907101815979208
1.5071889987626357
0.35852645312136944
0.3865772907116482
0.48900640207918566
2.842053657029973
0.3633239717249343
0.5919309697874726
1.686432546711935
0.7121333920213008
0.98958728123609
0.8669857196190118
2.070306354814817
0.321667435347652
0.38503224592783203
1.1912534497914198
1.0533201359965942
1.3227735455555876
0.5189743425928223
1.4721587187894296
0.7419439535711178
0.9200359579095674
2.057301785013309
0.14604067458611922
0.6447858827339622
1.642915900294945
0.8422066293805427
0.9395717934741178
1.386851611771036
0.265348205276629
1.520528120542312
1.8045535055179256
0.5759799574847309
0.6366843048872965
0.5458274277800446
0.15359030431118312
1.647553969999835
1.7674497240029643
0.5113525814730815
1.2217141178713358
1.388464873284353
0.5192116644077502
0.09546057628031061
2.561024337310928
0.6898229213167157
0.4960116802781254
1.513381260926461
0.6297500132616097
1.6555853363435686
0.7729370089801876
0.5744142941954374
1.56056068761634
0.5499919987031544
0.8360182678691498
1.6595167970515121
1.0422064237835622
0.6664373638676758
0.8297440080079559
1.5793999006576285
1.2063898915918176
0.5300724751863422
0.6703678060434713
0.6176102434865763
1.25922858915165
1.1179583602564367
1.0776156740728147
1.2380033758820914
1.0333188949552776
0.6634773103259738
0.4223322573162865
2.166243487235233
0.4604471972520224
0.8696177117965843
1.023186355410151
1.048461389734224
1.1179979900467976
1.5598650761171975
0.701310519296207
0.2830785065747703
0.2994732321078505
1.9904329615736518
0.7411703102666515
1.09615448091855
1.1041780832027757
1.129265996428561
1.3039574805905327
0.23602137116933253
1.207009313163444
0.3554331136162048
1.0359550777161908
1.0025283190559102
0.8374344321635887
1.4699529745404443
1.6061107338084681
0.27446613741181053
0.8882963141128549
0.5121549168045237
1.5558168455813797
0.5993558713606837
0.9723595659160242
1.5737797943900569
0.9868684366260688
0.14257389391466693
2.340679907849696
0.19502552275538973
1.225238494734519
0.624769078385897
0.8158567741166541
1.4593145619255483
0.9759537577528323
0.870234214333142
0.5303465091052304
1.8749796836064851
0.9385765824131941
0.9216274285736733
0.5867564791737389
0.3098770602759762
1.781618104036674
1.2544677478238315
0.7077243944664181
0.8771035686266062
1.665356821301527
0.27903224763013623
1.3578686097402646
0.6103626892023427
1.0828892952963975
1.0446577127910963
0.9728430997049489
1.1594005230411741
0.9593504907178123
1.3441533177830587
0.7336227587571843
0.705357234077748
0.9559882164337777
0.9116379628354011
2.23723624588481
0.013764032430793976
0.5305192071938453
0.5913867519246826
1.192683306171114
1.3937064122028955
1.342726591550224
0.8733599483270685
0.5525427215286937
0.8791842696626423
0.8359530928448297
1.3475162933421512
0.9633554376001896
1.033727551664336
0.8338883830550105
1.2154618769735424
1.1909908972091097
0.449718696843392
1.4970685636189436
0.8234114780001096
0.6336925514382457
1.2780807253482729
2.2310552693195156
0.12061942584526562
0.3044255591268092
1.6620018755101942
1.2169351821692875
0.8763644212339315
1.669075014693923
0.20241033970309388
0.5174317500440857
1.5571685804964013
1.3293419043275951
0.8095877966023918
1.1584198737407787
0.46979671775556586
1.2571408023492858
1.7275831548144713
0.4455776654622538
1.059044040853973
0.7865357148066076
0.6597546072656254
1.001889138074272
1.262789335698678
1.6459714234377358
0.06690127853610373
1.7901861441554876
0.20853669174685605
0.84326335987637
2.109199290992809
0.77324011461246
0.14882779778284838
1.7025919796386348
1.6486253597875926
0.6056307976139754
0.6442576999896854
1.717160173524847
0.7991665063282442
0.10352976069324371
2.62879799889655
0.7443106513243529
0.5283560441378635
1.0532805375988192
0.7422549096771014
1.2482493641226382
1.2506806207264387
1.2505160259145685
0.5864456130388804
0.31947067990609035
1.8906359298670938
1.8298540218717765
0.2721464476909766
0.34913076697917184
3.1255473373301363
0.43692608171966385
0.27133197702780026
1.2657405256037886
1.8183127637968866
0.8008844739413646
0.6752321477837042
0.7137473652249992
0.49214445699455955
2.4563452597860675
0.5985906308352471
0.7738876689522
1.2145219888062426
0.3590813469036863
0.8989990744803639
2.4611855548455854
0.4167631502969494
0.6043778480528403
2.109406679908531
0.4257603338668985
0.526111807886256
1.7219481977352413
1.1054694034407289
0.9615130577906443
0.8402665572399606
1.0389791360289353
0.5500101017834758
1.386261095225612
1.123580779334635
0.7580381555708936
1.5305469219291035
0.7682417206479308
0.3996683533084666
1.9336544224413479
0.27670532041702856
0.7366617718346881
2.141331573599809
0.6618214128439832
0.9091720484704473
0.9861103738075238
1.1113454502946964
1.139644776168502
1.0264848047552748
0.4791112177614232
0.7005794791242455
0.9010253856773582
2.168042574574169
0.19172156975355267
1.414213325058633
0.7476710529885693
0.3643037677909914
2.169694313939811
1.2446769765222672
0.273761811975614
0.8223760913812909
1.17349691087441
1.2120074410420705
0.9987445590627029
0.6038857631908874
1.4237188905702691
1.110244573425548
0.9955085682351339
0.8766062173478455
0.5014329487753338
1.5503109633054375
0.5274322801139646
0.923296277514031
1.4263617223597738
1.4654657042777401
0.5349159205163029
0.6093329639456824
1.722611978910402
0.487953949456093
1.2746840945756086
0.5687158896357668
1.7613911678684184
0.51102483367197
0.43448184471208295
2.302349585414677
1.226123814896719
0.15360798116743846
1.1234383309950862
0.7900477914516987
1.2851324676650928
0.6666362831437077
1.39248716979485
0.9067234580278035
0.5957947598476249
1.8614094065285396
0.22122820049652087
1.6821731125387869
0.6643600227276022
0.2832595903832923
1.564273458343754
1.096840757960147
1.1300452503191525
0.787003901500648
0.8454957800254853
1.1008521980431145
1.967252176688077
0.2926218832280764
0.5430713833794033
1.2649857074973905
0.7320356225915285
1.053424435684828
0.5978738264993495
2.056834327937699
1.1097600535576337
0.5530340197226259
0.28561506255552244
0.6205102636135787
0.1613434541677137
2.492576714005999
1.301095673820924
0.23872854281907394
0.9492281199788506
1.6447705685320293
0.41966662774039054
1.9134626195073676
0.6846613541252967
0.34175789613445207
1.2202205526229382
1.6765945097218193
0.5097246943103625
0.9804107104341719
0.7798159681445214
1.4973447427854898
0.8186758013342889
1.5150929276877416
0.385397202631358
0.5588512057297491
0.9862401501432301
1.2277445911512377
0.5695458419601881
1.8214438485922044
1.2044187816428924
0.5202226896819262
0.665855651650865
0.3580467062945753
2.7031628138666823
0.14213354964604757
1.0729268713290796
0.6954673037277377
0.22580070016501227
2.020143920499816
1.2632474575662136
0.25957490936549427
1.9758989270012521
0.7538576835493919
0.7334774495335533
1.0981147600351628
0.7207125625229294
1.6680850708002828
0.8076988334740919
0.07868899655309917
2.7147259018830745
0.43000608230655074
0.5360645936490892
1.3756246800411884
0.7433149472441085
1.577455943051599
0.7817871736768969
0.6752374957870039
1.7332221453657628
0.7106001790578896
0.5183290766193217
1.5207318301977804
1.4954006212540027
0.4132075906615556
1.0506562009583675
1.4491427141954634
0.6107441714996205
1.0517443806915172
0.25618538348083153
1.829450960379316
0.9299307274696685
0.5352867733774804
2.074813358760215
0.8996031938730324
0.4165083451399855
1.2053925465799207
0.6609289913014526
1.1496781927100475
1.1614201891106921
0.2111261436099377
1.6417499558298587
0.6266341627379558
1.831220899107211
0.45223408883661487
0.45358230909172526
1.5063936489718035
1.6996798509527073
0.28453537770748094
1.1180461101237762
1.6209065637152091
0.5250733116851531
1.2262784046721142
0.647091375480572
0.8387179783143633
0.6035941378181441
1.472521626486619
1.8071983040146966
0.3062305623976961
1.1483818360257478
1.1671927448947903
0.17354031349269114
1.7004433126174139
1.2005201200329991
0.8800916849654312
0.5516922940264996
1.1071991442395182
1.4757702869830802
0.5378278622538468
0.9675979858997414
1.4269097546486802
1.1075366748338047
0.7741569334391231
0.6498768091627152
1.7251859987061526
0.8499456924310415
0.39600047284253426
1.6937851248020295
1.2559891838262334
0.7915748422679736
0.5901838592132254
1.3302498489066488
1.1185536808156236
0.7375285057033358
0.35741065933569466
2.479466477146304
0.3862851099603646
0.6550116067327862
1.714518798724452
0.8608846067859123
0.5459445066935542
2.552291484859022
0.31139874225417413
0.12866910637146292
3.2859561921549925
0.39683751292067304
0.16191510321693056
1.729705024716413
1.0204216020883339
1.53207183269514
0.8947134800015379
0.16934348841504354
0.7239191064792578
0.8926123722394481
1.6652748318656998
0.795307588420573
1.4566689400909132
0.23147236697423668
1.2292411825574594
0.7317521739018585
1.0989126226054964
1.1508565074592618
0.8142653794950407
0.3312444156632777
2.5012414964516516
1.2153377861406032
0.08404732195293503
0.22862656440985693
2.6648872429051957
0.8236019563583736
1.0633768684098972
0.15309916120653178
1.251964663552659
1.2406297145533733
0.5285922810906052
1.2368225322416229
1.3952106951457897
0.5562217095377523
1.5961519625997036
0.3550016337611462
0.9383239865082671
1.6201647612412478
0.645003645518694
1.2325691021538325
0.8819216147158186
0.5480220522820134
1.3776345331816582
1.5205318085307027
0.20633881657578299
2.0112400507968626
0.6654118363224963
0.36206493717411653
0.9427293769892264
0.48076632682019343
1.6627230864274598
1.6025164133545011
0.9766918300103248
0.09524501593360765
0.37555413336488885
2.6950642365697512
1.2801679014867087
0.17059889179134793
1.2387721123191349
1.3313422364850451
0.5750825250043451
0.8254344314570408
1.025678891475505
1.7879075807534317
0.8182926795622885
0.7647990249118022
0.09395097003284422
1.3826477449625982
0.5482591768196701
2.032840575439083
1.0231478102415033
0.3675600641909345
0.9653982984868031
1.1434532066801484
0.5484688533417554
1.6826497702985477
1.1974965704369152
0.760859602258092
0.1240445732788825
1.5348083240832355
1.2695349395465383
0.7785764053372983
1.3280834192953004
0.7631908725818651
0.8933595353256185
1.086794369731819
1.1891820233346464
1.4088098106725961
0.16636161445436798
1.0155404270339503
1.1023798667197287
0.983925878518631
1.9220187083983529
0.23664311980518307
0.38236114823785117
2.1295555742438115
0.8408739795252782
1.2694235408986965
0.7308231030613468
0.2678890325168918
1.1431779477861717
1.3884915709232428
1.3373119879821138
0.32957791827443284
1.5147440590848085
0.7690896224338476
1.1931641190234388
0.7176474081399394
1.094931427192173
1.0237820057526055
0.4769097106204318
1.2394555494764443
0.7486526934099028
1.827253642210234
0.4565896136530677
0.9239078749507115
0.8416438557814117
1.1154903116817143
1.246476580379245
1.0171192110491485
0.7931607207888844
0.7865368587691943
1.1724018809150698
1.132766207309681
1.1252738812640153
0.6749935564989651
0.7220592973168908
1.3759452028487424
0.9328767103179202
1.3615709315502642
1.04827937998092
0.5705469810663935
0.5920238581703979
1.4110138113839696
1.4041488900927999
0.4903406282400149
0.8941090735011993
2.1100456821341886
0.47522859998150313
0.7120594698597884
1.2304941426148408
1.2241538541070958
0.7243399607064954
1.4704923222550588
0.555879078153891
0.3608097064507811
1.683328117507587
1.4656241513406594
0.9036871543508758
0.5390364603416601
0.6791454536141047
1.0051779588521925
1.9934064375059306
0.9591173789100056
0.3592046876290855
0.8502185660075459
1.1751747582709882
1.0018472082645815
1.553895145589572
0.17441864905489438
1.3261305572821298
1.1639918677634897
0.771975773228108
1.6596033211067627
0.41840023671564947
0.3375048524649759
2.454964043167186
1.2579878458660267
0.39253196671615787
0.7774678513432103
1.666168087968179
0.3729472243413644
0.2323474514450585
2.8568892099456082
0.5681273076583641
0.8925463297500138
1.0065263557353075
0.5257217566074224
0.25277330746491616
2.0389136849253084
1.2744632222849006
0.9496691153528399
0.4837110031363919
0.7896372762980929
0.7981567815287992
1.6498912454712327
1.3437467272148687
0.21680840607232077
1.4198697577966135
0.6928505254830915
1.4029199122117249
0.44195463632425924
0.7795734461075078
1.738419558155723
0.7603017081467099
1.470049329154334
0.6288591732189545
0.42749279345776786
0.3901721070033116
2.3090344151634765
0.877090330602401
0.6440677428467857
2.088772460253103
0.23101812649801878
0.3025407628247133
2.0636279446767007
1.6823698617614502
0.08773453294694644
1.0559760719939206
1.9184163024240182
0.650928565411783
0.5661552473527904
1.0728785942786747
1.860075666098688
0.5965860385053529
0.49577261640667775
2.619205877999643
0.44027706682439066
0.39480675861661435
1.1546144332656265
0.7032925598600899
2.3831898523168453
0.36428439262751466
0.17707307475533018
1.400286314603043
1.8142633055326134
0.6362841256407258
1.0627389952413404
0.9550051814399975
1.1591082105825508
0.6359746445587551
0.8884025991268453
1.2675747836852536
1.0574580484950693
0.3266789907530516
2.1329405731712585
0.7216899372812705
0.6684483843232601
1.518794594184514
0.7393529030556898
0.3669680797784241
1.5368017873187327
0.8666446335383131
1.4161271334393204
0.5897417430358296
1.065951652162858
1.042388261564242
0.44242041572485996
2.147306955188699
0.8652926788645792
0.36882893290048707
1.3262777849016554
0.379746801601243
1.7393533503039738
0.5681885079119866
0.925055709123603
0.9313850084783616
1.9359183125720454
0.6867435664507319
0.16465410859588947
1.4615404634485623
1.3009715404927666
1.0535952470980707
0.7137109378546589
1.188068447857315
0.9872044452668146
0.9551639387080391
0.6112985118910474
1.0025373452477526
2.350406640248933
0.49179583324168746
0.13446835936444565
2.2859357172869053
0.349465171643262
0.8376125437715729
1.6834257488012567
0.7067019059535864
1.5614835099820357
0.5410087708314408
0.13747125608394717
2.5254804312035817
1.4454050233000784
0.0717385577452868
1.2360690838598514
1.1070005614911453
0.3380795771606346
1.9571923382782572
0.6633336759327051
0.9041422028758882
1.351505649622523
1.1301034037653905
0.6368972108087486
0.6184698305574313
1.5728125505661978
0.5936918173894213
1.108863797297402
1.4431109276412462
1.363572350920263
0.07657236065307352
0.8543215626516948
1.4224067479661806
1.0129266115558253
1.1197887155219168
0.67449790330254
1.374473406834155
0.7904607491690581
0.9851064673939168
1.2957342318018872
0.32283975735282194
1.6337754124012756
0.7468420812127675
0.9119650587264283
0.7116603205064806
1.5649026095147416
0.4747830511196242
1.5535237604661116
0.304114642951385
1.206962136550869
1.1652109624794744
1.0550348104670582
0.8613383591310014
0.5664684867541658
1.6420459174248139
0.7424000264190632
1.2997198898269278
1.048357295238034
0.3733734201334385
0.8250592705453704
1.8276188530239703
0.6674029255588747
0.9696687229990648
1.3438302553993031
1.1223502276587112
0.35233712295015895
1.3736686171247372
1.1387545553629128
0.5561756089291268
0.9399008780208581
1.1090012228273993
1.3963170538389984
0.5615460457955769
1.5262641891297606
0.6897195728118256
1.1801099887429414
0.32751516490117394
1.027162883662751
0.24800947852650804
1.8447109766602092
1.757359336159309
0.4073767800628628
0.48584802394909343
1.9935668400494329
0.7237594800087741
0.5215930670692001
1.1057363903523474
1.7468115460158085
0.7951029435319273
0.7709693523934422
1.3451895951675883
0.6876597807827739
0.9747166944236035
0.8881612120282512
1.1318365084895596
1.1182583523894467
0.8329383231684837
0.6208091293309921
1.658353666563896
0.7401816089271115
1.3220214011905194
0.14164805733968233
1.6519139735428143
0.22832257254492397
1.1835595562140984
1.2307279264108115
1.0149183475791377
1.280740875042127
0.7267031826366467
0.4798947472830891
1.613603444821492
1.6638195555011566
0.3714173647038074
0.21840535292405847
1.9448600098162305
0.8823910510364743
1.5633995863933121
0.36420078796377076
0.34071078921076453
2.3392036296587393
0.3445213376710968
1.286422691019319
0.9044587871847477
0.9594378279650773
0.8023050291096899
1.1143592220805143
0.43950333573444406
2.3149565983668956
0.3311353841144423
0.3048910048042079
1.957305990226976
0.977542487076507
0.9035712601402301
1.0228972169906487
1.2673664991862017
0.9679648618492122
0.7722682173750506
0.29355563496772785
1.2120788538488811
1.7899433846548736
0.9460135142342189
0.49625901115457727
1.295111741675905
1.549133831106521
0.46097196774554494
0.3318169634674295
2.303881660440369
0.43179440626234383
1.1540123315934494
1.006863668483598
1.3829678576698547
0.4725484054903317
0.380761792189691
2.5435327705649757
0.6991527062055363
0.24006797954559872
1.7485126799748292
0.8717218966792656
1.046746886094322
0.7737365534564085
1.5843936849170515
0.36245969827273095
1.177696966042402
1.1164403988878264
0.5236224233416852
1.6362131399396616
0.7042855891419451
1.196962665554887
0.7774175859543487
1.1993953182829697
0.5986648598507748
0.7279826487798358
1.425514507015527
1.5756012365368035
0.5449313101697754
0.6085362366275957
1.8506310555703738
0.4716475224268765
1.505938721616116
0.6062104873565104
0.4714301847986677
1.4825810693846535
1.3053650846213531
0.2572821344912262
1.7287568253673031
0.551706214626837
1.484359962776966
0.5702430659339739
0.7445011422392935
0.9144589635786942
1.0576536652046964
1.1177156021092394
1.5174632220001965
0.8266138936968898
0.7307595812598111
0.9224081082342488
0.7805251375995234
0.2277830144538748
1.973539450229894
0.9803359840734246
0.876300765068049
0.6860850271755828
1.62850003145982
1.1419711500884564
0.4194532862173157
1.3988737048522148
0.898025663213917
0.34582587259375464
2.003979362319845
0.15394165830166331
1.1860845646392482
1.6788930154662207
0.894562769427674
0.7752866210910125
0.2863839496840529
1.2966228729400415
1.1655356144092013
1.1583383173604906
1.591572863911916
0.34156018462462934
0.4849411389071182
2.031444538656547
0.43903658548099783
0.6361679893483694
2.5391407924688933
0.39916738150508985
0.43232304801524346
2.831487762745033
0.4720958804879988
0.3503181565354964
1.3538574781407053
1.2003524215809145
0.7412502457284462
0.7574602348854226
2.266015920916609
0.48173229325652406
0.5623153231352819
1.0019195326918793
0.7160694448467143
1.9118539323223536
0.518419351619401
0.8817941884177255
1.3120670253534175
0.7311605130749268
1.139423001545175
1.0745837967334972
1.1457742331596874
1.0837752915787942
0.16603483490091225
1.4548974525072222
1.3604524634221624
1.2249941566168974
0.4562738441890147
0.7287488552366544
1.3945463274499241
0.7982668358732103
1.0573578638394092
0.7841690879672821
1.6269224557018247
1.0600064542574585
0.17654161097018042
1.350661741467336
0.7524255589224454
1.3159932138572221
0.7986688232694519
1.387750806738767
0.8023905527314698
0.6653116062791793
1.5806379975828793
0.40996184109727163
1.203824085416442
0.81767215705083
1.5429404023222915
0.40889610818044114
1.2915124433242209
1.209434726242791
0.9402839713283737
0.27296051407240945
1.4627651181932362
1.039447493469058
0.6634233144216737
1.3842465057028361
0.7187137601628024
1.3013492307810006
1.4379879627316838
0.23073476576468732
1.2540774417755254
0.8724473709876596
0.7407208614051428
1.3736084728664406
0.7948484406411472
1.598239405601566
0.3149626899288398
1.000162052095048
1.254913818790511
1.1372428767227971
0.7313195296193439
1.0679763891547145
1.0042646070037178
1.399733948670289
0.2664277014280161
1.2003434939147606
1.277242921983374
1.059773099992245
1.1418297642757027
0.4919826991574675
0.8575368859567751
0.8369230536208245
1.632279554108308
1.048152499799341
0.5690830963754461
1.0443207465317026
1.6229683705597395
0.7551781917726031
0.4307720171040481
1.6384100639639756
1.0740773797477683
0.896965522629544
0.4700347176449749
1.1917200754885349
2.045600940110159
0.6975894153414327
0.044540815263687764
2.249500454700402
0.7195214550511007
0.9030946736095697
1.2097365089507799
0.43516691016368714
1.051778737732596
2.1695740205546046
0.5684271267807931
0.2819293752755909
1.2823149448650464
1.56951885309032
0.6727879744217118
1.4474363286460004
0.6613497709675414
0.9908918749152283
0.37517822293413106
1.029048092586196
1.771919693679519
1.1560604650960458
0.7070242297177893
0.3203233861685583
1.3059192470907064
0.8019713361417259
0.6058918762886645
1.5795449806443056
1.324520701491558
0.6334951096616889
1.0725676471545365
0.7286931000414981
1.9268644202362932
0.2932301069429544
0.6746353825501472
1.7803839441112375
0.6605553751414243
0.550833938152517
1.34135703550805
0.4029222436088836
2.259030278024585
0.21450138884878495
1.0717241482556101
1.1963163012355933
0.8353833921129127
0.6292312153395971
0.7445549826714037
1.4478841491881285
0.6913057961979096
1.3672710306570874
0.8515511242779937
1.4062963085407005
0.5484441632377483
0.8207835187871837
1.0357300106642306
0.4853339797847558
1.7484663774514966
0.6832376999430924
1.290963918177336
0.7122188576958711
0.6392845356132966
1.1609646657324753
1.4939824070680763
0.6981005383380416
0.5748946066875623
1.9528112673236258
0.4629612347389189
1.4558825469959564
0.5802579086778483
0.7287300723787847
1.7251957024901015
0.7146275676719488
0.5381228372041569
0.44012472376596634
2.183294277437249
0.48323529626036255
1.4779990687925622
0.21246759675681468
0.8754236920342849
2.02593991390089
0.49791916823672644
0.8432376986795602
1.9222333626291062
0.37434551248206144
0.7229056206447594
1.692400372625843
0.6759396024686003
0.9231029556168944
0.8327002556940096
1.4273830443489215
1.0082360514554525
1.0879981125705276
0.5723778243252963
1.2342318409975372
1.2329772149456852
0.8234275082966376
0.9560874494865603
0.565182597017505
1.0867601885693474
1.3854489358000812
0.5594853130670054
1.3804227670493534
1.4584592788095023
0.607945260833081
0.6109141349055838
0.5781004523519058
2.292082551383739
0.16574441852291893
1.142820346957284
0.09168362215776119
1.7024955084163957
1.28267320115785
0.7792673908206414
0.8948956800296821
1.2519085148070836
0.8666330037659211
1.37415408693439
0.5842474799338018
0.6778716974783872
1.4472076222439403
0.1155388481600191
1.5788952940032002
0.8896403226260925
0.7925330600852092
1.669758706553497
0.8460646851305541
0.5884545636613632
1.9675709833446156
0.4896821544219817
0.6093516451247972
1.8149484085256418
0.17724084568684884
0.9933815518772471
2.3362880409052154
0.15053078730809683
1.1501904878467306
1.6380103978040659
0.6957977994362534
0.1690169507432564
2.700084899174421
0.8842967767044222
0.30076456133682705
0.5037714769284813
0.6365269971340862
2.048615342734141
1.2524746248112102
0.5835160183004291
0.30512796084516974
2.884341351444317
0.5570056879329638
0.08964464031673197
1.321349033897104
0.8427397417096233
1.6045040602054115
0.8522791773737493
0.5018219907903669
2.1190470513444604
0.7695709116996898
0.22066586496184415
1.8142315762412724
1.0275170288204014
0.9166626027955685
1.000844548467319
1.0831847293793935
0.48425922150614953
0.5193164617742428
1.8419042257210871
1.6563644794052743
0.38914680549846686
1.1304785767685053
0.12763607635543303
0.7149199102758272
1.990125072505844
1.8307722059359661
0.06973491274800142
0.28520185104982837
1.8662801097410222
1.7270057049975578
0.4539949304976688
1.0865228713277784
1.5255172608587497
0.051571839262200804
1.4360661574357545
1.0292065764559868
0.28812722654096085
2.4332174482155016
0.7244040346896108
0.45895222383885437
1.7467150568776204
0.301810296086857
0.7279475693093457
2.7696089006769213
0.2049251427798431
0.7596361514739874
1.2959005729160882
0.24848561234343505
1.9523691916551598
0.06369345208706917
2.011632635485149
0.8827700393439494
0.058067108804944756
1.6591101753468775
1.376528269090531
0.16147327834659453
1.7782172432604657
0.604928341318434
1.0224647412985595
2.1760482408141457
0.32254571232547946
0.21814519775641492
2.6442024877232275
0.9547169632125153
0.15676581511421103
0.90338965311084
3.224067129577421
0.26001630353093225
0.17893669857690875
2.216754101432955
0.5006886997481952
0.7864351753613169
2.587051324071256
0.139602996167027
0.9903008796449689
0.2447659914302532
0.3399689811572712
0.8704287538606458
2.098181797631525
1.5534032765935049
0.17049639246301326
0.8007054024582375
0.4996379931114432
0.1443830221619618
3.143688941175012
0.7397087419955721
0.5471731261023246
0.6614817735858871
0.19766553132286818
1.3399422955170452
2.8189605731360516
0.15950012450379192
0.5559064825650971
0.5056672147261463
0.4113552579241662
1.9606723094925824
0.5759584735366693
1.8982624652840103
0.21852309800146827
0.5853733126156184
0.5893086725180353
0.5032830398793869
2.5015450673880903
1.2333917838656638
0.2697663148013783
0.357030170696805
1.7023679117995658
1.142122809386223
1.396314794746804
0.6518245791241176
0.38707612539518366
0.381372941170753
1.3668758623076365
1.3263924248509025
1.5256757004654977
0.5387028947574038
0.5442817229959845
0.4702013627227925
2.4161395549676064
0.3681160511250642
1.0001690805436694
0.5819816465715955
1.334355942489981
0.4276319250155323
2.072732821744545
1.0076536333963295
0.2027285279079707
0.6952070192806821
0.10734323865902462
2.619497861956896
0.40030045982440515
0.9973861347553218
0.9267270570711695
1.0931409528368878
0.3281122339694142
1.8106871957980142
1.267600901674415
0.7892428575096766
0.012579783434848522
1.9111521863714043
1.0364435034187633
0.9151517295451286
1.084563383187027
0.47628631233566937
0.965470368660758
1.4558470566412236
1.378757872840993
0.9237764672266641
0.08375873633890628
1.3242575190278927
1.5326195636058526
0.6228008191094048
0.9625133237155561
1.418447215144695
1.0981874255767103
0.6727348734445711
1.1817763464440576
1.26928336510419
0.3261259397997492
0.7319468995204137
1.8906147437163017
0.5255380126967086
1.1193943131647288
1.45852889179396
0.7727743391204704
0.7942763924444837
1.3651144092490477
0.6710525270235691
0.5525189632044201
1.9754967700435302
0.40266513472789733
1.2387089060479943
1.5475992589957355
0.475953695921996
0.7707168309745226
1.7089313315759551
0.49218327321587063
0.8183429976474204
1.8222435892214113
0.32540570775628175
1.529895836067114
1.3836070007263863
0.23382493856937442
0.9107409448426351
1.9990504193354042
0.3135399841565465
1.0521709191293855
1.6893163722104239
0.2573288293374614
1.691785694729931
0.7534097949454652
0.7821131548895753
0.3819127495471916
2.1066267201044186
0.1888520710731842
0.9200377258521947
1.5804824203016157
1.5905948824629004
0.05920849210633981
1.1474807409612167
0.2017862127677029
2.037116883854728
0.08323350986692168
1.230161006332729
1.718537052442235
0.8745788815658039
0.5404449275812168
0.9566399430982978
0.9840681250852344
0.4806035541622905
1.4812714981301487
1.4664304870212095
1.2697718637267952
0.03968166056735711
0.906970218902211
1.764811618680485
0.5474495128341376
0.7244731074815821
1.548471194609074
1.5189416936115283
0.6170730696823605
0.7278898988724881
0.2281364663500112
1.7320856585194582
0.9166063432821536
1.225636497609381
1.6273021955592197
0.19138849019327817
0.26417772724420546
1.5127896320405945
0.2710927775822697
1.5661576766379233
1.2799937097624268
1.252029117073376
0.4484627384999981
0.5286474515503321
1.575027224869365
0.5679825777559484
1.3231542157979452
1.503659171989376
0.8888405686132547
0.445568240486679
0.3993767468681611
1.740713955073835
0.8129814218397644
1.2426185547313449
1.55156132292157
0.06363066204324506
1.139523817798509
0.18803520331300108
1.597118778873685
1.2500740165949111
1.2255778462117912
0.5885883381256845
0.44060358792257664
1.5309137527001933
0.4882154130475226
1.2443291471206308
2.230169975896146
0.30721084077728494
0.29801516625200386
1.744219697327033
0.8442670933652169
1.218494063809959
1.5499368363296564
0.057856142280922736
1.1308684256943027
0.18487563844955573
1.4336800905842915
2.3916588239298306
0.37091395059165566
0.34588644263396207
1.5657802526462201
0.5641028813217146
1.1788994780274162
2.1381189634170976
0.43668722501995666
0.15972376969363286
1.3618732879220703
2.0971453091208034
1.0241078815236169
0.05114346402998907
1.2381615664956025
0.30564135867590714
1.3734654187811979
2.478578581340392
0.1687164535871791
0.3312388445193652
1.1525093556976291
1.6100798369780027
1.498989316918929
0.6178825193188281
0.010733880676343264
1.4602823263128837
2.2900021399364388
0.7293653600189212
0.12767061769816776
0.885049368289777
1.6771847521672214
1.9498872326216403
0.15054227128601488
0.2857281697277108
1.2843259786303083
1.6884856206147583
0.9551987882060083
0.5317746388500197
1.2599172848418059
2.0590852785378195
0.32471336593773953
0.26120593155190386
1.0691654413858118
1.6155028544689316
1.2683392337757016
0.42683191896093203
1.046419156244063
1.6777021865599397
0.6899833358521673
0.6312139105806109
1.3612347834107568
1.5884165210121945
0.32708076997582813
0.908001802173041
1.6582748133579759
0.9368558565993348
0.4966391783591036
1.0325773061279615
1.6871972049373312
0.6486516224525433
1.142908870075312
1.1818548608689468
0.4125374216537423
0.9436098640944371
1.8611997932072903
0.5393101040604386
0.9143292677205231
1.270105126377625
0.7061863767896409
1.6282126600613271
0.4862909622262594
0.8642506972522436
1.237119263264066
0.5646532067032771
1.666101562864806
0.7236070669223352
0.9980535186328652
0.533414548266508
1.5281129053484874
0.5012762502143622
1.304631441744621
1.3811873659799194
0.37659338136346193
1.0412137192741646
