0.391970703919707
0.465210904652109
0.571002305710023
0.604909806049098
0.617116506171165
0.61033500610335
0.584565305845653
0.580496405804964
0.585921605859216
0.585921605859216
0.511325105113251
0.496405804964058
0.459785704597857
0.400108504001085
0.377051403770514
0.340431303404313
0.302454903024549
0.238708802387088
0.223789502237895
0.214295402142954
0.1356300013563
0.138342601383426
0.117998101179981
0.080021700800217
0.062389800623898
0.052895700528957
0.047470500474705
0.04068900040689
0.031194900311949
0.032551200325512
0.033907500339075
0.016275600162756
0.006781500067815
0.01356300013563
0.006781500067815
0.004068900040689
0.006781500067815
0.004068900040689
0.002712600027126
0.0
0.001356300013563
0.002712600027126
0.0
0.0
0.0
0.0
0.0
0.0
0.0
0.0
0.0
0.0
0.0
0.0
0.0
0.0
0.0
0.0
0.0
0.0
0.0
0.0
0.0
0.0
0.0
0.0
0.0
0.0
0.0
0.0
