0.484199104841991
0.55608300556083
0.581852705818527
0.587277905872779
0.594059405940594
0.580496405804964
0.565577105655771
0.591346805913468
0.577783805777838
0.512681405126814
0.484199104841991
0.444866404448664
0.46656720466567203
0.375695103756951
0.358063203580632
0.363488403634884
0.2712600027126
0.229214702292147
0.211582802115828
0.222433202224332
0.141055201410552
0.138342601383426
0.115285501152855
0.080021700800217
0.078665400786654
0.070527600705276
0.066458700664587
0.050183100501831
0.046114200461142
0.029838600298386
0.031194900311949
0.028482300284823
0.016275600162756
0.008137800081378
0.01356300013563
0.009494100094941
0.005425200054252
0.001356300013563
0.002712600027126
0.0
0.001356300013563
0.001356300013563
0.001356300013563
0.002712600027126
0.0
0.0
0.001356300013563
0.0
0.0
0.0
0.0
0.0
0.0
0.0
0.0
0.0
0.0
0.0
0.0
0.0
0.0
0.0
0.0
0.0
0.0
0.0
0.0
0.0
0.0
0.0
