0.504543605045436
0.522175505221755
0.554726705547267
0.617116506171165
0.59677200596772
0.566933405669334
0.6415299064152991
0.602197206021972
0.547945205479452
0.524888105248881
0.453004204530042
0.459785704597857
0.419096704190967
0.438084904380849
0.36620100366201
0.310592703105927
0.25769700257697
0.24006510240065101
0.222433202224332
0.200732402007324
0.16275600162756
0.12342330123423301
0.10850400108504
0.082734300827343
0.082734300827343
0.08815950088159501
0.052895700528957
0.052895700528957
0.046114200461142
0.032551200325512
0.033907500339075
0.018988200189882
0.012206700122067
0.016275600162756
0.014919300149193
0.005425200054252
0.005425200054252
0.001356300013563
0.004068900040689
0.002712600027126
0.001356300013563
0.001356300013563
0.0
0.002712600027126
0.0
0.0
0.0
0.0
0.0
0.0
0.0
0.0
0.0
0.0
0.0
0.0
0.0
0.0
0.0
0.0
0.0
0.0
0.0
0.0
0.0
0.0
0.0
0.0
0.0
0.0
