0.225145802251458
0.351281703512817
0.476061304760613
0.489624304896243
0.615760206157602
0.652380306523803
0.638817306388173
0.716126407161264
0.657805506578055
0.675437406754374
0.568289705682897
0.603553506035535
0.524888105248881
0.469279804692798
0.381120303811203
0.329580903295809
0.333649803336498
0.261765902617659
0.196663501966635
0.183100501831005
0.130204801302048
0.120710701207107
0.103078801030788
0.06781500067815
0.046114200461142
0.042045300420453
0.042045300420453
0.02712600027126
0.01356300013563
0.014919300149193
0.01356300013563
0.009494100094941
0.006781500067815
0.002712600027126
0.0
0.004068900040689
0.001356300013563
0.0
0.001356300013563
0.001356300013563
0.0
0.0
0.001356300013563
0.0
0.0
0.0
0.0
0.0
0.0
0.0
0.0
0.0
0.0
0.0
0.0
0.0
0.0
0.0
0.0
0.0
0.0
0.0
0.0
0.0
0.0
0.0
0.0
0.0
0.0
0.0
