0.438084904380849
0.552014105520141
0.566933405669334
0.589990505899905
0.591346805913468
0.667299606672996
0.562864505628645
0.585921605859216
0.55608300556083
0.5425200054252
0.476061304760613
0.469279804692798
0.41638410416384103
0.368913603689136
0.360775803607758
0.314661603146616
0.286179302861793
0.264478502644785
0.24006510240065101
0.172250101722501
0.166824901668249
0.145124101451241
0.10850400108504
0.096297300962973
0.080021700800217
0.085446900854469
0.055608300556083
0.043401600434016
0.048826800488268
0.033907500339075
0.016275600162756
0.02712600027126
0.009494100094941
0.010850400108504
0.008137800081378
0.005425200054252
0.01356300013563
0.005425200054252
0.005425200054252
0.004068900040689
0.004068900040689
0.001356300013563
0.002712600027126
0.0
0.0
0.0
0.0
0.0
0.0
0.0
0.0
0.0
0.0
0.0
0.0
0.0
0.0
0.0
0.0
0.0
0.0
0.0
0.0
0.0
0.0
0.0
0.0
0.0
0.0
0.0
