0.450291604502916
0.527600705276007
0.587277905872779
0.642886206428862
0.598128305981283
0.608978706089787
0.608978706089787
0.533025905330259
0.537094805370948
0.52895700528957
0.576427505764275
0.400108504001085
0.438084904380849
0.412315204123152
0.35263800352638003
0.330937203309372
0.273972602739726
0.254984402549844
0.21700800217008
0.185813101858131
0.141055201410552
0.111216601112166
0.111216601112166
0.124779601247796
0.086803200868032
0.062389800623898
0.063746100637461
0.050183100501831
0.046114200461142
0.024413400244134
0.025769700257697
0.021700800217008
0.021700800217008
0.005425200054252
0.012206700122067
0.009494100094941
0.004068900040689
0.004068900040689
0.002712600027126
0.005425200054252
0.0
0.0
0.0
0.0
0.0
0.0
0.0
0.0
0.0
0.0
0.0
0.0
0.0
0.0
0.0
0.0
0.0
0.0
0.0
0.0
0.0
0.0
0.0
0.0
0.0
0.0
0.0
0.0
0.0
0.0
