0.531669605316696
0.671368506713685
0.701207107012071
0.645598806455988
0.6415299064152991
0.604909806049098
0.514037705140377
0.507256205072562
0.499118404991184
0.454360504543605
0.419096704190967
0.4068900040689
0.37976400379764
0.35263800352638003
0.337718703377187
0.290248202902482
0.250915502509155
0.24413400244134
0.193950901939509
0.183100501831005
0.165468601654686
0.126135901261359
0.111216601112166
0.117998101179981
0.115285501152855
0.070527600705276
0.085446900854469
0.056964600569646
0.043401600434016
0.06781500067815
0.037976400379764
0.039332700393327
0.018988200189882
0.024413400244134
0.017631900176319
0.01356300013563
0.021700800217008
0.008137800081378
0.004068900040689
0.004068900040689
0.006781500067815
0.002712600027126
0.001356300013563
0.001356300013563
0.001356300013563
0.002712600027126
0.002712600027126
0.001356300013563
0.0
0.0
0.0
0.0
0.0
0.0
0.0
0.0
0.0
0.0
0.0
0.0
0.0
0.0
0.0
0.0
0.0
0.0
0.0
0.0
0.0
0.0
