0.739183507391835
0.71883900718839
0.634748406347484
0.607622406076224
0.543876305438763
0.564220805642208
0.509968805099688
0.490980604909806
0.471992404719924
0.435372304353723
0.482842804828428
0.419096704190967
0.363488403634884
0.335006103350061
0.292960802929608
0.283466702834667
0.260409602604096
0.188525701885257
0.207513902075139
0.164112301641123
0.158687101586871
0.12342330123423301
0.124779601247796
0.117998101179981
0.115285501152855
0.097653600976536
0.086803200868032
0.082734300827343
0.069171300691713
0.052895700528957
0.052895700528957
0.044757900447579
0.023057100230571
0.024413400244134
0.023057100230571
0.020344500203445
0.017631900176319
0.016275600162756
0.014919300149193
0.002712600027126
0.010850400108504
0.004068900040689
0.0
0.0
0.0
0.001356300013563
0.0
0.0
0.0
0.0
0.0
0.0
0.0
0.0
0.0
0.0
0.0
0.0
0.0
0.0
0.0
0.0
0.0
0.0
0.0
0.0
0.0
0.0
0.0
0.0
