0.717482707174827
0.659161806591618
0.646955106469551
0.604909806049098
0.571002305710023
0.604909806049098
0.518106605181066
0.511325105113251
0.446222704462227
0.459785704597857
0.505899905058999
0.371626203716262
0.364844703648447
0.301098603010986
0.303811203038112
0.272616302726163
0.265834802658348
0.218364302183643
0.208870202088702
0.195307201953072
0.158687101586871
0.139698901396989
0.138342601383426
0.100366201003662
0.105791401057914
0.071883900718839
0.090872100908721
0.073240200732402
0.080021700800217
0.055608300556083
0.052895700528957
0.033907500339075
0.031194900311949
0.028482300284823
0.025769700257697
0.016275600162756
0.012206700122067
0.010850400108504
0.008137800081378
0.006781500067815
0.006781500067815
0.002712600027126
0.0
0.0
0.001356300013563
0.0
0.0
0.0
0.0
0.0
0.0
0.0
0.0
0.0
0.0
0.0
0.0
0.0
0.0
0.0
0.0
0.0
0.0
0.0
0.0
0.0
0.0
0.0
0.0
0.0
