0.448935304489353
0.527600705276007
0.5425200054252
0.598128305981283
0.604909806049098
0.621185406211854
0.52895700528957
0.619829106198291
0.562864505628645
0.524888105248881
0.520819205208192
0.524888105248881
0.42994710429947103
0.415027804150278
0.349925403499254
0.322799403227994
0.292960802929608
0.265834802658348
0.219720602197206
0.180387901803879
0.151905601519056
0.138342601383426
0.113929201139292
0.100366201003662
0.077309100773091
0.056964600569646
0.059677200596772
0.032551200325512
0.031194900311949
0.020344500203445
0.016275600162756
0.014919300149193
0.021700800217008
0.021700800217008
0.012206700122067
0.009494100094941
0.005425200054252
0.002712600027126
0.004068900040689
0.004068900040689
0.0
0.001356300013563
0.0
0.001356300013563
0.0
0.0
0.0
0.0
0.0
0.0
0.0
0.0
0.0
0.0
0.0
0.0
0.0
0.0
0.0
0.0
0.0
0.0
0.0
0.0
0.0
0.0
0.0
0.0
0.0
0.0
