0.50183100501831
0.543876305438763
0.61033500610335
0.636104706361047
0.660518106605181
0.600840906008409
0.632035806320358
0.553370405533704
0.564220805642208
0.489624304896243
0.454360504543605
0.435372304353723
0.375695103756951
0.344500203445002
0.329580903295809
0.291604502916045
0.29838600298386
0.241421402414214
0.192594601925946
0.168181201681812
0.146480401464804
0.134273701342737
0.119354401193544
0.097653600976536
0.084090600840906
0.089515800895158
0.066458700664587
0.070527600705276
0.061033500610335
0.051539400515394
0.032551200325512
0.028482300284823
0.009494100094941
0.010850400108504
0.017631900176319
0.010850400108504
0.010850400108504
0.008137800081378
0.009494100094941
0.002712600027126
0.004068900040689
0.005425200054252
0.002712600027126
0.001356300013563
0.0
0.0
0.0
0.0
0.0
0.0
0.0
0.0
0.0
0.0
0.0
0.0
0.0
0.0
0.0
0.0
0.0
0.0
0.0
0.0
0.0
0.0
0.0
0.0
0.0
0.0
