0.260409602604096
0.360775803607758
0.462498304624983
0.51539400515394
0.619829106198291
0.659161806591618
0.7052760070527601
0.707988607079886
0.576427505764275
0.626610606266106
0.585921605859216
0.572358605723586
0.509968805099688
0.419096704190967
0.385189203851892
0.355350603553506
0.336362403363624
0.248202902482029
0.184456801844568
0.192594601925946
0.145124101451241
0.111216601112166
0.115285501152855
0.084090600840906
0.056964600569646
0.050183100501831
0.039332700393327
0.031194900311949
0.029838600298386
0.009494100094941
0.016275600162756
0.002712600027126
0.008137800081378
0.002712600027126
0.004068900040689
0.001356300013563
0.001356300013563
0.002712600027126
0.001356300013563
0.001356300013563
0.0
0.001356300013563
0.0
0.0
0.0
0.0
0.0
0.0
0.0
0.0
0.0
0.0
0.0
0.0
0.0
0.0
0.0
0.0
0.0
0.0
0.0
0.0
0.0
0.0
0.0
0.0
0.0
0.0
0.0
0.0
