0.40282110402821103
0.505899905058999
0.575071205750712
0.584565305845653
0.588634205886342
0.63746100637461
0.626610606266106
0.599484605994846
0.545232605452326
0.533025905330259
0.523531805235318
0.485555404855554
0.454360504543605
0.43401600434016
0.372982503729825
0.316017903160179
0.263122202631222
0.253628102536281
0.235996202359962
0.155974501559745
0.170893801708938
0.130204801302048
0.12206700122067
0.082734300827343
0.077309100773091
0.071883900718839
0.05425200054252
0.043401600434016
0.024413400244134
0.023057100230571
0.021700800217008
0.016275600162756
0.024413400244134
0.005425200054252
0.012206700122067
0.010850400108504
0.006781500067815
0.001356300013563
0.001356300013563
0.0
0.002712600027126
0.001356300013563
0.0
0.001356300013563
0.0
0.0
0.0
0.0
0.0
0.0
0.0
0.0
0.0
0.0
0.0
0.0
0.0
0.0
0.0
0.0
0.0
0.0
0.0
0.0
0.0
0.0
0.0
0.0
0.0
0.0
