0.50183100501831
0.495049504950495
0.580496405804964
0.59677200596772
0.649667706496677
0.543876305438763
0.562864505628645
0.576427505764275
0.602197206021972
0.497762104977621
0.499118404991184
0.421809304218093
0.451647904516479
0.408246304082463
0.359419503594195
0.316017903160179
0.306523803065238
0.288891902888919
0.21700800217008
0.174962701749627
0.168181201681812
0.145124101451241
0.112572901125729
0.107147701071477
0.073240200732402
0.058320900583209004
0.051539400515394
0.046114200461142
0.029838600298386
0.029838600298386
0.021700800217008
0.035263800352638
0.020344500203445
0.01356300013563
0.009494100094941
0.008137800081378
0.005425200054252
0.002712600027126
0.002712600027126
0.002712600027126
0.0
0.001356300013563
0.001356300013563
0.001356300013563
0.001356300013563
0.0
0.0
0.0
0.0
0.0
0.0
0.0
0.0
0.0
0.0
0.0
0.0
0.0
0.0
0.0
0.0
0.0
0.0
0.0
0.0
0.0
0.0
0.0
0.0
0.0
