0.419096704190967
0.520819205208192
0.579140105791401
0.62389800623898
0.606266106062661
0.608978706089787
0.602197206021972
0.632035806320358
0.585921605859216
0.508612505086125
0.467923504679235
0.439441204394412
0.446222704462227
0.410958904109589
0.378407703784077
0.294317102943171
0.288891902888919
0.291604502916045
0.210226502102265
0.150549301505493
0.14919300149193
0.12206700122067
0.11664180116641801
0.096297300962973
0.084090600840906
0.078665400786654
0.056964600569646
0.043401600434016
0.035263800352638
0.017631900176319
0.028482300284823
0.024413400244134
0.018988200189882
0.016275600162756
0.012206700122067
0.008137800081378
0.008137800081378
0.004068900040689
0.004068900040689
0.006781500067815
0.0
0.0
0.0
0.001356300013563
0.001356300013563
0.0
0.0
0.0
0.0
0.0
0.0
0.0
0.0
0.0
0.0
0.0
0.0
0.0
0.0
0.0
0.0
0.0
0.0
0.0
0.0
0.0
0.0
0.0
0.0
0.0
