0.457073104570731
0.554726705547267
0.56964600569646
0.545232605452326
0.594059405940594
0.6144039061440391
0.621185406211854
0.564220805642208
0.5506578055065781
0.5506578055065781
0.523531805235318
0.453004204530042
0.473348704733487
0.385189203851892
0.335006103350061
0.310592703105927
0.32551200325512
0.223789502237895
0.225145802251458
0.180387901803879
0.173606401736064
0.139698901396989
0.101722501017225
0.09494100094941
0.08815950088159501
0.06781500067815
0.052895700528957
0.046114200461142
0.050183100501831
0.029838600298386
0.021700800217008
0.017631900176319
0.012206700122067
0.010850400108504
0.006781500067815
0.008137800081378
0.005425200054252
0.004068900040689
0.002712600027126
0.005425200054252
0.001356300013563
0.001356300013563
0.0
0.0
0.0
0.0
0.0
0.0
0.0
0.0
0.0
0.0
0.0
0.0
0.0
0.0
0.0
0.0
0.0
0.0
0.0
0.0
0.0
0.0
0.0
0.0
0.0
0.0
0.0
0.0
