0.450291604502916
0.471992404719924
0.558795605587956
0.59677200596772
0.607622406076224
0.661874406618744
0.618472806184728
0.604909806049098
0.519462905194629
0.55608300556083
0.518106605181066
0.448935304489353
0.439441204394412
0.412315204123152
0.370269903702699
0.291604502916045
0.299742302997423
0.23328360233283602
0.214295402142954
0.177675301776753
0.166824901668249
0.136986301369863
0.12206700122067
0.086803200868032
0.085446900854469
0.073240200732402
0.056964600569646
0.048826800488268
0.037976400379764
0.036620100366201
0.025769700257697
0.009494100094941
0.009494100094941
0.008137800081378
0.008137800081378
0.004068900040689
0.009494100094941
0.008137800081378
0.002712600027126
0.002712600027126
0.004068900040689
0.002712600027126
0.0
0.0
0.0
0.001356300013563
0.0
0.0
0.0
0.0
0.0
0.0
0.0
0.0
0.0
0.0
0.0
0.0
0.0
0.0
0.0
0.0
0.0
0.0
0.0
0.0
0.0
0.0
0.0
0.0
