0.231927302319273
0.353994303539943
0.458429404584294
0.587277905872779
0.618472806184728
0.634748406347484
0.65102400651024
0.687644106876441
0.656449206564492
0.65102400651024
0.59677200596772
0.522175505221755
0.507256205072562
0.42994710429947103
0.4068900040689
0.374338803743388
0.32551200325512
0.264478502644785
0.207513902075139
0.157330801573308
0.11664180116641801
0.126135901261359
0.080021700800217
0.08815950088159501
0.043401600434016
0.059677200596772
0.036620100366201
0.036620100366201
0.024413400244134
0.012206700122067
0.016275600162756
0.009494100094941
0.010850400108504
0.004068900040689
0.005425200054252
0.004068900040689
0.001356300013563
0.001356300013563
0.0
0.0
0.0
0.0
0.0
0.0
0.0
0.0
0.0
0.0
0.0
0.0
0.0
0.0
0.0
0.0
0.0
0.0
0.0
0.0
0.0
0.0
0.0
0.0
0.0
0.0
0.0
0.0
0.0
0.0
0.0
0.0
