0.443510104435101
0.505899905058999
0.56964600569646
0.613047606130476
0.602197206021972
0.636104706361047
0.599484605994846
0.580496405804964
0.514037705140377
0.534382205343822
0.516750305167503
0.467923504679235
0.454360504543605
0.368913603689136
0.375695103756951
0.353994303539943
0.295673402956734
0.252271802522718
0.212939102129391
0.16275600162756
0.165468601654686
0.126135901261359
0.107147701071477
0.105791401057914
0.084090600840906
0.080021700800217
0.065102400651024
0.046114200461142
0.024413400244134
0.024413400244134
0.023057100230571
0.024413400244134
0.017631900176319
0.010850400108504
0.009494100094941
0.005425200054252
0.004068900040689
0.005425200054252
0.006781500067815
0.0
0.004068900040689
0.0
0.0
0.0
0.0
0.0
0.0
0.0
0.0
0.0
0.0
0.0
0.0
0.0
0.0
0.0
0.0
0.0
0.0
0.0
0.0
0.0
0.0
0.0
0.0
0.0
0.0
0.0
0.0
0.0
