0.282110402821104
0.424521904245219
0.511325105113251
0.571002305710023
0.642886206428862
0.625254306252543
0.603553506035535
0.671368506713685
0.576427505764275
0.572358605723586
0.558795605587956
0.539807405398074
0.490980604909806
0.432659704326597
0.385189203851892
0.385189203851892
0.326868303268683
0.253628102536281
0.221076902210769
0.16953750169537501
0.134273701342737
0.131561101315611
0.096297300962973
0.103078801030788
0.075952800759528
0.044757900447579
0.050183100501831
0.035263800352638
0.020344500203445
0.018988200189882
0.017631900176319
0.004068900040689
0.010850400108504
0.004068900040689
0.002712600027126
0.002712600027126
0.001356300013563
0.001356300013563
0.0
0.0
0.0
0.0
0.0
0.0
0.0
0.0
0.0
0.0
0.0
0.0
0.0
0.0
0.0
0.0
0.0
0.0
0.0
0.0
0.0
0.0
0.0
0.0
0.0
0.0
0.0
0.0
0.0
0.0
0.0
0.0
