0.55608300556083
0.630679506306795
0.642886206428862
0.600840906008409
0.676793706767937
0.571002305710023
0.592703105927031
0.507256205072562
0.520819205208192
0.48013020480130203
0.455716804557168
0.439441204394412
0.383832903838329
0.341787603417876
0.326868303268683
0.273972602739726
0.263122202631222
0.206157602061576
0.192594601925946
0.187169401871694
0.157330801573308
0.145124101451241
0.115285501152855
0.107147701071477
0.107147701071477
0.078665400786654
0.084090600840906
0.069171300691713
0.048826800488268
0.046114200461142
0.036620100366201
0.024413400244134
0.02712600027126
0.028482300284823
0.017631900176319
0.009494100094941
0.008137800081378
0.006781500067815
0.004068900040689
0.008137800081378
0.005425200054252
0.002712600027126
0.002712600027126
0.004068900040689
0.0
0.001356300013563
0.004068900040689
0.0
0.0
0.0
0.0
0.0
0.0
0.0
0.0
0.0
0.0
0.0
0.0
0.0
0.0
0.0
0.0
0.0
0.0
0.0
0.0
0.0
0.0
0.0
