0.286179302861793
0.385189203851892
0.462498304624983
0.531669605316696
0.598128305981283
0.621185406211854
0.671368506713685
0.659161806591618
0.667299606672996
0.625254306252543
0.585921605859216
0.538451105384511
0.516750305167503
0.490980604909806
0.372982503729825
0.356706903567069
0.261765902617659
0.24413400244134
0.223789502237895
0.188525701885257
0.14919300149193
0.119354401193544
0.09494100094941
0.077309100773091
0.071883900718839
0.046114200461142
0.042045300420453
0.021700800217008
0.017631900176319
0.014919300149193
0.021700800217008
0.005425200054252
0.009494100094941
0.002712600027126
0.006781500067815
0.004068900040689
0.001356300013563
0.002712600027126
0.002712600027126
0.0
0.0
0.0
0.0
0.0
0.0
0.0
0.0
0.0
0.0
0.0
0.0
0.0
0.0
0.0
0.0
0.0
0.0
0.0
0.0
0.0
0.0
0.0
0.0
0.0
0.0
0.0
0.0
0.0
0.0
0.0
