0.2712600027126
0.349925403499254
0.497762104977621
0.500474705004747
0.618472806184728
0.618472806184728
0.686287806862878
0.687644106876441
0.659161806591618
0.591346805913468
0.562864505628645
0.55608300556083
0.539807405398074
0.489624304896243
0.389258103892581
0.307880103078801
0.347212803472128
0.241421402414214
0.212939102129391
0.16275600162756
0.145124101451241
0.14919300149193
0.082734300827343
0.070527600705276
0.065102400651024
0.046114200461142
0.046114200461142
0.028482300284823
0.024413400244134
0.017631900176319
0.006781500067815
0.001356300013563
0.009494100094941
0.005425200054252
0.002712600027126
0.004068900040689
0.002712600027126
0.0
0.0
0.0
0.0
0.001356300013563
0.0
0.0
0.0
0.0
0.0
0.0
0.0
0.0
0.0
0.0
0.0
0.0
0.0
0.0
0.0
0.0
0.0
0.0
0.0
0.0
0.0
0.0
0.0
0.0
0.0
0.0
0.0
0.0
