0.682218906822189
0.712057507120575
0.653736606537366
0.642886206428862
0.59677200596772
0.585921605859216
0.549301505493015
0.473348704733487
0.47470500474705
0.419096704190967
0.442153804421538
0.372982503729825
0.383832903838329
0.295673402956734
0.288891902888919
0.286179302861793
0.264478502644785
0.215651702156517
0.170893801708938
0.172250101722501
0.179031601790316
0.172250101722501
0.126135901261359
0.120710701207107
0.111216601112166
0.09494100094941
0.074596500745965
0.08815950088159501
0.050183100501831
0.052895700528957
0.059677200596772
0.037976400379764
0.035263800352638
0.037976400379764
0.010850400108504
0.020344500203445
0.008137800081378
0.01356300013563
0.004068900040689
0.006781500067815
0.002712600027126
0.006781500067815
0.001356300013563
0.001356300013563
0.0
0.0
0.0
0.0
0.0
0.0
0.0
0.0
0.0
0.0
0.0
0.0
0.0
0.0
0.0
0.0
0.0
0.0
0.0
0.0
0.0
0.0
0.0
0.0
0.0
0.0
