0.0
1.5577921795744962
2.1165142392338163
2.5319010245792195
2.7899844202121784
2.996193036513609
3.1465205729551187
3.2498912471402335
3.3216163952871467
3.372712039783648
3.4149566842861114
3.453507603426332
3.4671655696264074
3.4576871605045874
3.4464968279935935
3.4305591225795116
3.4132761871427784
3.383110505090757
3.3467029282969505
3.292204177267668
3.215430772903102
3.1147075271935583
2.978975035877789
2.8679614370961293
2.8382695408558303
2.8623081756252393
2.884513630989875
2.9571167815471506
3.03943756636213
3.0979620358999185
3.1839448149235094
3.269706684955363
3.3240521337027418
3.3620410179525617
3.421791711277966
3.457601934669266
3.494910186609504
3.521921026262731
3.533497797055944
3.529539648796204
3.50497294913841
3.4582973507998687
3.409645977633341
3.386408740536441
3.3920513430130885
3.406396157489554
3.4203935923813527
3.418796860878851
3.4051681716978828
3.3652678283141864
3.3308276693293744
3.2976257856381492
3.2811657784204353
3.268099325310376
3.2462604872526155
3.2493423659131366
3.2788215022194063
3.3102428598004536
3.359500052483058
3.3993277876796926
3.4091761266691263
3.403147076172038
3.405866987898763
3.4240438532099615
3.444089860660613
3.4780570795388597
3.5037218059762
3.515796528980929
3.5211949589622065
3.5087725749943104
3.5000592457433672
3.4833326128265725
3.456126661594589
3.432646305808551
3.414095717312662
3.4071095528481834
3.406596218723359
3.4277204331228206
3.4475059403101023
3.4566974803929122
3.448994637480498
3.4095155844072815
3.3747596944415443
3.3772006321040067
3.402224802749394
3.444621682394893
3.466710639397534
3.4788522859313975
3.48485163361803
3.4763881390072027
3.4502391568724273
3.4223115790947487
3.4115710700501642
3.410977204651094
3.4090973253007295
3.4155797480155985
3.4393800814737534
3.477353811574746
3.5089701923516072
3.5318824180883297
3.5401291375546013
3.5135401562462025
3.4647764906705802
3.465431500265475
3.4868102564238264
3.496288643148687
3.5079684755339615
3.4969044993543736
3.4679976496423848
3.4555081150398155
3.4542853017516775
3.4412763012427643
3.427967260404274
3.420422613753513
3.4196007236571484
3.4321218275934244
3.4547884595686753
3.4849241991004547
3.4839597843951022
3.511167461048217
3.506471951963476
3.494910639915296
3.4769247070918112
3.45578231064233
3.4563435795501762
3.4402215255580413
3.4554022188220586
3.461140094358935
3.4553864515464343
3.473467046119225
3.4837336608831038
3.4755639835831813
3.473987958810013
3.485063582907078
3.47701384223547
3.488215222361187
3.494879063404844
3.4980919065853846
3.4917700019382796
3.487173980304292
3.49194191553911
3.4861674839658225
3.4605136501435867
3.423741737501746
3.4269484329240063
3.414046307625312
3.4162565189068586
3.4286552816377847
3.4380138250282144
3.435913211680459
3.43475363304539
3.430960705873302
3.4418683773047114
3.4505705329278586
3.4735380755178413
3.476593955783816
3.4656527742117733
3.46355918339391
3.460835280407575
3.4666798007520105
3.4527220830019765
3.4639413224290143
3.4606083220907555
3.438710921292015
3.4240969553571086
3.4166564067318483
3.411436364053883
3.4174262634922226
3.4222268693715128
3.4466492072158625
3.4548877120679995
3.4658280280474747
3.4752360134615405
3.472349114613882
3.4688838723252426
3.473573672828419
3.466099461039081
3.467892706451032
3.4509095849774027
3.4500747402212966
3.4495963087320716
3.4381629795722777
3.404085460638668
3.3848601146243893
3.393010421995812
3.388878994499843
3.3854058276154766
3.381654936409858
3.40123143813158
3.4177418993135253
3.440139045167156
3.4528898318791432
3.473608692640469
3.474784103028427
3.483661363877352
3.48855034347409
3.4746670306727685
3.490909385354155
3.4741497518905504
3.485354287946951
3.4813136208602042
3.4763471848491703
3.4537471153803985
3.417267713020717
3.391271968545408
3.3692913374227276
3.403992748870111
3.410149221940747
3.41389873801114
3.4180589526390888
3.4335982072030777
3.4338007516925755
3.4503009308430403
3.451362099281978
3.451121742152437
3.456896632000127
3.4672701138751822
3.47839886984847
3.4710486625458987
3.477189831761496
3.4850526127630435
3.4799043153598848
3.480322891042947
3.4519995819743805
3.4407029054890144
3.436023089670976
3.432790758857445
3.4372823824361096
3.4339621877217663
3.4443113185408123
3.4575845597245816
3.461630535234105
3.4533072556415645
3.4583328097259507
3.4583441066824463
3.465590788002052
3.467910411996333
3.455150797410175
3.4583899822638493
3.468135614912617
3.475164735977541
3.4791381305692637
3.478088104887456
3.462220151227883
3.47029422833778
3.458149663107942
3.460062985278751
3.4507141652137543
3.463118372983505
3.4662071263873306
3.477144338959176
3.4706209223816007
3.46336025415531
3.470022191383101
3.4595530658023614
3.466954218996118
3.4639968117366546
3.4674909134219796
3.4825510692506203
3.4673020156808265
3.4805152739600937
3.4790461298049724
3.4796423033944186
3.4681605629664087
3.4488847152305047
3.4652457362809677
3.4737112314699843
3.46719983577854
3.4656363531229015
3.4757888938400905
3.4799179903475568
3.471725173787072
3.479386820174787
3.4731891835957596
3.470931688324667
3.461085369137435
3.4782340755597825
3.4842549127235394
3.4837591667140972
3.477164192390079
3.471994502523869
3.4662953321725696
3.468000466898727
3.4641332069282855
3.4590307225275163
3.444319721041662
3.461328225223001
3.465792187018571
3.458647812366273
3.455596544962719
3.4378159725896467
3.4475992621571954
3.452292126225191
3.4582026184884427
3.4634911527118635
3.453019130530457
3.445195466489179
3.4709527129256097
3.48258309801902
3.4987158222411128
3.4929986556115393
3.4953533018122673
3.49832885212538
3.4981946763307783
3.479569382421681
3.4702396349349867
3.4727405518160466
3.475086779431836
3.463132130623351
3.43743080869777
3.433491099937105
3.416199568220399
3.42239056681744
3.4368574538336003
3.437283263198326
3.4414013753134025
3.4400376163940534
3.4559177788623963
3.4805481590766356
3.4718152167104646
3.4842882519294345
3.4821435401525798
3.47856860814617
3.4703915785708084
3.480298332894333
3.466235297977098
3.4637243228461267
3.4641186264659636
3.482707127851489
3.4831260407008187
3.4716986381374406
3.4692359496312863
3.4562188429871084
3.416641505634324
3.43695363366328
3.43838728984067
3.4308342179994487
3.4496820749631953
3.463763719339268
3.4645058319317386
3.4651185679245193
3.425389658493548
3.4313253986159156
3.449692034048659
3.433070087340576
3.4258092608652797
3.435256347926889
3.4242485484029697
3.4560917381179133
3.4710642729269887
3.4694486365207933
3.466745734572637
3.4721780967198344
3.4625791434516953
3.451084623773658
3.4667528408584953
3.465472200649953
3.4729082114888286
3.4789024859863273
3.493456398213961
3.4702289482388133
3.47126207294065
3.4634745376693097
3.4528546388273766
3.441792066764823
3.442220282683489
3.431692426231771
3.422935782471722
3.4226786024084186
3.426089706090516
3.4274650927147112
3.41979334736898
3.4283244869706997
3.4122083161082846
3.4228712856358
3.4431995784283926
3.4565281767232996
3.4738628189402374
3.4880420483366583
3.4988719263485795
3.500725437057384
3.4899437787993746
3.4690673204714675
3.4666156781774804
3.458050450834609
3.4439281446755023
3.436032799626787
3.4435596540355147
3.454623781168922
3.4630951799923633
3.4451820317717843
3.4453775508212887
3.44743857914365
3.4295636806963548
3.4358291779415056
3.4467826217575155
3.4346775775301914
3.4424696886563044
3.4230034753463183
3.441513437571416
3.470539415936528
