0.5588078765300691
0.5907397551889303
0.5508249068653539
0.6412985630654603
0.46833422032996275
0.5188930282064927
0.4417243214475785
0.3379457158062799
0.23416711016498137
0.14635444385311336
0.13571048430015967
0.11708355508249069
0.07982969664715274
0.03459286854709952
0.05854177754124534
0.03725385843533795
0.021287919105907396
0.007982969664715274
0.007982969664715274
0.0026609898882384245
0.0026609898882384245
0.005321979776476849
0.0
0.0
0.0
0.0
0.0
0.0
0.0
0.0
0.0
0.0
0.0
0.0
0.0
0.0
0.0
0.0
0.0
0.0
