7.447097973176015e-29
0.1461332883779052
0.5402486487822247
1.0642778242248436
1.5646882699754034
1.899605961852067
1.9787974368239014
1.7856945281966716
1.3779121019877185
0.8686604751070522
0.395135974136781
0.08204166943713964
0.009308124205936111
0.19228895890703382
0.5794451977308501
1.067361377695112
1.5280171738907113
1.840767386316996
1.9218333623901571
1.7457526286634186
1.3545120320620343
0.8509419311973566
0.37493189740020844
0.06560263688457402
0.019000359915953568
0.2556286858525126
0.7109778270067681
1.2540550430610768
1.727669607536906
1.9961142149698239
1.9845803311484194
1.6991539024732785
1.2230942143965289
0.6915994130352604
0.2525107327841501
0.024137443492447827
0.0626282690715574
0.34867460847677295
0.7967589894898573
1.2822262847082833
1.6761234175747375
1.8773864851774156
1.8354938591279932
1.5609038149954517
1.1229304983210566
0.6352090435881835
0.22958828830468342
0.022030865902120073
0.0785232526639531
0.3921630897628717
0.8810845894136358
1.4100101505981375
1.8292388461335964
2.018595010997364
1.9228241602434404
1.568274252578668
1.0561480140583117
0.533687618070072
0.15082894476280997
0.015108187650558226
0.15957264670948187
0.5348053705811949
1.0272502230654872
1.4959050274362349
1.8135267909557866
1.8993522606398623
1.7360558239957613
1.3699794973140285
0.8974877676063088
0.44141139049105416
0.12173435529575652
0.02561672274953257
0.1834662975469446
0.5582679140803777
1.0528915339866864
1.534753279656058
1.871428133111127
1.967384472746464
1.7918669808554424
1.3901715050439474
0.874093365364208
0.3921264072529748
0.08612171297404381
0.04714563048831507
0.28590591201928517
0.7292824418734671
1.2446047878265585
1.6821805448823006
1.9202699199779345
1.897926958613819
1.627709526436999
1.1877683590782382
0.698103134514108
0.28823822749760325
0.064176787305898
0.08210020266834762
0.33489027428354523
0.754734733865333
1.2310040229088801
1.638545008588126
1.8691869122193228
1.8592217403100795
1.6070209981191919
1.1765524976394008
0.6842975059174756
0.27008538277547134
0.057410884513375386
0.11447759963257155
0.429950214570323
0.9139131632607496
1.4251233974827824
1.8149950215668889
1.9726721084350738
1.8565560039926488
1.5038229696882048
1.0170098872444098
0.532989085168219
0.18372442413727344
0.059926121868929996
0.18772309341576224
0.5244912684889361
0.9738651578244477
1.4139870425206176
1.7298043367069458
1.8408293105267948
1.7190103921148276
1.3947172975051694
0.9506147620132507
0.5037884260572275
0.17771923123860875
0.06884370544974376
0.2165144615429179
0.5871308348844078
1.080206149667051
1.5563962583427822
1.8788541441773825
1.9543098209976102
1.7609220554948495
1.3547892162964872
0.8534735467386433
0.40126798927990304
0.12628498672993005
0.10252527520719461
0.32917809269424686
0.7337402171151042
1.1968638319700993
1.589138385182375
1.807025083783477
1.797749195069343
1.5686850122814164
1.1820470256478002
0.7383846687439868
0.3527856960035075
0.1276217094741178
0.12651997316631192
0.3556985493069011
0.7589974419403616
1.2301668994482402
1.640559324732677
1.8748330185661166
1.8643481460696711
1.6085085735585911
1.1774651706676238
0.6942159043848263
0.29970088663160727
0.11029613201435047
0.18119753521561813
0.4887927326422917
0.9388941705321069
1.3977563692152597
1.7340713434333799
1.8570701895903177
1.7392646730798746
1.4193655772365694
0.9875998924332717
0.5596547356078209
0.24664747834447362
0.12794247772058215
0.23234605178576678
0.5315318752451577
0.9472352913664134
1.3707346137954348
1.6900948281383783
1.8187202094314778
1.718538594451231
1.4122158707559676
0.9805421356661127
0.5436613459901037
0.22877649837186884
0.13212754398033913
0.28728616520695244
0.651924454258002
1.1194578026825932
1.552295302648206
1.8248147347080164
1.8610531617757804
1.655302019367795
1.270716201418145
0.8182381288028737
0.4233850579464998
0.19098178127622023
0.17766803364738357
0.379195929517762
0.7348813467930491
1.1464968787575778
1.5051484345291597
1.7185261488837167
1.7323448871356957
1.5424422112935643
1.196190170240904
0.7829318712298682
0.41393184055915244
0.1942713684113007
0.19257826893392466
0.4177576978027943
0.8120816306921118
1.2653820343465436
1.6471540074473738
1.8461828441556443
1.8045166421399288
1.534967107581089
1.117008838483239
0.6725930315142897
0.3293159299714636
0.182322643077129
0.2669747265276091
0.5508330907892954
0.9466838245408588
1.3408835107896018
1.626596814775855
1.7314594226954847
1.6330801713216887
1.3609019742085289
0.9866152380733849
0.6066014241173711
0.3197042982031818
0.20362723356668389
0.2942659985715344
0.5735045685647088
0.9705703857308605
1.37877478817434
1.6842471833111752
1.7986549223684034
1.6860880459186192
1.3757114744382535
0.9555720070843089
0.5481199436725365
0.2737165396822947
0.2132051012941441
0.3822779442250174
0.7270605913738636
1.1425693239569814
1.506870686083426
1.7182804299855485
1.72321886000063
1.527403551494953
1.1896770676059105
0.8028772119710663
0.46843811622213855
0.27125549846414315
0.25994425580988995
0.4359761764754539
0.7536184052756875
1.130820338806786
1.4690176928244236
1.677659349028198
1.6978992233948482
1.5197301646069343
1.1877132484310875
0.7922914965481908
0.4468187977870223
0.25496917629164706
0.2778866853763291
0.5126824222435566
0.8912845902930072
1.3012834090269232
1.6216093126566542
1.7602069368078976
1.6809164899115427
1.4117191122815664
1.0333989538772645
0.6537142103999579
0.3757893809699656
0.2701512871443341
0.3578313017097061
0.6080527555998261
0.9495447954619881
1.290945568107793
1.5441420404868063
1.6449348205577414
1.5673129556930558
1.329532781118775
0.9912119064894597
0.641080349443568
0.3761018820753251
0.27527119976730213
0.37483536744423407
0.6537073925581852
1.0360699341875426
1.4123200345978284
1.6721965701725678
1.7389833405131134
1.5933483661802184
1.279204177025235
0.8899397195384435
0.5395026534605277
0.3275634289798298
0.30997946082273325
0.4839947480785752
0.7923074712548681
1.1433041160364297
1.4393810577269712
1.6036605515007512
1.597784866713727
1.427953536179183
1.1403360279851942
0.8088447674814405
0.5182066211628735
0.34475039781311223
0.3376329455271234
0.5044392032015311
0.8059119043987568
1.1633352917180477
1.4784003493578988
1.6607361342552927
1.655048023174605
1.4593516132333813
1.128024353478588
0.7575474737392975
0.458079844378556
0.3191889270001147
0.3811656906010143
0.6223272232727549
0.9670948305935257
1.3115696933188405
1.5567083142658245
1.6372291799230243
1.5374950148615394
1.2915020567523994
0.9696133988127418
0.6577804835913574
0.4354564935267175
0.35713384410512894
0.44062882232106015
0.6636934740746113
0.969341134450547
1.2790262625941253
1.5113199189830613
1.6023247885165388
1.5232814928865182
1.2907898861677427
0.9658483706399721
0.6399053701748674
0.4097341460869632
0.34756205215838865
0.47640428248371997
0.7603898908314566
1.1149426333266332
1.433806434825085
1.623066230100828
1.6299856211585964
1.4573214131795849
1.1596959671761098
0.8247329019228138
0.5459900534707619
0.3963935671888119
0.4097797955588544
0.5748634416326371
0.8417470248313846
1.1375029399161676
1.3855253974974453
1.523580032029079
1.5171804041895032
1.3668396092601716
1.1087309759178912
0.8082575777724937
0.5461296626051614
0.3980975537506783
0.41254194777390496
0.593029250892386
0.8932787567946471
1.2284160124376386
1.5000761858455178
1.6271159425423016
1.5713827194356254
1.3498975980271404
1.0295471528878943
0.7060374866875937
0.47391489040443785
0.39752345051892785
0.4925494058032248
0.7239309444234912
1.0197601980744602
1.2950611822085918
1.4765578588242014
1.520735179839449
1.421491964419123
1.20796400667467
0.9354713838514779
0.6725844905523366
0.4862870916839364
