0.2656773575873624
0.3973192915270464
0.4858784107228339
0.5289612254667305
0.5648635710866443
0.6606031594064146
0.6701771182383915
0.6558161799904261
0.7276208712302537
0.5768310196266155
0.6055528961225467
0.5241742460507419
0.5122067975107707
0.44997606510292004
0.35902345619913834
0.3757778841550981
0.2728578267113451
0.24174246050741982
0.19147917663954045
0.1819052178075634
0.17472474868358065
0.09813307802776448
0.11728099569171853
0.07419818094782192
0.05983724269985639
0.04786979415988511
0.03590234561991383
0.050263283867879364
0.009573958831977022
0.01675442795595979
0.01675442795595979
0.004786979415988511
0.009573958831977022
0.009573958831977022
0.007180469123982767
0.0023934897079942556
0.0023934897079942556
0.004786979415988511
0.004786979415988511
0.004786979415988511
0.0
0.0
0.0
0.0
0.0
0.0
0.0
0.0
0.0
0.0
0.0
0.0
0.0
0.0
0.0
0.0
0.0
0.0
0.0
0.0
0.0
0.0
0.0
0.0
0.0
0.0
0.0
0.0
0.0
0.0
0.0
0.0
0.0
0.0
0.0
0.0
0.0
0.0
0.0
0.0
