0.5289612254667305
0.5792245093346099
0.6606031594064146
0.5887984681665869
0.607946385830541
0.5696505505026328
0.5241742460507419
0.5481091431306845
0.4595500239348971
0.5074198180947822
0.49784585926280517
0.5002393489707994
0.38535184298707514
0.3638104356151268
0.3662039253231211
0.3111536620392532
0.32551460028721874
0.22738152225945427
0.20105313547151746
0.19626615605552897
0.14360938247965532
0.16036381043561512
0.11728099569171853
0.12446146481570129
0.08137865007180468
0.06941120153183342
0.0430828147438966
0.055050263283867876
0.0430828147438966
0.031115366203925323
0.03350885591191958
0.050263283867879364
0.023934897079942556
0.007180469123982767
0.01675442795595979
0.014360938247965534
0.007180469123982767
0.009573958831977022
0.007180469123982767
0.0023934897079942556
0.0023934897079942556
0.0023934897079942556
0.0023934897079942556
0.0
0.0
0.0023934897079942556
0.0
0.0
0.0
0.0
0.0
0.0
0.0
0.0
0.0
0.0
0.0
0.0
0.0
0.0
0.0
0.0
0.0
0.0
0.0
0.0
0.0
0.0
0.0
0.0
0.0
0.0
0.0
0.0
0.0
0.0
0.0
0.0
0.0
0.0
