0.5600765916706558
0.6247008137865007
0.6318812829104835
0.6342747726184778
0.607946385830541
0.6797510770703685
0.5648635710866443
0.48827190043082813
0.5002393489707994
0.5457156534226902
0.43800861656294876
0.44279559597893725
0.3446625179511728
0.31594064145524176
0.33987553853518426
0.3111536620392532
0.24174246050741982
0.21302058401148874
0.14360938247965532
0.17951172809956917
0.18669219722355193
0.1460028721876496
0.13164193393968407
0.10292005744375299
0.07898516036381044
0.0909526089037817
0.11249401627573001
0.07419818094782192
0.05983724269985639
0.050263283867879364
0.03590234561991383
0.01675442795595979
0.023934897079942556
0.014360938247965534
0.019147917663954045
0.014360938247965534
0.009573958831977022
0.011967448539971278
0.0023934897079942556
0.0023934897079942556
0.0023934897079942556
0.0023934897079942556
0.0023934897079942556
0.0
0.0
0.0
0.0
0.0
0.0
0.0
0.0
0.0
0.0
0.0
0.0
0.0
0.0
0.0
0.0
0.0
0.0
0.0
0.0
0.0
0.0
0.0
0.0
0.0
0.0
0.0
0.0
0.0
0.0
0.0
0.0
0.0
0.0
0.0
0.0
0.0
