0.4595500239348971
0.6007659167065581
0.6414552417424605
0.5648635710866443
0.6845380564863571
0.5385351842987075
0.5528961225466731
0.5409286740067017
0.4786979415988511
0.5313547151747248
0.4619435136428913
0.4475825753949258
0.41886069889899474
0.34226902824317856
0.38535184298707514
0.3303015797032073
0.3015797032072762
0.23216850167544278
0.27525131641933936
0.17472474868358065
0.19626615605552897
0.14121589277166108
0.12206797510770703
0.12685495452369555
0.08377213977979894
0.08377213977979894
0.05983724269985639
0.055050263283867876
0.04786979415988511
0.0215414073719483
0.026328386787936812
0.028721876495931067
0.009573958831977022
0.014360938247965534
0.007180469123982767
0.007180469123982767
0.0
0.0
0.004786979415988511
0.0
0.0
0.0
0.0
0.0
0.0
0.0
0.0
0.0
0.0
0.0
0.0
0.0
0.0
0.0
0.0
0.0
0.0
0.0
0.0
0.0
0.0
0.0
0.0
0.0
0.0
0.0
0.0
0.0
0.0
0.0
0.0
0.0
0.0
0.0
0.0
0.0
0.0
0.0
0.0
0.0
