0.572044040210627
0.6247008137865007
0.6438487314504547
0.5648635710866443
0.5887984681665869
0.5600765916706558
0.5193872666347534
0.5887984681665869
0.44279559597893725
0.5193872666347534
0.47630445189085685
0.4786979415988511
0.3757778841550981
0.3877453326950694
0.3446625179511728
0.3063666826232647
0.3039731929152705
0.29439923408329344
0.2106270943034945
0.16515078985160364
0.16036381043561512
0.11010052656773575
0.1292484442316898
0.08855911919578746
0.07419818094782192
0.08377213977979894
0.057443752991862135
0.06701771182383916
0.052656773575873624
0.031115366203925323
0.04547630445189085
0.03350885591191958
0.023934897079942556
0.009573958831977022
0.014360938247965534
0.007180469123982767
0.0215414073719483
0.004786979415988511
0.007180469123982767
0.004786979415988511
0.0023934897079942556
0.0
0.0023934897079942556
0.0
0.0
0.0
0.0
0.0
0.0
0.0
0.0
0.0
0.0
0.0
0.0
0.0
0.0
0.0
0.0
0.0
0.0
0.0
0.0
0.0
0.0
0.0
0.0
0.0
0.0
0.0
0.0
0.0
0.0
0.0
0.0
0.0
0.0
0.0
0.0
0.0
