0.3709909047391096
0.48109143130684534
0.572044040210627
0.5744375299186213
0.572044040210627
0.6055528961225467
0.5816179990426041
0.6199138343705122
0.5552896122546673
0.5122067975107707
0.6247008137865007
0.5552896122546673
0.4595500239348971
0.44279559597893725
0.3877453326950694
0.31354715174724745
0.32072762087123025
0.2800382958353279
0.17472474868358065
0.17472474868358065
0.16275730014360937
0.08855911919578746
0.12446146481570129
0.06701771182383916
0.07419818094782192
0.057443752991862135
0.0430828147438966
0.04786979415988511
0.03590234561991383
0.014360938247965534
0.01675442795595979
0.014360938247965534
0.007180469123982767
0.01675442795595979
0.014360938247965534
0.004786979415988511
0.004786979415988511
0.011967448539971278
0.0023934897079942556
0.0023934897079942556
0.0023934897079942556
0.007180469123982767
0.0
0.0
0.0
0.0
0.0
0.0
0.0
0.0
0.0
0.0
0.0
0.0
0.0
0.0
0.0
0.0
0.0
0.0
0.0
0.0
0.0
0.0
0.0
0.0
0.0
0.0
0.0
0.0
0.0
0.0
0.0
0.0
0.0
0.0
0.0
0.0
0.0
0.0
