0.5481091431306845
0.5624700813786501
0.5959789372905696
0.5864049784585926
0.5576831019626616
0.6127333652465294
0.5792245093346099
0.5122067975107707
0.5361416945907133
0.46433700335088557
0.5026328386787937
0.4906653901388224
0.43800861656294876
0.40689325035902346
0.33987553853518426
0.3446625179511728
0.2848252752513164
0.2656773575873624
0.17951172809956917
0.1723312589755864
0.1555768310196266
0.16275730014360937
0.13882240306366683
0.14360938247965532
0.07659167065581618
0.0646242221158449
0.055050263283867876
0.0430828147438966
0.03590234561991383
0.023934897079942556
0.0215414073719483
0.023934897079942556
0.0215414073719483
0.01675442795595979
0.0
0.007180469123982767
0.004786979415988511
0.007180469123982767
0.014360938247965534
0.0
0.0
0.0023934897079942556
0.0
0.0
0.0
0.0
0.0
0.0
0.0
0.0
0.0
0.0
0.0
0.0
0.0
0.0
0.0
0.0
0.0
0.0
0.0
0.0
0.0
0.0
0.0
0.0
0.0
0.0
0.0
0.0
0.0
0.0
0.0
0.0
0.0
0.0
0.0
0.0
0.0
0.0
