0.28961225466730495
0.41168022977501195
0.48109143130684534
0.5552896122546673
0.6127333652465294
0.646242221158449
0.5887984681665869
0.6414552417424605
0.6127333652465294
0.6606031594064146
0.5624700813786501
0.5313547151747248
0.4906653901388224
0.4667304930588798
0.430828147438966
0.34226902824317856
0.3303015797032073
0.23216850167544278
0.20584011488750598
0.16993776926759213
0.1460028721876496
0.11488750598372427
0.0861656294877932
0.07898516036381044
0.06701771182383916
0.052656773575873624
0.04547630445189085
0.028721876495931067
0.03590234561991383
0.03829583532790809
0.009573958831977022
0.009573958831977022
0.0
0.011967448539971278
0.0
0.0023934897079942556
0.0023934897079942556
0.0023934897079942556
0.0
0.0
0.004786979415988511
0.0
0.0
0.0
0.0
0.0
0.0
0.0
0.0
0.0
0.0
0.0
0.0
0.0
0.0
0.0
0.0
0.0
0.0
0.0
0.0
0.0
0.0
0.0
0.0
0.0
0.0
0.0
0.0
0.0
0.0
0.0
0.0
0.0
0.0
0.0
0.0
0.0
0.0
0.0
