0.3292618162506638
0.4514073287307488
0.5894848645778014
0.6266595857673924
0.5947955390334572
0.6638343069569835
0.5894848645778014
0.5416887944768985
0.6001062134891131
0.5576208178438662
0.5788635156664896
0.4992033988316516
0.4885820499203399
0.33457249070631967
0.403611258629846
0.41954328199681357
0.2920870950610727
0.27615507169410514
0.1646309081253319
0.16994158258098777
0.15400955921402018
0.14338821030270843
0.1168348380244291
0.07966011683483802
0.07434944237918215
0.05310674455655868
0.03717472118959107
0.03186404673393521
0.02124269782262347
0.015932023366967606
0.02655337227827934
0.02655337227827934
0.005310674455655868
0.005310674455655868
0.005310674455655868
0.0
0.005310674455655868
0.0
0.010621348911311735
0.005310674455655868
0.005310674455655868
0.005310674455655868
0.0
0.0
0.0
0.0
0.0
0.0
0.0
0.0
0.0
0.0
0.0
0.0
0.0
0.0
0.0
0.0
0.0
0.0
0.0
0.0
0.0
0.0
0.0
0.0
0.0
0.0
0.0
0.0
0.0
0.0
0.0
0.0
0.0
0.0
0.0
0.0
0.0
0.0
