0.27615507169410514
0.3664365374402549
0.5416887944768985
0.7116303770578863
0.5735528412108337
0.6956983536909187
0.6638343069569835
0.6160382368560807
0.5204460966542751
0.6691449814126393
0.48327137546468396
0.5469994689325544
0.4673393520977164
0.3505045140732873
0.35581518852894317
0.3770578863515666
0.3133297928836962
0.27615507169410514
0.20711630377057885
0.22835900159320233
0.13807753584705257
0.1009028146574615
0.1009028146574615
0.07434944237918215
0.06903876792352628
0.06903876792352628
0.04248539564524694
0.03186404673393521
0.005310674455655868
0.02124269782262347
0.02124269782262347
0.010621348911311735
0.0
0.010621348911311735
0.02124269782262347
0.005310674455655868
0.005310674455655868
0.005310674455655868
0.005310674455655868
0.005310674455655868
0.005310674455655868
0.0
0.005310674455655868
0.005310674455655868
0.0
0.0
0.0
0.0
0.0
0.0
0.0
0.0
0.0
0.0
0.0
0.0
0.0
0.0
0.0
0.0
0.0
0.0
0.0
0.0
0.0
0.0
0.0
0.0
0.0
0.0
0.0
0.0
0.0
0.0
0.0
0.0
0.0
0.0
0.0
0.0
