0.33988316516197553
0.44609665427509293
0.5576208178438662
0.5841741901221454
0.6213489113117365
0.6372809346787042
0.6213489113117365
0.5682421667551779
0.5416887944768985
0.5576208178438662
0.5416887944768985
0.5257567711099309
0.3823685608072225
0.38767923526287834
0.5416887944768985
0.40892193308550184
0.3664365374402549
0.20711630377057885
0.201805629314923
0.19118428040361124
0.1486988847583643
0.15932023366967604
0.05841741901221455
0.06903876792352628
0.07966011683483802
0.03717472118959107
0.05310674455655868
0.02124269782262347
0.03717472118959107
0.015932023366967606
0.010621348911311735
0.02124269782262347
0.010621348911311735
0.0
0.010621348911311735
0.005310674455655868
0.0
0.0
0.005310674455655868
0.005310674455655868
0.005310674455655868
0.005310674455655868
0.0
0.010621348911311735
0.0
0.0
0.0
0.0
0.0
0.0
0.0
0.0
0.0
0.0
0.0
0.0
0.0
0.0
0.0
0.0
0.0
0.0
0.0
0.0
0.0
0.0
0.0
0.0
0.0
0.0
0.0
0.0
0.0
0.0
0.0
0.0
0.0
0.0
0.0
0.0
