0.40892193308550184
0.48327137546468396
0.48327137546468396
0.5204460966542751
0.6956983536909187
0.6372809346787042
0.6266595857673924
0.6479022835900159
0.5416887944768985
0.5363781200212426
0.5576208178438662
0.5576208178438662
0.36112586298459903
0.42485395645246943
0.3929899097185342
0.3664365374402549
0.3027084439723845
0.26022304832713755
0.18587360594795538
0.16994158258098777
0.15400955921402018
0.11152416356877323
0.10621348911311736
0.06903876792352628
0.05310674455655868
0.07434944237918215
0.03717472118959107
0.04248539564524694
0.02655337227827934
0.03717472118959107
0.015932023366967606
0.02124269782262347
0.005310674455655868
0.02655337227827934
0.02124269782262347
0.02124269782262347
0.005310674455655868
0.0
0.0
0.005310674455655868
0.005310674455655868
0.0
0.0
0.0
0.0
0.0
0.0
0.0
0.0
0.0
0.0
0.0
0.0
0.0
0.0
0.0
0.0
0.0
0.0
0.0
0.0
0.0
0.0
0.0
0.0
0.0
0.0
0.0
0.0
0.0
0.0
0.0
0.0
0.0
0.0
0.0
0.0
0.0
0.0
0.0
