0.5523101433882103
0.8550185873605948
0.6638343069569835
0.6479022835900159
0.5894848645778014
0.5523101433882103
0.44609665427509293
0.5098247477429634
0.45671800318640465
0.5151354221986192
0.4885820499203399
0.3929899097185342
0.30801911842804036
0.2549123738714817
0.32395114179500795
0.2708443972384493
0.35581518852894317
0.26022304832713755
0.22835900159320233
0.12745618693574085
0.18056293149229952
0.11152416356877323
0.13807753584705257
0.06903876792352628
0.13807753584705257
0.05841741901221455
0.1009028146574615
0.05310674455655868
0.05841741901221455
0.05310674455655868
0.04779607010090281
0.03186404673393521
0.03186404673393521
0.03717472118959107
0.010621348911311735
0.015932023366967606
0.005310674455655868
0.03717472118959107
0.010621348911311735
0.005310674455655868
0.005310674455655868
0.0
0.0
0.0
0.0
0.0
0.0
0.0
0.0
0.0
0.0
0.0
0.0
0.0
0.0
0.0
0.0
0.0
0.0
0.0
0.0
0.0
0.0
0.0
0.0
0.0
0.0
0.0
0.0
0.0
0.0
0.0
0.0
0.0
0.0
0.0
0.0
0.0
0.0
0.0
