0.4514073287307488
0.5735528412108337
0.6479022835900159
0.5204460966542751
0.6266595857673924
0.4673393520977164
0.5363781200212426
0.605416887944769
0.6319702602230483
0.6160382368560807
0.5523101433882103
0.4142326075411577
0.4142326075411577
0.2973977695167286
0.37174721189591076
0.2549123738714817
0.32395114179500795
0.2920870950610727
0.2655337227827934
0.1964949548592671
0.1168348380244291
0.15932023366967604
0.1168348380244291
0.06903876792352628
0.07966011683483802
0.11152416356877323
0.04779607010090281
0.04779607010090281
0.06372809346787042
0.04248539564524694
0.02124269782262347
0.02124269782262347
0.010621348911311735
0.015932023366967606
0.010621348911311735
0.005310674455655868
0.0
0.0
0.0
0.0
0.0
0.0
0.0
0.0
0.0
0.0
0.0
0.0
0.0
0.0
0.0
0.0
0.0
0.0
0.0
0.0
0.0
0.0
0.0
0.0
0.0
0.0
0.0
0.0
0.0
0.0
0.0
0.0
0.0
0.0
0.0
0.0
0.0
0.0
0.0
0.0
0.0
0.0
0.0
0.0
