0.2496016994158258
0.3929899097185342
0.44078597981943707
0.7222517259691981
0.64259160913436
0.5523101433882103
0.5947955390334572
0.5735528412108337
0.6532129580456718
0.5204460966542751
0.5469994689325544
0.5523101433882103
0.5841741901221454
0.4779607010090281
0.3823685608072225
0.3186404673393521
0.3451938396176314
0.3027084439723845
0.15932023366967604
0.1964949548592671
0.2496016994158258
0.13807753584705257
0.09559214020180562
0.05310674455655868
0.06372809346787042
0.02655337227827934
0.06372809346787042
0.03186404673393521
0.02655337227827934
0.005310674455655868
0.010621348911311735
0.005310674455655868
0.0
0.010621348911311735
0.005310674455655868
0.0
0.005310674455655868
0.0
0.0
0.0
0.0
0.0
0.0
0.0
0.0
0.0
0.0
0.0
0.0
0.0
0.0
0.0
0.0
0.0
0.0
0.0
0.0
0.0
0.0
0.0
0.0
0.0
0.0
0.0
0.0
0.0
0.0
0.0
0.0
0.0
0.0
0.0
0.0
0.0
0.0
0.0
0.0
0.0
0.0
0.0
