0.6532129580456718
0.8178438661710037
0.7806691449814126
0.562931492299522
0.5416887944768985
0.4992033988316516
0.49389272437599574
0.5204460966542751
0.5469994689325544
0.403611258629846
0.48327137546468396
0.3929899097185342
0.28677642060541686
0.30801911842804036
0.33988316516197553
0.2549123738714817
0.281465746149761
0.18056293149229952
0.1964949548592671
0.12214551248008497
0.1646309081253319
0.12745618693574085
0.13807753584705257
0.15932023366967604
0.11152416356877323
0.1327668613913967
0.06903876792352628
0.06372809346787042
0.05310674455655868
0.04779607010090281
0.03186404673393521
0.04779607010090281
0.03717472118959107
0.02655337227827934
0.02655337227827934
0.015932023366967606
0.015932023366967606
0.02655337227827934
0.010621348911311735
0.010621348911311735
0.005310674455655868
0.005310674455655868
0.005310674455655868
0.0
0.0
0.0
0.0
0.0
0.0
0.0
0.0
0.0
0.0
0.0
0.0
0.0
0.0
0.0
0.0
0.0
0.0
0.0
0.0
0.0
0.0
0.0
0.0
0.0
0.0
0.0
0.0
0.0
0.0
0.0
0.0
0.0
0.0
0.0
0.0
0.0
