0.3186404673393521
0.5363781200212426
0.5045140732873075
0.6107275624004248
0.5841741901221454
0.5841741901221454
0.6107275624004248
0.6213489113117365
0.5788635156664896
0.605416887944769
0.5098247477429634
0.5416887944768985
0.4514073287307488
0.4620286776420605
0.2973977695167286
0.3133297928836962
0.33988316516197553
0.24429102496016994
0.20711630377057885
0.21242697822623471
0.1327668613913967
0.1168348380244291
0.12745618693574085
0.07434944237918215
0.06903876792352628
0.08497079129049388
0.04779607010090281
0.05310674455655868
0.05310674455655868
0.04248539564524694
0.015932023366967606
0.010621348911311735
0.010621348911311735
0.015932023366967606
0.005310674455655868
0.0
0.005310674455655868
0.0
0.0
0.0
0.0
0.0
0.0
0.0
0.0
0.0
0.0
0.0
0.0
0.0
0.0
0.0
0.0
0.0
0.0
0.0
0.0
0.0
0.0
0.0
0.0
0.0
0.0
0.0
0.0
0.0
0.0
0.0
0.0
0.0
0.0
0.0
0.0
0.0
0.0
0.0
0.0
0.0
0.0
0.0
