0.5257567711099309
0.6213489113117365
0.6903876792352628
0.5894848645778014
0.6160382368560807
0.5363781200212426
0.7169410515135421
0.5045140732873075
0.47265002655337224
0.44078597981943707
0.3770578863515666
0.3929899097185342
0.33988316516197553
0.4620286776420605
0.3133297928836962
0.27615507169410514
0.2920870950610727
0.27615507169410514
0.17525225703664365
0.2496016994158258
0.21242697822623471
0.15932023366967604
0.09028146574614976
0.11152416356877323
0.12214551248008497
0.06903876792352628
0.08497079129049388
0.03186404673393521
0.03717472118959107
0.04779607010090281
0.03717472118959107
0.02655337227827934
0.03717472118959107
0.02655337227827934
0.02655337227827934
0.010621348911311735
0.0
0.0
0.0
0.0
0.0
0.0
0.0
0.0
0.0
0.0
0.0
0.0
0.0
0.0
0.0
0.0
0.0
0.0
0.0
0.0
0.0
0.0
0.0
0.0
0.0
0.0
0.0
0.0
0.0
0.0
0.0
0.0
0.0
0.0
0.0
0.0
0.0
0.0
0.0
0.0
0.0
0.0
0.0
0.0
