0.23898035050451405
0.403611258629846
0.48327137546468396
0.7063197026022304
0.6585236325013276
0.5947955390334572
0.5469994689325544
0.5576208178438662
0.6319702602230483
0.605416887944769
0.5363781200212426
0.5523101433882103
0.5151354221986192
0.4885820499203399
0.40892193308550184
0.28677642060541686
0.37174721189591076
0.2655337227827934
0.21242697822623471
0.17525225703664365
0.14338821030270843
0.1486988847583643
0.12745618693574085
0.03717472118959107
0.07966011683483802
0.04779607010090281
0.04248539564524694
0.05310674455655868
0.02655337227827934
0.005310674455655868
0.005310674455655868
0.02124269782262347
0.005310674455655868
0.015932023366967606
0.0
0.0
0.0
0.0
0.0
0.0
0.0
0.0
0.0
0.0
0.0
0.0
0.0
0.0
0.0
0.0
0.0
0.0
0.0
0.0
0.0
0.0
0.0
0.0
0.0
0.0
0.0
0.0
0.0
0.0
0.0
0.0
0.0
0.0
0.0
0.0
0.0
0.0
0.0
0.0
0.0
0.0
0.0
0.0
0.0
0.0
