0.5576208178438662
0.6585236325013276
0.6479022835900159
0.562931492299522
0.5469994689325544
0.5151354221986192
0.6319702602230483
0.49389272437599574
0.5576208178438662
0.4673393520977164
0.403611258629846
0.41954328199681357
0.3823685608072225
0.30801911842804036
0.3983005841741901
0.2549123738714817
0.3027084439723845
0.23898035050451405
0.2708443972384493
0.26022304832713755
0.20711630377057885
0.22835900159320233
0.16994158258098777
0.17525225703664365
0.08497079129049388
0.05310674455655868
0.04248539564524694
0.02124269782262347
0.015932023366967606
0.02655337227827934
0.02655337227827934
0.02124269782262347
0.005310674455655868
0.015932023366967606
0.005310674455655868
0.0
0.005310674455655868
0.005310674455655868
0.0
0.0
0.0
0.010621348911311735
0.0
0.0
0.0
0.0
0.0
0.0
0.0
0.0
0.0
0.0
0.0
0.0
0.0
0.0
0.0
0.0
0.0
0.0
0.0
0.0
0.0
0.0
0.0
0.0
0.0
0.0
0.0
0.0
0.0
0.0
0.0
0.0
0.0
0.0
0.0
0.0
0.0
0.0
