0.23898035050451405
0.4620286776420605
0.4885820499203399
0.5788635156664896
0.6213489113117365
0.6160382368560807
0.6160382368560807
0.6372809346787042
0.5416887944768985
0.6213489113117365
0.5682421667551779
0.6160382368560807
0.4885820499203399
0.4885820499203399
0.33457249070631967
0.43547530536378115
0.30801911842804036
0.21242697822623471
0.2336696760488582
0.18587360594795538
0.13807753584705257
0.10621348911311736
0.11152416356877323
0.06903876792352628
0.08497079129049388
0.02655337227827934
0.06372809346787042
0.04248539564524694
0.005310674455655868
0.005310674455655868
0.005310674455655868
0.0
0.010621348911311735
0.005310674455655868
0.010621348911311735
0.005310674455655868
0.010621348911311735
0.0
0.005310674455655868
0.0
0.0
0.0
0.0
0.0
0.0
0.0
0.0
0.0
0.0
0.0
0.0
0.0
0.0
0.0
0.0
0.0
0.0
0.0
0.0
0.0
0.0
0.0
0.0
0.0
0.0
0.0
0.0
0.0
0.0
0.0
0.0
0.0
0.0
0.0
0.0
0.0
0.0
0.0
0.0
0.0
