0.3133297928836962
0.4992033988316516
0.6266595857673924
0.5947955390334572
0.5788635156664896
0.5576208178438662
0.5257567711099309
0.6001062134891131
0.6479022835900159
0.5310674455655868
0.5947955390334572
0.4885820499203399
0.48327137546468396
0.4673393520977164
0.4142326075411577
0.3929899097185342
0.3451938396176314
0.16994158258098777
0.1646309081253319
0.1168348380244291
0.12745618693574085
0.11152416356877323
0.12214551248008497
0.09028146574614976
0.09028146574614976
0.07966011683483802
0.02124269782262347
0.07434944237918215
0.03186404673393521
0.03186404673393521
0.02655337227827934
0.02655337227827934
0.03186404673393521
0.010621348911311735
0.010621348911311735
0.0
0.0
0.0
0.0
0.0
0.0
0.0
0.0
0.0
0.0
0.0
0.0
0.0
0.0
0.0
0.0
0.0
0.0
0.0
0.0
0.0
0.0
0.0
0.0
0.0
0.0
0.0
0.0
0.0
0.0
0.0
0.0
0.0
0.0
0.0
0.0
0.0
0.0
0.0
0.0
0.0
0.0
0.0
0.0
0.0
