0.2655337227827934
0.49389272437599574
0.5151354221986192
0.7063197026022304
0.6744556558682953
0.5682421667551779
0.605416887944769
0.562931492299522
0.5523101433882103
0.5098247477429634
0.5257567711099309
0.5257567711099309
0.48327137546468396
0.4620286776420605
0.42485395645246943
0.30801911842804036
0.3186404673393521
0.2973977695167286
0.27615507169410514
0.1646309081253319
0.1327668613913967
0.1486988847583643
0.1009028146574615
0.06903876792352628
0.06372809346787042
0.04779607010090281
0.03186404673393521
0.03717472118959107
0.015932023366967606
0.005310674455655868
0.05310674455655868
0.005310674455655868
0.005310674455655868
0.005310674455655868
0.0
0.0
0.005310674455655868
0.005310674455655868
0.0
0.005310674455655868
0.010621348911311735
0.005310674455655868
0.0
0.005310674455655868
0.0
0.0
0.0
0.0
0.0
0.0
0.0
0.0
0.0
0.0
0.0
0.0
0.0
0.0
0.0
0.0
0.0
0.0
0.0
0.0
0.0
0.0
0.0
0.0
0.0
0.0
0.0
0.0
0.0
0.0
0.0
0.0
0.0
0.0
0.0
0.0
