0.6744556558682953
0.7381837493361656
0.6479022835900159
0.605416887944769
0.605416887944769
0.5469994689325544
0.5894848645778014
0.4673393520977164
0.4301646309081253
0.44609665427509293
0.48327137546468396
0.5045140732873075
0.2920870950610727
0.30801911842804036
0.26022304832713755
0.30801911842804036
0.22304832713754646
0.2496016994158258
0.18587360594795538
0.17525225703664365
0.17525225703664365
0.13807753584705257
0.12214551248008497
0.12214551248008497
0.1009028146574615
0.09559214020180562
0.07966011683483802
0.05841741901221455
0.06372809346787042
0.07434944237918215
0.05310674455655868
0.02124269782262347
0.03186404673393521
0.015932023366967606
0.010621348911311735
0.03186404673393521
0.015932023366967606
0.010621348911311735
0.010621348911311735
0.015932023366967606
0.005310674455655868
0.005310674455655868
0.0
0.0
0.0
0.0
0.0
0.0
0.0
0.0
0.0
0.0
0.0
0.0
0.0
0.0
0.0
0.0
0.0
0.0
0.0
0.0
0.0
0.0
0.0
0.0
0.0
0.0
0.0
0.0
0.0
0.0
0.0
0.0
0.0
0.0
0.0
0.0
0.0
0.0
