0.22835900159320233
0.44078597981943707
0.5416887944768985
0.5151354221986192
0.6001062134891131
0.5416887944768985
0.6107275624004248
0.6638343069569835
0.6956983536909187
0.6585236325013276
0.4885820499203399
0.5469994689325544
0.5045140732873075
0.562931492299522
0.3983005841741901
0.2708443972384493
0.3505045140732873
0.2655337227827934
0.1964949548592671
0.19118428040361124
0.13807753584705257
0.15400955921402018
0.1168348380244291
0.07434944237918215
0.07966011683483802
0.05310674455655868
0.02124269782262347
0.015932023366967606
0.03186404673393521
0.010621348911311735
0.010621348911311735
0.0
0.0
0.010621348911311735
0.005310674455655868
0.0
0.005310674455655868
0.0
0.0
0.0
0.0
0.0
0.0
0.0
0.0
0.0
0.0
0.0
0.0
0.0
0.0
0.0
0.0
0.0
0.0
0.0
0.0
0.0
0.0
0.0
0.0
0.0
0.0
0.0
0.0
0.0
0.0
0.0
0.0
0.0
0.0
0.0
0.0
0.0
0.0
0.0
0.0
0.0
0.0
0.0
