0.3451938396176314
0.4514073287307488
0.6266595857673924
0.7275624004248539
0.6797663303239511
0.6691449814126393
0.5469994689325544
0.5682421667551779
0.5416887944768985
0.4514073287307488
0.4885820499203399
0.5098247477429634
0.3983005841741901
0.32395114179500795
0.3823685608072225
0.3823685608072225
0.2655337227827934
0.24429102496016994
0.22304832713754646
0.18056293149229952
0.1964949548592671
0.1486988847583643
0.15400955921402018
0.07434944237918215
0.09559214020180562
0.06903876792352628
0.04779607010090281
0.04779607010090281
0.03186404673393521
0.04248539564524694
0.010621348911311735
0.03186404673393521
0.005310674455655868
0.02124269782262347
0.010621348911311735
0.0
0.0
0.005310674455655868
0.0
0.0
0.0
0.0
0.0
0.0
0.0
0.0
0.0
0.0
0.0
0.0
0.0
0.0
0.0
0.0
0.0
0.0
0.0
0.0
0.0
0.0
0.0
0.0
0.0
0.0
0.0
0.0
0.0
0.0
0.0
0.0
0.0
0.0
0.0
0.0
0.0
0.0
0.0
0.0
0.0
0.0
