0.2920870950610727
0.44609665427509293
0.5894848645778014
0.6372809346787042
0.5788635156664896
0.6213489113117365
0.6532129580456718
0.6160382368560807
0.5363781200212426
0.4885820499203399
0.48327137546468396
0.5045140732873075
0.4514073287307488
0.5363781200212426
0.4142326075411577
0.3770578863515666
0.3451938396176314
0.2336696760488582
0.23898035050451405
0.1646309081253319
0.1646309081253319
0.12745618693574085
0.11152416356877323
0.06903876792352628
0.06903876792352628
0.07966011683483802
0.05841741901221455
0.015932023366967606
0.03717472118959107
0.02655337227827934
0.010621348911311735
0.005310674455655868
0.005310674455655868
0.0
0.0
0.005310674455655868
0.005310674455655868
0.0
0.0
0.0
0.0
0.0
0.0
0.0
0.0
0.0
0.0
0.0
0.0
0.0
0.0
0.0
0.0
0.0
0.0
0.0
0.0
0.0
0.0
0.0
0.0
0.0
0.0
0.0
0.0
0.0
0.0
0.0
0.0
0.0
0.0
0.0
0.0
0.0
0.0
0.0
0.0
0.0
0.0
0.0
