0.3983005841741901
0.5469994689325544
0.6160382368560807
0.6001062134891131
0.6372809346787042
0.5894848645778014
0.6001062134891131
0.5416887944768985
0.562931492299522
0.5151354221986192
0.4620286776420605
0.48327137546468396
0.5416887944768985
0.36112586298459903
0.403611258629846
0.2920870950610727
0.22304832713754646
0.2708443972384493
0.23898035050451405
0.201805629314923
0.08497079129049388
0.14338821030270843
0.13807753584705257
0.04779607010090281
0.07966011683483802
0.07434944237918215
0.09559214020180562
0.06372809346787042
0.03717472118959107
0.02124269782262347
0.04248539564524694
0.015932023366967606
0.02655337227827934
0.015932023366967606
0.010621348911311735
0.010621348911311735
0.005310674455655868
0.0
0.0
0.0
0.0
0.0
0.0
0.0
0.0
0.0
0.0
0.0
0.0
0.0
0.0
0.0
0.0
0.0
0.0
0.0
0.0
0.0
0.0
0.0
0.0
0.0
0.0
0.0
0.0
0.0
0.0
0.0
0.0
0.0
0.0
0.0
0.0
0.0
0.0
0.0
0.0
0.0
0.0
0.0
