0.24429102496016994
0.3770578863515666
0.41954328199681357
0.6372809346787042
0.6691449814126393
0.6213489113117365
0.6213489113117365
0.6903876792352628
0.5363781200212426
0.5098247477429634
0.5735528412108337
0.5841741901221454
0.47265002655337224
0.48327137546468396
0.4301646309081253
0.42485395645246943
0.3133297928836962
0.3451938396176314
0.26022304832713755
0.15932023366967604
0.15400955921402018
0.12745618693574085
0.09028146574614976
0.05841741901221455
0.05841741901221455
0.02124269782262347
0.015932023366967606
0.02124269782262347
0.010621348911311735
0.010621348911311735
0.0
0.015932023366967606
0.010621348911311735
0.0
0.015932023366967606
0.015932023366967606
0.0
0.0
0.0
0.0
0.0
0.0
0.0
0.0
0.0
0.0
0.0
0.0
0.0
0.0
0.0
0.0
0.0
0.0
0.0
0.0
0.0
0.0
0.0
0.0
0.0
0.0
0.0
0.0
0.0
0.0
0.0
0.0
0.0
0.0
0.0
0.0
0.0
0.0
0.0
0.0
0.0
0.0
0.0
0.0
