1.2759046871060836e-13
2.6544409277080336
2.6058059678156997e-13
1.2248550908838147
0.21895400874680904
0.33286559835422497
3.209592801169679
4.3078530059485225e-13
0.6021067703003152
1.4234146502518493e-14
3.3259843808420477
4.452882030609225e-14
0.9782145213103084
3.461504632300063e-14
1.250763851899752
0.6329758868578166
0.46018925360811247
0.6654273882901133
2.56263154272175
9.531067192375924e-16
1.5140434194314696
1.884008769947179e-14
0.9328643865249946
5.909033133015495e-14
2.5238873012220795
5.675401277361122e-14
1.8421186587356062
2.301802427580947e-13
0.41331128003549517
0.7039147273785846
1.6307955777806842
2.0890036435705883
2.162524408371471e-13
0.08112079292448733
1.3246429768127002
1.8516909106970862
0.0
2.0162598933030127
5.060777310335428e-15
1.6254762040668855
2.183092990323493e-14
1.6502840275251
3.053992381447676e-13
0.6978180899118736
6.286825346915928e-14
3.950881977592146
1.7794309076462133e-13
0.13326017128138062
0.5541210216423672
1.2817229680796598
1.511609509477225
1.868934739863175
8.126543598869404e-14
0.10281427286325742
4.117967685056679
0.48929083559304065
2.756451742632739e-13
0.6921944601779347
4.890851764093817e-14
2.451985396096793
4.369071397409429e-15
2.25900421319181
8.828494964105123e-14
0.1841511703562468
7.570182599423423e-13
2.6695087501879446
6.325941390288235e-14
1.7577810168868295
2.5520053194532615e-13
1.5797250773588378
9.408748674000947e-13
0.7776584516796897
0.30993354914521515
1.6112635426767148
1.772562131167455
0.9048462263545815
9.833523623303573e-13
1.836499965895943
1.3287198755022425
5.950058457470089e-14
1.1511104073551461
2.4701407708891443
0.7548304448003132
1.5675994896883225e-13
2.864182776613394
3.9075848683341726e-13
0.7662015006669198
1.0511109845100784e-13
1.551979282496287
1.1501883358360922e-10
1.7305359341267048
2.54543048598028e-13
2.6485564605785514
2.1254132804577898e-13
0.4960683063983495
1.653034386501229e-11
3.080571104378234
5.920971053706959e-8
0.2671823469293745
0.3365193932940813
3.6835266923235483
3.93358279621033e-11
0.2705097818224761
2.0782603304564886
2.2981687524687757
2.3698518565809923e-13
0.5359912439898381
1.819185331385245
6.097326001188198e-11
1.1775157208728821
2.7175565096006897
0.842766523889028
3.4299280651343505e-6
0.344830458144359
1.0022108143500768e-8
3.133165929683686
1.439929156112515e-12
0.48818700590165437
2.8215572932407254
2.0951969733098094e-13
1.6397934400621836
2.478325981281022e-10
1.5378901922288581
1.6255680464262357e-13
0.1995558275521922
0.00044496535584492326
1.8191194284992684
4.9718997314154103e-8
3.0988735742184197
4.0388557960250445e-5
0.051435844793762904
0.08436529337491382
3.1223679618675986
1.517345846285005
0.17205261483230747
0.01764635742565327
3.1330876041033653
1.8005636581606951e-6
1.3517905028515114
0.533840755957895
1.1626615882234214e-7
3.751982324655894
6.536422707433955e-6
0.42675404771453057
2.5487668721155807
1.7145618177807205e-8
1.5038015357041845
1.293631585171962
0.37428055516292014
2.363765856539331
1.98887152580755e-8
0.40078423327067836
4.414823187917031e-11
0.591161538930926
3.475492399375105
0.1898350914802034
0.8818224509203811
0.00020308198869651835
0.49602114349891485
0.0015832121670284272
2.7274008375723615
7.479218571782798e-8
0.4210191803372895
4.337993506458273
0.12895587740477713
0.03064235513146868
1.1285591091538771
5.480619825875207e-5
2.4741561933482834
0.0010524423920270562
1.6909253495580057
0.6739346920670397
0.8900207920050501
0.04664570421023557
1.3171792184954465
1.5275421414695771
3.4558109354174394e-6
1.8276442736880696
0.000498324353095214
1.4355337708500726
2.5263492292173964
0.37685265946063595
0.0011002865790301656
1.2304215096208457
3.2596286971230746
0.32463828022236296
0.1160372926178437
0.5239934786429329
3.3784756399760196
0.0007490559083431161
0.40717374271028695
0.00021874081417309194
3.4441471217094493
0.746780271727191
0.0043090815526676055
2.458057891757614
0.43790894623518384
0.9939010931741693
0.009065866105590079
2.9284410207241587
9.348107731244718e-5
0.1662579924543258
2.6274722840187743
0.9744065144192938
0.020463777314957417
2.4048674844020503
1.1396383691264287
0.8796256115025278
9.590126238343272e-5
0.49911917968069486
1.6164534096059038
0.21811460212030923
1.622768237902508
0.6145167378989007
1.7194687803667326
0.15217661108407984
0.7276013341511813
0.45197734954763413
2.726435140993176
0.17676676516797174
0.5606793791364411
3.356206478795042
0.0005188970347625265
0.4641171909200753
3.3693122148924135
0.06096516566336018
0.7051418897617592
1.2573610205489558
0.8911879332622997
0.4092588942809605
2.528797293455611
0.1633303373489193
0.3169108365838512
2.222942301696315
0.025528134738417356
2.495657413660481
0.2775297975270307
0.005787269853992869
1.020369150243825
0.17826198983554523
2.7921654183516007
0.03888859296513496
0.44433764302587647
2.5740822378236725
0.07856827867995822
1.6949623084436833
0.7008324940682477
1.002234098719096
0.2096075250900744
0.19985236610085885
4.351036984631908
0.09879336736790267
0.00740627448221968
0.5706478701765715
3.3356268456183438
0.10748627403162898
0.8569456434577591
0.7229288565949235
0.4389766260143373
1.5393767288819329
2.4815284777545568
0.05386406832449118
0.517769899992099
2.489031097835089
0.9667705816534943
0.043594886233320786
0.09972983144835808
1.6944633265489883
1.6909738918826125
0.8038861057647233
1.184136766761739
0.47090972265012376
0.48595895419758534
0.7096248660672811
2.1787856372433265
0.9040152737257953
0.8482522841275667
1.134876243724175
0.007283115306656981
1.1326508824195156
0.3967320731818768
1.67590871565207
0.7598047583476754
1.2333831807531648
1.152712237249217
0.733946583726061
1.7276063421764576
0.09154230415975216
0.29804804108664157
1.0845114680284293
1.0181757115057575
2.51756027904209
0.04978819079615356
0.28708386343333986
2.541710252375807
1.1652691838232916
0.6699907067407632
0.4242953248038379
0.9755626579019988
0.21644216843520672
2.1932110319384495
1.0629151631523206
1.0987987993795714
0.09534481314882329
0.35916986042741134
1.5000571367859024
2.015843150596181
0.22157427342762692
0.5708024514996795
2.429304979264603
0.6132053024507771
1.1518279084813912
0.20290717473923117
0.19904048423634083
2.848395479906413
0.3278400892705918
1.24997651234635
0.28295954822728603
1.7153646754880416
0.5207561092017801
0.32592736753402635
2.4088027478169254
1.1074493459586483
0.2635933346968611
0.32837414138155263
0.9417142629742999
1.9183615430595466
0.30900287474394156
1.6581600441616209
0.6779310756894822
0.5224232327693595
0.9735410792012386
1.9398910454157332
1.5876314333807198
0.011998256410202855
0.134308939701944
3.600784395898522
0.06798737806901888
0.33126014147298277
1.9596112468338502
0.061731871107084675
1.2320281752905842
2.6306679292677355
0.48436483226437144
0.4573278478541961
0.03358897228048427
1.9714043051190497
0.15286886435611174
2.2645300197044134
0.16477622648992804
0.5338182767094427
1.9381462537438656
0.11010310136674947
1.3353357191683506
0.8585363790781099
1.325773654006921
0.6961679741691379
1.7346537257743224
0.3704341563955111
0.10918094680966657
2.421132047542136
1.3830677271907545
0.6114199053044479
0.45687645892250084
1.7206135510258849
1.4605409349366953
0.1242605584254044
1.2235789190110593
0.5481234713562089
0.3462770609634298
0.32135637815833357
1.5169730309899088
1.6078281014422853
1.207139509956962
0.7917921012048244
0.34796458308710126
0.010101316489263368
3.4420931109812294
0.5179779301208044
0.08710819839145381
1.851351248357394
2.2054146597432216
0.2213686580480926
0.5273851559145085
1.233662210250907
1.9005910252949496
0.5192295289612399
0.36676825543090524
1.066915991149739
2.7178996191861526
0.13973176031338608
0.6677001704458163
0.8754085426520964
1.2029906198540803
2.3198742244461075
0.09411501922647718
0.14217274826859413
2.2457252190115358
1.164579880526733
0.19616926187249903
1.7830712155717099
0.14067255197266962
1.4233846832762962
1.155439464183193
0.8432989766861105
1.3566989233822149
0.9050231615853213
0.8845203609719742
0.5486206844339264
1.4069756890558793
1.6269867035208252
0.1422249495752896
1.6017654013512956
1.311164537844238
0.24895959943878426
0.4605329759551694
1.7055441690189015
0.7604307176402604
1.1200954659061109
0.17458005532696963
2.315729782146946
1.1778376150199121
0.15981939861496106
1.4645539943186203
1.5620323206528188
0.6937105029324493
0.1108152024116314
1.7889456289476564
1.6013720041932071
0.7478156808007062
0.4061011629827714
0.9098673533347069
2.013044320033261
0.1966817312358467
1.29638620427705
1.6054232140142937
0.4975405479592329
0.738253797656888
1.1408736620008522
0.9657295163611798
1.60632963789332
0.014969493138508323
1.6238400602680545
0.1160027309379835
1.5532879969742872
0.1588255466564356
1.9799280102399663
1.2289639099515566
0.27660520003688416
0.6593615377110515
0.6652148974207119
2.3556110142705484
0.6305937028217745
0.18796799799270464
1.9175863583404376
1.8941983325449552
0.28046886976858937
0.7006631694608321
0.4363518788110326
1.8768435546768316
1.128675478009731
1.0240707536926008
0.2710509432661776
1.0860020433637176
2.03209268144277
0.45198335801932793
0.19921669994716099
1.5382273182263209
2.2491568835527516
0.4905367916537558
0.7829927743766791
0.14325935570242718
1.0861130397069454
0.300593840776569
2.2755221910409626
0.0750802125734536
0.9213584599794336
1.7092669431527383
0.8333178773998539
0.85325365634279
1.2652463493516073
1.7651548781436484
0.1412874773798527
0.3094361141621105
1.6249349952402588
1.3523041188474572
0.49232030696111906
2.233410382504916
0.5724641746689006
0.07087550779698103
0.9663753857093444
1.411640258721351
1.4957772200464683
0.08436317331210534
0.89024611845771
2.7664492403614056
0.3228113101313998
0.4155668703440774
1.6365565009133412
1.9572658070323103
0.004597036378381145
1.6873593720344202
0.04888559366169376
0.6524557865797542
1.465984111470973
1.0771374003755174
1.1649776054275625
1.0291159562491738
1.1590724212005306
0.08030242060182119
1.9426498013457816
0.9304100133126909
0.46792077044965596
0.36155779683713485
0.4673334051521336
2.6447681022942584
1.0148861584094953
0.010065073984647236
2.1629821722832117
1.113509874502277
0.5116519982038304
0.6636399282274499
1.7929360983989835
0.5912003003475496
1.252083285836342
0.9527987183147567
1.1571908769325199
0.9060750305321684
0.5177794910006321
1.2800856521119246
0.4647015605052752
0.3754949404506825
2.484214710281344
1.5090375164372383
0.3253599207970429
0.10482066000585474
1.6024226127420627
1.6350591809266022
0.02912683329493744
1.8989908483049094
1.9412515809592956
0.23436010662372736
0.28452498858982467
0.7817801821647383
1.8010396791070005
0.29125272168409067
0.9469281875697294
2.1546786793682893
0.6005525033033149
0.4093081855642538
1.841551289484975
0.8164524403984098
1.1888162243685239
1.2006342965803347
0.46508548350392326
0.5896837827903498
0.9306204601968798
1.0566018230496557
2.040585759354683
0.2684617010212333
1.3796708163244515
0.27374629361738595
0.35318082294420133
0.03745477050546869
2.1048322414669536
0.03596031783330376
2.1251986264931713
0.8363639510831961
0.3000991716809971
1.7955599265010338
1.3534326407848014
0.023531951598591092
1.6087727250459984
1.1911840748565097
0.5490543277740274
1.4302399099361909
0.8747840641502029
1.656454337607357
0.21595091937414304
0.9893352812086693
0.8393664964587427
0.14282491360187505
0.5828447688029604
1.727749721836027
0.34155765864271875
1.3505493914286628
0.6806962944962598
2.3803821249091657
0.06628178865014542
0.27158077565759164
0.45001412859029555
1.5202475591845859
1.0900676017584647
1.3662339825464553
0.17129618175105693
1.6659453990662252
0.5375518358012917
1.3911668741606171
1.3616476034633571
0.48015640154301437
0.001218850271940255
1.8984458597001053
1.2739119917424269
0.23201615399681944
2.1197862388978326
1.1735953819057732
0.26175251624063367
0.7684838801184198
2.109056293571376
0.32521652858585326
1.1404047171625897
0.737029742496668
1.5921050299455823
1.455072444090332
0.07338334311824847
1.2928482963400671
0.2752678908310206
1.0260076037512498
1.572650612536916
0.8453783225653896
0.05753754691861696
1.5571006022205915
1.3638340896557646
0.22262325130001762
2.723521667884499
0.17977055584065893
0.6321226240737895
0.003703777945308802
0.01164713531787455
3.2607522949302186
0.008890183828437417
1.5341601587613172
0.23891680073313357
0.30168641961645265
3.3671546015130467
0.5844053975151693
0.31974266633382564
0.4772810665941818
0.5031075446248678
2.292433367339094
0.8069204248126439
0.6016650013660038
2.1245215627605294
0.7425510298432342
0.16998759654224324
1.2014257845464347
0.23981335747537993
1.2630881447627165
1.78123820768737
1.0806377120863149
0.5337381067752328
0.8408926918571615
1.8268800677191719
0.5913015252476465
0.7011636207435645
2.014723651936967
0.3957787836098275
0.014752182751409024
0.9540191855408218
2.5723609500392497
0.12180551116426487
1.183852093868724
0.12810625420728108
1.049532987023188
1.3969519290666301
1.382383930865409
0.8823217070058411
1.2528794005642554
0.20667399095869177
0.602184827226757
0.5030322071073954
2.4614448409790133
0.05187332281536234
1.1519125666841963
1.3104079018902253
0.4340559082479291
0.402773067744051
2.95993036592181
0.26888399070860436
0.7706947938376337
1.1447876816583618
0.577634667605019
2.1125689612269496
1.117706275202578
0.03509202613020239
1.042373016219268
0.2645848183192015
1.414712298495805
0.814479202152421
0.7556639996796657
1.8750330733425244
0.5372078453114558
1.4855278230177886
0.6123068682460711
0.015350643254655443
3.2641455058199726
0.045511070252936735
0.5420441321642663
3.0570440195456254
0.638871499104875
0.016048883932624554
1.7124463359314288
1.0203629717555047
0.7701958570964835
1.5721444096110166
1.0780406704091547
0.5220661852639287
0.949990013249016
1.610056769943106
1.1910239198327597
0.3434763489344138
1.3415390737266166
0.5198775237757858
0.8854922213926831
1.4057993809356157
1.0884060443102996
0.005623132335575453
0.6586041658234635
1.293714431369964
2.0303971960599214
0.5762317475242213
1.028465280413757
0.8706580993782409
0.2235356565568973
1.348191542412977
1.10794768912112
0.679676723364171
1.9659167778497506
0.5153348035151856
0.12233872728210952
2.6054126245353153
0.25116636295456507
1.3686807475968206
1.003950369274852
0.2009151582773073
1.8981066521911139
1.0430664357621484
0.05083430921047933
3.1268533677290473
0.39319815672688424
0.04440964834953261
2.6601053217039965
1.654987542128546
0.002561250986622054
0.6706916040793408
1.4647786419752775
0.3540628884052077
1.7191045693252813
1.477669058541258
0.19138664479661288
1.6546343332386282
0.9416897056712022
0.394885591675469
2.141313150405515
1.0517377551835805
0.3340030531939985
0.644563813330658
0.9004384214931793
2.3727452565960756
0.17136159222289743
0.3927598974737345
1.9751757040730302
1.2969320307381877
0.8657094035584725
0.40500264701721883
2.227979590160691
0.607022201238609
0.17823815960010578
0.07264117588605562
3.1838553452717564
1.5056519830213837
0.0009614859428483117
0.3539602970663365
3.268550767890442
0.8069852865344868
0.1397240998360195
0.538885201760712
2.8543511222806988
0.6946467158015459
0.4033464263602403
1.9043678433810445
0.8314653237634357
0.48223095379812897
1.7900494865215675
0.40266879624807816
1.0919447125599964
0.15844754718869075
0.8288014871671867
1.094079673899994
2.2946725484957566
0.6058900868685461
0.2185852931188249
2.5888809991788806
0.4426082754225543
0.05842087224952264
1.1157378698501124
2.6293091023735666
0.1900307120459775
1.4090015671040876
0.42911194435850064
0.21587873725089982
1.0529551426477508
0.6604104999526625
1.4570305239258095
1.6960684128721244
0.18662583903495852
0.7010642651101076
1.8407738800149152
1.229569073394485
0.9431768429685528
0.17419207135169648
2.082742271968304
0.5360490566063247
0.7572524805128131
0.015628471437848644
1.2412475875634736
1.372821151600983
0.9682369564781502
0.7133831841286751
2.4870530493168794
0.11425183033666012
0.292097019574265
1.34062025217299
1.0702732188869755
0.8207719655234907
1.5273376205955618
0.2994387157820692
1.590324442272891
1.8997039431378266
0.08740309943034219
0.5768722338023766
1.3748915325926707
0.7734312395657673
1.5482405644024102
0.7304356493774621
0.8109114350506168
1.585170121527668
0.8433573161027664
0.1767617739664885
2.6706143291960744
0.6884432490366116
0.2969680787177383
0.03271338176904658
2.42302115159238
0.03742664207922224
2.0369777137367944
0.18584320221263778
1.0059733062968406
0.518887220795091
0.8925471671438127
0.6384171397932298
0.27833391116795125
2.8244715235376834
0.8747168430891088
0.09676717713830998
2.2261277778515973
0.4906812333450046
0.6707813695284248
2.275140512800351
0.029949714458604854
1.1896566317444282
0.7618916008678404
0.7262137173356791
1.892965817377294
0.07940603729384044
2.0783391655683703
0.09108092942008933
1.0174658782604935
1.6803198782420767
0.010942713522229494
0.4148850991059173
1.5402176885070953
2.1099785825815465
0.744787628385958
0.4848305467272772
0.4208106705067215
1.835585211964004
0.140363917790067
0.2971642115237161
2.816794608447372
0.9597344267611039
0.6977031814448021
0.48745982594377196
0.9250600245405525
2.189935751998414
0.044320353865320156
1.2898471730762366
0.17032452427705047
1.0927070741967662
0.0029145699684097783
1.393521584547557
1.3585443214416233
1.5070916215767616
0.4147419761666882
1.161904417556307
1.1583029706260695
0.011028212556513798
1.3435024986314859
2.534167026320769
0.6948063419411196
0.057358997374122145
0.34453655091535956
1.8353708458580418
0.35032643649822137
1.9802585310283183
0.23831206554566953
1.1567621440115903
0.971466865445681
0.8700276180636922
1.8725589611344242
0.5324158313910005
0.434473269987411
1.2828917371719806
1.0514863274689077
0.40983897350738174
1.6665994871879855
0.24095328950667155
2.03945839825213
0.003527018815293979
0.3348734164283335
2.199467404971973
2.121483332974393
0.04324161942219928
0.8242990862163472
0.722416315178494
0.3083488922599431
1.858531197864321
1.412908246933037
1.0929619160088837
0.025654153212691592
0.5898622497518621
2.750349642109885
0.8127474684642955
0.3609473826840683
1.5755173581014865
0.6587014887090392
0.33947567275484847
2.841985476432322
0.809012547019396
0.2089710276502335
0.5324178031479433
2.22268069107658
1.908639247134988
8.081456942111568e-5
0.350065812359305
1.2143293942384137
0.3467425247594345
1.4740622394962524
1.652186736877788
0.9902390989267694
0.8856308821455736
0.15911153377817375
0.21390309356706982
3.2820724862431607
0.6434092625446515
0.19358596961393423
1.2840973807966523
2.5921848644900765
0.5289386059143053
0.07191933059736103
1.4809545425403698
1.6145274668949383
0.11750053706991859
1.7741743368249883
1.7247437472564944
0.10712605944898139
1.307456377994698
0.961649341218715
0.24718022437051168
2.584866929463762
1.0517381714420828
0.00034467663903039347
2.2038429106090183
0.5292477751614456
0.6143407540534934
0.44623935563644856
2.3365291366967234
0.7840873388642474
0.21849897098632587
1.5847332346345482
0.16850614725549057
0.9826935164846281
1.5908758922964603
1.75793678731658
0.2169746939937353
0.7063615632971718
2.1773894529915525
0.6321911753413771
0.17903908323315743
3.415422259957042
0.25087359913901264
0.1000045065901299
0.6798479605677485
2.2295128819636534
0.9431593563167927
0.2362194128969193
1.2521847521670726
0.5759338211127901
2.5386587662248417
0.5837445566777211
0.030588551119189625
1.2402088350034606
2.3119271876129726
0.6924605185705017
0.4262579369465301
0.5654446194965773
1.5000125608321087
2.246490506288823
0.317574197751022
0.15643902011770036
1.3589730539257616
1.343298812915209
0.6516634050563284
2.141343943423391
0.3405535742688801
0.076767428894324
3.8335725574720607
0.18014150878184496
0.29269700620088657
0.4216926314691593
1.8675846808202654
1.0369744718043366
0.6481868881470664
1.5064486701490196
0.8284741865564648
1.00845830068676
1.480329487347665
0.08887131300415403
1.949365965155274
0.4720583788581492
0.2744272091606944
1.365828845050117
1.6478851109138126
0.022643552447205118
1.579091233663213
1.7005112993861873
0.8487744941675903
0.5744376520905942
1.2055932735018966
0.41758464217125135
1.45411110765401
0.11951069622267906
0.576942919843492
0.948735926591508
2.268965264648893
0.43166237474941904
0.5072087860891862
3.0289972885348853
0.6626266142538757
0.0021557430138487124
0.32972574027719503
0.6604258213974402
3.5546680607615704
0.07997233763118962
0.4391889970224224
0.46896921551794557
1.3707868745318454
0.36597681222462486
0.5357006394521814
2.1989389936906067
1.7551432884554656
0.03293414394799246
0.6619802888147222
2.381995518276637
0.49561034064794773
0.8418259648750743
1.0329271726255436
0.6519173467490973
1.6137546767282454
1.151419987996898
0.8022724758882246
1.4991700565939892
0.12399664077856447
0.030561913994981465
4.213234176043164
0.09947099739330201
0.283159941241499
2.3096611298386125
1.5391637401088412
0.17827952201500025
1.4445290140080316
0.5212462068621071
0.020590958412010075
1.4260960522403991
2.538546265376081
0.46473993655080814
0.26438347219745895
2.387446636523816
0.8450070348396873
0.566102540651816
0.7319108419991478
1.4783380158765442
0.675267819633789
0.21172345723474525
3.2209827084969382
0.6309392007550843
0.3397520426498156
0.1804880256211993
0.030932985742543787
3.924826797952791
0.07334422046718228
0.7355776969676682
0.36771966594277855
0.37868244570649623
1.7619856356264434
1.3976742864508485
0.8451138782433202
1.1959924394497603
0.877472707077684
0.2674191724289205
0.07082853141110852
1.0906170441012135
1.306197430427367
1.7361771752467137
0.9225796670877643
0.5308473674822177
0.5476668043593176
1.4008436189363622
0.5370906872197133
0.2938591535411199
1.4473699551682446
1.9817314949744458
0.8812209754547725
0.17783369777984018
2.057039552504467
0.0057490888183503565
1.4718597621843066
0.16805421418708796
0.69974582095688
1.734828796595139
0.8512111675342685
1.5424307041480203
0.22191346199590406
0.9852606912638755
2.1599004992639035
0.46928243934465774
0.6060506442339684
0.3639378630615864
0.8815628741518172
2.2251205920567054
1.405344939933389
0.15724292450519017
0.3292647465239345
1.7975481694025994
0.531866879880778
1.0098542445735663
1.809495363593714
1.3799828549468933
0.17600396668112503
0.3899601749448252
1.346195098137667
1.2871689672056144
1.5899172719874854
0.10570821816869662
0.564679007447757
2.659320965709542
0.5587115974957282
0.232238962745813
2.0009657056875163
0.7455159855581494
1.4770980242739244
0.9581296727637253
0.16003193716469102
1.0494722569648096
1.40915674263464
0.8991113814703975
1.5907102763494987
0.7233027234881311
0.18028701685128695
0.6497929895070755
0.8978224098270658
2.7514444205142845
0.6170619920551444
0.16655301141965906
0.9704000379758664
0.4217860929888608
1.490208424535203
1.5194800862715954
0.06099377876242204
1.6032012302829035
0.12572840574188907
2.4911317254987058
0.3006138735021557
0.34187189721228206
0.8623664891160073
0.4206895642835771
1.7707203265280222
1.9011795431643506
0.021617363590592006
1.205439590792245
1.2075029721889858
1.1808358332695483
0.7404294675735809
0.4971231145285647
1.439233329162761
0.4337806316847792
1.4020930401288434
0.9257060676831277
1.4166837085330681
0.1663679262250566
1.8881183004026105
0.5922079168152011
0.800707896624715
1.0910579676298329
0.1712058428038753
0.5276313485646551
1.2155621709507018
2.089041373236827
0.667278369729696
0.8220282529243749
1.5140251325288276
0.18921107360508124
0.37994440880455893
3.14511263945768
0.3646408281154082
0.4525660423043373
0.13350484779152685
2.3955877895121276
0.4001468741164246
1.4821350033756986
0.14237908618319026
1.0808112467563342
0.8094706594244666
1.217962878178107
0.692735459066387
2.300134008410434
0.12383643744781857
0.3133562029519905
0.9726602930575843
1.6726158721132216
0.4113055059110833
2.1761642361826032
0.08587073049148133
0.3299257370784832
3.024931571467072
0.15085582897372915
1.194289525147338
0.5602594705796812
1.094845187299803
0.657300549944547
0.9712127102801431
1.5859756439289117
0.9608144267743938
0.14209809586692784
1.5829680236755634
0.23506086584114116
2.6054987253655897
0.2979506356097447
0.20887675891031263
1.2066504057136704
0.5659753169934342
1.7513790968542986
0.8515905679008463
0.5235167577523325
1.7030798514146923
0.5777509359096423
1.216099859121302
0.3434394334978933
1.6299098638496392
1.6158657550288893
0.5168066636223302
0.5362488855800156
0.9004864574988948
1.279352117151578
0.5209302444968443
2.18748157728628
0.2385041184084964
0.6485326716033539
2.153592062670411
0.8089628801820513
0.2098880168524901
2.017420979917299
1.7989167859275268
0.007496350560490035
0.9837117133817536
1.6657306170463628
0.6639665946218597
0.4503618331375322
2.778710929095205
0.6346177538319017
0.3418764502400337
0.0385851799051516
0.5347322762711724
2.793536559083631
0.25140620880729025
1.501274615933683
0.37390109178372516
0.43411197625826253
1.1411126487260579
1.609891473939647
0.18260351086051063
1.3252133123791998
0.059475572474861356
2.427291614095245
0.18822279789572585
1.1052106530941403
0.4279813502434474
1.3406210702067183
0.33860322323154424
1.7874388439894087
0.3008456663866052
0.6810827555479354
2.738266337486004
0.5572740952503106
0.2184142416219548
1.576782747662928
1.3980583941342561
1.1873016798119687
0.31319720085972924
0.6739830683932203
2.348141609000575
1.1493419150851083
0.24265936493414889
0.6035884983175375
0.05060044956416295
1.9963761932582
0.16917368582056772
2.0649668360753424
0.8206865800419815
0.5846017680621621
0.3412016578318814
1.4432744275512646
2.119673024487993
0.10752205471478786
0.6355257752094232
3.571332856640886
0.15515045355297122
0.0801659337291503
1.4286375518407113
0.5807584213996885
1.8372764547989051
0.1939490531682312
1.5055853030653532
0.8034244608638162
1.5716699223138293
0.03831452855934716
0.7266293897440629
0.8022213009165777
0.9660657442899674
0.5449640917461896
1.7823918495694089
2.138426673889813
0.02995173827372462
0.23243712180491963
0.9066810334259501
0.2390135968036985
2.5005203227637045
0.6780046383575541
0.6539813494987492
1.3114573648697616
0.1263058241357114
1.8302347245360024
0.10848979109377947
2.001587554072507
0.6656070128897299
0.5224926640857123
1.7447864790066479
0.07902265727425378
2.1335853472258006
0.03170536838170773
0.5568220994573657
1.57925486887468
0.15930290830684718
2.7040879816519934
0.5949409394688076
0.28327805584156174
0.25107403825406555
0.10027644633464478
4.030951299515809
0.04360938841279581
0.2578317295957712
2.629274511087266
1.0520137759537098
0.21691069452526823
1.6016412963880646
1.9073623783635114
0.3970264112056445
0.1358210609096386
2.4722998223295014
0.2221443466319265
1.372663962520823
0.6943866698906386
1.444750777815441
0.560620418881079
0.15225151879310855
2.009500038918229
0.6361899021166265
1.5265103105751743
0.7854506042981908
0.7402301028131782
0.12400250631230898
1.8129816800092216
0.027344872162339048
2.1820883306385555
0.7751607170189693
0.27650791200732056
1.09397631739058
1.0597612070670122
1.2131842209248545
1.7346886538420943
0.44804268232192634
0.3255813199961044
2.489034301322127
0.4202296044635739
0.9051430488316649
0.30699579658445647
0.4314466381653373
1.5601931110698428
2.074147822200612
0.7698682022048919
0.2861265285555224
0.5265049352926309
2.0441282378078114
0.22907516233974998
1.6710630287677481
0.4611652179097741
0.21004900101542376
2.582904933980012
0.3591933799647165
1.077147875734054
1.7946293511871985
0.3668975428202353
0.897935818213909
1.8556585091993947
0.4398201188755756
0.3776069804989978
0.5575960794905044
2.338628070707935
0.3184584805749832
1.6030966933689839
0.36246503429649307
0.8643988441283815
0.7141629851040935
1.546798084352891
0.4593206119307798
1.2885845057671206
0.3802751463785254
0.5079490103747688
2.8092514993545548
0.2771686392856884
0.8666660046560012
0.9642173146909943
1.286154143235788
0.48456530069327775
2.185950563668726
0.23303808591669983
0.2087038429146511
0.3786990488699784
2.168280755859663
1.0911398136085555
1.1298711197154896
0.34857571788122355
1.1511177462123217
0.09372515082390745
1.6315103936140813
2.5877738339995773
0.04692153493316538
0.060632844478913046
2.355581667153049
1.7263465910183857
0.2649340025003096
1.3665809236208455
0.81996385217813
0.12729963021994448
2.592128184901275
1.006050882667989
0.14787132516773824
0.8341034824670214
1.1307506366211406
1.9954815980276894
0.9319680072654489
0.5366687996390461
0.1371932284450475
0.41674860899098964
1.6636681889093239
1.293172966696156
0.43162092171207556
1.7217503121370072
0.9788559172367834
0.7261491735860717
0.8047909703971631
1.1673409719437706
1.3984070397705866
0.8403639584806354
0.6754903566595499
0.8959539420350725
0.5194222597102808
2.3423467730885643
0.6420941510338414
0.4827278444142552
2.268975771288753
0.4691528404298018
0.3196778741552514
1.4321543111713906
1.707045164164174
0.5631162953635346
0.052251960104539204
3.675329622397799
0.3762190682899904
0.14368654817659754
0.4914180779516221
1.6721144324948147
0.8009882377821459
2.0380708306570026
0.1439594904780622
0.34396513450982824
0.9845336668481742
2.2833424109016223
0.4629753447215171
1.1479260137888736
0.7485024593696946
0.5803539582422725
0.2558862521781011
1.850347102717895
2.193289980429104
0.3529000862863955
0.01882924238812178
1.7919794982296369
0.4150331246661198
1.9874617816376703
0.8944221203846177
0.27295533213614787
1.1229480775798273
0.7670663398417848
1.9032374152256193
0.8520929617942598
0.35913765695319994
1.205228786277727
1.614902070336226
0.2961377243385438
2.0021720492314263
0.32570646957725247
0.49383094957591805
0.33565179917782334
1.9460725401206929
1.0611545947719867
1.4136787513370885
0.2558948712838253
0.042917854962392504
3.779725806130955
0.39314687915704727
0.3146045182117748
0.6574525330675302
0.8822436430657292
3.0629800096102735
0.02388659526597076
0.33952401562645723
1.4406834926289542
0.9078581864216834
0.20356266690147864
1.921463377879053
1.9901257842205664
0.3608442512096895
0.22023225548704917
0.6593110221139632
3.3530441683295935
0.18777821318466173
0.5130358096218994
0.2493616600532402
0.9949554117970769
2.9145973191930623
0.3150565689763881
0.6457141896361784
0.01967214329996058
0.7757770735120079
1.390179822075949
1.1331941422521166
1.305607732347867
1.074490576104129
0.18205694914148435
0.9384287066314477
2.653577229798275
0.6654086860308835
0.26776330751240507
0.881207479538552
0.6587560994044332
2.359359026567156
0.09915378079681691
1.1256615053070607
0.37663333281231987
1.9090660689826418
0.58798752920258
0.6113938929994053
1.6667376236914697
0.0955709147401881
1.4562825130993278
1.7912066958633255
0.7427604441582327
0.3569130216637055
1.3700495109242652
0.4430521618815823
1.794955604074342
0.32995559151335796
1.2009379338888349
0.8092318309868395
2.1174248211960753
0.052385054723503965
0.18958769935713754
1.80626185780388
0.33229040527603637
1.8238421891730368
1.0781427781116395
0.5271079306820419
1.0928054056927063
1.333540959948005
0.567373770332695
1.26622662171131
0.7391658897572876
1.1372692182794597
1.1233752491098834
1.4099606865140604
0.824212327544652
0.16332181320827688
0.7944701727026322
1.06566423506442
2.030871924543547
0.6366043561789291
0.21353893228682128
2.439227740018924
0.8790494034029256
0.47656580505841084
1.1785065848067384
0.8306399312883535
1.3683820515689398
1.075724623934978
1.3039552351508648
0.2427487301045156
0.1412411159666161
1.9104361132505965
1.8175528608501192
0.570398327767957
0.11741166220541345
2.505975551860982
1.2877814575529574
0.09174041499570272
1.5248655858334943
0.2464788860758737
1.6555143121794325
1.183229385227953
0.9296744705247894
0.24910184391472173
0.864588384268863
1.9770199318916815
0.9725927692614159
0.5225578322618133
0.5305370545521336
1.8025351904042295
1.3763205585072387
0.6498313815961055
0.886591135550483
0.5269555070732322
1.5976027723996706
1.4820067596069078
0.34591021407955813
0.42001325328495276
3.279212852917511
0.03407367164202231
0.5126150287359319
1.0820664906271433
1.0871841891446925
1.6614119711562354
1.132291011818434
0.018778506398020246
1.3342245549196796
0.9022325004463595
1.9862772425730144
0.028090775822054263
0.37588874114894283
3.375037076622154
0.7113250103879002
0.0735442914377754
1.4173246209070267
0.5728460248516304
1.8191841630343626
0.8512536991793962
0.8164214515041367
1.0773577518296986
0.36082579733111764
2.264191598548598
0.34034302330949523
0.149028224770393
2.5855446800546473
0.9610123477629654
0.6758442967504752
0.9801308975391928
0.18566134118265418
2.09210213222223
0.4347081892609325
1.2374264035299316
1.5421377342277598
0.7310884331888884
0.08655912910973661
0.9175634958733032
1.5592027416775556
1.3133247965513888
1.2018188945709414
0.09360131381579956
1.0861788027897665
2.27082816050754
0.06249631743685085
1.14559405324764
2.7209991405311738
0.24414209984876184
0.06223854197578521
1.5409761963629847
0.8440863697442176
1.5615960680746468
0.9208899280574757
0.6677407218947633
1.0946586649205126
1.6737480334013008
0.34271162243954656
0.5904166733947426
2.3565759797958954
0.6156064063661882
0.7763189657504735
1.1741756886389312
0.041057494940127684
1.7160762857624494
0.4710737293831328
1.9487926291785325
0.7099129781690786
0.4798170895072309
0.28686591607447387
1.8353257152433502
1.1495955598787027
1.2544011570927482
0.16285435234459059
0.8948257969458684
1.5413001198162215
0.11405504960335443
2.988004253496321
0.03127571783705849
0.09063423178353114
1.477135533215256
1.0579410534331735
1.3932624263069089
1.0062460740042225
0.68937735443812
0.9609686262333201
1.138501161276993
0.26283307024883923
2.5511991764033692
0.3269364787219539
0.6699125433062324
1.1986599481201383
0.21813743723330367
1.6161365479432381
0.5233560343032697
1.8584824245558842
0.5277643413244573
0.5567084796130674
1.8024446199097952
0.821699861772198
1.2905277339076335
0.22657411932184202
0.7409162213453285
1.5622502609607036
0.16106876486059818
2.4614389391851415
0.0009751037971891224
0.8565086129971526
1.2136960919583684
1.221574864324035
1.0736819704522509
0.7036137404080157
0.850347656769309
1.1362751859749738
0.19953809918532223
2.4269649132830735
0.6176415573824511
0.700761674699983
0.35985622983234655
1.5375925197518896
0.5642819135825409
1.8356634085064516
0.4991312034752033
0.4413737270286577
2.4372010974495297
1.1490711844492039
0.19849802169700725
0.613256377177557
1.5894176183832989
0.2012951956184261
2.4186846428022175
0.022799444589522013
0.7135542740819159
2.2672914511995934
0.9205835962371721
0.5673694767313752
0.76093845123246
1.1909884917938947
0.16742743142426236
2.4454772147358383
0.44435349877774044
0.6208051976366513
1.656175881383665
0.5148491954662725
1.6900497586581253
0.53270120195533
0.41785382873634463
2.2558234258542478
0.8562540862980698
0.5295265008204459
1.335456401318385
0.22449183931792344
2.372912074831223
0.05086864302993678
0.6307035886383038
2.0580276447529062
1.2416758484414139
0.4288859065144439
1.0441858323285191
0.13715845022567957
2.4627895201864094
0.42649869670628937
0.47571332884497236
1.5030069603121534
1.92812231756209
0.43258261001438664
0.360510363806444
2.2758890060673633
0.8509310627443681
0.35650831526308185
1.3378609986874463
2.306475258714333
0.06531362903587683
0.588339090122576
2.0810951994856155
1.2241905976405179
0.26803820671464523
1.0867583808208123
2.2894518542577766
0.3280909915706138
0.47547082268807667
1.4122659735094845
1.3755938746055996
0.6741047154716263
1.5764236656408954
0.7482217146479158
0.3494611081692037
1.1914669079040825
1.679485831022182
0.5406411041362954
1.3732106199620158
1.1953358400396412
0.2386715770380345
0.9899022599997528
2.01381577408774
0.4074151280548665
1.0300314338497292
1.2111113643696914
0.6428235730208391
1.8430767984039576
0.3036311042406772
0.9023722599303315
1.3903713846219186
0.5256655852225496
2.006502674280979
0.2062875498672091
0.7773084680272792
1.5296720162949597
0.3654739104057388
1.6721763117077628
0.6049228950044105
1.222817076275522
0.27599258758127077
1.6734137581178847
0.5054773760405785
1.3256754942322748
0.18752400848130593
1.6492389928512814
0.2761800009951485
1.4349161784089643
1.5802318237683763
0.1605657866947712
1.4835653391791268
1.6238073207986465
0.10350009290041975
1.1636599609676495
1.2916767404307339
0.9675501954310146
1.0236298714828433
