1.435429790781054
0.8009002256851852
0.8428253744870098
1.0346244676547451
0.9149592992581488
1.0973504026609515
1.251196371462477
1.0596825366302005
0.13633133999170008
1.3775223706282667
1.5211640149837782
1.0062368348953914
0.2800939130331743
1.671675089074301
1.5713418904684435
0.104497963360071
1.1658495425261193
0.5725960634124088
1.6155569083255181
1.5041836018015469
0.24871419966369124
0.9249962004107832
1.0595780544884437
1.7031784762872904
0.12474625038663284
1.818452235678639
0.8188705729815252
0.1980360016888187
0.7481005640777838
1.4583974204107908
1.7603801026963306
0.23352682772292607
1.4402935881256684
0.8025001939163497
0.5783194957957594
2.2624194719315214
0.31650833701632597
0.5264349760626797
1.798567220094143
0.5793236412380239
1.5666130190720586
0.2909479469802822
0.9339671054093097
0.2441835217488761
2.029978952275904
0.37062009689323927
1.5105098453667474
0.7809972062635643
0.9605094897838121
0.35207704289622044
1.7946269824593213
0.32518148386452284
0.8467142764050084
2.6321618066075865
0.1410534867841777
0.4914831598082836
2.2778155124403545
1.0229596760413584
0.7669651989266174
0.27486995176103535
1.514794743074871
1.2479455753073545
0.818635331042293
0.4869825631078311
1.5593545253644436
0.5332411383176653
1.7785182437838096
1.2912820231902562
0.009790452217509658
1.1541741127609764
1.4621077006893703
0.11977300740314481
1.6886903432521654
0.8802938426924388
1.0930758682023758
1.2777153203088376
0.6781618188731464
0.5636839242153913
1.6938936559103928
1.9413879475788913
0.019917373610384856
0.3652378510623874
1.4417603204123295
0.5619184128490629
2.287159726504232
0.228244755665311
0.44063826958482677
2.180192233828922
0.4988936408408027
1.5027216367164749
1.0009175441904
0.6964022511791217
0.24972123969701435
0.05167725670609291
0.8737932182194561
0.9589612968569882
0.8233359588946962
2.118538293564339
0.41322681770121716
0.8059686786625025
2.467187274681668
0.21063173388167897
0.262123039996698
2.652115014517612
1.3805124268771325
0.16860084985866214
0.8083348772174193
1.0870570999179747
1.0560739098094654
0.8973118929426933
0.1387260964322568
2.92777576693107
0.5253174845487382
0.035423751355914114
2.836622525654101
0.1672424492010379
1.3756407482001969
0.01912996303120106
1.6169209874202315
0.3543739457477755
0.11829188995265529
0.4523549888322702
2.5039225055341965
1.2673141233185579
0.047738091076711356
0.8326734298881908
2.4283633918563434
0.5280295779757801
0.9912298173612487
1.5376797441079542
0.519272561770461
0.8071018374336694
0.32249399172027654
1.5660400961007
0.7192914376762634
1.5114362907848762
0.735333374945636
0.9003949187664511
1.4547806843380457
0.7087526761129448
0.07652535785235609
1.2285161601615984
2.425744646228797
0.4724074949285539
0.653537033838501
0.5263493194131146
2.3992579908473206
0.6281374158428028
0.6478145310860752
0.28633051039639296
2.5338988593153036
0.5333092438797902
0.3712319950246632
0.720772017673266
1.6023565088399354
1.3110091930779806
0.7960450386029442
0.14404490741274836
1.4733784275867292
1.1191168240148937
1.527807337758312
0.5032903233620043
1.3467888763025355
0.5420137405498731
0.29692753898680646
0.64136190928163
2.9065236793948728
0.29346863507916865
0.35213692068539054
2.8446478381758036
0.3061820511384358
0.5026495915932129
2.7590996550754783
0.6500951477572544
0.33229433153477295
0.8428126924628156
0.9875298925270479
1.9456359801629641
0.7627537748838532
0.7570915484839391
0.8831767919038714
0.31058509575579996
1.1968005856491974
2.396930562915413
0.29824800736504886
0.7140016056802181
1.230052213722737
1.4647259544118612
0.4788775529550425
0.8334227176005737
1.7276664833667619
0.29502656545808204
1.3668876687476659
0.23686238908469204
1.5384452773564574
1.6929563111540786
0.15405118033240892
1.7623967540810603
0.5338768630178272
0.7754260980083713
1.5656666679515276
0.4817153222366775
1.291797492745083
0.34608243813061773
0.7993486380757342
2.386366271469603
0.3011261266789576
0.908467406041838
1.9296367009901563
0.7189166289545664
0.8473663230435757
0.08996516946434865
1.9959266194925807
0.5646757309831251
0.42889362986434715
2.320388739546214
0.17796128619732574
1.337609593540766
1.2912601125761618
0.42002012167613023
1.5730736651087387
0.26321359798628585
1.0617911078306823
1.8687804499065885
0.6145065691219592
1.0256107538341794
1.1198020944167377
1.0607125235859907
0.6432911231502796
1.191580306821078
0.1806728281565093
1.3565810402371072
0.38613584415601054
1.4237324468535226
2.1935699390281864
0.03730303225343227
1.0526575129702116
0.2567264585063272
1.7290885219082621
0.780491691653308
0.4942359330097139
2.1314396438560066
0.34714552223045314
1.1934549189721968
0.35356890322743495
1.5987971735715802
0.17755612469920046
1.1937679232348868
1.7327984613045302
0.9716328546129614
0.22745489353523624
1.855098264353598
1.0916651372848312
0.9240220140820505
0.5577427348404547
0.10995281059306256
0.937672754947729
1.695313823846425
1.0418460738730224
1.108846378584955
0.10793727408201965
1.7587367513267438
1.0054973941033092
0.812891040609934
0.8427006084459276
1.616604567936492
0.5418602434128909
1.2516419380064394
1.5013201213095733
0.24039905472697895
0.9731683591431706
1.0621140398665516
0.20643490435492212
1.9323663766290313
1.0033298053859996
0.4879761100214655
1.271394961654126
1.4576124452643873
1.0192142267682824
0.43499209339132067
0.9124646237326988
2.0367570166859887
0.8505752827293661
0.6103613705739349
0.8133272090513769
1.2644635098820083
0.24360845049369123
1.9873748734561612
0.6656059251702793
0.5511193661878491
2.4116273200434746
0.5918403647265413
0.12686048287521223
1.4322878979717133
0.7831932066760583
1.8681563296887784
0.5868623953347665
0.8906699003006161
1.0705279334419096
0.33589656373191346
1.5205445854938802
1.404451902767527
0.62350648059848
0.8044574646719357
1.0108359555256454
1.0825778452932748
1.0387128428315167
0.3303196612710003
2.079299762216868
0.6732331657762405
1.1728857113464795
0.4680118018764629
1.1658188204959812
0.7169455238986183
0.7223242428625203
1.4984614392381912
0.34552777926573236
1.4892971868811664
1.353237463887103
0.4426572478632064
1.0741957165021365
1.5553582824446286
1.0930980877315581
0.2471884912809431
2.1543454090950105
0.052400695792997054
0.8172694519310109
1.3947075035113772
0.1028660741835284
1.7778790688767596
1.1821191662665806
1.2677087273986771
0.27117883695620354
0.797042055052049
0.33600412391670564
2.1060387210076814
0.12655459267543026
1.6674973279761427
0.8259603728475138
0.7487489400681366
1.2672269364718933
0.5019301389426479
0.8369322659825764
0.6090191453708421
2.6711489838849376
0.3548218707287927
0.5119396237867954
0.6355909897944716
1.0723504866417153
1.9752427905091072
0.3924562924104166
1.1602234830738327
0.9937311454221068
0.4942346536472023
1.3514947051210726
1.2193234025460706
1.1111962911980862
0.21147693142661395
1.743623747946721
2.0214587982421564
0.23988340388532922
0.1122470774950726
1.09231482303857
1.0723161691912624
1.4702943300557736
0.6344223605639722
0.6520194869434457
1.7773117816522948
1.190805673086012
1.0978841770275936
0.2150268845852796
0.3432912915712727
1.9042657881197338
1.0556171862858041
0.5959122069429682
1.2656852728390917
1.2648973140903712
1.1230330230102046
0.6001168611071238
0.8467563043632391
1.3678659418740506
0.88752762978779
1.3206286738786555
0.4761072871875967
0.9548792429500151
0.9626591527560364
1.5374048253004198
0.6725776529624282
1.2300805100907293
0.47581097650087073
0.37893900884456144
1.1991120431270663
2.558881741697631
0.4714662745903861
0.39067664541902486
0.5854917405109007
1.760306920581985
1.2265933126622235
0.39735112517713655
1.3836922134783631
1.673643381450433
0.6841183961228791
0.07780473356239746
1.7004230065505432
0.38419338026779887
1.790809450022919
1.1928220836667371
0.6132750920834573
0.49501617432542777
1.315925089157362
0.9218254027383153
0.9601355014064453
0.6054374956409846
1.0201700178296451
1.3976893165463224
0.24056686311384354
1.5275296567281904
1.0021593441770729
1.62312648489736
0.597573705822964
0.22082038484076594
0.603725362837955
3.245795708476059
0.33927035116097093
0.21987712331345766
1.4165031140130946
1.2995491295281902
1.5762366115985524
0.5120758520301297
0.42051197042852945
1.6771269146926315
0.3193703608869561
1.1225243975533912
1.3342351806955255
1.1179927783453296
0.92114654312374
0.8720003355955721
0.9055907799768043
0.2855491695331039
2.576977889766658
0.8208228462194725
0.30474982324988226
0.2331870863247923
3.51306814846821
0.17004586919310002
0.3862689982349942
2.040123663982943
0.7286853005139252
0.818684800907096
1.2885907861083634
1.3899730135121635
0.41434846133193437
0.8480452483059445
1.9012910507953906
0.762280573083801
0.5962723904905677
1.6671730057583476
0.27686344748624275
1.5862566368658113
0.028212851936085654
1.1586715651477728
2.118231700770926
0.9253352534114285
0.2118016456366048
1.3723278729328574
0.4264018237356221
0.8058155971526971
2.0742670117386104
0.5185363722493306
1.2748511005190328
0.04333509893043743
1.7010528071039324
1.1504202743756902
0.999525715351909
0.0992854896603923
1.1874098782319595
0.7829170817679325
2.118711553728616
0.24812826107412728
0.9030140077185544
0.5972266934573603
0.7013537598476338
1.5711955454307236
0.7465330655004186
1.1401686768067993
1.3241527795814763
1.255317437107636
0.41117929275500537
0.0211397256240284
2.8908514478694007
0.1687438131575015
1.2282792681179433
1.06328449209985
0.6478531435166399
0.12988429215323694
1.8698860889433921
0.719995938868391
1.7009152756576276
0.5330369746079123
0.5370779916412197
1.1973334103565003
0.45051432321204227
1.4962010809048392
1.7222451598335933
0.7678914727423661
0.27552143311581573
0.34295334754698276
2.846160037652717
0.8042858338130846
0.42769518055964506
1.4120561378908414
0.30918597238313894
2.0404441265989206
0.10045160682394859
1.3689632992912553
0.8282058166111536
0.10390726134033779
0.9744935637162534
0.8807534724068021
1.732389892270191
0.9840563037921851
0.7263281197273038
0.7612319022826769
1.545421695926443
0.9311255120845662
1.0213042238216368
0.9397107025244905
1.3805304025505762
0.1796828561449189
0.11600899626259219
1.8689462243694712
0.5686972012120667
1.3835300135913156
0.2816606044513098
1.220048014477146
1.098896238484039
1.857363276456048
0.604508055914282
0.18388384083063009
0.9392197011621047
2.2162078524050757
0.45515385833091976
0.9250410621849374
1.2887424768654323
0.8148525069676795
0.788714002812178
0.9753717250728781
0.43690810285923903
2.3858152442501916
0.7900972736424621
0.33648222979955683
0.9295899441183594
2.0615202556413745
0.5649355702705458
1.4342560252674403
0.11548653783242445
0.13139433466050032
2.065299746691014
1.0051707623608814
1.3222534591135573
0.7407932544676976
0.41310133943360217
1.9204035620036481
0.32329164753928336
0.5645487820413574
2.418995862089914
0.32967001717931155
1.3985479603671074
1.2415753059729004
0.37911789306402666
0.03319098684139403
0.4295610835580898
4.106873962466172
0.003406605119747215
0.3039878579336068
2.6586666258210307
1.2808250668686
0.28246773482962084
0.017371951650546034
2.271837010055356
0.9620928301636917
0.579331496342488
1.8239332709109817
0.3722545342959809
1.3082098813139262
1.172107315204244
0.7015625232847095
0.1235241783609168
2.720825134039049
0.47232770767804994
0.7874573492654404
0.9615246827348225
0.32459395262519636
1.9261365309910938
1.0540791561728735
0.3799359528500204
1.5378501794027715
0.25946028343769206
2.1525500879010955
0.945394197486656
0.1912441251910643
0.4344079204468254
3.0152596974726937
0.13667676573057988
1.0031884154375816
1.3487545698204269
0.5566230106726404
0.7274268081034984
1.3578523220833625
1.239453019216772
0.3043507270929104
2.429500200451427
0.45104188487474284
0.2500633193547044
1.3176519242898017
0.9588681641193407
1.09579568136952
0.7627837581389773
1.8363336120784133
0.09897523268149147
1.7158151357225122
0.4559553551841247
0.5477299699203545
1.4201584849926814
0.9671990592154639
1.125884153088472
0.9532093437918397
0.24820221558955716
1.8103535238146697
1.627008762714165
0.6795394796336178
0.5531788018132533
0.775955084974717
0.6836390349150692
0.8604733144145175
1.6460412766860248
0.7879200212958269
1.0524924932393869
0.984900948269591
0.9431265744390912
1.1913369184392046
0.9259445626830791
0.7688093749773544
0.98054192459345
0.9675386762837088
1.5763961433465108
0.49609371244616657
1.1329948041305768
0.5986328460319367
1.7286379643404721
0.8712493871499039
0.5839924237977216
1.5277700206126366
0.7866591026447504
0.48975998591263586
0.5828432949623701
0.539800930673245
2.1151672651532576
0.6819253084153909
1.111223135228936
1.2658460270401584
0.5911749899592961
1.066237810451522
0.7115409032192866
1.0938188907517719
0.9444823462305586
1.4055011889730409
0.8074532088203568
0.7618214694812271
1.052614865424777
0.5704475864754226
1.1906134766741852
1.8996783612446895
0.1236668884966204
1.7557423673015202
0.03625470273505472
0.5809215309976818
2.0139781581475
1.4268526518422615
0.41833346121837023
1.2007348948188121
0.1385821412143729
1.8837545873390193
0.7794147750804831
0.9986559122967721
0.3673452529163074
1.3935432875218112
0.534092517804009
0.7500940328416743
1.8605596224336023
0.9180265463449463
0.8748121687244899
0.6970011920859197
1.3645121325517222
1.2996989844814892
0.4757716099003388
1.2528677383082236
0.25744869216283295
2.046350894100449
0.261520263946548
0.7818080895374105
2.594761028316569
0.14462590736409134
0.7319374658380755
1.6736132653795444
0.04583659329711241
2.0594628597220503
1.3344045539383138
0.14664694720452895
1.2028440290960631
0.24037784473998464
2.2800669860870624
0.5857995399789159
0.7479921398444476
2.033153831011271
0.12096179233673135
0.5194608931431212
2.477823590000482
0.7903707613977209
0.18435446335788463
1.9460089707710637
1.5806334533596509
0.31348589065491406
0.48720019546742516
2.0869230150731575
1.258241155913079
0.8291502680610824
0.19119455880482755
0.8536498960557277
1.7234893665794906
1.2233161509393284
1.1403134957656615
0.4865855059382294
0.20068574521611243
0.9419648327088791
1.076339437496987
0.777057662221186
0.6684582967586041
1.6913937133818093
1.605144887360875
0.24783644145654313
1.1388066243246004
0.7671871026128098
0.9258875719314499
1.5041928122345738
1.2436796932297638
0.32257128267552776
1.2911750545080203
1.1881931230730371
0.6256694712116759
1.3037558550367443
0.5269150498748484
1.5624694052485715
0.5926854691178115
1.1168327250493748
0.4373440867347634
0.8270642372212581
2.1345025862236304
0.9715929486916882
0.521952465019297
0.5247140296300769
1.6871533011027608
1.2023292434404
1.0629806210531991
0.07468954217985313
1.3280713936853947
0.8569351134328462
2.1055739257321515
0.04957589340873647
0.71675121394056
0.44146471983007574
0.9805935784591051
1.1921492797636832
2.271426308931778
0.12520814026956542
0.1467844837695904
3.228107208222065
0.7634801055922278
0.3086557400689485
1.303239506970113
1.5204791861108402
1.0203884385268813
0.6896431017440813
0.5827693798660172
0.5466461417775266
2.091008505847526
1.0203630349525936
0.7853590875961296
0.12617751502397978
1.533346306041256
1.1115791750039314
1.6067111868220612
0.44654272880484297
0.3034020950889293
1.828283744259923
0.9915409840146805
0.5985262558685885
1.666500655544356
0.9561517636479343
0.47972597381923965
1.4873018675532637
0.35458239259426083
1.8543027294556864
0.2625021996966288
1.1547535465699938
1.3640149567647377
0.9094938475411489
0.3945813417857501
1.3679771256321014
1.1549378383682125
1.0060080660943929
0.8030772695963092
1.2979613236178802
0.428195893309905
0.8792296179451942
1.2548525024028672
2.184665495456089
0.10663603411468024
0.47321282171265217
2.095297523906208
0.6545549195168329
0.854795939696192
2.0555228327791104
0.519419951270899
0.40412938432295575
1.3230758504853144
0.3126383721331829
1.1919874503755
1.6224566711378645
0.5518517481319523
1.2421780025530569
1.188654299629449
0.9765381281698942
0.9660851965926892
0.5322110174225373
1.5197398792675039
0.5259777604119318
1.1392650892999263
1.1222069927923348
0.6644081548003216
1.5552794311190676
1.063900379804095
0.3791003365724
1.5718206722031198
0.8827094318503478
0.5188462859147257
1.1045724835626152
1.472161884190678
1.2372048600746157
0.35326633099015203
1.012368478812585
2.283936256784419
0.2785249596783456
0.9270033749281261
0.31521684188306404
1.9302087400116221
0.43753256625148246
0.6920473183736483
1.7180673399890132
0.6717785770079808
1.195994973377241
0.8641579921835154
1.068274783949677
0.7686912965691091
0.6552424496565308
1.8700268347477442
1.2341522434750818
0.12340630158250876
1.2165071662310116
1.849396802893837
0.8987061978049588
0.8207086813117401
0.5188504887925324
0.5781382118940244
1.5766079610233816
1.0013355049457
1.5976178621314006
0.11733056241876796
0.6865805233844611
2.0763366043058293
1.41372363581567
0.12196148719675212
0.3985723706060128
2.8122992326816916
0.8472077892082428
0.4739627665366604
1.478452221466982
0.611262633724665
1.080328594736404
0.8599937978685182
1.2274771652760907
0.6880735031604595
1.2142696518025768
0.6395095421557536
1.3057130472783935
1.0712885953497742
0.8136886951863572
0.8408104310355627
1.371063089089063
0.3766084941019495
2.1873176601524267
0.4511492141673275
0.44173667612122397
1.8253550005158607
0.3671895967827665
1.3811399446159938
0.8256692299850522
0.6900224623673753
2.3309184126674807
0.5975250226481287
0.2645549270336575
0.1652166285052149
2.1117770189430347
1.6924228578069327
0.27565322373920126
0.9166759696902905
1.932333536228229
0.5075213806239071
0.8786724629847924
1.648363365258144
1.1772430014703739
0.17318931471818025
1.0453982190468816
1.4649991345924243
0.45057857885457836
0.7481211672407926
2.055173932960346
0.7959255433677506
0.47086449749117537
1.4224679113298444
0.8547272604149817
1.6487809707575067
0.8302541803580407
0.4504590906816054
0.7283599021699939
1.1484645439512835
1.4264098472631577
1.608703580549053
0.03320772808977197
0.7530179651772806
0.4949902833273663
0.3833523803632404
1.725074657081738
0.8592642745395649
0.8422538408627905
2.101539708570977
0.211204428952669
1.1957215082673842
0.789805139560023
0.712990659182896
0.8187913320637386
1.213016265735843
1.8018260780891864
0.5067455181245859
0.6975433332535209
0.4814041593499058
0.3499192261007388
2.0158748813496303
1.3181603670314095
0.49969450242810487
1.0582243596991547
0.2420894005424272
1.5878489079352558
2.3053831199833477
0.1528393926566953
0.7841576224554827
0.5704363279351669
0.8328341054982994
1.3607783163828149
1.4607987610213624
0.3596343520088267
1.8063244126998579
0.7392698547977506
0.23477527019687613
0.8540862617065448
3.132868343207491
0.3604666143351778
0.14021735625370424
1.0156330972607395
1.5135307068005643
1.339373744699397
0.8123094224588973
0.6123680889624141
1.04249533944913
1.340617501041163
0.6287751288441974
1.7198941973348105
0.13521171918092192
1.2330896630563595
0.9087390191847214
1.2732936445506808
0.38180398350791717
1.5780164930084044
1.4214639960164368
0.43869311221798385
0.7501073596047687
1.5528863275154552
1.147253251626759
0.0734817828741755
2.356362110635705
0.6361694108203968
0.3378100134980207
0.6041476746825439
1.7603633345654197
1.4367531041391384
0.936568262413652
0.28131286521175713
1.070531561429827
0.9458662120974268
1.7087467889254915
0.5903024923100562
0.8701072512207266
1.4112030395337753
0.7067832640174795
0.5985497768599533
1.922245693321614
0.8570518191657237
0.2731299499110633
2.05469950515562
1.0483919880197416
0.7260831324819389
0.3033320299929977
0.7046996792315394
3.024037642393199
0.13128684321006526
0.4706655851145595
2.3277815570522
0.6504077033216054
1.285681209065658
0.7923103898676994
0.2501096812019233
0.20348870180542297
3.36495275647992
0.6594782997974863
0.3775234620223877
0.6462324183472746
0.5733028346692501
1.5797911842431132
1.288483080092614
0.6297768589275506
0.9719026737550978
1.635742537836522
0.40421240051505447
1.7754762798314052
0.5017018917347235
0.1312278613169925
2.3159812274319904
0.31190883089869936
1.1363281638491398
1.9823877733815012
0.29054041282499027
1.0013224388782116
1.5524675195770994
0.3753122805365905
0.7273969219000772
1.4271540833554124
1.151037212144432
0.9814369728139852
0.9083886618343135
1.3718562724326966
0.5404179015308311
1.3044778411598035
0.53010573319258
0.7524041625368735
0.49657469219037703
2.2267961903275686
0.6604496205454816
0.9174934723496703
1.9113107571503214
0.03295566737970147
0.3851926775902428
2.1722745467941524
0.5241393552926258
0.8856918757278432
1.3192321165182772
0.6947439006774416
1.9106944991608943
0.7267386793387604
0.3578887903950588
1.1956894545794414
0.727380302790377
1.8293454374763753
0.4461018651438318
0.6226241281521664
1.930732821981649
0.2490557449757012
0.9928604639625738
1.914018798842264
1.1846261883998783
0.590574103911224
0.3589370389332529
1.0381466346206445
0.3528458405653191
0.6375769000088681
0.7755999663414785
2.526787759739758
0.64187051932156
0.5673200448197938
1.1469361300321264
0.5696422005610766
1.909734979054811
0.2853302325865032
0.7192287709413102
1.7440723145686086
0.9181751750444255
0.7379054755454151
0.40798620314303813
1.5529672270478059
2.2856161701468825
0.1615860093238349
0.5249326612660963
0.6473768742440921
1.0062658249714445
2.607493393035115
0.6540066804542476
0.06057901443834298
0.37471423296903833
2.8766319306571493
0.6233949382072214
0.5225212867614494
2.4512465659297806
0.3452874597724491
0.15665744054460495
0.650485059555192
3.297343667458094
0.13047784052179712
0.5992041221249191
0.650707972942768
2.171940586310207
0.5450905544272003
0.9718533211653471
0.4973279437242953
0.48366136758663
2.5154200268300486
0.47164764886203225
1.0818253520394912
0.681619209116101
0.3696657211328083
2.3439852839582405
0.643761555991569
1.0118492142328401
0.28237125190849993
0.683029401018114
0.8805424144405103
2.0893029433615777
0.6652801368457486
0.981845820858774
0.35645501205863084
1.355173695750738
0.05891259213399264
2.1788945463758
0.8385536671999831
0.12837587641512524
1.891722785141127
0.7850211163097938
0.9064465907782312
1.734353459593618
0.812189427917656
0.8751978500660655
0.4737286954672939
0.11804177451249187
1.8453645138102728
2.1031354719393005
0.3993516034428391
0.8897539340163947
0.31211565063717217
0.28544497347981257
2.935472426014551
0.215935960201865
0.8485325108945828
1.46368198866434
0.32058136860383124
1.8857072934346857
0.9447215492316874
0.4240523555144501
0.9882129140084307
2.3933947381824363
0.43680615389411237
0.730224664144378
0.07763589612569075
0.7244000277266082
2.8158952469489194
0.4896829596538571
0.6543207991377785
0.4054833474527708
1.7759982064330102
1.8947633660294836
0.4329534753079986
0.21830948480127046
1.162164638350062
2.131583179668367
0.27393947474368563
0.4686779035479612
0.8404981141952956
1.5975509882486558
1.6011313453699767
0.36513969564003285
0.9500095000296938
1.4074925448742588
1.1688624929730296
0.2873227514691626
1.4843427436191228
0.992231786474183
0.6579983886931469
0.7364011562450139
2.0616369175468696
1.1568075893664804
0.4797188211450426
0.25267362770267826
2.088435395562713
0.3794588850673756
0.4887582510521945
1.251096234144279
1.7733097574922452
0.5740627806258802
1.3042215015952803
0.9810122056260968
0.2301347358405315
1.269717266717815
1.6339784876721284
0.43610465760078976
1.5239494965966018
0.9485873881587147
0.33147355324982464
1.6772153786106536
1.5292787725399895
0.6905624834839006
0.8177812642917488
0.6196987848585376
0.5219927482422214
0.21532362090025994
3.624905853220745
0.30666489361560006
0.13263799954246913
1.1348859530238495
2.058623939115647
1.2218012110206713
0.06374722003008283
1.738602164972046
0.9569928897795451
0.3758552886371898
0.7253744527263128
1.4080267485090132
1.9735259684690984
0.4607022376394923
0.14273975041842143
2.692556136705728
0.3150983220495684
1.1835854966401498
0.8257393533341374
0.2625808454470037
1.775556730912993
0.7602761240324448
1.0026024416018942
1.5381259362143502
1.2265526563726743
0.14231388473189435
0.9794245880016936
1.1227534123103255
0.07583632694223563
1.8167560544817007
2.1606223857330003
0.3960008509649575
0.11859846837360544
1.9477927383454259
0.13811435656960871
2.191440759388556
0.6653559547878638
0.3501344544718662
1.409091286009857
0.5523856173700709
1.187740529068819
0.8290645310831236
1.3321037219645506
1.077974317741809
1.1234697026702292
0.5099526148678263
0.723152908983186
1.9822226470695428
0.052620254826522474
1.5403427228376478
1.5413935936713612
0.3693444437929372
0.8574872318166616
0.9677123123327142
2.1349176812519555
0.4146622407983448
0.5190034297072141
0.6932652314247805
0.9210939116360335
1.7073980412635243
0.9289590682483686
0.9617659438006588
0.8616917245826532
0.930020134504468
0.5669639576744299
2.2609845582013497
0.4657157277419648
0.5068495259594584
0.949669225299298
2.06543924509301
0.7554690824560673
0.406740112742448
0.34691844093704416
3.076648474159353
0.22747397354297647
0.8156685308908678
0.8260355351051091
0.42388090382750615
0.9896624286252391
1.7684233937273268
1.177940968515156
0.14377223653534554
1.977970555769894
0.8585505823750819
0.25675087884874703
1.6787580792052619
1.7850970124068042
0.7832378871532903
0.25764473186039283
0.6747063360002055
0.32797440734234234
2.1245051485358606
1.0851806147258116
0.6993812891566797
0.6324760033113663
2.166730882048362
0.6680862452593906
0.28064204502649287
1.4963319924242986
0.9163399890674486
0.8575267288915728
0.6431215894200555
2.2680832925854224
0.6046527939724484
0.7903696967937803
0.29434799442865633
0.4285086460961141
0.8427273875464918
2.4811890234436142
0.7945976896175769
0.3961745010505483
1.0645923094643353
1.4531187802047008
0.883939415367857
1.284311361255652
0.3874886467251367
0.7093097201011774
2.298399190845625
0.629797046144151
0.34812461365969205
2.079314659127765
0.43914472672119936
1.2120567550225374
0.9809513454660574
0.9299625319518166
1.061659976398775
0.5818173386731712
0.7893115163088595
1.4751324422088112
1.043700701380741
0.9097820968123859
1.121982718495301
0.3949677305332138
2.114530260536391
0.29137139707369436
1.1117555934071461
0.6529987520118246
0.5972138167102545
1.6608449626469628
1.4101423725784412
0.5365920416528093
0.9429065294119646
0.9937620048110585
0.967578994379458
0.9203109490041419
1.5284837161742035
0.5559626457440403
0.7806392112558467
1.910144451829882
0.08346429742273165
1.4812877101177662
1.2022365251862492
1.062818272732498
0.2115144071532759
0.8538072990065226
1.6446289805301424
1.1470286438947777
1.1324032858625455
0.04255622693531675
2.1805201639982816
0.7240641241700894
0.1923117544531741
2.363380568203431
0.07845484698732196
1.088700517259974
2.5378945306340475
0.18303074892027457
0.5335632643984494
1.143255110291142
2.0538810934505274
0.38395115720837353
0.6801699627373547
1.2546417190040113
1.125955712644649
1.3021982563048362
0.1684693717581241
1.310418975102289
2.0953950789647
1.0172720985032413
0.026454652894768435
0.049083849567778365
1.4297610826131697
1.6622013652028607
1.339426963056271
0.11358028302108263
1.5509427422926154
0.1054691986845156
1.9654155465578318
0.7671707389483159
0.4054139036206863
1.600215891458122
0.4725584073198166
1.1748223629670727
2.023029097792764
0.2633044214014944
0.4538792001001002
1.5021580179868956
1.780316290384596
0.3025086085895412
1.147207839170713
0.47247941538070753
1.288892227026879
1.9243483288587147
0.7751274337263602
0.42856938987293036
0.14568801257702643
1.5994669022658847
0.9281593578426245
1.8904133302456694
0.3781652625967648
0.22896348923785473
2.3912137720087507
0.8185356214045132
0.6223543502942773
1.0868538699738912
0.9306815981364868
1.2541367602260773
0.2513916493835406
1.9232792917232695
0.7728501816123994
0.8822961854407262
0.12186843455249005
2.2246112580181325
0.003646695307659232
1.4717501913785664
0.7760746100003627
0.6338808971149525
2.0877892901593094
0.60076162269624
1.0161842558213
0.088615023785871
1.3371129936798436
2.4111468196942627
0.19611506908395843
0.514015368973188
2.094709469853404
0.9569207279214316
0.5190245808118821
1.5413733714045172
0.7291456821511675
0.35475631658593376
2.4319553104504616
1.001718086910235
0.3348858759431686
0.6757927218231835
0.9375561875929735
2.337544595459158
0.04039759881459111
0.8694797887516441
1.1554645768558605
1.8973425591369504
0.05235328148615922
1.5148182992010937
0.7891302894268566
0.35994409496743984
1.824344076030487
0.8473215883497729
0.6691240334210742
1.3295337059026975
1.9785774416943924
0.2587944011409123
0.1674741354933779
1.342163578748366
1.5065934752768584
1.1587849928457277
0.3276895157716658
1.4896903660056557
0.701973404142742
0.7604742766171259
2.2687300475361014
0.2993770702269106
0.8097751665895462
0.6974993876069144
1.5415414284732107
0.724498933163912
1.8373052052704733
0.35409492277453536
0.13213730996676679
1.9112936456393226
0.50796621662817
0.9513607100304158
1.727992083447581
0.35151177221245966
1.536754545329865
1.2464886309132226
0.32096599143744364
0.7533375786229166
1.7924446294652727
1.141066186031745
0.7031671236989364
0.4068600580121999
1.9125312940142776
0.7731113111305029
1.2778613120133449
0.1312777429642311
1.0556209409487052
0.8021219847365636
2.2884511973894908
0.3019963464755881
0.5336079798225535
1.289375264912465
0.8461727119475191
0.7428429447389735
1.51467592094957
0.9515844977073898
0.9511186606582716
0.6995968380673376
0.7962390760185829
1.38137847348531
1.171783880021622
0.9317106199705113
0.9426734464250249
0.9208730754100932
0.9211364075189281
0.78688673404124
1.8743495809593438
0.7404392734489859
0.2707992396592654
2.2803144025505016
0.6748406363115511
0.9522289470069953
0.6005433886352597
0.5369238713565977
0.5906636124595819
2.1162640506921595
0.8339164300914266
0.6285107354913034
1.0406016971509027
0.7522638720420882
1.9027143468111898
0.37259191038528744
0.8744521423010584
1.330729078479129
0.9736230204633127
0.6310439562196196
2.2608502454534714
0.41718775626478943
0.32274707672656494
2.349475854048145
0.1656054249174151
1.152403201910578
0.4087326349999768
1.8822519886239861
1.3291437616982371
0.09829909972712093
0.23618424784580497
2.786524375521329
0.9357484773295582
0.45262925405728566
0.8282803554332814
1.4766342937554031
0.8526859335408111
1.467569072459571
0.6609833241346125
0.3997272657576184
2.4244913545874462
0.7588249954337731
0.47344470702669456
0.9797325104472823
1.5075458472222576
0.9077584816401135
0.46228077416745506
0.9553555195943819
1.907610464567463
0.7104424478732786
0.17767030645594156
1.7537217260124973
1.1976257079178378
0.897319723047123
0.8613677853585138
0.8172042097012712
2.20245326492868
0.5564688474369788
0.059782978175910946
1.4261003969935415
1.2036406410411498
1.8554204293840986
0.08173729465847475
0.6638498957570592
0.7240163404508358
1.7111469482814008
1.0207597197614728
0.0028950367266583127
1.8632309099574584
0.6991034850543223
1.0537710855760363
1.1756913531466566
1.317590387356817
0.5417695940899924
0.6535197074102582
2.648323165050948
0.2995181449766865
0.40670528812633794
1.9434393738394995
0.23834597755698536
1.5260546418228553
2.012607047950202
0.21654962420633414
0.04537700366520317
0.5995135085874514
1.575604057389519
1.5394227525772546
0.7770329728075218
0.678275170805916
1.1520637815020514
1.9612566881739906
0.4891087816387428
0.3528781436106072
0.6257086245316328
2.1430213610453164
1.3865763319053834
0.36796440087467086
0.47563180713792763
2.4296400281729085
0.07656466371454536
0.6388921338405632
2.094915690802621
0.554031777435656
0.8350077192581794
1.6493061407736953
1.1533619139252163
0.3830697544863679
1.0010299496135517
2.76471556381033
0.11711207964971382
0.20692630655438227
1.442882913541136
0.9831953802430575
1.7765857797451925
0.7719232010631698
0.530865425413102
0.0647228440814493
1.1283568043402212
2.3088100337986064
0.6601891613992044
0.45757362064330415
1.642126932723309
1.7681638378592544
0.30527308755212806
0.5234666751369057
0.29194159967723504
2.897001650322788
0.8170759342646174
0.23607192070011843
1.4448736951217571
0.06699629417615509
1.4484881155653526
1.9214640030149943
0.38537302862634576
0.579364697860016
2.3050184468089228
0.9628455862711078
0.2082210630565411
1.4699276483793042
2.4513833668793086
0.1275858660314724
0.297766493919077
0.438045661892371
2.19917122778412
1.9707504568863363
0.1231121986806089
0.09521321337947167
0.7691856516513593
3.043891708165483
0.5029608238153874
0.22958194184317168
2.318968965427465
1.7109575873803928
0.07398893487062916
0.21314535159916007
1.3043475032700274
2.9807412777525633
0.33274038197195177
0.07031009481180434
0.5956362457470783
1.2850827610563527
2.5208094947335242
0.21448622830954966
0.2589238738494208
3.1896947442040835
0.7401020597165167
0.03403821579607206
2.101148764216867
2.1049427408734274
0.15479365074071397
0.14650175740098006
0.7213918138475092
2.794770026123233
1.2047023284862162
0.02318071518944888
0.25494608815166503
4.068440838361849
0.3234754626916001
0.020981630959454295
3.254094412163735
1.2210869794424204
0.026568245817279148
0.22072533147532591
1.9763535042963036
2.5095942144258894
0.18488344957633762
0.06410441487665151
0.15275267059860578
4.654221352191069
0.03089205609268211
0.016112543519406344
4.097806780050189
0.3126689660622455
0.17577536212199224
2.815838565313583
1.3619588198767394
0.03802544784280449
0.37294722517555023
1.3755823503778468
2.8570302693040293
0.0573433189371106
0.187903155380247
4.235085003714759
0.07479524972308435
0.14323653574725795
4.01021988865282
0.20859452125124742
0.23003627273595914
0.5788852965179396
2.3465086083106255
1.458907587338733
0.1318020430523415
0.4269766063901393
3.6391291268703974
0.23677731131394664
0.12707592013596966
3.7471025681526333
0.12582492871237458
0.28599341539668693
3.509691356134784
0.311296353611493
0.23707297162204205
0.697446356576179
3.0510275863931113
0.2800346839093892
0.3317955476263952
3.2375327886104235
0.456714325575089
0.050790908397982636
3.3454386597232357
0.6227994539989512
0.1042033271350373
0.7022921611799113
2.878548091733902
0.34356538728239394
0.5052454164367588
2.643792530841415
0.4645089948387111
0.30985715025385474
2.905826911738938
0.5802411545732732
0.07355668487515445
2.5642838579660094
0.4572959629519108
0.6430913510628219
2.2201614827026255
0.5037584442220561
0.5288906012485252
2.319591191569406
0.7260460288249988
0.27996152063200247
1.9458992931130243
0.5710228526530181
0.7885107687403942
1.9048711488562324
0.5468461869536723
0.7140647878948247
1.8791491265051403
0.6925759894851893
0.5099160460942683
1.56418502102045
0.8271477085731861
1.3558723701703124
0.5961600121399196
0.8622505345344506
1.569700941524152
0.7247010002299668
0.7425337226645351
1.3335610612470938
0.8825180651836123
1.2905482763030707
0.6532431822386477
0.9758334293108717
1.3472007296244
0.7528061435145899
0.9362214294226348
1.0050937542346245
0.7600243466538608
1.5887332993887253
0.8926489077819609
0.9386989467655881
0.7799024860340379
1.0910865970983934
0.8710623652079376
0.7724511621814008
1.6193183255783918
0.934936046086029
0.861340900850946
0.8084795739557693
1.2086690426409397
0.7708400822608387
0.7791746990215989
1.444189976516915
0.7897005275767576
1.3141808649874451
1.049368749413634
0.5976369456630909
0.7826567224764861
1.4608138107010171
0.7925059782894276
1.3051939765193559
1.0885403202265143
0.5604796912782706
0.785014458186725
1.4756925316077145
0.788299323465345
1.1463556907514076
0.8331809183499826
1.0691095142267544
1.2402374679061625
0.7072745704535318
1.152299482906577
0.8341486634570799
1.063377046643702
1.2473166943609395
0.6969556064525316
1.163188258708396
0.7257334426008986
0.8627251933374873
1.6662758793317547
0.9712316981133681
0.5835343568684865
0.8690722975859702
1.6649256944718638
0.9832889212980095
0.5673656271285542
0.7840641606199608
1.3935383525356704
1.230926372378471
0.6281060756410933
1.1789659531883379
1.2216610221803652
0.643940167433255
0.948188508847771
0.9753497625288657
1.282359255322068
0.8102500543158142
