0.608438427705058
0.6468434007013255
1.67047684776646
0.7848587464219672
0.844234472580063
1.0872544212207307
0.9663603089828122
0.9271012668984021
1.002709343812024
1.2877359670273263
1.2793698747386604
0.12333295623006486
1.0253788966379125
1.2206752500732352
1.3241587161925412
1.3577493396337736
0.03493847685433335
1.4648540582585288
0.5470217572169046
0.8192638637352464
1.6404522881656982
1.489505101684085
0.08357225713009644
1.44649968273715
0.536072346506172
1.2154788555254785
0.8936997405521208
0.8092579344826312
1.7761505908580744
0.24986484545634968
1.3864460434007146
0.4158201929379443
1.3134035948254437
0.9275758214500682
0.8933175124826036
1.7058868431797887
0.5671529102529421
0.48540082779523075
1.803727346579476
0.29548845932245094
1.4152845683663535
0.8710949242441512
0.9371769075151007
1.6099184129925501
0.5920616091721149
0.6838629167934448
2.5566328218109455
0.05899843137964531
0.20426156813146115
2.123353638168956
0.8135023232437993
0.9794083517704716
1.5284417729197644
0.6247407551236437
0.8126862944652057
2.2772083660364237
0.21160474881443095
0.08394771697837025
2.933110522893222
1.0453163373677976
0.17526491661521096
1.225353676921022
1.7475835109275455
0.6784711662634745
0.882577714879858
2.080159363338818
0.30893771608557163
0.0406143655917706
2.987587032895778
0.953036232538904
0.17642722675185843
1.3467901281932062
2.063402486263699
0.7518226606298369
0.17456596020146997
1.2552384142415642
2.487499753264776
0.3276885016215815
0.12522858336907283
2.9569882441881745
0.8529402333157358
0.1836430537038993
1.420811980057229
1.973450453205023
0.8002018126064189
0.19317803577653653
0.9911803676689102
2.7025555684142497
0.47052832617228113
0.18900214558633538
1.120729366805453
2.1304814121023092
0.7911262561014551
0.22538199159088249
1.4827383185886704
1.8875756072309406
0.8988331917330032
0.20307318047379552
0.4731345776200738
3.3000152589472416
0.4750031024309526
0.15711210270871512
1.2083673913339683
2.134179176723406
0.7122477317012004
0.3256354962295988
1.84179257292478
0.47410243247635486
1.5324483841675864
1.381959172089818
0.10755035154253605
0.33286321757712284
3.6880376555981216
0.2938404116998915
0.25630355809701205
1.3191258491406046
1.9635488485142756
0.6845989133751568
0.38255306365082437
1.910070701156752
0.6288750308985576
1.2690742144847644
0.22522520074906102
1.0017059016976473
0.3505396136218425
3.1153818333475805
0.07064706158008065
0.18907291179996308
0.9394482813252815
1.3040488921523732
1.5908050775416158
0.8025315451572314
0.4887600131439035
2.154110119458477
0.6875722779265709
0.17253797445329772
1.8220936943810147
1.248007852721978
0.24575920174893645
2.1263541673249233
1.2876695157278322
0.030544420659673267
0.9606784312505299
1.3749339011560975
1.0389226492807286
1.5162868630644915
0.8574543648954789
0.13357631461269606
1.2772740367793596
1.2386448414833875
0.6969196012357762
1.4056034348830329
1.4957341531555202
0.10617914098154141
1.086369309005188
2.4566645547106583
0.2718738788644013
0.7781570103305674
1.68243532557848
0.14897170813637353
1.4266536383689101
1.1181196672618892
1.03054919479628
1.1580243161591424
0.32843702702014993
1.678927728364126
1.1968190195925812
0.13505798747744416
1.4402920797237797
0.6934170289601944
2.148213211654979
0.08274501981059675
0.6900831824775974
0.8264750822425867
0.8626131758914352
1.5882310366094585
0.1212056009089665
1.9225677155286967
0.9773478522642849
0.6105302207744482
1.2659883231817792
0.9206289632989691
0.8250786778181464
0.9535539635485595
1.8957816881719691
0.3591852954526086
0.4028361618969921
2.889122994068538
0.5705476036442592
0.41506056453693074
1.0128261993609629
1.3776372369720236
0.853877508174968
0.5303364405156896
1.4767390817753756
1.5364900102823351
0.8761144516498275
0.7821644747011568
0.5756752649993887
0.11799302199249678
3.336118986634545
0.1607497035863846
0.3104849881795061
0.9706045650401187
1.2794079496215196
1.0680945062649154
1.157926965767829
1.67934597540487
0.23807711492528774
0.37918159615171754
1.591806156429442
1.2895485319873576
1.1745593682575186
0.5045451196681748
0.3517652783455981
2.0715228748843684
1.0525189024869215
0.7553178753973789
1.6102167751883436
0.42595141661406427
0.42023088114811175
1.2757316692598433
0.9282602221244031
0.5833267631608857
2.503672726029422
0.12223455288274061
0.7565684089429319
1.4398802068906684
1.3558955080153565
0.6473184216426751
1.0960595179032433
0.7327999943115677
0.6132865200929193
1.6556007613613803
1.0572044088381047
0.5591896816069063
1.3515773824017594
0.8529786629485865
0.4275800005206852
2.635015419306314
0.5830999334246719
0.3989365022726873
0.9596101120152578
0.6973213067484925
1.5526827334091229
0.564201274972099
1.257540733399448
0.4596300222275356
1.5020839848476126
1.518340830506273
0.7292982055900111
0.47548480074287336
1.1155038301619846
1.2639749217272798
0.8172709166199171
0.7147701275688949
1.374253310356104
1.2855613804043267
0.5835375751155353
0.8409882937320413
0.8948078977856508
1.6862643527577714
1.04385156551893
0.6121058309604381
1.4713890335485098
0.3216223517339359
0.8945639877436622
1.1534150033495227
1.1549756982978818
0.9479448848902733
0.24435417315821217
1.779976513116205
0.91613814758349
1.1309783500000814
0.9094742141459039
1.1298449627720757
0.341428526668538
1.445870443944464
0.9978983613190086
0.954291246439116
0.5595877998047073
1.348207642228984
1.167654747371992
0.4834376127816289
1.7463390961548633
1.4641279680992478
0.05767336462599251
1.1388794796750537
0.9998718930082113
1.7442002189919883
0.5587159934457078
0.31961135330496243
2.1900837635382224
0.5684315741683894
0.49926138162781014
1.091571578882498
2.2040754624448353
0.3484581577071238
1.03115603448059
0.8506737935343891
0.8605908053238923
1.1051023809259553
0.8274016783128255
0.9808437280120359
1.4061995990826128
1.234406686636807
0.6856845746374505
0.3179858750948313
1.691550445131252
0.7449634904427047
0.7679001621772158
2.1305413402721816
0.5407303214156609
0.4493087160758018
1.5082429797700498
1.4212955966349352
0.46733789905317813
1.515542471551191
1.2023747094343877
0.04002916806144915
1.075825113055146
2.0858787192342243
0.4713570264806821
1.4802280563531358
0.23205389877975977
0.781380248689268
1.1732818420115059
1.3700277803582779
0.5752327307995269
1.5478490843467412
0.9786554579628178
0.5274545543300179
1.475616004095635
0.7202153839516806
0.7064826911142912
0.5687554936126371
2.245169417890734
0.9533378558282171
0.3719954190178505
1.0509911694872127
1.3476921115956346
0.8509570499692128
1.058569318382782
1.2477735665626588
0.7586634146776869
1.1099685850425343
0.9043822947547991
0.45673485261972463
2.3316469253319525
0.5841387689146604
0.3001564320282951
1.358466929482162
0.4364196766312957
2.1969985983675895
0.4450664666948786
0.6723225226641916
2.062704826675439
0.13615509178771504
1.2545375395028424
0.75939943500282
1.0402163992563287
0.4023309981413655
2.5589725529336587
0.46265208505709576
0.11560048599355466
1.4498391307350913
2.3389077641012617
0.43383028385063743
0.6361100296159085
1.1572810692434101
1.15068812759222
0.739427704173033
1.070398969853257
1.0383491394155575
1.1650753935967593
1.0053675853411967
1.0716170264060105
0.08018742263856068
2.018660378606911
1.3813906079135516
0.0850455702986276
1.262485085302497
1.822769443965722
0.9790352858203581
0.2700375656402833
1.5406531189638053
1.2834749019262217
0.6516319771990284
0.7632972832077578
0.6649803310447298
1.591931663103857
1.7322505262372065
0.1852407019704014
1.233700659797991
0.1786703585533278
0.8867446378953975
1.7361065232848771
0.43029295520226374
1.911673079702221
0.46075074105813674
0.6830565099304997
0.42674695238169363
2.1207949588830237
0.2610956006040625
1.362670239002405
0.5432709541519011
0.823483829910932
1.7856762158838142
0.5691671767680289
1.0770349714790666
0.7181408906806919
1.5920641576293928
1.1757297354824394
0.15612993790847066
1.6167815017615252
0.973681158609435
0.7864144797854182
0.5611468705942028
1.7102158577139754
0.685309199992694
0.8447772799877351
2.508551583238969
0.1114224809946795
0.25317368974352966
1.3365459521112386
1.5373716716187567
0.950524694941171
1.0851679198110973
1.029564644799405
0.4982814063561683
0.8274024853528138
1.9446857009986491
0.6445565211823979
0.7248135595788759
0.9586061952754782
1.670537669682484
0.5701887207533815
0.7929516980411054
1.5647342288839725
0.612453664793162
1.4694321318879913
0.6295862528914834
0.8910141247279332
0.15077885373664912
2.122418532564463
0.548096011544746
1.0340602376522237
1.1709553444627478
0.7555188685227654
0.980019146841999
1.976436487886666
0.16480036173530813
0.8410780125045071
0.7065852546915096
1.1247301280021162
1.0476628733979874
2.0176412392168315
0.49139299774762707
0.05782324485564918
1.1747855622274974
1.8637515651874046
0.7720303090335037
0.9394224422908858
0.7347689798903885
1.8687812743555996
0.5548795215921523
0.29392989617246645
1.6191091829428461
1.5511198156971715
1.1308895621226334
0.2701147960626989
0.2704736532601327
1.8516487487522753
2.0151442564052067
0.10992177821372899
0.9204795304618438
1.7132196646617943
0.9425287338586349
0.2677149643382548
1.751911769414382
0.9016341001322948
1.0859557337649446
1.1400486327141113
0.33114243313346714
0.7940973914025418
1.6025899642127932
1.0117728985085765
1.169217867958143
1.0631752195365807
0.9259839347795769
0.05199262382700593
1.0015261553447525
1.9934608031266599
1.018645620712778
0.5515024864243866
0.7496173001969435
1.1484436487138086
0.8825346133260104
1.80424282575512
0.9937605275086384
0.2811196312319175
0.6118384812736178
0.27867953825132763
2.4753402292423186
0.9408353728222814
0.5527095337027048
1.2545600640490941
0.6275095034812933
1.686126599234671
0.5704851916733333
0.614088844079109
2.0371159550051963
0.6999186865248864
0.36865010145259763
1.5443108807162016
0.9517653881256006
1.4027854931994161
0.8576988343892918
0.6498607701576347
0.6328402005023263
1.5106538762529131
1.1060844386214694
0.4141591300038518
1.626356716581911
0.6969314650200074
0.864864313523803
1.7428288042373552
0.2249860788780731
2.027510300922954
0.2993337905048301
0.13425868004074404
2.061504227127436
1.0528639432238593
1.218487039168059
0.23105001242726234
1.2878832342969357
1.1556274385341267
0.8661024678039806
1.0867792748725664
1.0649888981117699
0.9743281063527603
0.8896563382183889
0.9143030400429815
1.1382654896451758
0.4721392170438429
1.178106562448015
1.648050445206124
0.7407879488009443
1.0285292560117547
0.9538401853829553
0.6438761934355671
1.3627461673997443
1.0284093762828836
0.37994992790007526
2.0219584739406753
0.15015750375389303
1.5386249702624288
0.5849407806410812
0.7202967618199454
1.5639421449687632
1.3753457432945393
0.31655492905937554
0.833646284694526
1.6525351679917746
0.807172931553114
0.9909769101595163
1.1774114882869247
0.5384436364679784
1.5144040256249223
0.7018994212183305
1.185094624425047
1.310212080793386
0.2725351574179364
1.2397754478998118
0.7929649424847682
1.4067433376419443
0.3840317815666677
1.3495576722540772
1.5946204049709882
1.0201730195681162
0.20589209261324623
0.5021923458137519
0.8874919642831699
1.5922266819389026
1.530649792472715
0.24692629753043271
1.1693777283025464
1.9605564255112788
0.664224903763892
0.4038517576356367
1.1370953849784038
0.19384011199913
1.2955066144227965
1.6750012738128812
1.3635618789145358
0.4251058857839718
0.3105998939081454
1.196403123276129
1.5234792314612597
0.6107337172121805
1.4611427211899746
1.1136045943445443
0.6535220352984986
0.5253227758990862
1.8572494557715333
0.6100340877345231
0.5916282295834517
1.797717288006576
0.09673798810023128
2.132076747269383
1.052580927130866
0.14566218446257198
0.897118955172975
2.109557014346952
0.5566578731478182
0.7660391227166249
1.421823119893248
0.6280315434368794
1.6135804778163039
1.0774196028776475
0.30422014090645955
1.1370982471044502
0.11068958540994266
1.9291423053081656
0.7624747710704226
0.9910766901149999
1.5400865180635577
0.2854168361234165
1.6059910662743528
0.6181826816753281
0.7034975457859194
0.5212412231840617
1.8757658011547615
1.1821309105216662
0.55540580824886
1.010463131577466
1.1402981741091032
0.6873511802987964
1.168559172875823
1.8515730799169325
0.38164167633077584
0.5763808578023646
2.7439344560909924
0.5807862034943896
0.053550504701976594
0.7785737202268543
0.7542031309292317
1.8126730998295708
0.7472643903079759
1.4673038526690945
0.6846637581367089
0.5476562658759879
0.28459206736046716
1.6432409407545399
1.8210420016791184
0.8376846763845953
0.0822562239043869
1.4338122816017118
0.4795212699256867
1.0935209230883853
1.3805248851934726
1.0507037917136997
1.3366578828357383
0.46727176382244723
0.5073715624377494
1.9842195899482118
0.5251812404952699
0.7710876233711239
1.5396676388190327
1.330240178459296
0.4628813376233391
1.5272850321143896
0.7390918101246532
0.12416194812468903
1.5843430725230103
0.7303421271555789
1.8116563952961104
0.12641200088093785
1.2049665335930384
2.3669365838636733
0.10798113058000554
0.26170587470064666
3.1109786847972014
1.0093908326256704
0.06865618758266975
1.5776793132535574
1.2461301265138034
0.6303342672966459
0.3752067579579876
1.5987090924899616
1.7874518376359878
0.4446874735836238
0.846375407668796
1.2038924255263437
0.7551466752501457
1.788955177952928
0.8431195719432871
0.35049299770199593
0.7751105519896054
1.1659152828068704
1.461031627575692
1.3045913166821124
0.3230920771603622
0.6205687266295882
1.2891343062997642
1.6756708227075883
1.0630304220629265
0.3463352947760174
0.6820015448577768
2.4859188047721563
0.3444949233131815
0.6683273901541391
2.1054885745090735
0.6669089797995384
0.6872114860727445
0.9172964638187774
0.2606381343617892
2.1524065742879905
0.6599276156707975
1.146742525851125
0.483352159643234
0.6907427251608756
1.6505771141810028
1.4266811354279483
0.6050418415763011
1.0440395574478103
0.9155004842052307
1.032449985958907
0.33377150367277725
0.42336984348133344
2.492505013288565
1.1064805398667505
0.45378973609650547
1.051981549450032
0.9151090029100204
1.4232847672663498
0.6096930257144467
0.9716893609607126
1.1372115109320569
0.9581993459866935
1.3716895456773956
0.48797572350965795
0.4713524926005002
2.5589101163213788
0.7102556163775507
0.28263206788510953
1.293817764150676
1.4369330530774582
1.097809900482804
0.7119729884990232
0.9121362116866569
1.0731902709123726
1.232533090305799
0.8339924776313925
0.9589189676175968
0.8088818618726441
1.313594559277454
0.5538120759262561
1.3569407260147803
1.1517261301521489
0.7585815012671815
0.8003050520192174
1.898649011286712
1.0249398463932295
0.20293092929589293
0.36493026721506316
2.8027811385955452
0.6830651151819382
0.5534890825231353
0.37179088124231485
2.004031113334922
0.4440622682193762
1.2994208775219789
0.4105124950974695
1.635361256691367
1.1395609149006811
0.2087430864349087
1.59646680101884
1.583189257666321
0.19675835024010363
1.4912726163713124
1.5176455002749893
0.5523096213519356
0.4741499818146979
1.4712800368458099
1.8400830455963222
0.22692319080968526
0.6712741541114841
0.9888060618075533
2.0994839381801116
0.7882901871785382
0.6454212509546308
0.4722717940078309
0.3930015978292999
2.991350405336285
0.7395395792936386
0.23908795046319695
1.3197645965731817
1.9652389246969963
0.20502311058915587
0.2456898159115836
2.352771187313329
1.618030972911006
0.1263289304478875
1.1469665108984406
0.47050210671308107
1.4603215822366302
1.7044298295816462
0.34960259656272463
0.8899306368248339
1.6231376739371475
0.6419093973674931
0.5537209413682965
2.280195973458136
0.4668505497102152
0.8399641737093604
1.5947821663295236
0.3719399838274347
1.1058849473534058
1.1902441433584332
0.2727158977754312
2.053468475441869
0.9215289083206597
0.8123564450230113
0.8239673818286424
0.726820129027106
1.801967964742422
0.6054784536141036
0.32007935624313755
1.9871231373167242
0.7713398429644797
1.0166775639838508
0.8222417292450019
1.6306466153102248
0.34335809129220796
0.7868144950506595
0.7669334057097489
1.8478312497491878
0.7092934999464587
0.6717211939014426
2.0473635151774934
0.7754605238188904
0.2417244280512118
1.161313197816208
0.875136333382432
1.5433826684783691
1.2940384020724873
0.35461743029131054
1.094506474607475
0.6534223162242407
1.611364345034895
0.8725676078663104
0.5234007851471674
0.9494436158802341
1.8807570083056535
1.06529894591213
0.37268990842101846
1.1547758934875711
1.2808955971055904
1.134749408684316
0.16870464154459328
1.319967702023142
1.239764607122608
0.6945099592066784
1.0980663415294096
0.7470268984479996
2.2271691015661177
0.04060235004922401
1.0447044492343813
1.0878361902697085
0.25184371496355695
1.482451648746982
0.6269010392643576
0.6985205616388905
2.053766834194555
1.331472114096252
0.24920667583822048
0.5946286992755964
2.013325647105738
1.0065067791905515
0.7615115634391475
0.6077552270682345
0.6114748899633491
2.8818853210124886
0.37772830875682584
0.14649641083670606
2.294462312535075
0.5712750885234185
1.034430453833072
1.4187590805406896
0.6456170958317468
1.1209416240137182
0.9042429767940916
0.8057064457287276
0.40811325168444
1.8931193244104894
0.2941333533844552
1.0662792923961126
2.5045813578253298
0.5331928893789982
0.3627016492872992
0.21977061206778425
2.345515659758369
0.37671444378328495
0.5173697114392951
1.8000477180019587
0.7730599532064025
1.4441599984663662
0.7305575898805877
0.8312281277394278
0.7468167398258349
0.9889781886284313
2.0703157751821775
0.17629291866097252
0.598028732360749
2.3230953307356175
0.7974319434809428
0.5792073627291309
1.8116849135069508
0.2788273988540173
1.154436436654381
0.8349733677677548
0.7412890429067567
0.6389740713900974
1.6096959740957928
1.6987813528967957
0.2405659558849065
0.9395064285561867
1.3452882189610615
1.077030696387057
1.011811966641255
0.5961954548407844
1.4216723097455488
1.2659068157056081
0.1980181264174432
1.1718404315169824
2.0193361442881455
0.2523825203476158
1.3063652665953012
0.732424858397526
0.9476187150037455
1.1167495163066667
0.5593469168277124
1.8926304361014588
0.4207518158745709
1.1407561258785586
0.6862835900450533
1.592445503477735
1.025584871106073
0.2459612935628733
1.145202435904111
0.9365690442885692
0.6240593632813698
2.2494839574254932
0.7493991831164716
0.08741279002376333
2.041330887763311
1.4152129886745344
0.8390377229487942
0.21727726547592563
1.015801888012441
0.2720710775547497
1.704748579479382
0.5361723193636934
1.3494924558715793
2.0720168951637876
0.057117166353857225
0.6286015219643357
1.1441099125729441
1.1124366160557884
0.9193913560857264
0.34546960260484777
2.072173029537516
0.18256708808922223
1.928160697751148
0.4297073217837647
0.42691238727760616
0.7904852615191759
2.0252105331025105
0.5740319113206412
0.8522830590382651
1.0368921193073908
0.655092427172209
1.0089530662373323
1.1098949109113272
1.6223682004553899
0.8827148324394907
0.5381577155701276
0.9979672468282503
1.3038710526259427
0.6072856064532441
1.2281961240637065
1.8851794051762831
0.19089227299350967
0.4331197285441657
2.1853918847305565
1.1354220006326812
0.633146282137538
0.9317248355825473
0.5638556154305003
1.4350482756448486
0.879780334974271
1.0867805631954253
1.470723455412198
0.659653721486388
0.7697300478797132
1.2657991312424826
0.9245800591302873
0.8807050984548092
0.5504332143617557
1.9913428386814576
0.22767439214520738
0.8064928777738094
1.377750761101844
1.1342993428147816
1.5103249976688706
0.3620544232791925
0.8986391682274174
0.5415652236282947
1.241868933840687
1.8418413936520384
0.38105825214881256
0.7534429368173816
1.8744368149001023
0.20482817944031714
1.8563131214041049
0.6345375465859496
0.23094665994280303
2.605150527150306
0.7699004152657164
0.3503640911405328
1.037100115950954
1.9574426148911868
0.8068059518859484
0.6949482133761299
0.7730531703232909
0.5768311962406456
2.145359253100389
1.107944056169965
0.1981868647618724
1.1431935581015769
0.9374454259747441
0.8368858063353586
1.217230476429583
1.2453167754662786
1.1469333212790942
1.106773793782882
0.56175088925813
0.27292923921959417
0.5736500409102995
2.2400291287067597
0.38770792164313245
1.3123217322677738
1.5305747931874096
0.4845660540980918
0.6213363073807279
1.9896940591207477
0.3613721922714117
0.370643856492084
1.8745308352366647
1.424326282937312
0.8813246436584126
0.6659124725628128
0.98025316242324
0.508370116260654
1.4135197740028556
0.9535589525182986
0.921334569004097
0.9136275022545418
1.5391949628249195
0.48132910780604377
0.877823914988882
1.4184614725949662
0.7857862068672803
1.3153943618192245
1.22964038920739
0.4041819806475701
1.1500259345673025
0.5334877451213302
1.3544585763252714
0.7144502269381143
1.321968495453661
1.2854895282113632
0.24837545851531442
2.02617861039674
0.45730071449025067
0.8018223240988019
0.7052688279420762
0.37149371681835863
2.165722677881589
1.3590613531828295
0.6938203211802291
0.14210216359118105
1.2850308761143159
1.1975708705348442
0.9899089371901685
1.113268502017179
1.0149470424529736
0.6868354580294868
0.9491611638041886
1.6425643795564397
0.5521648447776876
0.875872671886401
1.886284046025376
0.25865510331757874
1.2278912011832124
1.3693913224756278
0.5873515510204612
0.7998668920188214
1.1468315091128798
1.2285888879973283
1.1430010030812814
0.5659587453481335
1.3654306025484821
0.7823016466023465
1.4275074386510995
0.4634832041991188
0.4306214497509564
1.6955632780239276
1.5375605479939816
0.63376580927456
0.8882592546551101
0.745004786165306
1.6454623485859883
0.7480492349104036
0.4189790161059236
2.187511367904292
0.5639919004562556
0.5625516231454702
1.3761008056153465
1.188845455203812
1.1680025717092668
0.43133386884687897
1.1074190161497215
1.8304678438139756
0.46001795798770106
0.8224250280209887
1.9390894291107883
0.25693130255863234
0.6674385752255128
2.264058976046597
0.4540290840138079
1.4809149143149634
0.4826248972382307
0.10468227348183715
1.657629940939331
0.944748363908606
1.3076527360077548
1.191416204059559
0.6803575928631065
0.6644756502297501
1.184245363689888
1.3937373346474196
0.5605218955154834
0.9139545874421787
1.2459860240782963
1.3509616717488702
1.0659732136017772
0.30110683920927755
0.8981122081233883
0.947694213626651
1.4748582925020628
1.501839001088953
0.4079866838683551
0.5953620423284535
1.4020671411774492
0.6676082534850805
1.7116270471565929
0.5939182950808571
0.9723293294201907
1.2143118741305536
0.3801981111899644
1.4168191992148007
1.0162918540909607
0.808126849322912
1.4123254769213367
0.7422042845601216
1.1395025792556646
0.671245766092813
1.0437898639399315
1.2594089943796085
1.1583633373908393
0.7009380061925141
0.5649486724702968
2.028960131931602
0.5383780794137567
0.7216561891525552
2.2507323865851157
0.4370336190708329
0.43551197818123966
1.1104322009522023
1.2543170996567063
1.5597975510379387
0.5793160364012419
0.8055106890023628
1.076072580787565
0.7584215145610157
1.2389480034870408
1.2513572989312658
0.5571428476383249
1.485518041771957
0.5447980977966596
1.1500641088961971
1.122875334272537
0.8164490756814079
0.6523544112702994
1.611141610189434
0.8681408182307156
0.9846103404733652
1.402230110097998
0.41594241315599173
0.9635381563708066
1.097212901401016
1.128202487545698
0.8733343467638476
1.5888818268510359
0.32098732345846537
0.8018698540550896
1.3503830726443622
1.5244579163668077
0.5275247328701625
0.5702409013980332
1.5905872449323901
0.9639807588459822
1.4426886902168763
0.09536033686033929
1.202983076116541
1.26176908649413
0.7909859902769327
1.3159466989199566
0.6822656588878957
0.6612768020299261
1.968610503749188
0.9577876122795047
0.5005388493900944
1.1601380872271323
0.9823596574189009
0.713276421017986
2.0274976752818716
0.5733118077542713
0.3821414542088809
1.5914053664363215
1.4921851572614329
0.39789122782737196
1.2348605829804458
0.7227767350684483
1.5981790384857302
0.02965207623870051
0.9689805328615291
1.7831716746590363
1.492353211320863
0.14317055827403954
1.083614211094272
1.4817893297972136
0.39292410571233827
1.2918469912255917
1.3352796898463117
1.1874734877180737
0.5523814628270051
0.8262448859064464
0.7461303422134796
0.5223617132070508
2.1865161334616134
0.7575074412672356
0.8296443038720288
0.9351559772235556
1.4090514240738239
0.2600580771984216
1.2609144721468293
0.8190331598804308
1.3635460815958684
0.7973517728767076
0.926427421629663
1.43725944171519
0.4600377868965464
1.1799452521802873
1.362858507517066
0.5203427281268034
0.9000692045316996
1.4303032067821573
0.8084259383854344
1.429914189273141
0.7099678148158672
0.8453185929009916
0.8101004849025767
1.7342386395004508
0.28889545329925653
0.815805195244319
2.465652321416714
0.22958874051114744
0.9159747289611109
1.050248397937384
0.5980023980585093
1.66926203638148
0.6778030427797949
1.3119002935650952
0.33488822211494684
1.2651383854870224
2.0083203897987705
0.15066741759628602
0.9303335909627888
1.5239122299782701
0.6936866629264196
0.9917127386399514
0.5473864392411817
1.6707446342955763
1.4277916218133497
0.5031433401069215
0.965363729989609
0.37242879698895204
0.946993902201651
1.8334209846093594
1.3205953627891924
0.3491557209629775
1.1381883258692818
0.46985796975538463
0.98339777943218
0.9777681754636521
1.201550962726516
0.7176543810771397
1.7328355114943392
0.3646852320987363
1.3398099258660225
0.9369874801987187
0.28515440969083816
1.55428270716123
0.7995985783072171
1.3697683988798295
0.80447653761785
1.3071092764935848
0.4153017198669714
0.6815284486615568
1.7499661144201344
0.31096519376951265
1.5333123364375032
0.9996760883954001
1.0201026620258105
0.7099590013085068
0.994688672922652
0.9085695576908839
1.1239588582606879
0.7802803462513197
1.336303713653302
0.9811921665007879
1.085735569694052
0.6712495018261431
0.608000616788908
1.6949090152857287
1.1048799659201805
0.7833672883439405
1.2238673292505524
0.6642813031793824
1.0189826739691077
0.42730890770169755
1.5020827544778304
1.3276993522768241
0.827820392527743
0.6663057083573701
1.4897781175288904
0.30508919705304455
1.8626575015747096
0.37185987961560074
0.6744198029778481
1.765722572813244
1.053066305910324
0.47878492530233074
1.5038329939466448
1.084385541913406
0.7554814422089056
0.5523006142283775
1.5961915407017246
0.7446068764094944
1.3377570975162025
0.4633823345217404
1.0473048362735473
1.1509094978467895
1.7361463270569866
0.2970173967871901
0.5002861917976007
1.324061645080078
1.6765383952009496
0.7119241157130515
0.9962241674864198
0.6875123218407518
0.6820885501987819
1.6177714609251241
1.2636185679810847
0.7452928678678135
0.44485250957730094
1.3273769482764382
1.2464441424665995
0.7015236683728336
1.08541178052754
1.959564919874037
0.4599049720142304
0.18595859619248517
2.010153636035253
1.423690890705677
0.12104942432876646
1.8418962872081732
0.5064886157244587
1.016514441043876
1.214110370449337
0.9449133087342669
0.9731616403311426
0.743536900120977
1.3458392927109566
1.0113874117159276
0.6011631599060376
1.5349365371454167
1.2575510474507563
0.4305494982572705
0.8001167017818751
1.4874830728090118
0.9006338417728441
0.8209241713925157
1.0238221226147135
1.1946526644039204
1.3563329541605926
0.4376220514781967
1.1240048588999314
1.3320711603790985
0.8700642660023302
0.5909870414490218
1.8605024905425485
0.4773593391351971
0.906964539478235
1.3984750168797195
0.49846263555954423
0.9446170288499899
2.088411028794923
0.6406266192638234
0.6325487125035183
1.0164049963528676
0.258533820694685
2.231088937756475
0.3221241799337544
0.841605060887552
0.6782387248650217
2.0243313103679434
0.9791938867220145
0.41422525068549304
0.9015909241865147
1.3065684032272173
1.3881152216538275
0.9326837846459605
0.39761044033994664
1.0779636684410563
1.3723611071567168
0.9670930413438565
0.8778254631703559
0.9282797452673781
1.6711738652693535
0.10232555214265332
1.4840765804055644
1.0273930678314738
0.6802617085093585
0.7895021965174577
1.2642891200524975
1.0703153830449947
1.3299373749823629
0.6079924546469984
0.5623162169699529
1.2300236146247843
1.2598018308393073
1.4644937876891628
0.5164688086251186
0.8362213407068068
0.23032460790820228
2.1540174629654794
0.1948066771397039
1.2982930378364796
1.0612390894924408
1.1394455435892625
0.5847576317325301
1.3224968634536705
0.9088400452078035
0.5863321089560933
1.0835431087092875
1.5978166541308627
0.7015023969135812
1.0022538365920928
1.029949003977224
1.052239972418273
0.2607439540387502
1.3246491771978421
1.2308914310646266
0.8212069589212156
1.4979033775426491
0.45574426765556797
1.1974326758552287
1.0768923965690682
1.1268028234106915
0.9649497194305515
0.6582590264771822
0.40732900293860425
1.5261138076765346
1.140260329559949
1.226651885077951
0.6811057576479177
1.193363690215612
0.307159871359208
1.4581920217325952
1.6358781623993122
0.36706296816149525
0.8489853428372566
0.8437322938639481
1.4087187443954075
1.2552143240335205
0.4096370914678382
1.7068279217459228
0.39281273768911196
0.8106836420769864
1.6668908898642183
0.862059817423013
1.3265114536665192
0.44966122957901633
0.5745686559334955
1.6522102983286597
0.6971443350416046
0.9803079453544712
1.2802920332764745
1.4096554488926099
0.7969385960670519
0.26415252678582
1.4444143124120556
1.0983015338054332
1.0677008803760315
0.1941102391607741
1.6743462378293548
1.139259599497597
1.0119850155311274
0.7054464018042806
0.7168536113479275
1.3662267454665875
1.9137599859052725
0.23234843676078049
0.3918038096409488
1.9616860376330658
0.8513840525880549
1.0228712903773072
0.36404534849264325
1.5799827291457569
1.3526777167957749
0.5231529410826437
1.3209077308562873
1.3458837637635508
0.24621360720805643
1.5742722611145417
0.6468731041457539
0.5241385429273451
2.4351193358443513
0.4361944725015655
0.6189615469124357
1.4138132688472211
1.6997243539826143
0.5201172003396889
0.1540424015325314
1.9698162037748084
0.471843184296639
1.126163875827805
1.3457644116042198
0.6693070827178651
1.3907966945494028
0.9880359039610286
0.854727638706941
0.9285936630873551
1.334756957652656
0.6900091400557873
0.014292616767856132
3.1253095611051687
0.36657777222346555
0.4208893017035924
1.3580648477639157
1.355638405378044
1.3753796248051862
0.12967613988907203
0.8696235994229994
1.6424644846987664
0.8873509879346642
0.9621181014022865
0.40724342082479426
2.21685597352324
0.5382938470162919
0.7539459774549337
1.9376230228420162
0.10418971341312627
0.6908395459461557
1.5055571670360914
1.9960711301735616
0.08998932762291478
0.6274801486089545
1.9872321904210606
1.0090046894924019
0.8340348418483393
0.1250862390778414
2.427070325329999
0.4507654250185776
0.6848134691911416
0.26986830624205493
2.8945909454454286
0.26924628880644375
0.5980559862352263
1.7342073356655052
0.7229890889174142
0.7726878536298984
1.462645195853263
0.7731817911186766
1.1574017796282667
0.8265959639102846
0.5099756622188957
2.0020077051824865
0.34532727980126476
1.3375844667325556
1.6002464715093931
0.20193023992842127
0.4993386121595687
0.44878581609395224
3.2798135111800626
0.5710895626820659
0.047878478313718005
1.259051132216524
1.3114450194225538
1.8223139822485201
0.5078932996857932
0.0641478558605216
1.20230414846616
1.13142003213739
2.032430815258318
0.21189982574872748
0.49693540528680286
3.0108569725868426
0.6146740432996534
0.06864946254243097
1.024116018692648
2.5561890704792734
0.4383590504693823
0.924803164627206
0.036817065793702274
1.5575918135009288
2.0226832482263792
0.5436093903578223
0.7692015701563902
0.2858363681610457
0.5763019062972037
2.5200438482333336
0.27891697357855677
1.516529566795006
0.4142824879693912
0.4663642718647691
0.6231068038483117
1.5734132100416853
1.7685611305717457
0.3385036669683675
0.8863070103624338
1.6297196507450158
0.2368574073662079
2.052927253370533
0.9114845854621014
0.10879801069964795
0.7013915220334256
2.086789865599144
1.2626983525531839
0.3117653926978283
1.5973901490041955
0.2702258765401401
0.8308074467557203
2.473488113242323
0.612011149203841
0.47837877930815953
0.5566194150966433
1.9249859476440683
1.3419865136799973
0.8806060790461265
0.2548305862813195
0.28781838654918657
0.35429938894432783
3.149048655065983
0.8616675656606605
0.34745317634489103
0.6876105995149814
0.2452674014619039
1.0409096145163415
2.708058051236624
0.8295056120662831
0.11575352313353049
0.1784843345969567
2.086813897773625
2.076105775535785
0.576684975857164
0.05555546481990927
0.17246992706136982
0.28364574234462203
2.6294540947838763
1.4799383870029756
0.397584092006109
0.2929651619490301
0.681539440481678
2.438892510934116
1.0077079805030074
0.39603270809771685
0.7943404096624082
0.9124762154269669
2.1352118242971847
0.8994068183980469
0.07495094389257365
1.0070094015335556
1.6318140190325905
0.5795317637764279
1.5060487845460218
1.0059311298083187
0.6477290054423827
0.5163745812747614
1.6729254189765463
1.1089512791697549
0.8921598168527377
0.9929536800460687
0.807839642021857
1.3257485368394875
1.0526251024004012
0.22820009208557568
1.4559759162168113
0.813290637678468
1.4364128192202261
1.1172720011404604
0.1961807535475757
1.8411145564552494
0.25410068379784156
1.3178040901468824
1.5542359957084988
0.14659449047503464
1.9543166930123266
1.0335856901104536
0.27601025448465905
0.6587189985741778
2.1885962662788603
0.29958453184189743
1.241472196700521
1.3593030877901124
0.3448918151846874
1.6052783456880748
1.1876822678204184
0.3787750009494686
1.504773917414061
0.8198165233212316
1.0131023401851442
0.9746627499501818
0.7618481287017842
1.3378844349346555
1.5167874970625566
0.1990853038263417
1.1831377996023447
1.054938687996232
0.735460810005869
1.9276467302963562
0.704507694666227
0.3029110067842219
2.2950070113688636
0.1292513447664932
0.9025450767347177
1.359615555769882
0.627834523198196
1.9802708898270638
0.779210192067397
0.0391192846282482
1.852365171975644
0.08712923920380297
1.6292873532745933
0.5589198051839193
1.7661999583925385
0.6769452980853247
0.09442066184839829
1.8794297018628947
0.10181822099311158
1.8125571005006809
0.5738795351024516
1.2120230847388431
0.6795567104312783
0.7406756323065329
1.6782363836332823
0.12547344108109326
1.8337150388623629
0.5148264451307422
1.1615845167832166
0.831971292623272
0.5938384511624448
1.695715389497678
0.14426984159799727
1.5752871070017693
1.4271526804141401
0.7424470293653898
0.3907838947620656
1.7066997264060408
0.22865203348916524
1.9050935663384228
0.3095370057953541
0.9629072276221079
1.3394386250946009
0.17721847994091827
1.7129071855962184
2.0580960054601034
0.04339763725343595
0.976045675576254
1.616758340186741
0.0677034472817074
1.7156555789015622
1.8340194095434497
0.3269755875253319
0.5000054975691501
1.448112353829201
1.7595777130544559
0.7450219644875867
0.6158721363248656
0.9006381835381522
0.373170048403283
1.5995285466232732
1.9514351666945633
0.30237756886184175
0.5722105095469787
1.0693761552141552
1.5140259735315234
1.655317057394269
0.09422262339102598
0.6183363693884506
1.3519967420638845
1.663985893022386
0.9835571949493321
0.31292862858774556
0.8549789366612943
1.432285910266214
1.7064263869546923
0.47756674886181805
0.4806050718967733
1.0008037033688473
1.3531691002161104
1.416032243841303
0.5094482412436585
0.9541506261846147
1.6471508993635056
1.0946980843806506
0.24288871318074173
0.751218789794757
1.3175610729265328
1.8555995402430232
0.35312255476706067
0.7548082527995708
1.3783584621254485
1.4055170990388353
0.43308780659203994
0.9327529355343056
2.3492324725967157
0.18701480459962097
0.602461658026788
1.3507546525516774
1.7935215226237464
0.29007402670002225
0.712504121484377
2.3626958837263663
0.4048329238251277
0.7938783660786388
2.22338771778313
0.16529769552288712
0.6032099461649235
2.7115335111641903
0.29514329210785945
0.6388018034400941
1.6597239969974071
0.43312705696589665
2.0709726694676456
0.19886659621740554
0.5650768974854173
1.7404965543985709
0.31713032469325336
1.662449832678742
0.4586902303208913
1.3254512449186946
0.24442949629470673
1.6200880173012753
0.27289513431541806
1.4545595876038193
1.5493632961379615
0.1742081372530606
1.1392996701707978
