0.5269243731227903
0.5590825208987725
1.9733962401999545
0.7190474783491867
0.7094595049883234
0.9710972591170118
1.3622435795659247
0.849502322399965
0.8906028251465132
1.1701525377782265
1.2287470975477814
0.4378805290000712
1.0545914553311537
1.1108781261626515
1.1705989541415562
1.279453096714121
0.5478641557337617
1.1218982708291887
0.27274459731514517
1.2184406632318705
1.4234139405668302
1.2778425420428823
0.5044553666697116
1.1670620331841333
0.3708926444279879
1.6585329685294758
0.0378593964499183
1.4867192875212578
1.6658395678224887
0.42552328630071845
1.256157799930454
0.31662524619407845
1.6544064792074262
0.07009491858483508
1.6065815268009078
0.5008394547367289
1.3212679531588951
0.4220948958543884
1.5057493793752226
0.21670112350322185
1.6504954513597176
0.1144522411810437
1.5700555079806349
0.5490740474183264
1.6742419715329726
0.14508127736600424
0.9381344473953381
1.5582891541248969
0.06072892395611624
1.8664233949695177
0.19213806653608081
1.5638030837292873
0.6024061902772749
1.4319306904022218
0.26010992978815267
1.1448297406345354
1.593447415493336
0.18370851310870057
1.7430255834390809
0.8632132611230807
0.3134767838191386
2.0998993886253987
0.6617587872563314
0.9493669058474501
0.8349973677427815
1.1963166707258623
1.0428419413495624
0.5414129499604536
1.7834265989870912
0.6260437516105422
0.5706460779538495
2.46079045453892
0.09268922698314148
0.837179664862616
0.5224944841735932
1.6585846098781807
1.2750605750757376
0.4838750162609357
1.0576041999937107
1.8409359826515737
0.3116302282160327
0.865971843113047
2.674229560252168
0.15921326596150467
0.39732809792075074
0.6721816194896157
2.330183698737784
1.1098256952644399
0.45029735096572704
0.08522963129322494
2.0557235585873683
1.8161432712731609
0.056130861886553515
1.2776508138860259
2.0868969784476192
0.41465361575963855
0.4136551695262858
1.0965354903600002
2.169655696846381
0.7005642382189203
0.4578010839153013
0.5718933163506262
1.8038572333147653
1.5578808964361222
0.6192135960847195
0.14140117405786665
1.7668239190982462
0.27021473011710223
1.5356208614643712
0.8917314595596035
0.9119642773234262
1.4467652384770633
0.37990171775139114
1.3122621117168949
0.5623657372774208
1.4276865513345778
0.7781895168797733
1.817170929126759
0.18359662612663413
0.08438081524649248
1.5172428594137406
1.3993418673545748
1.5106568173841872
0.5281435574293164
0.6417095410393053
0.12626862437781083
1.6449946958964121
1.8494520709439657
0.45300607279286753
1.3503917086214838
0.47582685800814034
0.300062978412709
2.6782054296868756
0.09357104177052254
1.011480936631026
0.7931580038756798
1.755440454779511
0.9010222689003087
0.5511437107356704
0.40792613831226093
1.3012591318412312
2.3062797160056716
0.48180235593516474
0.6356394169825633
0.08241508984273035
0.5599367443541423
0.9091832069978981
2.9287246915356313
0.15814685010270463
0.5978129362679543
0.646110077212921
0.48086828099424095
2.998743421815249
0.643091962298554
0.21759749138885282
0.8478834156544198
0.1521115557746773
2.2327099697410735
1.4302666052788013
0.45384194670087635
0.739495359200806
0.30360416223926906
2.409864748656762
1.4987629212728477
0.10380047935056022
0.4101753083771135
1.54505487394146
0.7282710542203188
1.0692253645812504
2.1670025313017587
0.2496896903099538
0.8045835819508856
0.20988934956687966
0.6927631598026047
3.3714046434920992
0.35043386889373745
0.33938884684367954
0.5386257643739223
0.43255607546685293
2.200323211508641
1.1703436304317638
0.7490751793620055
0.5754667063631179
0.714616429256967
1.2751410079694203
1.0303265792158292
1.5898926752226896
0.4649548972461623
1.0503648367710932
0.13915978347916394
1.2310567880708025
1.3995117252159908
1.4472536335670272
0.8090746749245835
0.32679383934980916
0.9798407728277588
0.8901960367238811
0.010458101943170785
3.3918913800374537
0.31178629053143375
0.3587963427926588
0.6080603353870097
2.410706683608269
0.20909743113407958
0.7791039188637046
2.1041596658543
1.1382456020896665
0.4059040670595055
0.16820287180953308
2.0464482994329414
0.9261991355332434
1.0838384783231407
0.9793555960937237
1.0173743562862394
0.2931304771536311
0.9173580326251178
1.8690864978743391
1.1036785413150467
0.7261786837074975
0.7171896012883819
1.0471742785008622
1.107640502522389
0.834968066285633
0.615452945728379
2.014525403402464
0.5042267629816231
1.2462090143117457
0.32969729408471854
0.6121002520743273
2.481667038380583
0.8880481634693363
0.2822150897349906
1.18321953766271
1.324259037202985
1.395976662567981
0.37363406916634107
1.0153611063879027
0.5094559976418568
1.9977284856046618
0.8940142865695003
0.4103450256866608
1.1197850178167847
0.4154541569183697
1.9388830226632905
0.924168738020029
0.615189186299585
1.6644005160301112
0.26536065063003084
1.7981025104166193
0.19564043928563482
0.27663795890585247
3.916470899731751
0.28412414097664
0.08056554248932213
1.374997501629772
1.2822770138441224
0.855548462697768
1.3281781140671727
0.2923760168577497
1.5176903748328288
2.0745365734306045
0.36594454886612127
0.34738095389610374
0.20212985313519194
1.4884043543090142
1.651409233300926
0.9678978283689601
0.30143199284221317
2.217126266862039
0.028394985302242933
0.9340980912284091
1.1164198834904997
1.714298769585276
0.3070666923332064
0.600683149202773
2.8290827412714816
0.41974742451409913
0.3318631584390363
1.278661101462308
1.2013916710488495
1.9174450374508456
0.13529388160761951
0.36045540276418575
2.6473830587309535
1.0241671276871098
0.5068684643245112
0.494084769721668
1.4428014929687414
0.66787006599964
1.052101129838252
0.5592573357326087
2.081239347646808
0.16159341844045896
1.2711308833204635
0.7971851045873585
0.9327873767811242
1.6308069960226563
1.2119808710387594
0.08197291894545213
0.4766857197481999
0.8682087213142086
2.680509036166976
0.04361814061218174
1.1353935190505184
0.9601797385620717
0.598057938117794
0.8783078545653581
1.7799252858151244
0.4669483509778135
1.7689623915530293
0.40803229288457343
0.13006990513534977
2.520550632319385
1.165398107738315
0.4193089347006235
0.7541102744534648
1.6641211275870178
0.5667361069075078
1.1167486705991723
1.0041640043145417
1.3317890984367773
0.9964543543827048
0.9277746654523567
0.12362801883170119
1.862672796016632
0.6433720719261478
0.7704165269886513
1.2856559244777022
0.9005512677168508
1.4422826849616384
0.18639822906294962
1.4720488230253297
1.2056825046296187
0.8199719844577623
1.2778337263436446
0.6046473197655126
0.758273811258333
1.6128539921290848
0.612695117467613
1.014480827886406
1.661399651806314
0.4911738624415743
0.8295995140319429
1.7851713813365693
0.45339523492636824
1.0321906924950501
0.8277382381863605
1.0045535446049003
1.4695804938280144
1.1387514389379805
0.8960197803880705
0.42399362971671023
0.8123061195781683
1.0066024346229285
1.1190529170168755
1.1940941618020473
0.22434315758408616
2.232470302418521
0.21986672370765328
0.8649731770535791
1.2746438797441062
1.6279069890197169
0.6982681740668056
0.5543191337789992
0.8166518387801313
1.155166735192663
1.5820200965251572
0.45145692239258484
0.5501559271620763
2.836714688390139
0.2973037828466276
0.37838174681101516
2.034649548598525
0.9501837358590937
0.9773891919085599
0.746126157428515
0.571457075973418
1.8970316187681253
0.12538762980384743
1.5487521247108844
1.089702214563509
0.8074083941857128
0.9216592350398598
0.5960600833731075
1.731558514222831
0.4156373609901372
1.8092514722201432
0.31934690460447945
0.2688657703953457
1.4087865810599234
2.3407976519350155
0.362111148580049
0.7003403888473859
0.8789422281405461
1.7101918223741677
0.8546911845194751
0.3817418535692484
0.626992219188976
1.788296627642071
1.904221980247096
0.18872998286188303
0.24694630575853174
1.5768828686830771
2.518710858882135
0.35905733592045935
0.09532110308780106
1.66765745322967
1.8533855881073384
0.8913716605868391
0.49085155810294395
0.8616864037549825
0.13658799101980662
1.3477535949078818
1.9683084053436755
0.27845323455163845
1.0969116733575834
0.9231808923761532
1.2752255529393188
0.5530029799165195
1.1497623352647794
1.2522023836673963
1.5352349678383024
0.6462141449583401
0.23311167780865635
0.44072744463940366
2.082025488997274
1.695956195938432
0.4679061908748734
0.341778324460024
1.0632272512837135
0.9638126925466888
0.8562157167526916
0.8863235019287116
2.1484855315122764
0.8788875497239841
0.14403424132072312
1.0942855393005813
1.653087508271642
0.7695182777381459
0.6841972516072031
1.7201841158681546
1.129867495528713
0.418292415886082
0.9377402300062414
1.0653511340160289
0.8107754535206962
0.7055166826202988
1.4933631661439186
1.3669684566256395
0.5862964454358957
1.0257859928970143
0.9958651125907012
0.8707017494482192
1.6260224975565614
0.799899497068198
0.821852667906097
0.6991115099941226
1.4659304114106593
1.0031884264582382
0.3432677924072982
0.5797111180405647
2.195990454974174
1.1827910063544014
0.31508754720450094
0.47823608533547735
2.474926338637209
0.8410408150940414
0.48729771760505014
1.1194865145093797
1.10622670645193
1.9088123189553947
0.10497706526636866
0.8723718841297651
1.2774389796314356
0.5215038097870359
0.3143258415969853
2.590997144097437
0.6453802731583509
0.4528116421090185
1.8197039695525299
0.899356409816072
0.8360025609667519
0.9868558248478462
0.5459331005630106
1.5850412361717203
1.3439720782633293
1.012291774870152
0.3940587921661721
0.37139114303852616
2.413822238269214
0.29614027423991135
0.8916035097967153
0.2171923866645893
2.5563539717585666
0.8326002019121199
0.19089886148001947
1.0149068417948968
1.8416205326849435
1.2512881227564459
0.418219261883062
0.4763702480391573
2.0822098857728406
1.356912999698761
0.39066770601383677
0.5679423099789835
2.031304673247585
1.5643785623589674
0.1320095236968723
0.44901238137914357
1.7690028539040834
1.2424316271860614
0.16247047316711535
1.1507684488053644
1.917311478834179
0.6542382380597243
0.7487353705122751
1.751712144475464
0.1725473306041614
1.786428099830191
0.7648737247661666
0.5403681218004754
0.6593210771443941
1.7317787207227402
0.6899285214564383
1.181844777797417
0.4721011710835982
1.575251152732051
1.7487734401627306
0.1412226428811482
0.5061972869752558
1.506052529242007
0.4781481387015239
1.4179653720370553
1.473684080900012
1.0403998101748355
0.6759862699905468
0.21400224453456612
1.2294501312179222
2.365429840125923
0.24013772146036608
0.4430057885559751
2.805997759921036
0.8210736697145735
0.2553567522149329
0.3134172698802957
2.4455862911249664
1.474579056045492
0.22218194613628775
0.7722126581190034
1.442135635614268
1.2573477391594945
0.7663575152392459
0.6823864937030941
1.7362549042561837
1.0068757067955774
0.5244145515372834
0.9823919169108443
1.8979442377027045
0.4666510201092645
0.46657298469125763
1.8164418002311216
1.2988365279400904
0.39016422575160603
0.26218926346737814
2.5663416343420464
1.4673399432929508
0.2014504610687134
0.5836685991404057
1.7376650228870947
0.9838346901053822
1.2367315092743572
0.31353641569192453
0.9848577188082029
1.067567296816269
1.6645986094905612
0.5950177330997061
0.8133615061114099
0.8889617391708093
1.3460874690584017
0.5873692278017748
1.309142336568009
1.1610716676557444
0.3034688069440447
1.709664539430145
1.8034060500725846
0.23494152434099105
0.4994806114609216
1.5114560437384166
1.4543516844371347
0.8222050225522983
0.7851077374831291
1.0775877071826343
0.6732268249323435
1.6688943691092217
0.6292573934692816
0.9798907472325806
0.736589932084173
1.056107660251059
0.6878852655902595
1.4525250273567187
1.3834341036454998
0.8482390946944871
0.6899492605280042
0.2765653632202505
1.7955502244042725
0.8613915729006636
1.0184325588430079
0.789270153089191
0.9453978402803336
1.9323538916754217
0.33335221201013887
0.6577676897360365
1.4856362011415525
1.7553476508399612
0.27656099136493323
0.7157709905566932
0.7538876965620612
2.3496687650037242
0.6816134364350496
0.10508539561242951
1.5077079245506815
1.2053610884090287
1.0665809324955067
1.527438804034558
0.570267762141208
0.20230427400938766
1.5310987523332413
0.6617792776216663
0.7975252913715883
1.4864480759457972
1.3670438865559478
0.7167460200591191
0.6160698078476026
0.8964839073103168
1.7194288503061985
0.9665576200344889
0.4690415860908933
1.3065896622542927
1.3897961381825725
0.6526858467773935
0.7340304191531858
1.748464823358389
1.0294917876987124
0.695623650753346
0.7734207625499456
1.3660620142077629
0.8503872242815409
0.424564000686695
1.7246658917666744
0.8589043227395544
1.1703060972924415
1.0056671157389045
0.6074556310029507
0.36084097071507015
1.4539493705836295
0.9649965926933455
0.9926490381333407
1.4769105293077631
0.6381184008668825
1.18155947942567
0.491002611227686
1.5690903749864509
1.0062895965117673
0.5463219685356838
1.3237923550893618
1.2149254980856905
0.461167708867431
1.381601478882856
1.7637961006996976
0.3140648899814759
0.4113355770250635
1.231075174030308
1.5803958273982786
0.7586051271775164
1.122084621631136
0.2863305478268767
1.2992118220118427
0.7787505157620297
1.6547462578667347
0.4103378975825055
1.365766480477906
0.19260529399370377
1.5257560480404764
0.9628601683541783
1.0335639746688412
1.0557092416148683
1.2439059407884427
0.23814693005288542
0.3748628300137539
1.974854605814294
1.1398844258197158
0.8738308217411062
0.6434742741784663
1.5529626679388344
0.766608363185774
0.6116448945489528
1.5228350929363275
1.5852592188489494
0.12964922364137435
1.3850310252362001
1.8336003125400702
0.12107108755401141
1.0934441105316455
0.6991938771737704
1.4383831146573824
1.1103789223568943
0.37767310604638066
1.5757745303187929
1.3535770718082387
0.4477961154342371
0.6786554424169527
2.0742051993205513
1.1604047202589356
0.28713140853506136
0.9070464671960901
1.056211515827477
1.5742087279717747
0.7441755896081046
1.4737815691046015
0.32798787691930426
0.11322794286064239
2.248831032649248
1.3783382497608019
0.40572735964578543
0.8390837272953565
1.067986794492135
1.513832634293222
1.0959068510825727
0.8432348884464252
0.014309007840253369
1.9137904607538752
0.40090925473787775
1.5190325112400394
0.27730423185809316
1.0214902077779549
1.2587728669859268
1.4126508176082113
0.735789869842893
1.214248060904603
0.5631203753481114
0.11166666710370575
1.7692457587399528
1.2882141909625313
1.3326464847498314
0.5250127197990541
0.44826795081797804
0.6324892462867873
1.7559471560885633
1.2430772035011701
0.2911588622388626
1.4416356645933468
1.6505421635505233
0.6538333405955428
0.7950202232963972
0.2349335744679544
2.5428590380356386
0.14707720879413985
0.9576424998331852
0.5356278088127153
1.4824465428988387
0.9759067819931042
0.42263645913141645
1.2790018239822751
1.5273235264670402
1.082490217660112
0.5560563207555519
1.0939014866366086
1.3163932142087684
0.12010360597536054
1.2376921816352306
1.7758160761793242
0.8542659417884594
0.8520102303308238
1.2010060918293453
0.4729711211508571
0.9055789292389647
0.7527583435970882
2.0428545851211117
0.4620883777029158
0.9452774070572697
1.8723846596341334
0.38975204314239736
0.08629639595014273
2.1849344976707687
0.7780822146728492
1.451078695515422
0.4452868410969522
0.49183359205331356
0.8505376707784574
1.7190570744528837
1.4229835180720447
0.2193878529107734
1.9513654700083145
0.12061263538720086
0.22875305540495347
2.2368742460928743
0.43842381935308095
1.4926847186399426
1.5041989256859853
0.09978574028410253
0.9195448127761374
2.536951273311937
0.644624829459556
0.32557407367420094
1.5656807668512824
0.43813648875209027
0.8395951218254363
0.8064320542574688
1.6179479807888129
0.6124869288628627
1.4535507393647427
0.24351111280003385
1.6174340786995678
0.5752556557704729
0.9572069896599849
0.47601146432349106
1.815450734059233
1.5041078828623335
0.401115089816102
0.4383191959187569
0.9301269111612745
1.3881095008436486
1.4081247105450194
0.8377269483520268
0.5761315305149967
1.710022073898641
0.8370222305068362
0.3488745838370357
2.0033155144382992
0.6249753109589815
0.3072313187578474
2.737796316004768
0.11329210653429043
0.7126570445064091
1.5492591061966134
1.5093869107482853
0.5497411477254225
1.006729734512789
0.2778034675652745
1.4537618218545338
1.274217756931495
0.8258909774186816
0.9055711342199463
0.8834816416096044
1.197751128775731
1.3024250650961298
1.0702890377515542
0.6946293772484151
0.555117732700402
0.899908371564691
1.2091414811423282
1.167369086591671
1.2520151735771012
0.46031592183553394
1.3639696477867511
0.8054171664834346
0.40838942709607956
2.767737167327829
0.22721666614600358
0.3807520173784204
1.258974815328136
2.2200821431238915
0.6198210357958971
0.36565836025899634
2.028078895403331
0.22315149551486568
0.656483664435885
2.359914260528844
0.5076333261320827
0.949485454419887
0.2790899636445464
2.1329258935734905
0.2832435483323043
0.7726194800317268
2.246056763593769
0.8453499974460171
0.5349821184908687
0.4962560813422676
0.9128341910912086
1.595126181035585
0.8941684578140368
1.0681756925981507
1.2111644722998889
0.39175945894879605
1.2229825668695007
2.1449094194379037
0.023680985291947048
0.7993676772183537
1.0986256051843073
1.7540487899988317
0.7990772577575842
0.7942126652839031
0.3753367008422612
0.9956009267084397
0.63777048759056
1.817624317336052
1.139511130170788
1.0573840523228435
0.5450901589520301
0.03319183277751833
0.29121588019089334
2.006874587045252
1.187905981836339
0.9657140980696001
0.7936615849777968
1.452524005450997
0.18707793499608832
1.438043018546547
0.48612113471493434
1.8310608191130286
0.34169812904269187
0.5204957208426307
1.3540581574425756
1.0473971442437457
1.234691687075059
0.24390566014689657
1.2523272313792038
1.3914228586975776
1.1519078268668574
1.2669112820074093
0.33337308208231115
0.6053881030978358
1.2462898879908535
0.6770675467929195
1.5308988703564992
0.5988621920454678
0.8734159648620236
1.816386469679601
0.5159442897023991
0.6601457858829455
1.790116485638518
1.6343151138462984
0.19161446233175786
0.6518188646345711
0.24456548380629364
2.357453748637834
0.41489682617157375
0.8853512271372356
1.7622802952212342
0.09286165682544173
1.7685721526173939
0.795516456802476
0.629610578877479
2.578772575547015
0.12294248055593238
0.1562533731967872
0.9607125299483587
1.2860946133469915
1.4830447850618569
1.556906740695301
0.21744130488057822
0.13455366754814851
1.45224118141088
1.146036133391361
1.3210786602930253
0.7219610951832851
1.4956235864959861
0.2962870072393619
0.6781733265191755
1.260357502833375
0.8667168464636682
1.6023779955900455
1.1280603930022457
0.3255753000594558
1.3079240487433168
2.0636243990719536
0.0959843211033821
0.3454221394459025
2.3346404161100587
1.3572044113101476
0.02691166518009269
1.0303767837825708
2.4076261888206574
0.8360308305471629
0.3600485553005191
0.7854647450045691
2.2923314141453193
0.9338962894595446
0.07342095869125914
1.5789707164409277
1.360324248220941
0.9401583129300746
0.8597155006024138
0.31584935751792725
0.5409506759035684
2.7459293593094176
0.46484272911161395
0.9433386926267537
0.7676686833272971
0.38116502255994705
1.9668559110609538
1.6356108762397654
0.27674368801056304
0.18848997811507964
2.770980042863222
0.522036849358066
0.9149447171559225
1.1204546994095796
0.2492139312924715
1.6620522638987987
1.097518242997709
0.8108464920841759
0.5240078780045091
2.514100622713339
0.43836256326276907
0.36725497393063555
1.9793630695575741
0.38412991563917476
0.31808988035498187
2.9516904052067057
0.474299666251523
0.5314436742735745
2.0132542736692525
0.36868587496146465
0.8439315968536443
1.6640779503338974
0.5707012741501571
1.2369618256517412
1.49782860994958
0.029990831815960534
1.9333995338338952
1.1973353696565767
0.42269020296568005
0.2246009441166453
1.581414304904864
2.239789453951906
0.361890143707438
0.4171559297329199
1.503247842674408
0.5735023250045804
1.9926638365849763
0.9031219650401962
0.48468285703613545
0.08957233349930714
1.1150780468829764
0.5493408435328698
1.7800110975878751
0.8991511718861656
1.0607533829450388
0.6731015961638956
0.7047178182255422
1.6510987803401276
1.2259605048115692
0.5646420815772447
0.8409156360674555
1.9389829156729563
1.0319062530119194
0.06295298183024059
0.5408689200371336
0.44642426512614525
3.320481548386356
0.42754771338240716
0.15432086749256782
1.5203824853861885
0.7249802695516362
1.2667361453871484
1.5333666544897968
0.852776311036844
0.4595732627482809
0.6065717876491962
2.0216176916500794
0.18160273929381968
1.5025501795421667
0.31391913565674234
1.5690961188453365
0.6882860069513567
0.9638489631037899
0.4479738975325203
1.8854718096074436
0.3190448104738817
0.6772185897159517
2.3777907119824166
1.003654919469297
0.47626028801348724
0.935932650205921
0.1982246702598377
1.4377096533838853
1.2731735872161185
0.7996127700311955
1.0900948947466356
1.109726870776997
1.1801340639335396
0.2847527305449551
2.1992725414458505
0.8811514036988038
0.0873214132615933
0.4708865623068015
2.057037220550707
1.642410241019056
0.35961351336860764
0.6842697719926468
0.579600303003381
1.3181449428739878
0.9207079695110452
1.7352114737073001
0.3701911495792251
1.2443092785474565
1.4672447830519133
0.2166434582956809
0.4936323454476196
0.6284439640598388
1.4811911290781976
1.0460941037066553
1.2007202914538202
0.5012431367888781
1.4259814203147008
0.9197635518761647
1.0856868607645955
1.270752198445116
0.8036229573953918
0.17712078800732908
1.616921965576994
1.550918042538268
0.6719406255364685
0.11121548337367056
2.159719496271817
0.5016961342739695
1.1651355846839933
0.9888100645737868
1.120255624798784
0.5033513061128314
1.4816109311463168
0.9147434711861723
1.5058431968325958
0.2507409862301476
0.08867995051004594
2.743514081652366
0.5814646613867089
0.9496961355700312
0.34080839099056637
1.1013616561038322
1.6542621818895134
1.3065673586430393
0.6161584061945555
0.5819978432739921
1.4776427171197748
0.11929392533418547
1.082712978206756
2.418748995714884
0.04160373303546152
0.7734713705826349
2.2786399157704578
1.0265992164060003
0.3721730147188004
0.8659192630711275
2.428725564573221
0.5528655589660186
0.38171716688958807
1.1885027756921611
0.16098679578622896
1.157889990709512
0.9983867115773001
1.419526522378482
0.6749191176312457
1.458615031160283
1.0636434545677182
0.4975827283586901
1.3648879649446066
0.9348239911935659
0.15503481704223268
2.3553369374600144
0.6803287239509195
0.22483327963137495
1.8463066198223699
1.0590263280997452
1.0606276738138651
1.2820159438804368
0.3268414471170837
0.688749419216406
1.4426542074890358
0.629105544316688
2.094563887808838
0.4151223345924111
0.47458821637138604
0.12186098837450604
1.928668636075157
1.5223191547209378
0.47739975298471876
1.2703488878064022
1.3648307634705719
0.41723344424058295
1.0178181917740432
0.4294424795272345
1.3630721429897232
1.664199660779305
0.6827985238484428
1.0312239292459893
0.8568643986263859
0.3616768675635712
1.5827857253186512
1.151289225830009
1.4138439842500645
0.32425543075772334
0.5360471368258793
1.6401498206261957
1.2747843493649307
0.6734744214897355
1.4231123242150054
0.40412506030636003
0.1468141164370694
3.402045251037624
0.27434372110208377
0.5387616728907736
1.4676951171161943
0.42646523969477085
1.8894984616879995
0.7313808438085332
0.6188440568673148
0.9886547350268515
1.370287765821705
0.6297352357696924
1.0465234494418607
1.326621186519596
1.2586785991264218
0.40419070110641975
1.2976884297542437
1.336226496416114
0.5170586569324063
0.5063620778732746
2.731866270040643
0.2470489522462524
0.6288818399683332
0.9648663413444051
1.662362303397212
0.720934442243431
1.057967222841501
0.8982022304598011
0.5973463343576142
1.6367364396597255
0.753936582454614
1.0344981383855532
1.0825360756726095
0.92985884448022
0.5121628656250602
1.4868108784065832
0.6027861351641781
1.738661555942177
0.8008593420222003
0.23275895580629646
2.179499802520615
0.7735429127078943
0.66422113552449
0.884890129851613
0.6199151734819068
2.1624733106665355
0.663308892284942
0.764460197416184
0.5699188615885303
1.3220112619144733
0.9426944906458897
0.907072045426959
1.7205736136257819
0.664151240012431
0.43461207834073706
1.4176455370448264
0.7259703938272349
1.5084574496026546
0.44592122700782494
1.0990243244474922
0.7991876683097481
1.2780212801895594
1.1939803347713354
1.1484272182922473
0.05187729932032119
2.503477210991695
0.22884274546103137
0.23332958379402446
1.4789696828159142
1.1646390397045068
1.3205033414389353
1.122870579650886
0.6381236736244232
0.09308258895504863
2.1289072256910226
0.13514442738276575
1.515675735776056
0.44969606338775503
1.2939105384249279
0.5727056008851436
1.9711183930383427
0.3453364734473149
0.5592369052122819
0.8942834296577693
0.7374011450540011
1.481481721834876
1.401342402522318
0.7672868603232845
0.830679756993806
0.9784833302303034
0.8034596981285673
1.1014545762149337
0.7710456905628186
1.2665116161300627
2.057421529345099
0.35264457606407723
0.06272170840449952
1.6552110648016385
1.015856186720608
0.21159182940383792
1.8955761341787
1.3371569164909145
0.7382225876631175
1.1957318009802151
0.275290210173262
1.0011196926374433
0.8359629263238176
1.0497560466729088
1.74101395798117
0.30695971240951775
1.1979721637193361
1.0995287667935785
0.9035691759816946
1.0882531612057837
0.9763248992921524
1.3753031588185924
0.7378103166852914
0.3090068610187923
1.0674183230903052
2.565844831453388
0.27257013938602637
0.7534701196550926
0.40797434898681495
1.4141342867425069
1.3740021823443413
0.908646379254185
1.1154681641283524
0.9831156761690668
0.36545795878501436
0.7780412552699716
1.5500164117549151
1.1267734960960145
0.0947849451559475
1.9951545135073403
1.119381344638008
0.7730836653844296
1.1678030213374142
0.5043027784310248
0.758375460793993
1.7097426599461398
1.0523724429325914
0.8090309379663365
0.9614677858417079
0.5447295439931774
1.8748434924727602
0.5055193864588243
0.6469986163146438
1.6610818789569295
1.2052054231858036
0.9074971526610653
0.5016673577901598
1.2882194652138008
1.5108701194027359
0.42501186390834794
0.5763783814404887
1.6447812162104318
0.9049420684934804
1.0040330601011525
0.7584174038465974
1.1269474790099923
1.3528473554421443
1.1917229433355003
0.2650815558245021
1.1559959661610129
0.7983074343170331
1.2275699985447683
1.252480348992804
1.0207357497779581
1.1345253035326073
0.6116653083617417
0.25996588730115033
0.5544056347461461
3.1759502586661883
0.3657705240522407
0.6085971595369847
0.1643010473353238
1.5692662176217484
1.3237236506262102
0.8903863792016306
0.7938605625120829
1.0604564950440458
1.2187819037303596
0.9213014488336616
1.0884471886378808
0.31811310216311584
1.4748467142761323
1.5293221472111702
0.6060821118987023
0.777479835884735
0.7735961681006557
2.159880056451193
0.5622549501485854
0.5935524206105617
0.47636925443048267
1.501165743163299
0.8118348375790546
1.8482907289583745
0.612654577373837
0.26686071506632764
1.0037520804405164
1.9410927290108753
0.4836369788664909
0.7921162145194671
2.0294193200265846
1.0082114722670812
0.15630886575067185
1.5450348206424422
0.9964821021191714
0.4898699097396763
1.3976899751967462
1.9394544902536985
0.2757739863517671
0.6465251504865431
1.956270014884506
0.8709356748451363
0.6479491957320423
0.6691416267120436
1.5226399214696404
1.5453447079295544
0.5758780217628308
0.799748353835772
1.3156163211156175
0.08624669609909653
1.7286876710476975
1.318935202471763
0.5830516256004324
0.8843778663226416
1.4033990865702373
0.9865445098325814
0.9459982442454102
0.944853682133428
0.8002595351000991
1.3033162748604237
0.7120141750660388
1.563812066215327
0.3296340292278606
1.0669174169498195
1.6410818887837424
0.2874545365969576
1.2208287252660657
0.9898993065670237
1.3705532545754975
0.9330303022367588
0.6417123776118036
1.1357041099540641
0.45325898007218834
1.7020558689590295
1.5409426782860616
0.4226621691416457
0.5048638857086953
1.1444094013927733
1.3353338753003097
0.8380360305492274
0.964526441940355
1.5022998815644497
0.513391511599723
1.058690412827589
1.4302451746343803
0.5604923055227135
1.7002543226465243
0.4304593917848591
0.3075045202972199
1.3336247218012836
1.4274293073924906
1.2655553225215752
0.831225065761682
0.6549758819691962
0.24559478087066863
2.005139856044134
1.3559216988057594
0.6618142253893899
0.8655389072893763
0.2582599917221852
1.5569225060535932
1.9224542060461893
0.31481299311893907
0.7659379792514801
1.2734209307858773
1.1106032627470244
0.9911753003278694
1.3062838451200034
0.7114415202314144
0.41154852986890733
1.711598518148266
0.8162437101425878
1.254405620616033
0.5469338940601522
1.1646881009157448
0.5650300709541434
1.2037864010849995
0.7445823915047386
2.0843291021354124
0.5383466453985658
0.2642120219261322
0.6459402002058457
1.9552750991392152
1.1049266002134088
0.6112947332016907
1.9067217775177314
0.40702183887237725
0.24498395963681682
1.429130594902946
1.8820204992161833
0.5625375812609656
0.592933553980292
0.7941580096224807
2.079388716382533
0.33388628035616025
1.2518520572034784
0.762596324918167
0.9659799432283608
1.2036502004334995
1.2410188235512887
0.2143267219903785
1.1410542036549085
1.1640690963677613
1.7381970036145813
0.3867319443992467
0.4746273794208284
1.8685925743543232
1.3520944182510068
0.6342127640566702
0.8405156643482813
0.7751995164722755
0.8834211381173944
1.4524370571766714
0.8442617756910725
0.8955517972422341
1.1905286754392836
1.1813810336838346
0.6697515773764665
1.2045447710384984
0.6082111202245293
1.0348390117583859
1.0917273568635357
1.052001579504461
0.9603421188746306
1.280249859870758
0.9489674675309041
1.0647819777282321
0.4504320302643298
1.0628022548842277
1.3896293561299633
1.035072718380844
0.43253699199347817
1.5421237268178907
0.9891079977301207
0.7781238644214838
0.8119972535615696
1.7539596946880622
0.8520835100834181
0.6412874354758755
0.44229177702721456
1.9784717795319668
0.6119974110086255
0.9371405567131396
1.64419270489646
0.3117432428007109
1.1537588170202642
0.9991966406787953
1.2763526440728468
0.7955832073664703
0.9180494763250103
2.0297336332299314
0.3939696445507712
0.03389912223925659
1.4079504666165714
1.4933967412325762
1.095089542024858
1.0154655373588775
0.8021130919591722
0.7408265721498627
0.5614322063588888
1.623736028331195
1.621542747241897
0.19665416547716713
1.2249196280406058
1.461769758556748
0.5989431196250397
0.788868211489958
1.328190142419639
1.2920296944849559
0.3763384596942873
1.8580609511791406
0.3779479519895706
0.8430479774748125
1.3666373486727423
1.0680776383305253
0.4339719837718328
1.9235094693868477
0.8668004816290034
0.45303427445754724
1.1115083851649614
1.5743706529449162
1.0029004390914473
0.20713691380075483
1.801068515591754
0.8389022921370689
0.5023823383164021
1.8798588124313218
0.901882984878797
0.8296157769315136
0.7831132468721957
1.871121176692163
0.2800265496833508
0.41315562918855586
2.080917571240457
0.5722924633965868
1.0945376233906123
1.7013690015320004
0.5298259087882777
0.5821035614767096
0.9906156934376036
1.1169099922387513
2.1652591891303015
0.238987644389036
0.2636590053621664
2.03853958772313
0.8818090533284864
0.72978117042491
1.2922786660139598
1.4124015704575017
0.9172441026253171
0.13585684689482416
1.4204554278600412
0.7389084547687634
1.199581880194171
1.7496766179242957
0.6777867010101543
0.463725052046169
0.544679918938386
1.3916471263453227
1.5845451565920605
0.6572805352589909
1.0860250467237815
0.5975603272034333
1.2201745417588319
1.2948664182865106
0.35549444921534207
1.7020551990910384
0.9059304553636013
0.7840368332354611
1.424671472018913
0.14885444452762583
1.1206999156244235
1.1902944053911542
1.7717508376068285
0.1197568945049515
0.8820473067587455
1.3394380617399333
1.4301174861609989
0.5511461824635873
0.9638317456266283
1.0711097586067906
1.3632455371382475
0.5513724377118127
1.0956010285669444
1.320547440233667
0.9924661890362496
0.07801676545901047
1.739607142360544
1.1835674310370947
0.8624635346512743
1.3251725113815083
0.16670352840821712
1.2514773400734298
1.765687391981267
0.8174888394584577
0.5794094381494442
0.7438113188498612
1.6261860841925675
0.8417418927531052
1.142825275848185
0.7780796371241162
1.4134362381058554
0.20069727970089954
0.8244224718580346
1.6823466653784354
0.8110622034720666
1.5417795855941516
0.21487807631574757
0.7415999191655817
0.8142567405804652
2.4271633300103073
0.39665964289993577
0.34446698053037456
2.2703485754189487
0.7350836175781496
0.935776449383358
0.894212723852304
0.5482384205017828
1.8189043285769675
0.3464384201467422
1.0184076876027208
1.4747824075976126
0.672952227815549
1.052793139998385
0.7261885666568886
2.0669604515719078
0.35090257913007117
0.4024405398533939
2.3048399470444956
1.364581726048893
0.11040155885626012
1.1830816264611401
0.29939998158143166
1.5168992568656456
1.3788997429320036
0.3322102545605352
1.8196081641098463
0.38649259823055765
0.8343747077578947
1.775101242946444
1.1151083363370704
0.2693466700363056
1.2637607310785537
1.1932508729702316
1.233179183306316
0.980175049245166
0.04946912694173873
1.9509983935427928
0.7143890962994025
1.0335396485931303
0.9245782895276283
1.1438321014134338
0.13360785015090504
2.6352813920699454
0.3435348813869915
0.19774067249869823
2.427249163463391
1.0213925994964919
0.7752935035776796
0.22286997619680815
2.1594871691864794
0.5602041507114265
0.7541189682637425
1.6213459163887645
0.23571287863937054
1.1247099577250592
0.8426444631993446
1.4516655439155666
0.2034842871659564
1.9170724114707292
0.9135415109441569
0.7561546780901509
0.35891130824033846
1.9881780482908349
0.32067758981033084
1.2664764867994927
0.8388220814798899
0.7750572439451402
0.4927391573492815
1.8977161892679228
0.21570160534820781
1.7628344782305945
0.8246832215543146
0.7461000112392988
0.47790296851636666
2.0229846168066774
0.1886180285545801
1.4816475146247217
0.8702427594022518
0.1869154052520163
1.2176470719174324
1.8487595783514144
0.23144814807696346
1.7934062284068903
0.7308367486727935
0.7292163151807551
0.6246971741917343
1.9577436165483848
0.033730173300641236
1.384790238727691
0.2773334352297387
1.1883284520726318
1.7050575009159956
0.27487818398648023
1.8371125599900084
0.6062944218065963
0.716738929550063
0.8221485872479486
1.7348208988255698
0.22554074741421826
1.5003174694478147
0.0026022729412468956
1.2706606883939067
1.6878834735539179
0.348505042294308
1.9064176320345736
0.43226447669407614
0.698156096595342
1.1022853449169971
1.5231191056370215
0.4785674063778505
0.7468944811544593
1.2991886215890538
1.3649716252356041
0.45395839042271113
2.012016119806429
0.20658724168311576
0.6677733439263077
1.4685823090708305
1.204583074074515
0.9168096869083059
0.32552864679400884
1.3869799196198438
1.3363386284887404
0.5919128623233801
2.107599190105514
0.05552773234389942
0.5652520582879813
2.0121729810680873
0.5585560277911585
0.8599948820483262
1.3434053225771474
1.0891914529230515
0.7352527611201725
1.9935703636143587
0.33110803474332473
0.17328624722017869
2.77626400815891
0.17407934136878966
0.7589088417097194
1.5820631276493888
0.9748779075671942
0.93312237496107
1.7351711949495852
0.369174773519659
0.2800274706131297
1.88632166043309
0.6351974266475436
1.2916464645921857
0.8358067115449854
1.1895018281590577
1.3968627972292587
0.2550236710883202
0.8349758304864486
1.5383133368043844
0.4901513430590961
1.496859684145742
0.6724182892413182
1.4825206185764106
0.8444047236195932
0.11724192676565691
1.993445241943131
0.31885844476936637
1.4514260068837364
0.48725993480337354
1.8026992586795452
0.6060406742055507
0.01649020712353436
2.1998770657717692
0.14714450906060197
1.511214585490045
0.2769585523913216
1.5602046492385957
0.15998361849585488
1.6332884763698048
0.043649539445823046
1.7148949023289526
0.04687081565831633
1.5033813706068584
0.3252481281103436
1.5386260617218601
0.1727203908934699
1.5682696585578069
1.4212934072787218
0.3397838044017798
1.4479260721369538
0.3245331988757383
1.4610619653941899
1.3416896440379342
0.36899475019770434
1.0808552914319625
1.663602809106668
0.9880427528567937
0.45152176583735026
1.014468843658932
1.3832725187318018
0.7081032303349362
1.2010313036185285
1.209957546376831
0.5388687097381306
0.9847983069316333
