0.5248281680714162
0.551495295711317
1.986012452646864
0.7237036943965833
0.7036118272287238
0.9564616971074824
1.37260795256867
0.8613299929290368
0.8903037941331754
1.1613285953346557
1.2097437937124225
0.44266251398049467
1.077855662184805
1.1140533697008375
1.1686195125745509
1.273173690998774
0.5114231939826072
1.1283385854763897
0.31283874294942954
1.2244666473932189
1.434677103377039
1.2698857990545704
0.4181290152467588
1.2415973157417084
0.37825666763240223
1.6153261718076335
0.03792145865270112
1.567368051147924
1.651181889118023
0.2795500171048418
1.3879270671227988
0.26047726123723763
1.6534609264855318
0.011764832143046763
1.6496672981336653
0.36869107450303484
1.4163127609084039
0.12495597513246547
1.6889306387732537
0.08354742668970762
1.651722256066437
0.11045531871523416
1.6326308678188488
0.43558129008316826
1.5996853536480018
0.2685836848478641
0.8625963546278024
1.5373947401247603
0.15928226063392192
1.790552203177977
0.24485208881060946
1.6753564267328889
0.5174911294992217
1.1153401147735882
0.8151256415314441
0.9306553042270884
1.3452600953421257
0.5254745545662449
1.4027793170908749
0.8976745826180252
0.4476406966174161
2.2088240481003836
0.6284534725082304
0.5179786974275404
1.5778499537106114
1.0281687670026025
0.7162784484745621
1.0255862845063084
1.4744960197356691
0.5916675927147969
0.8331507910105699
2.126126862985376
0.3727449574846754
0.6579504070374654
0.28469298281412164
2.367322355851905
1.109873613743784
0.1316854961130634
1.7272136318590685
1.5720376787248225
0.1805690305539467
1.288581666785909
2.594569210936434
0.1544190650133965
0.00980559088874795
1.5960906614595152
2.494863296806981
0.5679826330748327
0.1968367331345831
0.7489619642504307
2.043411173025279
1.1703323227082258
0.336066500941715
1.5477534882454744
0.7501235202557155
1.1084001041410139
0.44648863763853375
1.3258047799335269
1.9711658013122968
0.1439085955749146
0.7700848717442368
1.0181555371389421
1.7675730565669845
0.823710609010537
0.834695844196481
0.7130811177296367
0.7393492064093885
1.0505206266593374
1.2847236427568662
1.0570685186754207
1.1698244250910184
0.5110646174205214
1.0761286631524698
1.2316599237399724
0.875418560866107
1.573262784254576
0.2385668986554592
1.123200304194356
1.12324461428837
0.5309664937358753
1.3497509156549468
0.8275610646461778
2.1462121460808383
0.07269942669184856
0.19314308677863581
1.168899778012348
1.20073343269222
1.8354511110115108
0.9131950538150578
0.2219502656133008
0.4182830183267924
1.0534412258414696
2.226127774883346
0.4260514304225406
1.1055310298861074
0.327837135692107
1.216093761397952
2.082507575318745
0.0523671113772724
1.1140601103792351
0.8579847179088073
1.3114723590944786
1.526357412326011
0.4806643598982122
0.6898762111470318
0.304293321928287
1.1132912512041262
3.079724156507547
0.19430079764515845
0.21436576685682152
0.5208896973076517
0.7426595470225646
3.55245980440342
0.03887130820289956
0.10244423715367305
1.26450434427404
0.4740228671280418
1.213735007011691
2.4612292924599894
0.5847352482444914
0.09359843131394013
0.8151538182432646
1.434620032032435
1.5782032445379324
0.9743512110974124
0.4506634666654506
1.5334111402180837
0.15492489276075147
0.35458491901999234
3.423997158399096
0.7089153147838999
0.27751312116366117
0.19056007110638445
0.572650123560141
3.4028237226225757
0.5563298561849682
0.25013819983116675
0.846476006340091
0.21803493838228213
1.4597873791705975
0.6273148142484333
2.2282055691442557
0.3213664191531741
0.6232205909599784
0.6250370325935573
0.8144019647948685
1.845756104048543
1.4244286071832832
0.5385585567474048
0.45767710398436745
0.09989273900711862
1.7682243587167055
1.8785606039140612
0.3500766488664187
1.389379127600039
0.6622162052503632
0.46178300768459074
0.1349612846105324
3.050057116674849
0.8694615422890206
0.4308605883733926
0.815247971675404
1.717668049855134
0.02797617096501971
0.8187853176345061
2.9788728492804357
0.37266418117490174
0.6371526622169713
0.434307797357078
1.3648943972463257
0.673313781012201
1.5124059218004997
1.6032489662942415
0.18431019270033938
0.9110770031536777
0.6478397097384121
1.3219374451844188
1.4783978589722426
0.33486996946190006
2.0110737585178575
0.6086107118614753
0.3308053786813662
0.3776898719411671
1.1808784124556084
1.8731858676608295
1.131834536914479
0.5453418350410091
0.7067115981427798
0.7882652520007204
2.010038701330009
0.6253175387630288
0.15606088518019118
2.552652168965228
1.0757472292442154
0.6042110037863203
0.39749247032181656
0.575131364622496
2.168388407373662
1.0940839554642043
0.13352725200705826
2.202645279746766
0.3833007216837455
0.6153024861619208
1.6531504100644692
0.9800062070308905
0.7938798749538288
1.7776230413531218
0.4956276529708644
1.000584423946907
0.08269844077002757
0.7637540709142796
1.8116067334400257
1.085252687919402
0.5529270881623676
1.419454264814092
1.233885375816185
0.5002929210884163
1.3671370144691322
0.9300384089196604
0.703999851940461
1.8188357483504118
0.058380048335703004
1.2143665124339436
1.5998186799647838
0.7833595121868516
1.3046869333151392
0.03873196614387411
1.1170207750438892
1.3093351299920333
1.108697764411483
1.313725804531151
0.1436246190588098
1.1969363501137023
0.2768836049715001
2.715058523656904
0.2862841674882203
0.22984334859798145
1.3486485540519637
2.0173641098646486
0.9682058966448494
0.3972709606484006
0.6972541482517208
0.2221440441271156
2.594453541877155
1.201581310959986
0.19073125013566733
0.7673569636190696
0.4568999260913169
2.09139957767337
0.35207396094100113
1.625413405820781
0.36508692923849945
0.5442220815987469
1.9386479879844656
1.4886165383809757
0.5014172456420498
0.2870824705169502
1.893247478364573
0.40327785098224034
1.2980417836374072
1.4756745090396788
0.20421242255531039
1.5724214792773907
0.39387432888468266
1.294022804357902
0.6488697397277149
2.0155642501418733
0.05419651488839048
0.7374794023811763
0.9470402618647189
1.2142002116570962
1.5628783417715717
0.6147409699038846
0.7191874006939
1.05112014368081
1.19339796697067
1.4791026051806049
0.19835579733315087
1.5792755664618634
0.37539999445786826
1.2034316834707144
0.930982045245147
1.0680425119148884
1.2963952632521487
0.38280030083113403
0.8877758709023558
1.083391555267232
2.077814977635324
0.3273494142216622
0.5269508705425504
1.7630246431714711
0.7470623910461603
1.0210349782595984
1.9550343070450098
0.48556535030470216
0.22061011447556114
0.026882535348862636
2.6673590512082836
1.5544252276022994
0.15682814249923316
1.161704586866522
1.54895122080858
0.6115169764409776
0.44736389936616605
2.053795874126148
0.47967997653327116
1.3281335686840194
0.7902707385659223
0.6203108562680671
1.002227935099783
2.112560822086316
0.3389972588407063
0.8930344793085623
0.896562508038061
0.7005158259609003
1.1949615986137745
1.4729479399636018
0.4514842332182262
1.369293512094648
1.4359125819959422
0.5779599908297394
0.8690974214077682
0.7144100813538873
1.3451664557603122
0.6489298504772631
1.417084599407541
0.5451001286082733
1.6690703075989668
0.36774680744813293
0.7263020529292445
1.3861522469380723
0.7168432921763056
1.4913229107144097
1.3475068448861296
0.47473505770631536
0.39468471917206266
2.1649270451331373
0.5098040708601491
1.0964168918679982
1.8164548751742113
0.15863072757514582
0.6035067887875364
0.9864555476501854
1.4364342442567397
0.5204107432563825
2.149050738608793
0.26681143139666336
0.3743706758796798
2.303105315148154
1.404301132522116
0.2074434059544284
1.0352684232264755
1.3413598701060292
1.6726483411529869
0.12206324041779815
0.11113787003074302
1.4018154708918422
1.7391259802934516
1.1389681325416052
0.5365503905332888
0.48899478666394547
1.9307083898876358
0.9928889401152579
1.2109099178646001
0.3693483506275518
0.32032640802141576
1.6048713151889875
1.9259411790332104
0.3454686928489812
0.30064864463886565
3.095914158032885
0.7676375639579078
0.16639879736311908
0.6793747939320091
1.365907127749223
1.9948975304456247
0.758560046591383
0.32093381275409566
0.08582445284439362
2.749793776126125
1.3539396467749352
0.14999917175829866
1.6241426204320606
0.17202718530098157
1.1233832117520637
0.8320125153234927
0.8065845970100157
0.998692414887516
2.369519874436801
0.5193548430231879
0.029268327460579797
0.7014642879329256
2.138484307957802
1.2545710000902714
0.8313232722444088
0.5162828085245025
0.617047125880091
1.8308940451489717
1.2213202927400422
0.37681555364756425
0.363429727412812
1.2747901202158258
2.4349696028823704
0.43598627767710474
0.16154507816005315
1.8987494338899225
1.2932588085093877
0.8318749035062067
0.43512962324029575
1.9453832067248393
1.0269928062361118
0.623774189963689
1.1857873507640952
0.6725230338421613
0.16657187852263045
1.6861276990916843
1.0270635143051203
1.217219088651331
0.6607154627794062
0.38547091705748926
2.7455497797213284
0.8394446541645147
0.23804889581522393
0.48137912202811267
0.5291422496955939
2.5193704218010993
1.057931136385244
0.3584514113580653
1.3068152369737112
0.7412658370660553
1.158214159318329
0.7906025772060452
0.8063632566446547
1.0172541632535452
1.032701762116711
1.1531992416499732
1.0810840551680891
1.0689018343395733
0.08581973180156008
2.786771927686943
0.32473588532247183
0.23992178800991645
2.004410302444816
0.5335667620472131
1.6737018018413872
0.28434895696864154
1.0127459764685263
0.44876890094977256
1.159804517418911
1.7998461010940814
1.1337691953386666
0.10348430846447595
0.7382751349512168
3.318098121519962
0.1601265989737683
0.2731638591244071
1.859261070485753
1.1596813951615772
1.3292328332125587
0.4019162625778272
0.569790974101523
2.3150143875058484
0.5997081597068414
0.322910426934101
1.9012751549151974
0.26609543784817297
1.4281173511866423
0.7188476058329925
1.5850897730550315
0.9647847970947313
0.08694973281981916
0.9320713826043296
2.522344554335185
0.8739879206092248
0.23841847447969533
0.7025584136625351
2.3050274452642214
0.990059241137468
0.43948772526548263
1.7320699218608542
0.2830892006889899
0.4470243310643201
2.164047814425811
0.8062097826781747
0.10244601292512748
3.042485851700931
0.7736188354981812
0.12865064678295599
2.210609648558188
0.2836470750152571
0.48050457297501453
1.2261202729465661
0.6214037635574846
2.5731605687517654
0.08123299647501736
0.6536545936409334
0.1899642982265139
1.6555716105628457
1.6770710821335204
0.14450279899745797
1.3898169998973204
0.5856705734182459
1.2172199359529816
0.9511593043148814
1.433765889776457
0.5385225548095998
1.1386649888833311
0.8263325558799601
1.2732764687207483
1.2248817523005657
0.14446824928847446
1.7798407843428827
0.2660958000118227
1.3642881915743608
1.0912755416191064
0.6150608252139906
1.2524495970569456
1.68787133217816
0.5380791091289608
0.19055729031031735
1.417087209418544
1.655865074171339
0.7595386030770432
0.420690783925848
2.3587655058386847
0.9794234519739727
0.19889866060440015
1.0607317519109665
1.84984299297225
0.9490201588823368
0.34028199568771716
1.3255610660212458
0.9982710628492661
1.2555995885189144
0.16384711574651342
1.5573096355975828
1.6829565027355549
0.11779714035729198
1.182285799069172
1.7506712663100938
0.5123978276948021
1.1979098975338165
0.5796388985657263
1.3752649651281288
1.6264758478550303
0.605285641171126
0.27959011974723963
0.9535473607753181
1.7537155832776496
1.266289815758587
0.3094169875054322
1.6167507803610928
0.25263167818145693
0.8544010643597385
1.1160842661846284
1.745923996529397
0.5689727918779481
0.6255595081632732
1.5211130072958814
0.7507019771956898
0.8347312185855981
1.538041206103997
1.170181490658025
0.7250852385822383
0.8460356951458632
1.35951629794171
0.3467308734902862
1.334081230817623
1.626766595050102
0.5427714123333727
0.2233218497469837
1.811951640610229
1.1133221291757467
0.804224591346049
1.3132324409136293
0.08750133924143516
1.9031083302716116
0.888691888280419
1.0068872295931
0.34051692610729356
1.527959690242318
0.6795060749291306
0.7299688647071916
1.8893462158302565
0.7579445802783658
1.0300354180489868
1.0132900019187134
0.5189190650473439
0.4141115276515101
1.679626141318573
1.1730124041136731
0.8942907826463646
0.48407011809582257
2.0012556825178582
0.5830864833845656
0.7703570515708491
2.0098155790745036
0.43600630833079407
0.3449364053352036
2.2604498259357455
0.7470385532225666
0.8783497606785404
0.12532429166550965
1.7589487989165689
0.9245932836730685
1.299829336305672
0.5778801432794254
1.0113975959123334
0.3574992447328984
1.241545391437601
1.6181461935735921
0.7625122056117487
0.8686720483440818
0.49679838655241226
2.208588792216984
0.4154216130593125
0.6623477024132595
1.657226348692804
1.1350954576525996
0.7498800328334602
1.2029427100782248
0.4083555178806499
0.8745487661617026
0.7626149108134354
1.9781172606154105
1.2082572405494159
0.31177292266978285
0.11808084008832852
2.1378228659812195
0.9996530506159359
0.82653129251922
0.8730673579566615
1.1998813379252866
1.2647796677561456
0.8197526445511488
0.8853874281494947
0.5674668631079097
1.3127020001333347
1.1256356768070845
0.9229514666735106
1.6491403746340425
0.5359169396681351
0.6326999250403829
1.0438523817168166
0.3081340170999684
1.6732832843582344
1.222005349946599
1.08675991019825
0.38506610252199563
1.1067385245530383
1.949218932875517
0.3002843011816717
0.8470819525018499
1.4375003812652771
0.422195497858565
1.5673558878858271
1.5163180077739669
0.09914540891960559
1.3079209865525652
1.3712680792907554
1.1668545819949712
0.6638681728191659
1.0027451181673164
0.16622509509654648
1.7261387784572597
0.9376027001828982
0.9329141688170606
1.5911049299584084
0.5132072344282037
0.6195220725871684
1.3399760324637209
0.6738005163869282
1.2340182140255191
1.3560516099463011
0.8822933825582449
0.8240023774711381
1.2343859538006536
0.0066226035339104665
1.9213080866717118
1.2772912872247764
0.5261145516104169
0.7397403874148724
1.849529932640225
1.1837250923904303
0.1703365089244288
1.6179036298274678
0.25821352026253747
1.4062934173045227
0.19563760028438795
1.931999756073485
0.6585528534883061
0.6740202270212639
1.0806099389153152
0.8468763851558349
1.7084232721732164
1.1557710069523341
0.4317809430725965
0.4481719590592192
0.8735484718276265
1.6696876759693153
1.3424588728344087
0.3149054569833797
1.6405309088636755
0.9684157779132406
0.6427354166548815
0.4085479160941904
0.8721177783525508
2.627678512442195
0.36806472191379147
0.5916300842085213
1.1739851721879397
0.8760861980686402
1.6641277178440201
0.30762152959937633
1.4591653251165873
1.0495169678655243
0.6013168145653406
0.8914411650738638
1.007538539485198
0.9799202030530504
0.8744544603079802
2.0781445450536165
0.5090589182313668
0.3844876174323672
0.29132698063220547
1.8374403319880575
0.6841994720294666
1.4751276040956285
0.2285691332592691
1.9662745225484701
0.8074504379997831
0.1088132366996343
1.3182422525214168
0.7593371204987195
1.4840448421579144
0.8109749253365938
1.5780959124204763
0.5246621849920905
0.3196498045727222
1.18075510901735
1.0519779645354213
1.093880731039472
1.4510443035736018
1.036235480661304
0.03757025441737141
1.9831357570805201
0.09558248689046156
0.8344210688186143
2.733304578787655
0.3430917689334409
0.6936711010684972
1.6134927290116892
0.9438090971200307
0.20606061635267325
1.6846069643471298
1.4641619640365409
0.6937186384246539
0.6934631476296358
1.6947502534597154
0.5817678194440242
0.893728188165515
0.36965924961119156
2.008259651642657
0.12517498092643076
1.2844465187264325
1.1596536303201648
0.8864100138871589
1.6523240576614684
0.528543584412058
0.1393717197280711
2.9546322894433947
0.6066697295525338
0.32665069608811387
1.2747665333657077
1.5739740935156816
1.135775259037333
0.369216237269204
1.4968212305848336
0.36484362152429645
0.44386988884856193
2.3399671400734205
1.227417695635724
0.4443552147119521
0.6792789629813119
0.8506338737600486
1.5818796349748925
1.5579437954181368
0.3655292715050155
0.5122196219645709
1.1742397985623558
1.8262830326417963
0.6066075271259117
0.9273447014029329
1.3233331970200466
0.3057505853579778
1.527724450135246
1.5378106903677404
0.45211932145042943
0.6949174645635029
1.239305305851722
1.589575530639722
0.32188767121208417
0.9909026859591894
2.4309521771756177
0.3871793649237762
0.3617259153979508
2.2478964931551597
0.5880356744343156
0.7079754075002385
1.0041162585350742
1.1014090636237799
1.2334168111559303
0.8900310300009292
1.695759348903272
0.07481662335215046
0.45610956263916735
2.332014032557903
0.5077327451210705
1.2055765963081053
0.07686555403574817
1.9831228475263647
0.9050070732842709
0.8245923460945571
0.4472789888151641
1.201529802340578
1.365806847529739
0.8591296503581143
1.2682309094569086
0.7485025760119252
0.21651401682986285
2.266475961388766
0.6698081310638325
0.9954242933847572
0.007088614896668241
2.1310016648280903
0.9932351165875353
0.10821757858119924
1.935490107719996
1.5199384666088036
0.8053791788509405
0.44981144386396354
0.44406977262510344
0.87921543264016
1.2892102694701781
1.7944479656748433
0.4849495347032368
0.5909094671437286
2.0698986974381017
0.7388808487551294
0.6614862793488295
0.9583175769797138
0.752939738231086
1.2721363335624953
1.753807895568507
0.7644761386930439
0.14520020733287609
1.0953953758530497
2.1966952603272674
0.3144699926799257
0.8517173676392861
1.9238545552062314
0.8136564464995962
0.567414938418816
1.209157829479969
1.1394235630512946
0.6732770645619309
1.9837085911965793
0.49820729943758957
0.23000261764738333
1.4978853058409085
1.236382280009292
0.5200975541011974
1.9275232529117123
0.26950239113494306
1.1599053074918326
1.8728602147803843
0.07338431391753504
1.027886919194763
2.1858636435398555
0.29681309047901794
0.5147786135159076
2.706314576844659
0.7427157982092458
0.74675982044195
0.15405527615568138
0.2661348220676598
1.954852586128525
0.34903906210520863
1.9035808558940324
1.2424781909057454
0.1610640136276606
0.8672638863025195
0.574814301755104
2.048850020539717
0.28089725323813863
1.0389417034140953
1.149960263607307
1.7087601844230864
0.4144943129947863
0.6094029233911388
1.3175940094118366
0.25462722940127963
1.9749715336286422
0.5949355228760844
0.9135920974024898
1.5456384347541243
0.8433516863288288
0.5821208463557058
1.57282209853891
0.7002792794286413
0.8883018281015009
1.660403426601191
0.49383388856854676
0.3851323144401771
1.8415670399240436
0.9732419603964731
0.8875943657565547
1.473712078977084
0.28557362912241696
1.3743936977880522
0.1332814528065896
1.7053338647774865
0.46532184774497265
1.4204884658443302
1.1599899553749218
0.8712683176297756
0.5913651085255582
0.5943277117349373
1.0084110288629473
1.0719100331342626
1.3088588197366604
1.4581983017175342
0.760678039971351
0.22210888494691813
0.8088614073557925
2.0956781370273183
0.7587867152959246
0.6564643057052805
1.1683499982432686
1.309662560898011
0.78073799592884
1.5970659037074906
0.3473149083485878
0.2841442271050005
3.396827198216775
0.15627883124763794
0.41575608302812234
1.135424460191072
1.281122516207877
0.6517233161987789
1.8303399036516135
1.238879416646393
0.020922268007905146
0.9597518015195735
0.9591008307429569
1.7815285122474276
0.5178127948884137
0.8106978764951572
1.9386355572923986
0.5455609341722929
0.750672412499465
0.49923025706664914
1.1897690305920734
1.157706196291328
1.4943748990984858
0.9697058202604533
0.7683197726584361
0.1266311372648491
1.3841810610914271
0.40861329581995137
1.1547558797182984
1.5300130127649216
1.0074724366030128
0.808105580336432
1.0878762275985756
0.7462968270985175
0.9394489866103541
1.9213665378841993
0.7117529249605473
0.5487700206350269
0.4327879393313087
0.1766921866927118
2.870090868635052
0.9431494381837011
0.22977359180447407
1.7678988512201341
0.5890974373866604
1.219234619713297
1.4700759045729583
0.15002349535701548
1.2216181063541247
2.17350731484138
0.49549474066667104
0.3792871320124742
1.1599820840134836
0.05997847853227008
2.416676159443953
1.2143430627519738
0.42082085269767777
1.0608011982432846
1.0810499166806482
0.2312227196024559
1.2248596821911042
0.44125307466390323
2.06954437813038
0.13185358230582514
1.769549960134775
0.9991694797239844
0.14946850564633554
0.10106142724141724
2.875307779981505
0.8243138539685225
0.8425277675338065
0.6580757553826422
0.44938468689883804
1.3745517337726834
0.34415341080963063
1.7121199606887467
1.0344654021551751
0.7966062293924715
1.6940174883804102
0.4708846428306149
0.9326408795756571
0.5011447149550475
0.19194039250643183
2.0659246508441997
1.6508290891224453
0.31632461802788614
0.8550990292347046
2.3516638557275473
0.4766439708223272
0.3165519585352615
2.0431971931695365
1.3891208649381064
0.19559427803675472
0.8826481537306572
0.44226808718856025
3.0346429331059417
0.259396510560135
0.11221474479671627
1.783323946774329
1.0784689121903197
1.2298800654080455
1.252248301453779
0.1415875299621583
1.1042646740779416
0.3462825700440679
2.5559209588473912
0.6365474196522373
0.026325361207915732
1.4276537483487357
1.3227599445126748
1.7104172344714903
0.46391884651497745
0.3567646396354121
0.5207226503734961
1.282231253617556
1.4992482744203859
0.7781737607905291
1.058112297296896
1.337410037271397
0.9472819044395349
0.07315477988281122
1.5984233499293892
0.9208995251454423
1.7518455861775761
0.10394398073911015
0.7012604587857365
0.2529577929888552
1.9496489243939286
0.9098462634502463
1.2882041867680807
0.5248140592747864
0.3262576721211673
3.014845451035148
0.735000070567286
0.10014882983792932
0.901978748971737
1.3847784742986176
0.6842677560781465
1.3543195050963897
1.4321073062849474
0.41019397443346406
1.0226351973319419
1.821875205890798
0.458720946029244
0.8419429067620833
1.4113421246051285
0.742827877821656
1.7065815264457447
0.03168757833169312
1.0112391957230618
1.7530251926846478
0.4761089227635317
1.143242192212772
1.3046567463063399
0.8072679373169551
1.2813550466407877
0.3956742602864265
1.150397770146898
0.6972532037305175
1.5661772029835246
0.5043268895432609
1.20565414450942
1.498574814441839
0.5497643661610261
1.1038324844915708
0.5073898025649441
1.1536124863373605
1.6646293898198445
0.7196152305930015
0.49343286545006465
2.0956487522816545
0.19613236777416798
0.9573377677675612
2.277670584900152
0.13904987790408782
0.8281042907234659
1.574647129055115
1.8439536153806682
0.11689741190844158
0.4677538800690426
0.8006651268184279
1.5540794254083439
1.7354688259110036
0.48737293970772483
0.6434851328716397
1.32991892678642
0.9986177978265525
0.7798154860347741
0.2703575435804598
1.436354760123048
1.7291565813669596
0.6941036791473267
1.079144947867088
0.9429808467759409
0.8141010311966064
0.9120760589057744
0.6470307664063778
1.438916827871868
0.6413579016743195
1.019906680389032
1.9464649545004047
0.10651176028393654
1.5781165892024394
0.8172634923559526
0.6622395307758463
1.2897436419602644
0.9074803636812779
0.4823550538061653
0.4813899429343099
1.6353115410176555
0.21077913144112642
1.950412987981853
0.49488445109257617
1.2815338141750126
0.6817231446938704
0.9368860180990369
1.2081471344609642
1.4377989710891927
0.6010654950878861
0.21512851049451184
0.39542735679344354
0.8306798278264358
2.1358537595803337
1.1054738302054057
0.49764059475187744
1.0330742151199412
1.555703257305127
0.8332277683272931
0.9119073962634252
0.18527935845851257
0.6349744260365735
2.3795782722034233
0.49972076688554895
0.7723807261118038
1.1912495441910023
1.2302853375902287
1.141346893050674
1.101173442150952
0.05820087873982056
1.5593857164504608
1.1551899174555404
0.7891909591855204
1.2266119685177845
1.0548725451192145
0.31524621045485623
1.8056890586205525
1.1148120622803925
0.4157663910151754
0.8463859186289937
2.437706735534019
0.17049702900291902
1.0488092642633888
0.6245411916967802
1.5644748184312358
0.7705308419129714
0.9035269185521381
0.0722807001607446
1.1068391932733297
1.7861627852804938
1.4432420898025573
0.29048314460634533
0.9368839917809985
1.081766427957445
1.4269252858030745
0.11557266891621289
0.9795482142147217
2.6889438017627345
0.3729520738270349
0.45925687107376284
0.7810912743338102
1.8388799313604718
1.6443758700670412
0.10012088072614297
1.014854473552584
0.6606071269003719
1.6359914670627222
0.12674495401755465
0.816545698950404
2.6573767316959622
0.6789425888014762
0.45753183763287464
0.9978022958197056
1.3705213233095024
0.7822549991289157
0.8088000371200826
2.188767280697206
0.26964788877593615
0.38545486710849647
2.2016039397851888
0.43026812317979324
1.009192005307801
1.7946584022648642
0.41437525250676194
1.2036226889798136
0.5852963838602433
1.6503522311776815
0.03229688587291545
0.8616911005710188
2.151500194246765
0.6679060029885879
1.1236415654528342
0.60728675663047
1.3145567326895515
0.3814754649341822
1.148515428741862
1.3265605809991727
1.2195262044597965
0.008291015144907694
1.8738204235248694
0.3732309213374579
1.5303460256528865
0.8500123574807463
0.2379503546549865
1.2485338917029898
0.8221133580472936
2.018815488667414
0.47698841969368805
0.9704609237435554
0.5714770399465036
0.190416589475718
2.378282408787062
0.7303329854895608
0.6228302710341035
1.5741511754871076
0.6646512960138713
1.4661116601222992
0.27999770233741067
1.1311262103964121
1.2940358263950673
1.1014907804702765
0.5427740436084193
1.1701512484857468
1.8768752359359469
0.6891905932142317
0.043673226448774534
1.19647605999053
1.7623912505592336
1.1983334832158232
0.27863122184646016
1.865723712247022
0.7382687272003956
0.10269757993098835
1.9973622785018474
1.4276311673882751
0.1875933097086627
1.6618218563535228
1.2697892388401562
0.6667970392532518
0.8320377763701762
0.41643075568093874
2.1256130864120735
0.8286092343923658
0.47995857733666075
1.6587877813001137
0.17077964454197098
1.6933045715962345
1.7797825054971548
0.30858447579960047
0.17191844843899598
2.16177989911124
1.3084659614799434
0.09433312843538168
1.7089488530718326
0.8467448848562447
1.3054200434040653
0.43013702243212726
1.1383872745623973
0.47422643045243107
1.2998889183122024
2.4637352925217706
0.21513085839892593
0.16099722503036987
0.7592320768158815
1.4522621144447547
0.930029371930212
1.7694676132600344
0.3590265117545071
0.8440439901867949
0.7047306039333767
1.2742871657617345
1.2908826680948462
0.36804211951923205
2.039931792671693
0.15608615342145857
0.891990194730113
1.8159342983286373
1.0658275728459983
0.024418278372131504
1.6964108149452868
1.584220485947794
0.6978015747957883
0.7819819884897228
0.47761309473444435
1.2558094506726443
1.203988297682706
1.4428296682485637
0.7895161957490254
0.4325878305348036
1.1798556401279587
1.4062728859779794
0.6588574260608286
0.8111637343454678
1.801789347979118
0.9128156230112995
0.3988751878883096
1.5109903216809712
1.164470153389391
0.6907793513935772
1.2710820924084445
0.4584668429731719
0.9889456971970887
1.9086595021768085
0.8532609332835223
0.28956190647254054
1.197585127026959
1.247609918302605
1.9399345346037138
0.06173969039722185
0.3596307938920445
1.5514960853127406
1.3606066563083465
0.7419570634073891
1.7436816614723214
0.23248436730418168
0.6545911115974384
1.448901235259714
1.134560753901515
0.5549102645413814
1.9475766852106635
0.5611205710310024
0.6442460306023758
1.3995155883530495
0.41813556142764874
1.7934566516387969
0.22392222288084235
1.1746838787692402
0.9194129791251799
1.255297345133929
0.890562081946563
0.8838889398196403
0.7962509098375405
1.7481075949977871
0.7934627615672182
0.3521986702098635
1.8699828055722072
0.22582465797036466
1.465301929512675
1.82658950442913
0.13533156055538215
0.802911218048162
2.0420395728223357
0.43406821167044535
1.4805436270889263
0.18732640512416496
1.0556197615993417
1.908825772550093
0.3111487052051314
1.4327453118338547
0.6106670037515837
0.8684388855407144
0.4655864460403384
1.5503706683654659
1.3542569681062135
0.8785168146903106
0.7155429018511857
0.3439766218803162
2.5430587618363165
1.01005958067279
0.14717961026448437
0.8494136846479635
1.660332695268367
0.7879398220459614
1.315695786359041
1.1893456218932656
0.4502765595496268
0.9618334825492602
0.363700892974394
2.2025027141883373
0.47103807974876505
1.047477240270857
0.6387846707794231
0.7818584345950489
1.9159891513302352
0.6896701009995896
0.7127945995085433
0.631666983578379
2.0295480836912194
0.8156288761025428
0.4676712805363821
1.0013498393287619
1.9627112145661632
0.49095740129626625
0.9510852028349219
0.889728685534026
0.7852035240700288
1.4397593227426397
1.6554072695481068
0.23272148829487918
0.9926759949953543
0.15198085784593976
1.750804716560376
1.0876406215074226
0.41614256614826506
2.077623733989432
0.7434861132138708
0.5982934065751202
0.36218296409051476
2.2726595879373908
0.4115179753829858
0.8847719403893477
0.7264967350803961
1.6215631845502247
1.064915739495997
0.279474800461002
2.1047486921636023
0.6009338796562834
0.7295304275502302
0.47001216758029957
2.2269467784723305
0.6274515304832037
0.6170730335553728
0.9720598710220814
1.458682050557636
0.9112721876653888
0.8069171550300992
1.112221031423946
1.067279696502918
1.329602064547915
0.08041480602566259
1.2888028126933135
2.427528407271757
0.06409297468821182
0.8878658803783666
1.5401435222872244
0.7544103617448636
0.9297997795600859
0.9601952036496418
1.2741847322755784
1.5444886630104844
0.5368651818196774
0.6031511460471072
0.5779674958072946
0.680877100996761
2.1253461328563747
1.420633725609032
0.06369713935253161
0.961033514441998
1.6555121445056673
0.8757824692045086
0.6425411912080737
1.9355010738137621
0.6186772706775941
0.44033782915965997
1.7015554037252665
0.9568879876473827
0.576960079363816
1.688210466091836
0.7554748883609134
1.0290570920795326
0.6009031833183375
1.048926997951187
1.505164596329001
0.9059350550182653
0.811323791336585
0.8858613182414831
1.2094275169645343
1.137159237064041
0.8487324303753829
0.35751144301292404
2.2368678385170924
0.4188079274854934
0.6528515406656457
1.8754454392417987
0.8202296585635571
0.755547653916643
1.2209602306377798
1.3267824752777264
0.47837518435427095
0.9643321925680393
0.7932479056323269
1.5376350531751373
1.5052563657609093
0.37369628851315345
0.20854022893705307
2.4648457171532647
1.136856992554885
0.5270708947149729
0.42706960657600546
1.392273409129625
2.1962099829510437
0.4597471724855938
0.31862064881593866
1.4304052146749935
0.9072718808203303
1.2870970561079003
0.2508783993122361
1.5890103085533536
0.6845416052552349
1.062541458792569
1.0593612341250944
1.4919903779216663
0.9312008967602259
0.2650414689678506
0.7889050908590118
1.2606505129605121
1.1176234869088082
1.480571059376702
0.2302732420465849
1.2450286216216138
0.23098611358216356
2.6258231697434087
0.18436212971215174
0.20796594883630562
2.902285535324513
0.6523245632711377
0.5244374777483737
1.0832752156784387
1.5917435298444644
0.7212419352670977
0.7856065812898907
2.144016090456057
0.40781996080136906
0.10625056623082273
1.494334355153206
1.275343874801788
1.4517070631506248
0.5844083575765256
0.48598191163258236
2.018648909222953
0.7707728402543497
0.664235502443784
0.6931603288691859
1.2304517783652151
1.709254092522071
0.8072935066434346
0.6402342275948321
0.7353319734767766
1.1485115853084285
1.4972439892088152
0.5714943354679483
1.1156923572215518
0.9741936782229231
1.0666240140419256
0.7232695553286487
1.2640156466710615
1.1802968088887076
0.30400265067072446
1.3973975664692986
1.7339530424051002
0.7336725829628853
0.5377624533667972
0.9578155273281937
1.1494670329257544
1.3127565589861008
0.5235518375479015
1.4647451963331368
1.1996744299556923
0.4446406318880045
1.566797882822577
0.15139479892332966
0.9159680607647499
1.8866081760324884
1.1391421596037545
0.7431587439288224
0.5350880891428572
0.6561118738734896
1.5944170731295262
1.1484244288444978
0.7376394264338691
1.1954508088039493
0.867104368928373
0.9186658894739004
0.6932285019541653
2.0056043321006287
0.47144555981510095
1.0394235141499089
0.8361972023814841
0.5878232121063525
0.8779694857853397
1.53712658693144
0.5648381302872506
1.5871460476931158
0.13696646504063414
1.330236271352234
0.7193864368354018
1.4884259719537125
0.4885916427704414
1.2091681252202375
1.580831749952717
0.3879383351175678
0.8103830162731984
1.7232907331066036
0.8885146907236309
0.8134687291209142
0.8295059692078863
1.3199706209293003
0.5440354605378314
1.6796600259670291
0.44073487395394934
0.9274729659607875
1.9948531387871515
0.06531000269010145
1.1734961743289958
0.9462745355085508
1.055550331131439
1.128532036004274
1.176948767845066
1.01559914028862
0.7567241441242951
0.46246719418361554
2.024949060077552
0.768328152445001
0.7166083090599863
1.2084997304040204
0.5084328965236785
1.2159810264563102
0.7213319321860406
1.623248100712299
0.4142852548898549
1.2841184280074793
1.083670673782688
0.46790722639935656
2.2791921757735114
0.5781748662977352
0.34942955711920315
0.19262458543070743
2.5351439175323756
0.7028354900243612
0.7983296777474714
0.7157367627352543
1.8385863100356319
0.41506404260608515
0.8146890380665062
1.468271854137118
1.1771000599112895
0.6097750363035962
0.788738805145366
2.380228412327161
0.14269479668018564
0.5263215884796221
2.3248255007758263
1.3558965115193196
0.07759425859972019
0.8824020875089305
1.9174324825115043
1.3947009900756762
0.25397086168449734
0.32840410783600066
2.0384484802350644
0.6928693169970382
1.4255746431532461
1.0525663212388061
0.1268273765034525
1.534581871199511
1.1045140425067865
1.202647814862739
0.8003083924127707
0.2841411047176789
1.9364473412263237
0.49176119297575444
1.0843574765997832
1.5042308217943123
0.18866898460523243
2.4537040278943123
0.14315534021473142
0.17619098025476315
2.9617631151852475
0.24765222960457756
0.7666017223394508
1.3019105702866223
1.7196595647399693
0.39933610735177366
0.6506811505120843
1.6203349396685363
0.8102131609095938
1.0021772265391276
1.8377178151053102
0.208724180437886
0.4571750861640875
2.0634070955888384
0.6751338938920626
1.0502245905815517
1.6479142013042132
0.14696265495166244
1.3389963152896107
1.5902240271466215
0.09141377068778167
1.9816288978205951
0.6871643655514095
0.21986858950477514
2.1891404437271915
0.5880486172863253
1.0570584408001569
1.7187209718407637
0.06194363140177873
1.2707576303222823
1.2601917465155297
0.7688209992848132
0.6589410502597431
1.5221350484061935
0.25930267880262453
1.8170871243415254
0.5357207406538044
1.118953635170569
1.646749902220177
0.032704271659135566
1.5162871733042846
1.1490419499540314
0.23437349869708862
1.7751696303733762
0.28930319265052723
1.672129334207519
0.4878117189401275
1.1723076388302944
1.5840628727174866
0.10982936669833267
1.4986132742635148
0.7205272594685049
0.6163326086103823
1.743248553436551
0.3175097122596768
1.6724105772315483
0.4301787002284365
1.236248259770271
1.4805449944323326
0.18743389831363233
1.0421369798688211
1.1532266325587024
1.4138281492368228
0.34566770554036574
1.672106004516609
0.3531156682612204
1.3205658014054054
1.3346059808312065
0.32707745544460937
1.0940942991477505
0.9815952872802554
1.3823446867302716
0.43441484805179215
1.6710416483076689
0.2475329123664772
1.4316628831098683
0.9842710299041031
0.4050356359117725
1.6453583274808088
1.2384213243803897
0.4586758977067858
1.6694132677706093
0.10660469524631232
1.571337122257739
0.8077604971649739
0.6366679119186962
1.4380721395764755
1.157059179142638
0.5962050150951457
1.6062910353855568
0.07268838445132789
1.3760663055787592
0.43727191363453954
1.6836831849226104
0.9956589014437326
0.6341913322951311
1.4290394506805617
0.2890067399162228
1.4667559958943268
0.20200316811655222
1.736827007946741
0.9485727333525008
0.7602176616486895
1.2542400370914917
0.3649255524673022
1.2904012506095557
1.6647251439061168
0.6622597802853666
0.8980720658764194
1.1129677309274162
0.5485204850154363
1.1681805349035796
1.6643962191252206
0.5780201185473858
0.8692280718047855
0.6727662916599234
1.526204487233875
1.4434017182939316
0.41102512605341873
1.0340483419431905
0.5371904078968538
1.5669391743109058
1.3803755900823713
0.21871851247109003
1.223163000273103
1.5231051029175628
1.1971443909544752
0.11805760909663157
1.2366196569111017
1.2053450606365272
0.9904255175981963
1.02899532179432
1.0141096747247715
0.7876109145513592
0.8696309145574023
