0.5251856449289458
0.550338153609171
1.9859336668887193
0.7258341044926347
0.7034584014928897
0.9536495841398573
1.370899474613324
0.8655529775488063
0.8913777557553704
1.1605541703482596
1.2062834750719276
0.43769562509446025
1.0853187852531352
1.1165491812765735
1.1696287455903738
1.2714501099732898
0.49461437013309323
1.1399945732379222
0.31501044580540155
1.2261817490928624
1.4420166411295021
1.2677878453439708
0.3889908698617379
1.2707943892277673
0.3676688778612647
1.6035036122511468
0.04893863768448605
1.581078869192191
1.6470293780864127
0.23661078927513934
1.4303791901928513
0.2337421490206357
1.6535692900761907
0.008400803465406219
1.6518605055782478
0.34489959186097896
1.4348984046185882
0.039503614093401355
1.7454831858723685
0.03801431886988863
1.6522569622202232
0.1214853286585843
1.6493991513820165
0.4155131320657879
1.5334830233805063
0.3837975381790334
0.8147428475734285
1.4896298540974542
0.22465648362780846
1.7569123279950358
0.26823587396407306
1.7031407591361754
0.5093328804087642
1.0221205408702436
0.9681471131153606
0.8929437316424732
1.2635335606468248
0.6253156097068581
1.3351149020164663
0.8860325586780732
0.4933466727663696
2.2334966275165744
0.6333425495257621
0.39828967109465674
1.7811315951612539
1.0031958612304246
0.6250073266793268
1.1629014464712364
1.4157299086658701
0.5617670191964801
0.9154973934527109
2.114323315129363
0.40269720685967697
0.5150470610659257
0.48371911508300636
2.4181736563516094
1.0650094853115692
0.03754841053926759
1.914107657797056
1.5246531880461929
0.13515764570384076
1.4086435957042762
2.3052352704734727
0.3133876245327946
0.010427745913937737
1.6204386409810494
2.5355778653921477
0.49598460049471504
0.11284274115463157
0.9482654802748716
2.027650336541211
1.0296189722780773
0.4398098241745404
1.6091642045344097
0.4373804107708465
1.2638290333230269
0.494041314508402
1.3340813608120814
1.7529748237106448
0.2698903140885181
0.7560359352256181
1.0970733317641657
1.777052659376975
0.656551715338013
0.9499969094863876
0.8358998748450004
0.42352423095187813
1.3470280698275539
1.1649484099953105
1.1144471123473874
1.2365740395691684
0.2723737744227426
1.237972371809404
1.2650457235595143
0.9175318302603778
1.482291458564647
0.3416832505847887
0.8288732134660262
1.3274316465769191
0.6438469322607353
1.3183068027974785
0.6750480320138578
2.2498928699620158
0.12006515172999148
0.07650128170514076
1.388229321790739
1.097744895350831
1.8556721646244816
0.9413832078103975
0.11690217269639488
0.3093613423022325
1.3038899528335173
2.162704730742259
0.4936859804939847
1.0315897957206008
0.4043634955322641
0.9559741951949593
2.2332823513210847
0.11812096572389455
1.1780688480864878
0.7367143478789479
1.0659590274603794
1.7038331020137982
0.7616554439944789
0.4689913326304073
0.47205774832428404
1.0690221594747287
2.958398094011871
0.023283595206164135
0.4924722108181803
0.2450364764170675
0.9630294908775142
3.30493945807683
0.2829431429598541
0.1026347221446444
1.1820970427345587
0.5416831702935044
0.9949094237802247
2.6662726478326535
0.4565924534564576
0.26812509833129705
0.7340598435496868
1.1468242033008789
1.6437816288374476
1.2180050320058797
0.5064330557147636
1.139541272519004
0.3451187252604136
0.01632824391026574
3.5136993000392076
0.9970753436033736
0.16735753991800437
0.04319111112381576
0.7930859914763422
3.0943173559494848
0.8400136259593817
0.17051122166856472
0.7373384727407604
0.49349027947258645
1.1846912915220393
0.5007789920541839
2.6009191344966625
0.3130782109560687
0.5708027537156993
0.4666987971478569
0.7151997253600733
1.901785238468851
1.7535562339768513
0.395669058739425
0.09790236209498307
0.5383273829251325
1.527201292104303
1.6455207218484555
0.5348915607951973
1.531636639541385
0.30149921653140227
0.6071331984266379
0.06982273789635642
2.789739343416102
1.089952787983909
0.4702960076900591
0.8110045319450423
1.2990523865503034
0.15994559906026745
0.7071206401677781
2.6840506997599056
0.8058209590742266
0.571477475033298
0.42490353914909923
1.1614783514134357
0.7257974836548964
1.5120647039433979
1.4828101979670902
0.49334347701398623
0.8935181040263176
0.530804828228206
1.1219099348080874
1.5194092850357044
0.5109489729244772
1.9871217825395193
0.39583469781924924
0.33665271550673465
0.649837131452095
1.0099132261448138
1.7796278716875773
1.2962328615084993
0.3993130519342092
0.917943893243561
0.7863981313723052
1.771123691617885
0.6360177978333202
0.0694499689371682
2.9996944532983565
1.0115409259270376
0.20221269247671417
0.8294947266657977
0.3416022396099464
2.3563148181785527
0.8298899753477513
0.24074951526946142
2.3811000188722296
0.1961076807762929
0.8071068040778343
1.5188585689329732
0.9180059520336743
0.9045952021926226
1.5051242780473717
0.8901145754959902
0.8781402739099475
0.3545136380380561
0.7134547574060758
1.2076988821899333
1.3561860012077043
0.5753614776133136
1.4775926128472097
1.084681786282251
0.6204388464953482
1.2551124477273217
0.9030190843533019
0.9926063284122365
1.4171914685056732
0.011879529605971667
1.609141206586216
1.5370475064504618
0.5405958634637792
1.4805273876111684
0.44827754887849713
0.41032439153628125
1.9052537212775729
1.2425651948021974
0.7337808835270049
0.73629157781937
0.987254311533194
0.44184013560450147
2.5270059721318674
0.4320679711330041
0.47322652488485223
0.6550052119513976
2.271265062378255
0.9309883343750268
0.6493573867159521
0.40517213837411875
0.41119716869181044
2.835038107131392
0.39425251947057677
0.9858076123478526
0.02424786442242195
0.8187635638304367
2.0738597142696373
0.3384529441006241
1.8209182181917694
0.29304284849389733
0.5348089901662425
2.1544138925606666
1.4550238374476558
0.29474676993073096
0.22560261841609724
1.858755767606669
0.328503993422145
1.9381558019141223
0.7279633977107521
0.6113921989476141
1.026442108912925
0.47974298329170884
1.8823296333200845
0.5868494318060511
1.3276906451190962
0.4991806359101024
0.6807793268239415
2.238210581202303
0.19950460998728575
1.0335072911507954
1.475806248485965
0.9155825418442893
0.5865491746880864
1.0098243743706588
2.0865155626414555
0.243680926629851
0.8755700851919916
1.979140124926985
0.5435670890681006
0.8091107451978597
0.5224771359772656
1.3178156023310716
1.948721350083519
0.16333666581943648
0.819376425866967
2.2131955612469536
0.217897052132655
1.2880218306969764
1.387361388820555
0.41943286797691853
1.3954787926645633
1.825623927598535
0.18710496884281172
0.3536421269361243
0.7614617415169724
2.1612047940849917
1.1009324407259002
0.4295348564074564
1.5776493551427435
0.4129626233106801
0.6960642698846262
1.401549170729255
1.6445995681089658
0.2021853743475211
1.5143395060342417
0.12187270277934079
1.1856886850594066
2.000465503614868
0.6178723616416226
0.7460832834783749
1.251747671770313
0.975761478727356
0.20016540241522943
2.0472622936493887
0.7043677340118855
0.8273332545240238
1.4082196659430566
0.9803766534447925
0.6997777501192094
1.2973799752356148
0.9313259551750371
0.9763931829139952
0.08466192348359247
1.900474333304208
1.1771111126521785
0.9936377098559216
0.7896611631750381
0.12078445252745278
1.6020615627254862
0.8131633514059593
1.614733878235134
0.7914855162531372
0.6390321802975321
0.8285108101327114
0.9157347789666663
1.346120390986501
1.348079301289205
1.1625607362725119
0.13692947745568917
0.6447194924607297
0.8853371009538048
1.183184977708531
1.1923276343981568
1.6115900527567562
0.24132726772435456
0.79199128624588
2.0787657988348793
0.33814600802019046
1.3498133213468941
1.1949012338336134
0.6740002720207995
0.7235795497602867
1.2260997544532903
0.39937282516343553
0.7287658097010525
2.2847568595745122
0.6811597232154197
0.6376248646115418
0.7367407327249521
2.122237595831457
0.9737190087214193
0.4721220197687595
0.6212169135587573
0.4703068420133647
2.623372328537965
0.07642929540555685
0.7372105925677683
1.1244887065310758
1.8130523966423455
0.7147338948189957
0.5498724200627041
0.7721921940441996
1.2180938604553306
2.143834078449905
0.5944146643122504
0.11493532376766034
0.4970370893767655
2.815929952523104
0.6147538247710472
0.6539330101458585
1.848933853924092
0.3450202456580838
0.8634553056441991
0.11940464551541799
1.4687559885749606
0.9719893597611821
1.8547880413228086
0.4088907965019722
0.3772961108309714
0.8967628223785618
1.5983507848904506
1.5963947077402718
0.8515154958583133
0.08859171379425101
0.6258617631544106
2.7128694833368954
0.36356615033932205
0.7967560797353771
0.41696560459293536
1.562448145123748
1.8017245779748734
0.32858552353066184
0.4429620681477873
2.0597253364415566
1.0393718328077075
0.8398478686613368
0.3410720393036904
2.4512334601001458
0.4087241018868382
0.40669620806308615
1.9671363048145893
1.0462925561883571
0.40370887283464485
1.3263172610066873
1.1359403364388212
0.8345253131437953
0.5440673238563424
0.8202161483389507
2.875250419747176
0.4986558917845344
0.09975968735731183
0.5690829545310367
0.953322628880222
2.0339293015399798
1.2094764842214831
0.5298527623959955
0.24035995055259146
2.231732732483831
1.1052610465610637
0.08514553304703502
1.276340953766752
1.0274602279984573
0.9717556119388588
0.9927062769346764
1.6611597704178647
0.7399849146616091
0.20164862171380665
2.8281322934442064
0.4665362936214391
0.08752722972858151
2.931388138803609
0.6204959075656026
0.4415556514274267
1.8272010004814898
0.22433991072471066
1.1097419602330567
1.1439917006129185
1.2438682000835197
1.1494762876717681
0.29355047509915955
1.1738639412975116
2.6119130386922733
0.16712063155007148
0.20185193349384775
2.123419553044183
0.7470662691803868
1.6199767876334916
0.5372720097245595
0.4487591856611671
0.6245967629063851
0.789574412256882
1.5567245694256933
1.1228597510672162
0.6500512941504493
1.2703386014651148
1.094274825863477
1.2696668680121457
0.5372893156607683
0.47437214809389716
0.9848552056205335
1.8479025800361613
1.2192593821915458
0.4072274673079812
0.47529146711091574
2.5621416233010774
0.8063836363920945
0.2696049349261809
1.803845368029101
0.6333572214262988
0.6580017017206201
2.006239358604377
0.5187205887457548
0.27906749693225524
3.2373245143781193
0.49148455186166395
0.1994025233486605
2.5442216884087605
0.6230581972089715
0.20176713602280807
0.8371106116315877
1.3146588807762096
2.5304079098031442
0.12292850910734404
0.1733864087530311
1.0097966597019525
0.33460432722862904
2.1388317463555024
0.5893718339358435
1.1226137004827985
0.5123781465881544
1.1159824873696484
1.0279987266055433
1.8452317405305088
0.19759896894055035
0.7642908107987564
1.5657352410828866
1.216529171714683
0.5650582038185686
1.1274913358173944
1.294425386660525
0.7140987040949244
1.223160229192356
0.2291343516865721
0.8153365253390656
2.360863868933682
0.8202245089359164
0.6615283528683283
0.1158905701242539
1.4553114743042532
1.5922161804696637
0.7760429974947899
0.5610555497909709
2.205180571806554
0.8838896521904613
0.1172438817007689
1.6975349193357896
1.0688668312810932
1.0100360429061503
0.6767911015159095
0.5296536578399217
2.475685808997132
0.36046101893076266
0.2898885959781071
2.381268132568914
0.9462320469172154
0.46864664387172267
0.95843090248178
1.744422613342204
0.5034891715738966
1.3356026192904407
0.22495191322811306
1.6168345156927482
2.011929570162325
0.14532583390532025
0.36051347505756487
1.4382746736197645
1.2316295071335135
0.8495211747344023
0.7922197009186334
2.129353702627798
0.13990968569477286
0.821425433561536
0.05831639296325203
2.455963036287089
0.5848796720221896
0.5637945557836941
1.7666579985123105
0.5423663535390947
0.9626586156750064
1.6109534474163862
0.9036792585714426
0.925840103905882
1.0446952638171119
0.5673406817787517
1.0446505381766134
1.6333032242006964
0.3191588847176389
0.9227317728761598
0.5953378632126036
1.4106073969794026
1.5556653554867856
0.6678554411859075
0.8901029893042859
0.4076281012236392
1.7692086502146736
1.1750215338791936
0.561466746812745
1.0881261895175796
1.3205536789286803
0.6760909201490891
0.7681731890030657
1.8524806169575547
0.8828414706237094
0.645492402609166
1.1045778401773947
0.9589775957791318
0.4684483310635627
1.4545190377810349
1.3739848025385575
0.6098177754284696
0.8498678399134119
1.8040861786401798
0.5783733043612894
0.9999892789111055
1.3233482646776251
0.4249266135823316
1.247437811166638
0.9079328604431905
1.3734933226913237
0.4975528916516811
0.7658646778531876
2.2617467267439557
0.47171115892383564
0.5435127509230258
1.8380136144907593
0.9599384436040358
0.4208438936456966
1.326223126189356
1.6217353317070642
0.6755100150228525
0.6538988577105489
0.7755972402501511
2.1084062160978068
0.6753247057476341
0.4695453948931306
1.7005316866000821
0.9522590713193474
0.883030540453609
1.4308916440323551
0.2636328043678307
0.9947441015221571
0.7802406889125
1.199761278304348
1.3960019456153214
0.3155829244710028
1.0014671587528878
2.1476845279819794
0.39694759804032276
0.9637228961972208
0.7207544769821078
1.3835219043831541
1.4672991149205643
0.5193880172404818
0.7225389256656464
1.0353487385922078
1.1794438919086843
0.9403649189043731
1.0381840220569252
1.5340094944642872
0.49071395937761575
0.9143835267675101
1.502728348561917
0.5375501398452757
0.5021978219944988
1.6825864272304383
2.0560689715527456
0.07033310437395424
0.557942139858449
1.073703043061088
2.0072068587990173
0.17009439551409658
1.303146670866881
0.10679072220741873
1.8748915482567732
1.2926141819353203
0.3023524746009037
1.099170132377882
1.3911525655222963
1.5013249102475446
0.5243719024317697
0.1318098035282017
1.719532627278213
1.0120921848424114
1.2066827086097294
0.6583776024783307
1.2188027094916905
1.195705431642932
0.8848907024765056
0.3493381859522984
0.7806914935613138
2.628482571423695
0.7553169419716863
0.2227824795534133
1.2335139075512505
0.9880806181054236
0.8230120922070138
1.5493436354897905
1.3249906780138563
0.24596697558290723
0.9272300803215612
2.4378885112823947
0.3760462711901715
0.39087422208011763
2.3131141412373415
0.7122133547044263
0.7474853078670254
1.1326038762787909
1.117881804108469
0.9632817578801186
0.6741795804177207
0.8552634278199688
1.7016019589657754
0.60460063354725
0.9210578186882122
1.5027825970310138
0.950602526096569
0.3998210287345224
1.938618765726849
0.917753418501336
0.23069538047179655
1.371947303943541
1.5945224875159203
0.7129677314889
0.8828004694318814
0.7154377908095345
1.410593910706349
1.4661873878362919
0.6384588450093653
0.6578014926669541
0.594356819637352
2.1884723035918014
0.6184678421811849
0.7404955731743964
1.0998715127080931
0.778343923661035
1.181578772421573
1.397523475687328
1.0516852274076138
0.4487290740508808
0.8661582855712117
0.6805942804696438
1.0123727072926143
1.6054986769029316
0.9025591404669453
0.8628843204117005
1.4897875494181079
0.3871382775905211
0.6795410206808061
2.196308628188231
0.9619687712627966
0.1396495460692023
1.7624391445497447
1.209141129195834
0.41598904524637426
1.799274965460006
0.8027098071614602
0.7019878822600029
0.909373638363061
1.1985802423222176
1.0893862458798775
0.23220919521411112
2.4667117084665877
0.41090673584162485
0.4419664982464897
2.0777279745887043
0.6597693021183942
0.5494563891035683
1.6618668830894308
0.6343815327596664
1.4173668924592493
1.030972683964794
0.532570155775404
1.1508265736217054
1.0243286309759618
1.0316698389100458
1.3565524653102836
1.0360679584590853
0.478972436795955
0.9303928733461383
0.8932799244562472
0.4832556745228446
1.4196986036245842
1.8863507325824862
0.6667328302683533
0.529074399794451
0.7472603825633802
0.8959884157279642
1.3910790298687874
1.8131037280572848
0.07292520875988108
1.258542400837621
1.4695460326511278
0.10597962765386026
1.4289697907534717
1.22275327279941
0.5432163494095472
1.5488984804674308
0.6099427259574066
1.214102676842928
1.0376344804482962
0.8464778969906789
0.4727281644506214
2.0321330132641617
1.13107236410901
0.2848548683010151
1.226079360664722
0.43369572112305294
1.38767091773257
1.7465228715337646
0.9477938690887857
0.30830961527646783
0.3021420419930487
1.903754482724678
0.9176098699958056
1.1462933809409608
0.23763861455311064
1.6389328708675686
0.9449829911490726
1.0172306125997364
1.2438169887750152
0.2721420493539627
1.2680255300524612
1.0032520942767855
1.3947787025874623
0.14986979228802774
1.6441985947192141
0.5566735747858752
1.1294529232826918
1.7836400257157736
0.4266284355697591
0.6315507563544807
0.8539198277157712
1.6853030544759866
0.17177691584823238
2.1235408378432252
0.5356683362331307
0.39001962879100716
2.156607632044346
0.20591722427112694
0.9652352135263289
1.0697404666354422
1.5840072218983663
0.8218108952575077
0.48221203832664594
1.6442871893405313
0.9985418534889261
0.9785123704977349
0.19497292644116693
1.5903890170896178
0.8864085487318433
0.9654539979049921
0.8026545688871889
1.1508562177830195
1.283461242253199
0.6980772901791154
1.168798582891787
0.9083651184217988
1.5212634593494274
0.17571597512817144
0.9089720543829816
1.603756745276218
0.5809366943525113
1.4050904057803901
1.4643112864714147
0.26928797804412735
1.2108847531687188
1.074135844913095
1.0253521732503634
0.18516514003414358
1.4094964653673325
1.8408553158502026
0.9157789682425391
0.33139313790316044
1.4770165554044374
0.07239509531768125
1.077039342016364
1.9255328913252927
0.3149678555463069
2.0594565530584803
0.5016099559276419
0.012390962933200385
1.592638556008588
0.8175131171652643
1.2358239883203532
0.9721509975841122
1.2414118246484562
0.6712639220887223
1.2530916904771507
0.6113716679381279
0.42074323884512094
2.9718063975078617
0.6610615049684477
0.022380774885856276
2.1403211133601276
0.49246534754119703
0.5255516723409801
2.676037287060402
0.6787730672026837
0.2739790122923233
1.299894423045181
1.7927448242707409
1.0201990244067678
0.285127112939427
0.6024103495719184
1.7602244907410685
0.5632588939101798
1.5508501416765104
0.8580955872461067
0.6561958222386044
1.8484787739842188
0.3338825531414028
0.4417249757715356
1.8301132175836645
1.026397795074552
1.4157030230643817
0.09272670886204934
1.2104297795298524
1.4709355022489856
0.09303006241695377
1.2685896002053596
1.3284418775593752
1.088577532807189
0.9633593264019492
1.505806225108533
0.6082254332224459
0.06528298031687017
0.9901826035896986
2.500061473825729
0.7478071706650694
0.36569440606398596
0.516917598017718
1.7785126280484351
0.8008522697476858
1.7871090863471215
0.15116378255531593
0.41697800266566837
2.421342085062243
1.3717712737158179
0.19827669651101448
0.5034237518271765
2.6844611837224206
1.0494391840806359
0.1708980762784547
0.9241637913611518
1.2961033579294052
0.6773768823249114
2.0392831340914817
0.43932948961803464
0.3211223487817819
3.235964957379582
0.3372481125076746
0.2798964908562472
0.7414328423967775
0.3183979559540591
2.7233235584147724
0.6517154449474583
0.5277851265777803
1.7820376282660553
0.7419140256607341
0.3769875948810753
1.416176457941706
1.0136082952727756
1.3209842569323513
0.8209414111754602
0.990532950461224
0.3718935516200349
1.889509434381662
0.8754484275084986
0.3825759047509486
1.4834596602217491
0.5625392220378923
1.9285160057816753
0.4046763695132669
0.4657558463775065
3.413579731352733
0.059811343883288064
0.07817898386715119
1.8875744614967231
1.4922651858099072
0.7099844212042815
0.8508446995951824
0.8942061935322426
2.153825333165563
0.5622038012902799
0.2910575421847767
0.029441166230616184
2.361847392982961
0.8021006356094192
0.34957260686343794
2.4006751018981336
0.6661326785776768
0.9225501719905145
0.1835730185115071
1.1001028732094935
1.9502910449004767
0.4956200592437564
1.1453129595613132
0.34105098441759213
1.7532765390754368
0.27879472934658295
0.7880755451715676
1.1724257477754985
1.6840636814872827
0.443163772120019
1.3464611470228212
0.8584231234313986
0.7515827284247062
1.5993229558235666
1.0234658451719898
0.4527146947170721
0.15423369677614623
1.7803402664042531
0.5785842252976552
1.1727448484199696
1.7212621764851717
0.5306972683645749
1.2787058250959047
0.9184979441304193
0.25016239455892597
0.5889981113351845
1.5099694637158314
0.7742810088017936
2.3200858761305394
0.2100270642569756
0.021875056546251843
2.3541369061995097
1.2347787366339813
0.38794096120884336
1.1645587066716108
1.405621202682923
1.1502462385316112
0.9520756931026797
0.4675901275130446
0.3762917072035228
0.860931311356134
2.163855127184607
0.9816668797803179
0.7824115684558598
0.6591975852538365
0.6820030105413522
1.5270943269400974
0.34722296878096126
0.959430368056596
1.426783505398248
1.5495918643067956
0.7098052232983485
0.5073609180631405
0.8133385049455998
1.9836785874121516
0.7526104257422384
0.7914048597688931
0.278731034223842
0.8388722790011703
1.4771023707302857
1.522915011543721
0.388943275527686
1.1075871798999246
1.0483065183649138
1.1773259404357925
1.1282309345227157
0.8243381509104369
0.8329779250043915
1.4668071926968373
0.8276725717420467
0.46266366299703754
0.3887893317557007
1.6416500900891187
0.8555374433803689
1.5837788862295783
0.9556929733356555
0.27349152144245564
1.3841888688052604
1.18228670190864
0.4251589666711595
1.589674288832267
0.9506648831659935
1.020099716140207
1.3125180003881027
0.08190489333887346
1.2145249191653176
0.9959664584476529
1.9484677959220964
0.6123404694619555
0.06116378697724966
1.7979126284381326
0.3577148236162866
1.435738288531131
1.67880820073924
0.3481660298437337
0.7988827390927841
1.313644590893283
1.4297306304011754
0.9422531278615534
0.11096349446111524
1.5802034865112489
0.9702295807328787
1.2445641410133963
0.9926923970692435
0.39706005119283405
1.461427578677429
1.2766104882225868
1.0688770187566827
0.41243649437366864
0.6786540777191513
1.36763003908806
2.1526873291024984
0.05289685407340511
0.6668315509633517
0.4089029716835579
2.2032731408758686
1.153931826163164
0.43671383743821046
0.945685301665049
2.158605410679758
0.3825275487634268
0.4279380366929687
1.4314894155773579
0.09407270348513402
2.0409749497297143
1.650641396083754
0.2089665618938224
0.612899215808186
3.1187086303563842
0.25450885897763614
0.29561397258026356
2.335273878204112
0.9243022142836295
0.22244784366199338
2.0278164926768873
0.9720978277120292
0.2793848531972404
1.5773568258787207
1.5714454664729112
0.7953165046430453
0.1158952844984753
2.420997461317892
0.9035907342428031
0.126821238693205
2.6453244002131484
0.42355924973076325
0.27699922075858396
0.9438048689910017
2.0033966295639787
0.9933356653997364
0.8136018495958217
0.7516732220547601
0.8489500655417472
0.9657238640328125
0.28551691749937463
1.8028244181347928
1.7112757239162184
0.72011300575156
0.06974427496716647
1.6416500052200498
0.8517423374543612
0.9361735933752876
0.9478587893189062
1.0862663990800765
1.2180953594162574
0.9783023775187447
0.5556882324713496
1.785220161814924
0.7227026960517037
0.9954379384403322
0.7698388767347315
0.7945883562816239
0.26653570800510273
2.4765532780564286
0.6906463226259049
0.12386008741327818
1.4278819955742579
1.7062210381849385
0.7363336068364476
1.4321337990340306
0.6936482327915107
0.4926768927738645
0.027160378880650225
1.2938983797456385
1.6925582211259336
0.7626954889712452
0.2732620055947064
1.6103714560092695
1.4704341162130108
0.9097888827844819
0.5777531699487526
1.729316209781793
0.738129586040823
0.5357267913691637
1.4937556860222698
1.3858675697863794
0.14089441389558668
0.18608260409654462
2.6103508414072167
1.3323063136040167
0.2609736165618625
1.8482331353659232
0.47111183998065564
0.2919182232726356
2.635820294704164
0.6026738794211508
0.3081823294767025
1.0945288367993544
2.069575958650175
0.7460600738921457
0.6499334913953396
0.7588939643285794
1.6471433555690411
0.627403156796111
1.0929955455819933
1.5586120086973685
0.3063235703769126
1.0678921436026634
1.9563267917847686
0.4528616815897521
0.858560277872212
0.6101163049476183
0.7899478883904586
1.5266774320397472
1.6714630869658724
0.005729298578315006
1.7444619114373272
1.307590957337808
0.0955537978178224
1.3289617563982667
1.0183396137526806
0.6882080903944041
1.6132799076634057
1.272197034372254
0.4091196385679238
0.6150650213549048
2.3315996730927666
0.6867308151732621
0.9329095098367963
0.6445221018775862
0.40972409958249234
1.29848010049817
1.0588332057175656
0.8337114240571837
1.5185359671853125
1.398271046252338
0.46103571475917876
0.7438872053446884
0.03373234176898311
1.690316415436984
1.6171899942872279
0.1862949594977788
1.7405571844423915
1.4531904773277589
0.13837777688334835
0.8478049556977135
2.099521088270861
1.2453596021989244
0.2794565273457782
1.1852555642963405
1.4381002330212829
0.46728032242078654
0.2792274129286282
1.2571093618755025
1.8927012681815305
0.9293302567038506
0.971538049325976
0.39235418510015924
0.9246471988498866
0.6122069065500498
1.640309645933687
0.08149819425580827
1.734581666855732
0.45555844852491084
1.2202693482387512
1.9329366069102762
0.08739209473190902
0.7537261905388687
1.0646068054705424
1.0019035532987162
1.5196710659695305
1.1333410888887483
0.8619972253668036
0.20553079049319392
0.8669409839244991
0.8280447948018836
2.3715551742371086
0.2645138581249104
0.6920259028697552
1.2364201520114235
1.2543139736453381
0.736547420835818
1.0337401797907027
1.2333556757912556
0.9316958364672191
0.8964117378891734
1.0859102601479642
1.3685971114104187
0.06452208031350772
1.4932625304441314
0.4165955626253651
1.8175813376714998
0.9394400969674666
0.1815354547178487
2.22096192076444
0.07404979205035805
1.2274958593330052
0.8091395357200202
1.0681914720966026
0.9717287331340015
0.5658405519202365
2.3273016183786677
0.8738172089495513
0.09547870899128541
1.1104858694231465
0.9514983467533568
1.1647261218323532
1.0852338636801577
1.2432193091077286
0.9591914870194044
0.43106946776585914
1.4339266817222371
0.6913650820885774
1.4373644964593444
0.4916110376555382
1.161575250972787
0.6980913421297441
0.7651455552104095
2.550044084097312
0.4600859589912713
0.25344009083940894
1.4748154438196206
1.2594474248979073
0.7504724561171532
1.1303624467556637
1.2541908146419303
0.7263180053414057
0.9367955955939768
1.0701575140486532
0.9966522964702423
0.8121997957018343
1.9232375425908892
0.2453643490405025
0.8116248931560001
0.8431771668934374
1.5048779318026577
1.7589943676748654
0.08488928134802015
0.42946875981493415
2.457827384950847
0.8152354165848529
0.8044999531383269
0.6948024367111962
0.9692375073797026
1.4155445908015132
1.145200837976522
0.7287555587348182
1.0607664301626754
0.3915023428749968
1.402839866686516
1.0678622665848159
1.2881143977846108
0.8717164477722379
0.6785141268180864
0.6870253616599983
1.584372471829526
0.549979124883339
1.243658769322423
1.4461078020602756
0.8238888753935102
0.743949044085443
0.3415230643616856
1.9037139298104027
1.0570614046456581
0.26971338800918665
1.6236050649263833
1.3001125595050471
0.9995044082868509
0.6310517656934094
0.2928124172545826
1.4315739865382477
2.2304556333662195
0.46080256044422346
0.6172229514791221
0.4907139177441951
0.8879720018207293
1.6677130575064085
1.2022243241536033
0.951324439829408
0.5330590277709945
0.7934826940229434
1.2441626194133373
0.9558121812707998
1.206978608626689
1.4247939225352748
0.3713369992138088
0.5662931340717449
2.880078747195774
0.33789632195069025
0.21807802622356282
2.407376282316642
0.7035627015046234
0.7971541191725006
0.8165422881171399
1.0013179264673695
1.5953372225249531
0.8105982120527357
0.8589773318221064
0.8549952864236428
0.8077938779538429
1.7698020983308895
0.2324532277388457
1.3815313926230055
1.8142230901474221
0.15848411077632893
0.780663736172451
3.0316186064490624
0.3414651701546353
0.06632308191857675
2.8664293346660177
0.3231532651249757
0.6437205498054794
1.638727684334388
1.3701303761396466
0.2838433092652879
1.190798921650248
0.9092947861060828
1.4702036516439507
0.836148334463152
0.5476938663558557
0.9830863370074066
1.2270145259717837
1.9037549348172003
0.36734854104090636
0.4253735222982392
0.8613706571292841
1.6056775293499812
0.8770400744993301
1.1756496096851587
1.6869551080229683
0.08659214526286711
0.28613355972250637
2.049419639451904
1.9381737022569678
0.29609922055946025
0.23091156025042842
2.0567640324355114
1.5754574346025034
0.42952367021079774
0.8205403250191016
1.192769800474615
0.5429099797393909
1.8901798949612711
1.1331451925542961
0.05227046846676118
1.396003074080649
1.8522248924258
0.7935125377420212
0.4656513887651449
1.1614997908410392
0.9566111732260809
1.4562460596280584
0.7365420619363351
1.0344988295047535
0.9170640535393682
1.3465500634360121
0.5143688854987781
0.378144406985181
1.709368753181915
0.5976136489809549
1.5671395132937629
0.7596642081926156
0.8732188949110568
0.57201176467646
1.603283320333312
1.083445755207028
0.6332659496610543
1.0791923186042642
1.1563267486412512
0.32846160356963605
2.1323748188994993
1.3054269290628768
0.2676867894520937
0.2699815231744044
2.4050322070569794
0.09494445425440434
1.3240034026310943
0.851882515863375
1.3730671371232954
0.4351018229936552
1.143887130975312
1.1287526794929548
1.0958412450657093
0.7336403227737438
0.807329678078326
1.24106145491398
1.0855499773520911
1.0264196289951368
1.0502047523766713
1.205759375377295
0.48250490215848696
0.6632190098937161
1.2461729440060476
1.8465337127207175
0.7425440905460894
0.8858592038916421
0.17564219756123464
0.4012432477682084
2.5926922266672774
1.372530264561236
0.2384830884796635
0.6184831306196943
1.3942477328501761
1.0585009240304408
1.159317054522395
0.8171476899037755
0.7060618310252378
1.6430197042601555
0.4561132394745783
1.3016040060776985
0.737300953375107
1.0727348100792053
1.540683880987102
0.4969283432367008
1.1240739955206067
0.9101156503761955
0.6709131827290512
1.2351145108833153
1.7450616752512236
0.4027991897915876
0.9360958895276502
1.254692904502383
0.3245579419945422
2.134712003881565
0.8624500767146345
0.30114944320431314
1.241865264227144
1.1423008450397307
1.247417963524925
0.34176175982187856
1.5448628814323537
1.7390722874737223
0.252042364585156
0.5842659399073322
2.3127266451677766
0.4443270177098501
1.0344753880869548
1.2666630600191864
0.7254846886127831
0.32227157309926674
2.271030162944594
0.8881441844491105
0.6770614920193178
0.06562977605901793
2.2266812177232542
0.6454089191853541
1.0444894763503676
1.4078111303522325
0.7824591736108581
0.3258304020943725
1.3444369185283813
1.1840519709293587
0.28008275462007043
1.8570507670007983
1.2464326244045951
0.19767383643763942
2.3314358606278307
0.21733065258124654
0.721633329371406
0.4719324945923029
1.469241415398816
1.9350097226559064
0.0709280441116488
1.3052601991108579
1.4979628565806837
0.15916631214016225
1.5825940395686269
1.2407650562526702
0.5010729876559914
1.2094903285266698
1.11679650769954
0.969250683143145
1.2059124492535265
0.4860164255949316
1.499767574893914
0.9375800745114421
0.9214390834786268
0.6650597233628918
1.0846632086328418
1.141332652810804
0.9368029598435642
1.3274461724107378
0.4791438087150077
1.0082026397661263
2.148487714836794
0.6349846127518783
0.22652812216309562
1.1213113444860587
1.9952153743903436
0.08231964103408938
1.6854666409376233
0.8088267210751401
0.7922233805281047
0.6355150990957767
1.4006202433191086
1.2677682890538928
0.6260998941025824
1.1860206799124056
0.956472548221015
1.2221779354134392
0.9820066859621206
0.534158251935178
0.64958797220852
1.412499812759705
1.6834377943536012
0.6492261879283073
0.7040500533136742
1.0925704318764393
1.0787993847487858
0.463524804610705
1.9912406500422604
0.47322909747513253
0.9445489832387567
1.414481649324296
1.0745167318959536
0.3659515816708625
0.5134453192237962
2.3042259881031506
1.1252418341599388
0.4390303989294662
0.8791588196993882
1.2297611595057614
1.1048165984234228
0.9256300894891556
0.5533159326659973
2.0691247738701906
0.6031181953517614
0.5446775916854997
1.136743548261438
1.1806003827327987
1.4135687180430776
0.7325204427948017
0.891411435926608
0.24846899987496324
1.6170824782473585
0.35210891466333527
1.6946246029887897
0.9308655234945205
0.5485421659305024
1.258456682734352
1.506773773100108
0.5322292061938121
0.7699246286150894
1.8503707972882928
0.6409697501521127
0.9636516775081242
0.8291950786140809
1.2572935918558235
0.9017964492915531
1.1967071750699048
0.4191575641270144
1.0839731510835184
2.120268409069663
0.16255245907914803
0.8445136277507256
1.3248228638713526
1.3316803430972382
1.1502897348470886
0.061219883632036676
1.5670427451888993
1.1304299154645507
0.5295661474076023
1.8824705152510401
0.9021063755166242
0.5945766803686976
0.9092854773416048
0.8760687120659357
1.353872561782662
0.8280500313296997
1.425756931980349
0.3808917157655422
0.6922675731974507
1.7459773922647355
1.0681633533925858
0.3610462033507013
2.15906087191971
0.5587772786532957
0.3451778308601361
2.610794188372194
0.6756215666290611
0.5717751735517007
0.07848996233685601
1.6093509972863145
1.9632941640216626
0.5456443260350089
0.3533438080965149
2.0522161377156487
1.0081691090199325
0.4766659567823763
1.1363024281122804
2.146382427554512
0.10649304424252096
0.7321812925489951
2.2775810909026286
0.79496336473229
0.3864150402486953
1.2402616230194778
2.1407050549656947
0.6282648017100841
0.0708285968864584
1.0893967031247849
2.8040764866158487
0.41856457357802346
0.185471441464143
1.7627873607256954
0.8502812967474551
1.4313890312063993
0.8427959108054666
0.589262271337172
1.3521608258755784
0.44250214286771883
1.975737679457246
0.21569222275448285
0.7920749404075805
1.218279114197525
1.1105141253947333
0.6380856911585582
1.6189721556122247
0.1310861616082676
2.2840230355415247
0.13624989851983074
0.41052100428644167
2.2854048329018166
0.4639722953512442
1.212317396139138
0.3524036671562062
1.4544163424591305
1.353867093522913
0.25424385834004265
1.4812267639082863
1.1212570806645172
0.7574983137758832
1.866554038035277
0.3780652957226021
0.30098069759095897
1.8718796402382458
1.3198187691937227
0.411484907574687
1.5797264998868317
0.8871001624040044
0.5395251230226213
1.659537423409607
0.4151813724501583
1.5846857182271825
0.892795322128165
0.23667115853092102
1.9129184545874252
1.1594390225245264
0.4862421708820349
1.7249703003377914
1.0166390567500514
0.07189979120365667
1.6161591572042742
1.3509519847892584
0.2442758851199829
1.816493368573308
0.19096562872387318
1.5649582126162387
1.0720249228954695
0.5604677841065828
1.6492959824365345
0.7077043757461482
0.5989382952923943
1.149330936189829
0.7158353130568592
1.8165965645004865
0.13089072916258307
1.5430697711500017
1.0121441504553241
0.6208357819136544
1.7354929688220206
0.7433283858020268
0.4338965526784676
0.6789595622570899
1.4137565850212355
1.7723488571068906
0.08102605838961285
1.5852074558926996
0.9488057463581359
0.6826910531109184
1.6882042698052426
0.47129396164202014
0.44192110610723895
1.7899989702023593
1.6708027896457696
0.033614135785897434
1.6352887916640602
0.8706723363841492
0.7627344236727299
1.735249781295774
0.37679947902753586
0.43803707568035427
1.852874429041983
1.6485514983119811
0.021484090195624233
1.6741078970114607
0.7575911497086283
0.8839096369714355
1.2353768758328465
0.1557869016868362
1.9188414892612795
1.5229648157391449
0.0878225142187536
1.672960503056183
0.602132483415082
1.0680889364499262
1.2998509179269038
0.017002224110640885
1.952846840105731
1.4779969081685327
0.17891692799340242
1.6710427704453763
0.4377221299340023
0.9051742679632383
0.8355242794228412
1.6671874082043463
1.154214203281167
0.2951402963943035
1.669084046068298
0.23130227702849226
1.1282495719340948
0.6634499853732874
1.666306490364319
1.084465164801202
0.4397726495254586
1.518192586129992
0.009510783725150395
1.4789178483862002
1.6655414125301438
0.8169913448716644
0.5886434968724653
1.3908899752051018
0.19778535544026957
1.3762115586204928
1.6649996827369784
0.7475653889459405
0.5840121820173104
0.8977666062528726
1.457687095755321
1.3697222399100422
0.616479825974198
0.7428748467411572
0.7666143390482105
1.4969054357713885
1.2565105538158918
0.38126062147406653
1.1917557248265005
1.4002168303658606
1.1470885403720246
0.2809705309526148
1.1669179982125557
1.128373327693486
1.0884796386651299
0.9830381853986305
0.9627371743227294
0.8559559660346576
0.8376830195183017
