0.5335554670518354
0.5489757991232012
1.9623874798952567
0.7448801318108716
0.7121021978374054
0.9435853062271897
1.3303572704152171
0.8985706671431455
0.9059875529980664
1.1666702724107836
1.1955363423963343
0.36500070197092394
1.139528597002438
1.1431746068398916
1.1868157505689751
1.2605980728913115
0.3404025043522024
1.2800214972477828
0.2711865677841127
1.2372082657179273
1.520274207521908
1.2553159255912745
0.16283885523343572
1.500483641893195
0.22121393878654116
1.598906213507965
0.05663634871813953
1.6586618422934152
1.5775947881478947
0.06885953138229867
1.6712947605129964
0.013985575296296116
1.6686771499453747
0.07482937952871198
1.729195478838418
0.25492959587721126
1.204476985121728
0.5240615024920635
1.563210525109978
0.28443653343973113
1.5567456724409796
0.260465888358015
1.779467181872304
0.38858265691090504
1.0280497286471582
1.1725910506189794
0.6362056525624491
1.1190753976145813
0.6777339298828775
1.5377073041571088
0.46825255718684505
1.8385303961101322
0.5528381029699571
0.3707640714198745
2.0028067446557776
0.7829640582745512
0.6951514537005095
1.3350083728258126
1.0539675338118266
0.6940734685573999
0.9161750603166662
2.1382063770052935
0.359678301321401
0.39094259229339795
2.5647584819639087
0.8947321295601401
0.06354195038913021
2.116270270539123
1.196722770697095
0.26159484962963736
1.635989843872996
2.0465174460085698
0.025120257593976132
0.3007858693563456
1.6048872927753282
2.0190680941795462
0.3642813490950935
0.6507066113985912
2.078664413792176
0.9048841685736835
0.31535799814746557
1.9015484908298546
0.43657563923841264
1.1474183017083563
0.1966113522363082
1.7053153448340281
1.9045420236720354
0.28044819416755445
0.2854466763574267
1.611869892343477
1.7414499378222663
0.44354714333303885
1.1688785025285344
0.6891084247161376
1.1363368434015866
1.0184520505606187
0.8855357356836527
1.5867897210248272
0.29100044889518806
1.131431412801497
0.8264443813151343
1.3517970045409575
1.4407544596326967
0.35781237669225896
1.1604286640014652
0.20549916354987616
1.2664820514877049
1.5965013050998436
0.468361621169719
1.627954862227123
0.32602305029866185
1.036289902216443
0.9620290520288635
1.45383522125835
1.4973557410193625
0.14924439078641724
0.4512856096245167
1.0720733766172303
1.5776967630091845
1.047286487605889
1.1255489274073491
0.37167484809472356
1.2564177675735968
0.9991232114697797
0.8018397057116847
1.3762620236237275
0.4810863951564104
1.8993602625922368
0.8636152997714222
0.06650332344907123
1.1894387778264508
0.8829880616250312
2.080174408753538
0.9343036204632162
0.11325099760695856
0.5314970376967989
0.8105938322265742
2.426247569265923
0.7036615505468546
0.8287348107126361
0.2322918443727124
0.4825644522337361
1.6073263270605305
1.798090191441993
0.3267735931035087
1.0293705066326089
0.4849323964874779
1.9227422568126593
0.9372779188168675
0.5193241367154392
1.0453629544066227
0.7714323634602249
1.1951708202972822
2.1202635340336435
0.22402386293763504
0.5675085242507429
0.4381915500656664
0.5601705421070722
3.3729811518151323
0.24196835704789416
0.44573368968584876
0.2085246500035308
0.5908489721718672
1.549142055191916
1.931510701969745
0.8014143942147224
0.2340831783589237
0.7248976052935875
0.48337742381756166
1.9716238619103286
1.0460379202830046
1.0000368993534237
0.5368246234804472
0.5881623514511616
1.2153773482992172
2.2309939947128394
0.7227044412500542
0.22303675336727022
0.4441763351075121
0.21578864905130887
0.4002702001400663
4.184705149968654
0.05987010043614684
0.13867313147218016
0.2795111249844524
0.5814449239037367
1.5036008832790557
1.4201556365473207
1.474964891815261
0.32692682753301094
0.7033663550662955
0.1669038072621684
0.7022254249636724
1.4777734441488928
1.2675007340781967
1.6261154707394925
0.16019527047004342
0.36653562938489687
1.3899913053616642
2.196845585174377
0.4859440259896062
0.9186907010436404
0.6899054261773764
0.36515926329512194
0.1164896029329536
1.4460297135347793
2.8792945392828906
0.28135600854248854
0.33954672409101094
0.7342815062395286
0.7141877873638109
1.1106110972599794
1.0884230193066944
2.1999654077011908
0.08538158742171426
0.5180252095496344
0.39078535853291096
1.9491921672069878
1.0291936774251738
0.44493337036206315
1.2207696536370019
2.1180270634934764
0.5224303400673899
0.2752179401817258
1.0699246823982413
1.7907327945761458
0.6120709023543097
1.7498167512771103
0.27434845417703596
0.46475874293637026
0.17797787618872274
0.7511242370693618
2.4061613600792695
1.161038730902515
0.4403280873784367
0.8151142735672211
0.6774203509731287
2.293879847104143
0.17576965524254187
0.30500605515810525
1.6789045648893668
1.892166698069945
0.8294056217479409
0.3723779259310236
0.37119759730408824
1.8562769557204577
0.7582389422717101
1.246054221069945
0.4628903913386028
1.884736938703752
0.45283649630302714
0.5734634843225304
1.22910277817942
0.08654664709607843
2.0913832361329834
0.385406292728657
1.6979822323074953
0.53456425604712
0.4909557544122985
0.6736572951927156
1.150542444030217
1.495046800069805
1.420088177122461
0.4463630248559164
0.5544146562090466
1.2293729054162983
1.2526029876248315
0.9243883023105461
0.8412457995314581
0.857731681930465
1.2122625076084839
1.4720293633953285
0.7713326038264402
0.5628156165666746
1.9409546582785195
0.04258473587229889
0.8717443585815193
2.432493019105774
0.039009668176453426
1.723829526382476
0.36366359536658344
0.5780938750496023
1.163593342557772
1.1357665281626996
1.2681698250157862
0.14379654099564002
1.4837779322862206
1.1038223308665427
1.3644702074870096
0.6529896712146115
0.9352657929634026
0.6976537740306159
0.6974150765373013
1.6452493826624806
1.6859743898573771
0.04395505986135293
1.0434255064458
1.6730048747600368
0.5559705183567271
1.6806138017613832
0.31883841768556154
0.5112367087849671
0.7041795965703376
2.5849463276717852
0.352989881960738
0.6407948988860508
2.027276257073377
0.19672616055762399
1.6420693805280169
1.1739656171819806
0.12849618847286107
0.5921267847365653
2.0973616793974257
2.0413793512162197
0.006844119317337734
0.22531311681665264
3.477319118145883
0.4584001869649117
0.2591112689268793
1.4006065378049375
2.340256675240912
0.1544937237924296
0.48639298303457984
2.3163502310552015
0.7778548543753073
0.8392383100884883
1.411026980493422
0.06831807539579458
1.4824082948699873
1.165196265515251
1.3332723598531755
0.1218283871655578
1.2498842921452133
0.8582393847029864
0.8949195460474513
2.26403850591224
0.4766264757571812
0.4132954817359809
0.04968092027119735
1.0705867251363341
1.96782714395503
1.2907050120136159
0.44717697649136
0.44018780806700164
1.9645249897494432
1.052411530001244
0.5599255607372154
1.757560795563278
0.39331292086046826
0.7156184444419134
1.4982408700341334
1.041726108650447
0.8152075812937865
0.8301886636207892
1.9192789813628979
0.42525811029372684
0.625284867972069
1.840264385734327
0.8336833712922282
0.6536155270004627
1.5120814829693157
0.037885323804153076
1.948537698090749
0.992245711788508
0.4846566292945763
0.9622980548135814
1.5504030652965637
0.6891965191174568
1.4367615103715388
0.7529977008757005
0.8512306152510655
1.1548269575104457
0.858497147358674
0.6328278883904641
1.0902689788864854
0.7017120926600462
1.8227576080433838
1.36289408402905
0.20814385372956345
0.6393688000840215
1.0379334874845638
1.3613403984309156
1.260187859598493
0.6990603017330467
1.825027916115234
0.15910760279987296
0.07752668284799552
0.8033055435173176
2.4948950900044222
1.3051464926474898
0.07350657136972119
1.221632943243893
1.3639770889271834
0.27287006434021116
1.4469572713098344
1.502911022655497
0.9139247200219829
0.9106817016291584
0.4913105394836461
0.7035273669586447
0.8786025711257665
1.15018418401002
1.5530091542230786
0.858068442354015
0.9727228919159241
0.4412468319199001
0.9801537925682486
1.3711206297681948
1.5497207914941729
0.23658516763244036
1.430729091372867
1.1567657616971578
0.07685500569039448
1.3301038007707624
1.058732092531249
2.1121407534566714
0.16901845369084068
0.16346224815699956
1.6504347358101734
1.4549950589959297
1.1717543824893146
0.6495688995176496
1.0427154780438426
0.13295130524760582
1.3554872793601669
1.705141865798029
0.14765144472790676
1.6691705374748345
1.2241939167424511
0.4955182367020604
1.1237629950078827
0.15447280214818837
2.6503148517117054
0.24219021577942446
0.8204034781655665
0.7180435417435873
0.8656663441304387
0.2141285752797272
2.2860788022811946
1.0763162047943344
0.59820339904204
0.9568765484050042
0.5106366137309613
1.6047745798348756
1.3965190560842053
0.36107201724048604
0.9330256889705169
2.4984226011247617
0.49232404718005446
0.3012973849502934
0.4516657256018344
0.756940044410359
1.694826549921208
2.0006666050409625
0.17056205202493796
0.6462917891217527
1.1183098589099798
0.22094156469675133
2.157541427955536
0.5144109052913606
0.837958930119774
1.3381105500336405
1.6451385354572425
0.5136421812241436
0.18179472029105626
1.3811520629551144
1.9342521130595616
1.041762656974375
0.10918509045037929
1.1567148775087277
0.5180466538204843
2.2430412692687347
0.5021128849997166
0.6410354014202753
0.7412776877195424
0.6613935628716305
1.2151162893850775
2.392934260991184
0.069307875498375
0.7422044988596788
0.9214430580698035
1.5544348590896369
1.1266083557393818
0.3389608105684828
0.5007276712747682
1.9738047540766086
1.6623920188431756
0.5134195427644709
0.3836995452550275
1.2967728094667894
0.19367234437454012
1.233300450988771
2.482088830310199
0.6565744490420149
0.37359055374091427
0.16419074392971303
1.5174542419318822
0.6925175337430934
1.1351822522457513
0.5179701564354576
2.024821864133886
0.7053082053311533
1.0338263424348773
0.2533084380474682
0.4780188193406788
2.3607485473584853
1.278873268946829
0.08275436268615449
1.4166056844488668
0.3014923385921523
2.104903023504248
0.5094607547439892
0.6299322958673931
1.4102955800893289
0.6173584609973415
1.219134349027414
1.9096747716454532
0.4071818033717305
0.4614936543475078
0.8086145397958491
1.771707349324173
0.45333950738933076
1.340681234166474
1.1492296061963048
0.9060493914747787
0.7641097695236565
1.0471989411928158
0.9796679242148855
1.931752566129562
0.29197034649155457
0.1508231814057724
1.8762682609886412
1.803858788448689
0.10368396280734965
1.4788525242631594
1.2248752896728836
0.5798226254986445
0.7395643013631323
0.613836336567209
2.3369047469239215
0.5669303361921416
0.9706563868408514
1.0078348479332526
0.5941332350125031
0.291112580314227
1.345903040144526
1.3104282245561674
1.280251359444808
0.9851319533596468
0.12657031406122643
1.5127591673214456
0.9327279921140867
1.662120153370582
0.7224069211228406
0.12582436849052597
0.22248270569266843
3.1087215761343128
1.2117537200710184
0.09377030109601149
1.1345895422004275
0.381232927793866
1.4178404497392323
1.7848616856631974
0.35535771512595893
1.3914544506361903
0.5393375158560445
0.9022498408577769
0.6715573476841715
1.3365724330619877
0.17682375853713297
2.682208040552861
0.41647253085674435
0.03668457276957079
1.7647720711165586
0.5624049958015828
1.9700445005931477
0.46165713161754685
0.8603894196110681
0.34726121754023476
0.6961997984229238
3.0822408435613555
0.22148730984941106
0.68650033274516
0.6575668062330056
0.41891392005420813
1.5018795428572163
0.624919469732205
0.9321212070861915
2.048322361417487
0.4322861426861086
0.7957662816464749
0.11184728361683191
2.721868437418225
0.8555165076834887
0.42073450013426994
0.6657257809834315
1.0293249808036815
1.1044480113486728
1.6427112237516353
1.1044235308283241
0.08035481833257828
1.1475643882184114
0.5286725675234071
2.2130403204939983
0.6440936423630587
0.3485441878898372
1.1551044093602216
1.1662173376746858
0.6736550072511528
2.4754075648510296
0.14951004502101845
0.14734771792418386
0.9896869293319541
2.6914172948216986
0.17258198903024716
0.7995879806293591
0.41609557424182175
2.713080858321339
0.25082886846351826
0.5579989069793864
1.1540351548645804
0.9037562476448732
1.1609883116678332
1.4658515549882833
1.0249623466451387
0.2109991272448293
1.1617836544996512
1.6552883106655125
0.08783383093368093
2.284978372613379
0.14039073962888984
0.5280960772358061
1.5833831707965653
1.031381656099351
0.6393641819847672
1.7774123178790935
1.140770812405382
0.6582990987842857
0.630288414919036
0.22531504181728784
0.8508485979551853
2.8689757966025784
0.3873476132702288
0.2805928176670362
3.3028030821335754
0.4618439654352696
0.19983826989671008
0.04859954205467891
2.425700701614529
0.5067403116695741
1.4350680280700168
0.4498018533082784
0.8778905527543495
1.110115757517621
0.8699446452936309
1.5114651670701718
1.3720644473785621
0.11151575521184541
0.9807197395499259
1.6909755557237691
0.3153504716979062
1.4511998628004104
0.6364728426054878
1.348015781214262
0.6465853210448504
0.9166707436916336
1.8810261606420804
0.5242572522880893
0.8225722546131985
0.5270757245796082
2.0079952466166757
0.9122365043918735
0.6279475236278584
0.7224078276297335
1.7822196867060531
0.5724574152368894
1.1758559251737157
0.9891166109668181
0.2506366960002751
0.7514221704539102
2.2937602811077613
0.5597436046012232
0.7876117050691775
1.311942724312253
0.9623754528651098
1.0259104493926094
0.9518019514010685
0.3525129450201491
2.7014928046157975
0.021523277069302557
0.6906539970642598
2.245188805975659
0.44472291809879405
0.9907713977816124
0.610588918447654
1.5715950637993898
0.019083419767107562
1.5208331844320766
0.8160198689088087
1.4811702938858198
0.3902120401739177
0.942916997438494
0.37175668346515434
2.1161573169268664
0.443618084366807
0.6729326045487476
2.0369113762091793
0.4022765515685342
1.1773297712203155
0.6201106130001751
1.740617570632624
0.8726169393423691
0.2939848441360508
2.4205503212368233
0.20732989478888356
0.356379176380168
1.0093195568553766
2.168883420999168
0.7593416455187193
0.28535355829075093
1.1143106347887095
1.7919369718707636
1.2495772333772566
0.38075263453640984
0.4863021854892275
1.7654217209415808
0.32521646994358316
1.5415647292575148
1.142143134758635
0.1315984663584355
2.765611933401763
0.1734810997955167
0.6762697139612186
1.3440053017622708
0.5759245700307719
1.416832402635215
0.6586945418894229
0.7576427945140399
0.9974874616034366
2.0609596197763445
0.18432476377278015
0.8532973939865012
1.358488280395627
1.0828126422434126
1.2968659322789842
0.7117459854940301
0.7497991045337549
0.5286477156901547
1.461411382992028
1.7022283307447668
0.44368923175814634
0.823079124008272
0.19968054481847453
2.4155632244614185
1.076242676238457
0.5156475662678324
0.7845933287925339
0.4941157742769627
1.4463915105712093
1.0929130385417356
0.6792114776457215
1.2992608906781862
1.2635436129063649
0.6935141374262923
1.0163385707892776
1.0707246810053461
0.8495681200656674
1.4179684977736178
0.8242963917681275
1.1851691349360791
0.44899763096275686
0.7192177370402403
1.6625764323249896
0.7217596464754775
1.1474291363034348
0.9352444895915352
1.4299211552816289
0.40227881855811326
0.8534540208223493
0.8983996972631181
0.7208119751206878
1.6262489266909879
0.5920694630695662
1.2860892273614186
0.5942293268712111
1.5528650670934143
0.5412712696780823
1.414957308971717
0.9308107691876628
0.21886938658558602
1.636378783311152
1.171384902644
1.0976402904299702
0.04404292794192404
1.2319041748748865
1.09664028894831
2.005817279600459
0.13683108781570458
0.3968725035320029
2.1957128956802947
0.3953916867717222
1.09468479882405
1.326521068235905
0.8858535730717794
1.2228238114269416
0.40416518398663426
1.6345162698126172
0.2567337958594399
1.4664926682349406
1.147593138189284
0.24582517161439676
2.162223324802141
0.1682086963695555
1.16245644353024
1.7518810299905203
0.4270074089024846
0.23597098508944128
2.96829921421677
0.1008686817217378
0.65517250133609
1.4537940093812034
1.3733446743631732
0.3797331831160528
1.215182154098094
1.678594681032068
0.4440129259045659
1.2627603719680303
1.1100108366363084
0.7126589865757494
1.2837588229493002
0.3822544474776918
1.5260748708934537
1.241454551138841
0.32569561237183803
1.4735968030858009
1.4045081131216055
0.20701225200012233
1.454743148492645
1.4319564605876314
0.6920509614195777
0.5211080243860298
1.6098490547971416
1.6061237836108655
0.34014176969822996
0.7596203717003465
1.2820788608762355
1.1744997321765989
0.8541161568932046
0.9466130684524434
0.992600157837605
1.5782157532390577
0.8961921703406595
0.17907480562729194
1.5290360396412686
0.5831989283869976
1.1280577322240588
1.595130869288637
0.8004955590441607
0.9052268900633362
0.48298250253892305
1.9756384692408941
0.4521858305260224
0.9474649272369734
0.5051263303418833
0.7353546268193984
2.2467876532181523
0.3604874569472387
0.9136950508153067
1.4621032687391702
0.9875902742082487
0.8921728552566377
0.36647002156569386
2.4150969745784274
0.2971149639383825
0.6340193314230229
0.9596164767954442
0.8941082863436008
1.3796498401478159
1.355770049379779
0.6021210293801579
0.9217607442442359
1.2124781926768082
0.9991387766465921
0.9298670991432967
0.8025100663456078
0.9868506249103589
1.6491916783743217
0.3898269356359222
1.4168708833394832
0.510593458269216
0.6287296673158879
1.1749052713579813
1.2935175281137317
1.0845537867142419
1.1198116129472113
0.6409809641528533
0.8082159977863419
1.7323402682472993
0.17607534928275997
1.5374746832573096
0.7659516332739469
0.9170840699509824
1.8426966606453943
0.30555132074618424
0.8585620984026019
1.1811319386185057
1.2461234967554902
0.7088805775406961
0.8221566640728131
1.786947756582963
0.3208002561900152
0.9636845751158248
1.7445687716324687
0.8096682582411467
0.47547758560624054
1.6768650141062655
0.5541348321323678
1.1916433006771374
1.7195329799904848
0.5183862422017718
0.24411541080350738
2.37112231635472
0.425265602965874
0.9843664029595859
1.9932523403126567
0.42732730046968015
0.34345737640962903
2.046835298083218
0.3946415396125864
0.8956189771088792
2.5556230621495226
0.3272956086008669
0.47499506979246814
0.42559886334220015
0.7260941957201098
1.549676841099369
1.5058616192539063
0.8736617335436292
0.7743016698691546
0.32851764708184655
1.78136391495997
1.7551955604037086
0.32125281314921833
0.22507098903629746
2.5921484834260573
0.5321968150577481
0.8670256871409422
1.7708837095800292
0.3764592131589534
0.33967496182579565
2.0204529632995096
0.40614865495107233
1.5526692684505672
0.08369340673063072
1.50464546031528
1.0900429892131276
0.43102088344804174
1.8229925615363676
0.6059475951634468
1.052843156340176
1.4951645372881746
0.334835613436655
1.1558891666074325
1.6653519805642558
0.7533847258935101
0.6461613964559966
1.2092868092739666
0.9289454693240815
0.9677636085829258
1.1597970329522846
0.21565619570074715
1.663567879355292
1.202376901738392
0.6257981230417526
1.1282336848881884
1.7873783182714817
0.3323879305897952
0.5731138792309147
1.9149582593659533
1.296391741388216
0.26780831229695373
1.5285486279069138
0.13322263750439256
2.2312341285756254
0.35743472506058976
0.11664907292080676
2.555102842869452
0.9700248477008196
0.48272881987510075
1.016333408654253
1.5395510311917784
0.794483730034409
0.9643993500402153
0.7269732872640128
1.2645369656809127
0.9720629315203524
0.6826159619414257
2.311403481211898
0.35594394111870414
0.338697570487264
0.6113609411303916
1.829033563541817
0.6403155651329493
1.4121485442071853
0.21260982467396886
1.6175313667800024
1.1535425765486162
0.994755654879579
0.43224854732074025
0.22097863246500585
2.804921858871953
0.20340336707295317
0.5007488827377177
1.6971833758446555
1.8832760272744395
0.5846567614739155
0.2601351681245489
1.6494068996136955
0.4464168304018995
0.8468545148933249
2.31047482504911
0.9195775871955768
0.12037027282536594
1.4680480192991958
0.462257516613853
1.0431703440473155
1.04070316303356
1.831156270823036
0.6732128948020865
0.5524030190536969
0.2771168178993481
2.0704089174993374
1.3671524888424247
0.4770840120785925
0.5294839022474653
2.4162839259317113
0.481295099528103
0.49504858836280446
0.7684634995127002
1.6445711407155388
1.5618263187853387
0.627236449643284
0.5937891707369587
0.33102380429033224
1.742851466442174
2.000060632347086
0.2658226410187686
0.4509753616034549
1.6113410073502423
1.519136565460131
0.5840594869641421
0.8331031935816824
0.9239854733992208
1.18206188898269
1.1515734833088627
1.6148861595701622
0.1849230356391184
0.34050434038634336
1.2757704705196915
1.9132316382539993
0.83437507864358
0.44112814422848456
1.5599953475626276
1.698757610842143
0.3605019582568386
0.2086476553771066
1.4440748551057792
1.9472275713927352
0.555090539248426
0.685791519017071
1.4138395259363299
0.99601056338177
1.3436475152389429
0.5573533100974898
0.5625634131870308
1.6264875336895976
1.077352109226607
0.3911901475420168
1.3840011854742522
1.8688632471889606
0.40877608767158524
0.4280844974919376
1.9228209190363887
1.6636194427597193
0.4119127113625922
0.3995643681517963
1.761511315478213
0.311964352309345
1.5236789385310363
1.326035147741094
0.3879491765255078
0.933590825757816
0.6352071565336939
2.381698928669667
0.9382496869126423
0.15460014355512686
0.7224809274481834
0.9879987899583843
0.6817870474466697
2.127800382358683
0.8239687334758229
0.4159827407313498
1.1118612296110728
1.0708628207201651
1.396837853622232
0.8021132927360738
0.9310311857421849
0.7333914547376595
1.2955847814599524
1.1395014051537864
0.5554658105602549
1.3389082367354468
1.2016826176166424
0.4155759941085063
1.3009269976863307
0.8250841306055596
1.6807054313887173
0.49373993335505517
0.7590468427558108
0.5244663518340266
2.0183739894428796
1.3456077683316354
0.3306304331192454
0.607698791687338
1.824687469589692
0.39968583542197056
0.9651369629820451
2.1131452954894026
0.37231067449190225
1.35744437876313
0.29550046807107305
0.29725153186746345
1.7440175382701695
1.4292966555406776
1.1861666962337614
0.44783323247578166
0.45804304872407886
1.7078721964919774
0.815603370823635
0.9292907041519297
1.2325462510521459
1.0604328639373788
0.538660589071558
1.685523675076562
0.44297851451134834
0.745808721043918
1.1693181066363911
2.135569380243578
0.5002248014215265
0.5739116412388234
0.5949343663639716
0.26588034814858186
1.3154673001902222
1.9603706902831997
0.8750545734696457
0.5083123357206923
0.39317732717972015
2.2776762683323026
1.0756615544565602
0.2931130368782688
1.5507088539458667
0.9341907556280119
0.881991731654431
1.3754157076187155
0.7175991216851412
0.7750456861944444
0.5388011563202479
1.5437065287158205
0.836628829742737
1.6494307384013644
0.6475765799008696
0.8177530179060141
0.3558148259768068
0.8037677295114313
1.0960666709796845
0.5806079899974158
1.2327348033507939
1.6611769909088407
0.2792194982691377
1.4553331207661013
0.49310844807258414
1.9223377902967398
0.017418076906368523
0.712572526777795
2.0306311240449952
0.8604018789484393
1.0592993897194
0.7709218979825766
0.06781863807089972
2.6543636893620306
0.7134661165804232
0.11026908742255791
3.001859574735746
0.45290286772568406
0.3629278910413746
0.7475507248007706
1.9949561461623126
0.9093058034117493
1.0640185627149643
0.4133773118386426
1.1082366090903937
1.3706075904405224
0.9473991460692098
0.2611667204534671
1.4614735028753925
0.6581368065494593
1.2266173885825145
1.5065525488728206
0.7103088817551877
0.6369913513427267
0.709365752606652
2.356387303107083
0.7747827323517861
0.3433616889648142
0.7335200139731795
1.214130653589399
1.3984164686671112
0.7928800685792224
1.1000807094946634
0.523242903982668
1.4961565173400662
1.783758003425876
0.02495903540586024
1.2090984144467987
0.6894819004094218
0.8974475826980026
0.9381321620241722
1.7013079931403663
0.5044156274741146
0.6223582069029123
2.382568952251089
0.3161349806930406
0.967341888779061
0.819318166300234
1.169405266028239
1.3829862645683062
0.5220634507192082
0.9638023786581472
0.9688323054339973
0.9504658106557808
0.9957674986095261
1.1885313084058857
1.5338968868718217
0.3969354294206768
0.7972660976137591
1.3329495361330028
0.7082761978436218
1.874195368791323
0.5106512693601373
0.5661583587925892
1.027293064978397
1.0552662804231758
0.6212374573061841
1.941749643638026
0.3342472428409178
1.214186256586298
0.7021297613004366
1.1038145488853106
0.7371528040945209
1.3841956491429854
0.8152292079168849
1.2887633882998961
0.797115437837412
0.7225734590647838
1.4681875135593825
0.3047036625317853
0.9392352520013572
2.086117255157241
1.1553717745862564
0.19980187645143177
0.839936169753255
2.4194035488383037
0.06283630233204275
1.2452728497065535
1.3494361028966677
0.4056396048520053
0.9157897210828636
2.169454895278375
0.8004654396418652
0.3186250770753707
0.9701986942133896
1.7447432070413185
0.5015168127700093
1.7872382301196208
0.29355662710733765
0.30905506708308617
2.0139020834241563
0.5926264615889965
1.1984471860957018
1.8846233468308045
0.13828641353680676
1.1044031399800047
1.1684098312250952
0.4253561086789252
0.6434591454533547
1.717872222951904
1.4495636430551766
0.8393093977682601
0.143553199520525
1.5486090462088928
2.4366759764370185
0.21112531817726302
0.15192357027279624
2.3075556488929974
0.8153571005755569
0.6148527665558376
0.6656480331632759
2.201995449861907
0.8522604825880649
0.5621570689497262
1.770833588870797
0.468103977734993
0.6861396462262619
0.2659372889649407
0.2544388854320612
2.3112344652339294
0.6531859721095528
0.9555315046707067
2.1257655829605984
0.4602557525063519
0.20582455701901506
1.8906524025859683
1.1530476063475907
0.605778456562378
0.7671765221965999
0.7986503191294153
1.1065431285878162
1.328830815439971
0.9126955232015086
1.0630450979558939
0.6182435265036309
2.3172009701061027
0.12051621469887958
0.31621627338942276
0.32870854574054353
1.3827490949199803
1.1696932549653403
1.1860612650395839
1.3509457233723077
0.703569505277224
0.7762638517891941
0.4847256418228609
1.2288421947658177
1.502092365717907
0.1832006408567642
1.6207928108614928
1.3382267774707668
0.3995735326435738
1.549339240468711
0.9204659206302429
0.6330291216590317
1.2282338963005721
2.1374444032369633
0.16727210438620746
0.17245369988341844
1.4429228739150022
1.192584802480195
1.3356403101450236
0.40456568888637945
1.8781752968703944
0.10519969379799804
1.0498276439445895
1.1718017984773585
0.33821681631920736
1.5620406697425055
2.1373010528277567
0.4292405359821356
0.28771982738870283
1.1614038698141373
0.6235491809328496
0.42617768963423414
2.4685065459422053
0.821636200227012
0.8927649009740819
0.2804569031615486
0.7824688158272788
1.3134676894096977
1.1121892625734315
1.0546618632806442
1.1287975444803342
1.0609077395362208
0.4667340960690122
0.8001624219022957
1.182169994997507
1.978859017423967
0.4137249004834957
0.8360024651427745
0.5926416505083852
0.582299703290147
2.1407612165089707
0.6673964299829755
1.0614872872306063
0.30860149226243355
1.6941043684156425
1.0053389175789795
0.5479389821486532
1.0337053426941998
1.2098008803603388
0.6587407807294356
1.9150203701918742
0.11132455634293856
1.4824989684637355
1.0315950642377154
0.39080095849663604
0.6605969763721179
0.9872079931661473
2.3268243720019326
0.4759519369515786
0.2747398295439117
2.3865329604179846
0.865065284244
0.5999714793722695
1.005809970365218
1.6814427099947373
0.32044338992048754
0.6857121317074986
1.2832579085129256
0.9514658600840585
1.7079815395866567
0.5104236571178722
1.0575278145183489
1.2546593389141536
0.08372128082597509
1.1102129925257298
0.5444140852293522
1.680658028886637
1.074336652148606
1.0898518513950084
0.8596467998390477
0.6970872082918627
0.23965078741584955
1.589116274875982
1.8313860818502958
0.210196177694153
1.3550533889104035
1.153333211529209
0.7612284855239116
0.49585846869787875
1.823157818036854
0.9338260181906106
0.7319174471516819
0.6463488430190212
1.0755723973280484
1.7960474336789989
0.6228737670747151
1.2333104489077162
0.7459785755611976
0.5644386434006139
0.32813812523698
1.5607329349182466
1.626988729229469
1.184653548414979
0.05373754277213452
0.7801557800234418
2.097223017020296
1.3267454265276937
0.16609664111666467
1.6268182158976434
0.7173412109946884
0.11726812783640744
1.8420354439590085
0.664256863289913
1.6693660119741895
0.5102202559637072
0.903946282408434
0.9352905705733852
0.2837387228818156
2.632146318934846
0.21274869763899681
0.7131822909755398
1.2879383814449037
2.1800167957211416
0.10466182153948865
0.06295445435298437
2.2343863192572044
1.8072863085963322
0.4477825286696012
0.655387622635234
1.1593578704944472
0.6864314840653357
1.3326244965878773
1.3797735053856353
0.35458143147668536
1.279764584960188
1.1317890252400942
1.0695476744789283
0.5718765044619295
1.2944644730462191
1.2971877060726893
0.6686309085994481
0.7755022226725534
2.5195674389817695
0.14176993185669354
0.1888739375229585
1.7510550520275148
2.1546294042089964
0.1921766454730526
0.9093990610416468
1.0865309939965742
0.7624780037267683
1.9820660160573047
0.4272661232898417
0.34818832733481114
2.3578420267131723
0.9500521441658082
0.4266102234143732
1.1560348474718556
1.0493186430127557
1.5914411054899333
0.41929508112950775
0.6812933079037337
2.830082230013398
0.17491243338517812
0.3288807662703854
1.826873753524555
1.3021207059571307
0.5666598433932428
0.8625796406422418
1.6016429299891506
0.8024787249658228
1.2406076313389742
0.15536957014358832
0.9571151926923605
2.4021316783594218
0.565830936940225
0.8717025300419616
0.10517411981125288
1.181598602146359
1.713297339202734
0.6361598156356149
1.6444579896815181
0.23658223831521866
0.5835463414779025
1.5232329264396873
1.7203143219330612
0.45407535472032995
0.9816890285602501
0.9724407263638442
0.9448019777683659
1.1324419130142767
0.11560826417822778
1.689709055773177
1.2082291407055636
1.1397160102563872
0.6125570407685618
0.25730520274267227
2.811097466049606
0.06040549232039934
0.9286714962081509
0.21466245127757463
1.670736791442707
0.8653882307694356
1.1801675002339784
1.263997450204839
0.13430121189842031
2.3398044632921584
0.08476841903931509
0.5232322741674388
1.649198719057928
0.3033921350377448
1.5342087365743475
1.931286592323126
0.20823889831895873
0.9369848227177495
1.2341772940057014
0.28270101033581024
1.86230135573683
0.8634287789086693
0.7958860181760921
0.915965617956751
2.007500510732018
0.34217202244830025
0.3646293179882444
2.2385923052858625
0.9738903074663368
0.2905726775680808
2.100388030583263
0.5048686012270286
1.0011875512918833
0.3694938490240531
1.546960017339957
0.09769029142994654
1.6463301402735853
1.9869722876610239
0.24034553498772043
0.4361151685867332
1.5037952171658437
2.529508548112767
0.04033981111368741
0.2393173084125523
1.425188048579219
1.9041538213079285
1.0531421646966723
0.33769139849072033
0.43725555341147954
2.6181673998211763
0.8090386818664066
0.35759529593181294
2.429088648068561
0.16049155928805506
0.19452046983478327
1.7866452835159436
1.1752304004188754
0.9915537600193375
0.9492468891611079
1.0408123673510878
0.7429405064546277
1.0461549320298176
1.2043249955875264
1.0206804245851793
0.8085812197536326
1.0124073185818285
0.8893721803556298
1.7006214412019771
0.6357546384455105
0.384321986009566
2.5789938857335186
0.17635725641652547
0.7554852807506979
2.1840100936964677
0.31944979224450193
0.7954221854893349
1.9299976094858324
0.7446284753081275
0.17512297568949337
2.387944748281493
1.4204300750376735
0.038813900221153004
0.8843654007399275
1.2753969690683828
1.4929411150302847
0.696067628724687
0.8917271305877917
1.6499662229254712
0.7422092428671196
0.8307743689416016
0.7249292376762442
0.094455119609801
2.3122953203544263
0.221751011883826
1.5808481303516444
1.0709038034570626
0.2473314936007281
1.1224723769045755
0.825993333577382
1.6565799328346147
0.9590767744437313
0.6961226988799941
1.0757691358410466
0.8705977486045163
0.8513536913173853
1.0491642761827802
0.9285354570084403
2.0907954374548936
0.22821511746401366
0.5779113942389593
0.9791233993495583
1.7974098295909702
0.27672580968129334
1.0135545921282962
1.2528994937498432
1.3690233365850415
1.086222242548552
0.2527460691318519
0.5844139474357787
1.9188522615891257
1.2000858989925043
0.6542426810464362
1.0891082439162203
1.0111733300118748
0.9454256992837413
0.8916987638635528
1.0013407490467965
1.3425002337347272
1.4708137359417213
0.23799950406871875
0.3352197544134632
1.8794858328994488
0.6648449982151088
1.3260891498184195
1.1002458956500418
0.8284042110943209
0.7506716902765171
0.5712004696957027
1.612546702115517
1.4052652677109974
0.4961216050065531
0.829864580707137
2.4274631097042323
0.38227636307801405
0.21989555596614951
2.4175574058890206
1.035884547145246
0.2542043681126624
1.3915903843627206
1.0012447415674033
0.9216251983214568
1.448622096266553
0.6010166121737703
0.8460857141917737
1.202992022707829
1.1618507362732853
1.3058592998206793
0.4978112006128706
0.6333764116359043
1.972325461147769
0.9848135333736086
0.48545147686062357
1.2745410942023687
0.40693316477002217
1.832397273765256
0.586921805337667
1.0359302661530343
0.49405194994465523
1.4198248744153659
0.5039015034136793
1.1320832479769214
1.2350166086643102
0.9530676657093219
1.4491197616864175
0.48692842659337254
0.6357744834510065
2.5349762823235684
0.5145924854956284
0.2723155779644677
0.9576401453709228
1.5934066093159618
1.2089809468657866
0.691515945807056
0.8146552731677179
1.1756297752492615
0.9607370041911222
1.2713200194133947
0.5620710743271803
1.9198391671065091
0.18139375198685362
0.4392941185982779
2.5440223367106043
0.8694567726808812
0.4702397109701862
0.9647862404823431
1.8416354876008585
0.6129262480195117
0.8428251207443348
0.4006219816991704
1.5718594464601194
0.6782780560064376
1.3888415392233275
1.1838858663697491
0.6613595741096058
0.7075623065167659
1.1377217494868055
2.2147221149718614
0.2329874905096727
0.19374944504747846
2.297344944608646
0.8147458605678123
0.6539148040342941
1.6356448702314708
0.523203473951565
1.4892805979166692
0.121969270487623
1.7525517294383857
0.9219747474559162
0.08611837478341165
2.182829500302117
0.49221839771049714
1.1562554030466408
1.3792456338412524
0.39191645325643343
0.919981579001846
2.076569049961264
0.35993017938966315
0.8535398389206779
0.9440771623390266
1.4138717436794837
0.7102172062353291
1.1869206271602353
1.1481352150126491
0.5330079650576615
1.5681376350299774
0.5856269034281579
0.8619525140855052
1.6673929927791595
0.31964212172295614
1.3964530605192476
0.6819952773161527
1.2780081290209577
0.5285500670247145
1.7029941536359527
0.1394064533751262
1.1670310741411902
0.9498427686731584
1.2667756365223253
1.0587788310084625
0.4912145905566336
1.6207972823240957
0.15251580360147476
1.6932668427604602
0.20919965598217752
1.2032307018708905
1.2485535145568176
1.0460076563802554
1.205969176827876
0.4049458575041797
1.2355317526798122
1.0982971263968595
0.6851186456904103
0.9424549906701369
1.4076711932858248
1.16986584522601
0.814006768014455
0.9369816327663667
1.1226153604012759
0.3052954138272219
1.5084495857432696
0.303912980854077
1.3829545104901673
1.287162664221744
0.9810753837529195
0.9979119397294921
1.1053473477170754
0.480346358661637
0.7391236429377062
1.0431956967570994
1.3354805853753668
1.1380909856113337
1.05677786429747
0.9400058265053899
0.8046006103114152
0.9523163907633343
0.05642691995557805
1.5488127321304113
1.3357677590072354
1.0255650674619012
1.0089156230290763
0.9947475218182739
0.7602845971691914
0.4030093290293375
1.472047437279968
1.244068922579752
1.023478004023099
1.0642207449893861
0.9672990139860062
0.48651946222969866
0.6580227060371152
1.4735649332057175
1.1937545323993342
1.0251515053634748
0.9473946914265161
0.7048945441595726
0.8826147255798714
1.288183752899559
1.1197931267703092
1.0326018095347147
0.9585531748485114
0.6824248424993627
0.8640982794026839
1.2999220385198142
1.1249007409594787
0.899160386990111
0.7587650863945926
1.2013639435384895
1.1188491517014065
1.0156916507373417
0.9207537594957824
0.7840015462278257
1.1205878943722758
1.132818329973358
0.8595239891683162
0.7691491439389954
1.5124285962592958
0.97020895476736
0.7908546543659007
0.7958348785347704
1.43150462265479
0.7721929581984068
0.6986525326346239
1.8181742009737714
0.6976566777573034
0.6461777022927322
1.304645216034818
0.626317981054357
