0.5358520652980929
0.5496033451792949
1.9551122934060232
0.7488886772583323
0.7149792399867014
0.9429949821692801
1.3192215683211534
0.9050455736821593
0.9096007693892011
1.1693344653687154
1.1953159892281242
0.3466927674418259
1.1497182474746444
1.1492491201113773
1.1913520629090295
1.2587931174215887
0.30694481266361956
1.3136048295518385
0.2554161909045053
1.2390497353733565
1.5387272724274168
1.2533589558001716
0.11779889585611801
1.5459739192693425
0.18423731696745518
1.6075991308968292
0.049248538252223265
1.658570893736343
1.5348150216094574
0.12548649388570327
1.640247646507198
0.06525787306936759
1.6515372147107683
0.09818980914681975
1.748923136579432
0.2534418636357822
1.152362175422683
0.6211162071566912
1.5220929486785344
0.34058347499949254
1.531763990851313
0.2932720597543817
1.7983832538188347
0.3979031485275
0.9284864943422445
1.319920774838637
0.6229180183880625
1.0470759729219448
0.7599088166959013
1.498766065864535
0.5080888517662504
1.8557279868851175
0.573112127969146
0.2498335715200417
2.1946506964653176
0.7823138393316643
0.5952404535599026
1.470972012605426
1.025865641561176
0.6462925638143181
1.0212531022030549
2.0767265088127296
0.25664935495235985
0.5351117075647013
2.563313886973419
0.8410853171250876
0.03690436489913421
2.2442284713280167
1.1695353104347415
0.20352177184834003
1.7667174344000107
1.8362499072222145
0.14081773429254216
0.2979033335781662
1.6830385044030387
1.9569499459147246
0.26640101208686273
0.7917111827349338
2.0581944926271456
0.7922286599432575
0.43079389518146477
1.9455005700892043
0.1501091824867448
1.2733279773568285
0.2662167062382013
1.6811449154152247
1.6437023308273973
0.4088126350103653
0.29121043707299854
1.6561240814745881
1.701362755090533
0.34368589613399836
1.3042709152776581
0.4368079286559711
1.3451151443366611
0.916164492982083
0.9685439508595276
1.6356385780398832
0.0593982288730743
1.261219588862149
0.890007002597283
1.3515202942370887
1.3038443372026598
0.5235394748801987
0.8593471987176272
0.4442378362642544
1.3714769846840718
1.5070926452727176
0.3652733426999942
1.7401519271257122
0.0912504840365464
1.224467826445136
0.8816658039437925
1.4792029096733161
1.532655075099386
0.11668192058233684
0.2523294138404754
1.3293436042272873
1.5935167958931986
1.0542770073244607
1.0061029515063917
0.5176373946917102
0.9738634441384407
1.1708883817002442
0.9057860351073098
1.3858668588995038
0.37724330096999503
1.684412326827167
0.9465255130926478
0.3019903220061543
1.1603603543958707
0.7935298755086744
2.100198656840568
0.8127007896765376
0.3543378782443034
0.2177012714287695
1.030781657989185
2.5698443166758467
0.761794191668477
0.4485922633179412
0.5642239136492668
0.6440483551020916
1.1844392494234168
1.9102354617330022
0.43199670366238657
1.0449235597663464
0.3876545935529941
1.7178393555147624
0.9977142258561204
0.7284997741373221
1.114239190134584
0.6755935952113101
0.9412057411065664
2.439800463239255
0.06869647162227493
0.785943727388138
0.15483613920792683
0.7724033592014821
3.524599525084347
0.328331940938312
0.12917531801728752
0.5389293802007269
0.8221246213907747
1.1966206780456725
1.8131192680341022
1.1709547254886035
0.0792188995238241
0.8719178420010126
0.4275046731635991
1.7266446368582353
1.0806013408039294
1.1861284262873555
0.6149769158251742
0.5273543987790263
0.9438119053579122
2.513977092923301
0.8556118218235906
0.004485531826808088
0.6563617823404305
0.0824028921283988
0.6330363105664631
4.002899599168728
0.19900767035808634
0.06047350884266011
0.3439974192646391
0.791490819665821
1.2311952689186472
1.3162258797163044
1.79760152923612
0.32514010023604106
0.6148149878255071
0.08737588677778677
0.3643912723206333
1.5879167595136088
1.2618350020018918
1.7305286132438071
0.15122505104211745
0.3644043005361508
1.1494757046833128
2.349020398504548
0.344595035887075
1.2082926684272122
0.18784326530482565
0.5785585734297902
0.20584478959657104
1.06928021748101
3.059199249969322
0.23224883516744552
0.531583883481798
0.7897177346106315
0.5078046763617449
1.0810964812068704
1.0374308496897957
2.129216866369715
0.4538097096989137
0.4751794348499569
0.41752821071101437
1.8886760551612918
1.0189050304326162
0.2972238692718467
1.340465881131054
2.343860697760412
0.4809128827146059
0.20657616801238535
0.8506272249551136
1.9038519857512861
0.7218884489063975
1.6471611464744425
0.45192051198654376
0.2134853372976945
0.48855483322008325
0.6497793839516196
2.10490672013188
1.4309116927109238
0.3331257523973604
1.0346206614752314
0.6424131772113318
1.9988684360452722
0.1957619018319967
0.25477698285185896
1.55732554124705
2.257735165048224
0.7990203701861355
0.026654157929030694
0.8070492179013277
1.7730469927760109
0.7435716769092283
1.2190159301178667
0.22295632098537665
2.343019519412079
0.2824087230385698
0.6786047266721267
1.0349093709286912
0.09810789889704863
2.1252602390640614
0.3881283853456519
1.7370883848848846
0.44896310913367965
0.6532479622076238
0.22866564762432265
1.3372720017382331
1.8187138300261474
1.2075916569095482
0.2531398600836091
0.6014518858235518
1.7282827349222571
1.1233512951493494
0.754287051244588
0.8218032234367
0.8459164030706632
1.1285887320683243
1.6680113926823406
0.9000012576403231
0.40617419812340694
1.5603344096848764
0.2854995063548567
0.7702538891101454
2.359173471134146
0.028959121721602508
1.7416055088381381
0.77732134412903
0.2578158438416036
1.3791622272472202
0.949715095061171
1.340338008601034
0.16862279134279323
1.3860938270003693
0.9841743286005966
1.5711598098827013
0.42258752996554105
1.0685308755061984
0.9372557934065223
0.6575164935257537
1.2011729470227341
2.0458867059352466
0.19021078849738388
0.7093285073632375
1.8331133626029958
0.18036448412967726
1.880077469727342
0.1327570756364117
0.9885728777875437
0.749250371200234
1.7894521725405315
0.4519869631972222
0.8854810887416419
1.9490261819530035
0.44779159205079827
1.146970844740467
1.0340247232026614
0.3573788476830602
1.0495568671290774
1.2355758518863627
1.890037828970558
0.4563962297823502
0.20953440764351713
2.795754375624258
0.15773483909669073
0.51737824642545
2.3610788049770695
0.9641083054655921
0.41692437662879794
0.7813028177072977
1.8224819704824233
0.9835923115452434
0.5256248867116425
1.584213837363408
0.8005481567980457
0.763516163782474
1.8282757351567431
0.7848394181958167
0.18937165262336272
1.3340253392653108
1.3192162207817666
0.7652964331073518
1.6450419783178354
0.6453744508203847
0.705206283369513
0.8351411980913043
0.355915912970944
2.753385008769019
0.7509414586210897
0.279681092136774
0.21630154085425327
2.3657626953586934
0.9356897196661602
0.7391583975361731
1.602076522608058
0.46875625177470287
0.5907656909325479
0.992940702491649
2.396495490277481
0.13307950416181744
0.6965743844985618
1.6550341752026643
1.1524371969884024
0.5701816354235476
0.7579884357766977
1.8953186322937798
0.9498473373939215
0.468402070565866
0.9619896009852967
1.828827006056658
0.7959444466415619
0.5776538814491158
0.5638952922912077
1.6830201103408906
1.0917540123500629
1.0786045978270218
0.6302574539760974
1.6526640573136295
0.3356587262278601
0.38145583860345406
2.104495687537532
0.47299266389340433
1.003082508359118
1.6664987367297939
1.1492718644290587
0.21671376980496282
0.7118642581384278
2.115810559353092
0.4766299301839272
1.2687495372481914
1.4345933882411
0.37696751149196955
1.037875766413805
0.7369344820754103
0.24648801736502282
2.7651180167414586
1.0267126339204273
0.14273232788426776
1.1026427778528927
2.004098438375622
0.3132365607824647
0.8917465538557184
2.524704225589689
0.14986245436207857
0.8998370803681177
0.24918854412919111
1.5901795172112667
0.5593688851713086
0.5399073329372704
2.498564013678393
0.15690790816464392
1.28238847876587
0.5471695209201084
0.7911967025745456
1.2670014488805483
1.6585120259389974
0.46135926975601116
1.009420386341126
1.1774104458411023
0.6415885783062809
0.9348114767639835
0.6221734741846963
2.5206060061842748
0.2982289310092294
0.3168072215044723
1.542477330390183
1.3371988435817004
1.5855672902862583
0.09589238597325725
0.5753638602156425
0.79716134417087
1.1418257906973739
2.0441127491979065
0.13038948008210227
1.1379703041358409
1.6808984133405642
0.39234036958922314
0.695528397445795
1.3154102471119005
1.986971327495346
0.40158155385016664
0.8003591559299981
1.1718134259650965
0.5830458465709227
0.21480457051202514
2.1614314701989388
1.7976251001223387
0.3276417137963831
0.4919726825997204
0.7418109478163901
1.6788204089577035
1.1368241972041153
0.7276864734515502
0.36570651857075104
2.8469017623317936
0.6368383481433162
0.07164118647965652
0.8036917952823872
0.581097766347903
1.696469104232007
2.023494070605543
0.17941745130623638
0.7259297773292209
1.181625918758758
0.10161337514337385
2.387926630701234
1.0674963843020422
0.09910597720545498
1.882945105267669
1.846598546086895
0.028735009718505115
0.7542503288194867
1.274831570658284
1.9445714680400075
0.6828269946820084
0.43205841217246
0.7066539659267758
0.8864063616010783
2.2805300473195604
0.5000586646858404
0.7197739857237517
1.1181044116275516
0.3266528794351123
1.041136409687238
2.162433899320633
0.9836732275582613
0.20713839998397898
1.365144664394734
1.5484944057786654
0.8084041190366348
0.345303208810652
0.461819885687018
1.9677044966447563
2.1542618929371296
0.20119123339277592
0.050948239461529536
1.4820242443797218
0.7079578531129267
1.0523938097724779
2.0882313740443235
0.17171088584523517
1.423440000953073
0.37646450536728027
0.6541212188002773
1.8273809236323082
0.26124752143414465
0.9349114631675594
2.4431286561890815
0.46640887007030873
0.8088314057580938
0.9786094261685467
0.12647226723980964
2.356357688506353
1.0451003329137076
0.3435685468423275
1.1495703155814965
0.5744804509455965
1.9800080337621773
0.97280886194904
0.5394375240540765
0.33781048315651224
1.3605596541678349
1.4119608571550608
1.2537869697476003
0.7842854272749469
0.32293009721889376
1.2098128535191663
1.2815510258764462
0.7396219930849685
1.367927107938671
1.1787916956700093
0.45425633421754125
1.1442028321969897
1.8484583170352904
0.1720847348175849
1.5640667466122489
0.8405490670243011
0.0645537723347514
2.120200567624348
1.3027506481142272
0.12364414983502287
1.9443693269392373
1.1963173988672695
0.47461809832945134
0.7403946164977872
0.3903755234105391
2.271552585790385
0.8654925274047348
1.1580253029725425
0.15613363227811405
0.403419949581147
0.8643197006834005
1.1513603794840697
0.6053723210735216
2.153569045189143
0.7372024953594554
0.2476274421100773
1.7749540646596493
1.4701736289213083
0.830489670509726
0.5529364399903907
0.3582686713895951
0.2153385032069986
2.8964285464674835
1.2491990390501009
0.10456268386815225
1.3503520756436667
0.3233079214723827
1.1925233957675194
1.4526751290779298
1.1923471484276231
0.5499234513457603
1.0671553558674587
0.5212472319842144
1.9242445201903087
0.5624072097931883
0.3134506118929737
2.9415703733669023
0.41007352945486053
0.2027981083933593
1.6429854683676977
0.5565607750790104
2.109844816028098
0.41616638964956115
0.6425415880777644
0.493688591858895
0.9454445378200876
2.5150248771460118
0.6329231437624606
0.31092505172907836
1.4844091601789013
1.120939164122866
0.17568390200040893
1.1957069300806409
0.09049696166247669
2.7088366889516386
0.2589577830246682
0.5861002313733435
0.7435982179494995
2.2653338599876496
0.9992685175176004
0.3496287101288691
0.6151620871797102
0.8284021529927147
1.621139101845467
1.5593068455778991
0.0635209813925637
1.7394957816615981
0.03208317157544854
1.1961021302303323
1.9856986893523676
0.12265739354745227
1.2893371787715135
1.3972646218186853
0.09630560369371313
1.8465284603624679
1.4980890397013875
0.7194747511165701
0.15489171974715507
0.8512474894580913
2.500632871978091
0.19845426389451737
0.9796211574718088
0.4476774482997887
2.734450531840348
0.18408663057981012
0.18497138163065396
1.9030366264371177
0.48663110977613144
1.3997053559831232
1.9215633638775818
0.20774599286777648
0.6470657455786681
1.5765693141261656
0.38176265926427133
1.3081798882660898
1.327390817393144
0.8296628073963294
0.8405049304935168
1.050073845373775
0.781741357655619
0.990931135179811
1.891165107306755
1.08272031457635
0.13930894199812446
0.8662030912005749
0.7566660345867421
0.20021927143168172
3.0137456505649687
0.7349146242201601
0.02480166129160693
3.1096679396072417
0.49722374313423806
0.2997306050365332
0.17418863664833484
2.0241079797810655
0.8109419067126006
0.918814013351111
1.2248018085842873
1.180685163195977
0.21708610981273824
1.7120891873285047
1.6988093662129555
0.4421802873555891
0.6349696147579488
0.03399859993636221
1.856905874002508
0.537541490746006
1.51015350626056
0.668861764947873
1.2013881835375022
0.557167961307552
0.9442970612553223
2.2816073242218686
0.5758222736858235
0.18370169066882333
1.1786364248628802
1.357782304649848
1.747264261571595
0.12100882680875322
0.967244425920387
0.3824626873167491
1.719512691647884
1.966073553785486
0.20763360784115
0.13242920016942925
1.2496902982335656
2.080995054623237
0.6221161769575385
0.7687966893086161
1.3242400025705048
0.9611462464137223
0.7965639361608994
1.2572004116299333
0.21591034302298454
2.23587297868215
0.4974902685414188
0.7419658165003308
1.547171626417543
0.5633873529738657
1.2946014827340635
1.4580107201597718
0.17363222211821244
0.3751550331368989
2.8023468077656566
0.6749077112462094
0.15091802475697058
2.4501436361190625
0.7709078808209553
0.5050472414574975
1.901278478230595
0.2828623148939657
0.911046561390185
1.9676804132342758
0.2951787922449916
1.3352900173211066
0.7754079539050588
1.2224888481381637
1.1341929984208967
0.7981200503750423
1.4349777852791685
0.17934847598447304
0.3003008325990751
0.46028604334357764
2.9828426688621072
0.3724829138637515
0.6901305299779151
1.1227972783630162
0.6581939205903359
2.1596749276755656
0.4396014217497645
0.3830207576309003
0.922481951356953
1.1293979605391153
1.5105113796024263
1.0066544001073219
0.15296759517040354
2.636838603460422
0.14663277119485224
0.939511180999421
0.7185735699053784
0.1924541133195409
2.4150716748388956
0.36385691253430397
0.8441739673124788
0.26300311342409555
2.792338032144111
0.09332670091901527
0.6594935850202982
1.6370641363347576
0.8558176653289048
1.0789073393909308
1.0499278224903859
0.6797889335293136
1.6835882526502155
0.08516467108999978
1.0057955332392565
2.196235413060706
0.7454563021350149
0.25453269167296994
2.299027502694093
0.9927267910969763
0.3178514461366857
1.341156397745414
0.617995947559024
1.1486355444449778
1.4435540932110713
0.44136119423962833
1.126415907289818
1.623049376152379
0.5787763979321929
0.9751838103212657
1.4229948436241397
0.5280321162502616
1.1862804553873032
1.3313351338836412
0.4694381001022062
1.4534287626832645
0.1283328935861821
1.700716616583807
0.7796831513814289
1.213407491073101
0.8850311811318093
0.4204201084177277
1.6640670774437272
0.6400616104932237
0.9247866842483079
0.7869368325494683
1.3668073580405309
0.6570202218551499
1.5427080977173577
0.17267357387300686
1.6483546698045093
0.34459346932410506
1.5984123267232422
0.7205507861152302
0.8634424120216586
0.4971182790255878
1.4314653367288102
0.769762710495519
1.1920087268358452
1.7148805120117177
0.14677271544719095
0.3469210811089459
2.149566418949508
0.22579059602272308
1.7835561203276054
0.39691878304959666
0.8814857056149247
1.5356719590726267
0.6491470489473544
1.4266240806635164
0.32472045755664863
1.35395140154611
1.0838022762665855
1.0227369110388806
0.5697527607661891
1.1954526874621454
1.234223468288172
1.0774539226657212
0.5954894779529797
1.3440819916147313
0.9338272548955913
0.5208581904852185
0.4358079363106312
2.2510810163275012
0.6286318282469239
0.9270931040307798
1.3144111901701245
0.519505271743205
0.9991243832255887
1.6121774598483614
0.9138165542602243
0.9010594640578115
0.8162578982431741
1.182666061396492
0.7848636659112069
0.9527676587694149
1.4508191830374229
0.5966585857551606
0.9090158873207221
2.2925435773918252
0.15891725831194867
0.2981642930618665
1.47247605755237
0.9184217621935158
1.7691533152680265
0.7938869086933219
0.33871417430241846
0.7166566657006204
2.2438479132706504
0.7555262571397845
0.642944538383101
1.4068213337512827
0.8908283724771077
0.60474740292578
1.235776595798293
1.6596964167655346
0.9451732384590301
0.11759059116026511
1.1083878260623183
0.9057274533116129
1.1690436012839145
1.282002910080334
1.2722197969612221
0.12962985032721833
2.0171846434575693
0.43269252790672685
0.47636676532352945
2.0945361338098225
0.6136773063239008
0.4299951942958808
2.5900849126734324
0.22551935807863976
0.7899677313098671
1.6606937484032955
0.8417304618630405
1.043236371669073
0.4087407460374662
1.523506809086583
1.3769958878895765
0.3271882761195834
1.3122002364043288
0.8577053563483087
0.8306515205236839
1.6038053656485376
1.1811293349837262
0.5566855895879176
0.6701437741795445
0.7801289601468357
2.3131791367010903
0.7791181802462742
0.15446309822850682
0.9186393223665053
1.9269376738680049
1.3098176326743933
0.2653511288183444
0.9465837368416563
0.7575406853876768
1.7052507153800085
1.2516849743019807
0.03875610974801501
1.5666602312627531
1.8514530607488249
0.35046735962627534
0.9751825573544892
1.3738300056583619
0.9794324741777704
0.45435561589732754
1.4931198216666715
1.5484280987688068
0.5926000962808358
0.5348462499892417
0.9559159171313533
0.9926524447514448
1.3070386723958527
1.5488592649091315
0.35710426647181237
0.5072821273094403
1.9192280769128283
0.8505471079188898
1.0780572178912513
0.9612064091087239
0.583948368542291
1.1978416126412499
1.9589534736675807
0.3245380518937483
0.5452135418615512
1.8098565768819361
1.2151775332090478
0.5150015478843557
1.0309238393241555
1.4074045202064622
0.6028359681934063
1.4243248376218014
1.0429256945343923
0.4117022635652187
1.4378482382156543
0.30304209790721126
1.1688404963086014
0.8717408285040688
1.0353421855534302
0.9360338165691283
1.5784916936926665
1.1520168548860732
0.38352647170422727
0.7755810361734752
1.632370176509182
1.2446893093431077
0.5412709464624799
0.9522064309319427
1.044660685846791
0.9550549584843975
1.0443656527448502
1.6809567930038565
0.4117648041777781
0.42360033999140223
1.8278087101029912
1.1007354422766606
0.1839983098919816
1.867312949451243
0.8883884535968992
0.9916334840734973
0.3085537826931938
1.9453315004948992
0.5477160863849168
1.0086803947935645
1.3061564988537007
0.6163118644339801
1.1134149430310338
0.9020645768038525
1.761487363159118
0.4574306896002591
0.5422805585676393
1.438258117927379
0.9160438726666091
0.3414342197749458
1.8472346383455238
1.1234327023221318
0.8737073754960499
0.41267732895437154
0.9108799731778806
2.3472963867108096
0.74892171989094
0.19393883816346302
1.4558764662295574
1.7968686351511978
0.9073932530625531
0.3455156791067672
0.4633031561603252
2.846829471060912
0.5526621175570465
0.42598056744892476
1.3114166482395075
0.3369386594984275
1.2337761545748707
1.1453591561823069
1.544719817957059
0.5688822203914602
0.45824994540803227
1.6618189667364642
1.1010279871801136
0.8772535136272029
0.6786699121056686
1.979273460475565
0.5079295781307144
0.7171730971162897
0.9192011390926278
0.7040625145049703
1.140417471446148
1.2865608282630818
1.0314639087406303
1.399111241373493
0.5791849304743895
0.2738901711136336
2.0165348124997045
0.8813259481672526
0.30650646222913913
1.5380103451312497
0.8963728041262734
1.3765027950414186
0.3183738034362875
1.3825465430411932
1.3106562866292173
0.9246688556629665
0.4052715351664276
1.3686358954612519
1.5717346700931196
0.359047972817633
1.2933051599115861
1.1902597999365265
0.46662758440699864
1.2784088828511992
0.40512711157132314
1.7817426552915165
0.6532574280988933
1.2110228093445041
0.6413928357152192
1.0870394463742186
0.5115737604063239
1.2901170222826182
0.9286106954276029
1.719452212761801
0.4046537117035387
0.5198198862800986
0.9085777419048247
1.5139976349705153
1.8208912322953976
0.2830287091361531
0.5083740014962985
0.2694034032567951
2.179986595803414
0.8981754274003052
1.090207010652079
0.443823135349662
1.1401162625637828
0.2772849195767913
2.1496218756874574
0.48229692558828435
0.6898955276754922
1.8210302138273298
0.7302889620695246
1.000473981814845
0.2409896267683892
1.2640096351114605
0.8613721752110314
1.3565933067867577
1.4651669127164582
0.6588576580786318
0.7643093942951108
0.44931595142059505
0.9443477638852068
1.106733330761156
1.5994977233926015
0.65015875705091
0.8200377325660482
1.267202553329329
1.1619697019232078
0.9540565691794151
0.44320659148444663
1.6321561578574313
0.6397871664119305
1.3775455012759759
0.24514370343875283
0.9262171185164899
1.3024983324443182
1.6125215338087049
0.6504788481316149
0.4291880561962885
1.6085119214063481
1.5628727567139156
0.5439440881072255
0.5262327736515363
2.129857947534675
0.1255092910554009
1.5366152221563694
0.4496598443057018
0.3031480599181817
1.9557938794712784
1.0175812317496595
1.2070215580176005
0.7521590289904385
0.9525580718062985
0.35093144513126623
0.6371465855838778
1.8595132987542773
1.5400278055331393
0.47075342083748656
0.7410265041718607
0.6626992684828064
1.3351077177914017
1.8596040458388938
0.20262701295296834
0.9433705440356347
1.9117108031202081
0.7619342681524421
0.25339705230036336
1.986896761227016
0.22334281200182082
1.135809886302948
1.154242217712366
1.1905189900953845
1.1369117717320976
1.010798977128614
0.23299139255264514
0.8338347239442845
1.284114744009981
2.0477886704688557
0.5338697870111099
0.1564459299656362
1.826880473971811
1.355510010419868
0.6952326304713206
0.9268016757322065
0.3192767481073557
2.194859525266439
0.825730770747135
0.5568257082615975
0.7804235034938138
1.5311891920220375
0.7850605889054217
0.8760527172895856
1.6669115668431638
0.7561403102506252
0.8000570998027544
0.3730944334428106
1.8809519152132415
1.0519371614342752
0.7652052637605318
0.8816838343553567
0.6619515408121965
0.991278856646333
1.5150433271844048
0.8470033611982852
1.4278804360594812
0.8394868171933673
0.2048540216257831
1.2250160974513238
0.8837629837257993
0.7853046289243052
1.8585627594284186
0.8624843076742322
0.5883622310430463
0.6679664623276795
2.354073824099729
0.34347236173627743
0.6091098993468989
1.8100669360371748
0.43764713957849366
1.5308540158467285
1.1912031355585198
0.35617043907704066
0.7907512627493337
0.8567655729625394
1.7395534524320058
1.188541175894912
0.6927495524101636
0.4984086468978693
1.7181587509623728
0.7163185138674133
0.7585565803889731
0.4449753271628469
1.6347970946538852
0.6897535482258228
1.437817419292
1.0921447726585365
0.5301708649259161
0.9314285735223956
1.1391310889665316
1.2317584297801802
0.4901583306918632
2.195746968506655
0.5156475364575677
0.1589203000239032
0.9537233982354737
0.7683558260755813
2.3765814045533427
0.5279618692825881
0.37406495634391995
1.8260586163968706
0.8544502835344208
0.7141327544034732
0.6904046159276683
1.8711599754901889
1.170420103589233
0.7998609219903293
0.2376815074986001
1.0395435180805324
0.886691288486849
1.2412288673015286
1.1722276171517514
1.0695706377786622
0.41150009531430537
1.5002011093732033
1.3507690963487866
0.3798271962321341
0.7449330399786074
1.5107028394696334
1.530589682463024
0.7348843071546948
0.9532476901986154
0.37869852071837695
0.36412622914150816
2.1903951693612878
0.9131202309370366
0.9001254203313912
0.7655325175706318
1.5715969152424976
0.5033291208351145
1.1949301145324966
0.8710680689670983
0.1136023311154644
2.10193847998869
1.289549493984018
0.4487392005612799
0.9914686245324212
0.3442084460131233
2.802764475322741
0.3509481548674735
0.27672291461228354
1.7095253662125252
1.528934938961849
0.3336159450330351
0.8459833212347886
1.9360710724931125
0.6876396892480364
0.7835908722046062
0.7885676159713347
2.143220904647507
0.5947173273704817
0.20042543455389172
1.2299726963753383
2.4888760152123077
0.3118032213030987
0.6238355161450357
2.251618837286887
0.16332249366359833
0.856983672251029
1.4001100574450138
1.546156532060885
0.1438810743049112
0.9278929091556885
2.735482090769937
0.13886976448272376
0.5168725164947682
1.7865775785432463
1.3481361352035603
0.5030188433883692
1.6438610388070587
0.22316043820287224
0.7524106030292536
2.1720000197091065
0.38279105149372533
0.8847083711184709
2.05799479928245
0.1584620327995941
1.2116802100687727
0.7216364781832489
1.4650484915951278
1.3135283108502573
0.3303174748163691
0.6753829191927525
1.458763501983346
1.306368206064838
0.4508834077562264
1.5602659739440001
1.153668948156174
0.4954290246471946
1.1902286495759373
1.29810188624867
0.4393190493102141
0.969507725965713
1.1117741022123777
1.3841497335603388
0.7168121298224753
1.2468666114125315
0.6273551434956194
1.5875278600945937
0.8209050103292719
0.11465764339516657
1.581002722392835
0.654658179804089
1.351934183707394
1.5407150727255927
0.6232597230108541
0.5216948926379196
1.293744739337667
1.5474883666794843
0.5206438416549901
1.0139850806202635
0.4970784839202449
1.350088991132089
0.9107104156521987
0.7538929436572688
2.008783965402711
0.9428744749729437
0.3714007817181135
1.3326252595959527
0.335388389473999
1.12954938560956
0.1727196141403497
0.6358489436676187
2.0869489769953264
0.7084576957118608
1.2515170266162008
1.4289568395934167
0.3398470243803459
0.6638387591399567
0.9577612396932828
0.7723935762002103
1.8522142644193746
0.5554192687552659
0.5846591166706928
0.7051250086060374
1.8611764931941666
0.756313170901666
1.4000180876595674
0.31267931369838925
0.9916534128075698
1.1891191079750765
1.0153434574290443
0.4868769603991613
0.9895273918506589
1.5905074575166729
1.19754913478082
0.9123570287518343
0.36423177861460726
1.5508090126430125
0.28613271608613533
1.275819511457442
0.46767332931905514
1.2123878794355893
1.0910150370450935
1.4454811949159523
0.6254385515513037
0.6705735920059724
1.8498943870643112
0.9260476913465403
0.881129216771948
0.019543489653091675
0.9393011154913946
1.3002351213979215
1.469839958869729
0.6359687307018556
1.4889137938472945
0.26640160280521374
0.8957031289883691
1.8403731203816525
0.929159449051727
0.3381167276750645
1.0477428928302102
1.6304770534262143
1.4242892248079286
0.4861812025071808
0.7219370342912623
1.3380567415880538
0.4467490926116614
0.21987718981960902
3.61382480401471
0.05255834470714373
0.4315018761833522
1.1746777766043115
1.2457199202056537
0.728262567426831
1.662856188129534
1.1666135343397694
0.2307597185297923
0.8917329998048411
2.2931929621479816
0.5876375736476441
0.06348484944320154
2.9398707583977104
0.5239477401503705
0.7285804458331475
0.3775543123985178
0.8888186142638159
1.8621311084594028
0.7818355681467608
1.0709393306550195
0.29329713638470656
2.0331754355435967
0.34033992774126093
0.7612538373398527
1.25365461425496
1.1490012883442944
1.2431478204875106
0.1862323401335786
1.8558312309944371
1.5929275580477564
0.20857519744748687
0.41052144925688583
2.0440296164420655
1.1678824981712295
0.21802660802629445
1.6824835243291905
0.6388138157764268
1.2456220978426122
1.621776019073695
0.4676647484129076
0.6862566612425985
1.1189640044168176
0.44829709407344703
1.0573962195104967
1.3754195898240533
0.9156638360011253
1.7432870319258058
0.6076812662976707
0.1485265909887308
0.8724628487482787
1.8881087668882204
0.8999323289614313
0.837861403630115
1.0511668650923893
0.06489475646501011
2.9048181570299296
0.5539378827926116
0.3745221710196843
0.8273892188860035
0.35900502163858855
1.3976063113994581
1.5098892472746264
1.078800963895195
0.7156715889099351
0.9341966729029921
0.4157540540716108
1.9695756003487976
0.6410207592691916
0.6166072156301079
1.2780303551851568
0.4663597118845804
2.2852836608011535
0.8200160757900018
0.23650331003589717
1.274472841892342
0.5106761375523843
0.8123139240222482
2.2756754194369453
0.8638802641640012
0.09083465442988407
1.9620135174622435
0.704959006725489
1.1430140573163678
1.3376222245101261
0.3084561989779982
1.3703861691295296
0.1791901443667255
0.9703241205132656
1.777960543133242
0.7877870168597239
1.2239412311601554
0.8744405565686706
0.7316087662824281
1.4771356285068142
0.6444165026334296
0.20416112440458148
1.9974096984902683
1.7339713699437
0.5063351706623768
0.4941918232565636
1.0743130270392398
0.07606779729440435
2.266221664996526
1.5358670730039008
0.436140860997134
0.19859752425564842
1.6094924422612273
0.9340154553499587
1.0978046994184807
1.4774977895456372
0.6585388754598978
0.2829389920000771
1.5699599408042675
1.6843434345638972
0.32308477774982286
1.4780724053768732
0.9651741796307703
0.6418426159974792
1.161623035859907
0.16616938169659456
1.9457447526803568
0.6809448740153686
1.1844473403132902
0.4716804173728387
1.214814518507547
0.9873248310094354
1.115142728304946
0.748891915599189
1.5654388297398187
0.5390387965263859
0.42590897734118177
2.624424099916995
0.3388240607290542
0.8036244808110327
1.2991284308023272
0.15568009521727874
2.23878184047295
0.5264717687403934
0.9182054425324744
0.2050572960233978
1.8653245103188985
0.3171430738446212
1.4649480620922384
0.11052871353783258
1.290521494608025
1.1447963570804098
1.5363844856655868
0.6569858433751609
0.22732000421054313
1.1703288498224977
0.9323091495975698
2.0707453106738782
0.5477734935615374
0.4221505889919041
0.8055008932825602
1.515882822086563
1.3721611331399275
0.3925839695968123
1.5263306363314764
1.1390246270149147
0.17628925933439135
1.9229835117379364
0.13874956885784703
1.2688587408873726
1.808161086178156
1.007712647920092
0.051817189101609484
0.5104503659454852
1.3689006584919325
1.9057829638908985
0.7575321059473272
0.5279033629630114
1.0541046414856436
0.37610227106712696
2.9699610990033993
0.20840749734755912
0.1089552051468584
1.4263626571595285
1.463158984717431
0.9043136360447889
1.3027215825230891
1.2334669514158791
0.03384575262713086
0.9253280204817189
2.814423000903914
0.11969927336298455
0.4953605366648043
1.7559418185457094
1.3567300097146424
0.43238373666732094
1.3580608378539107
0.619861254738762
1.8248432740767302
0.38260859490661075
0.3546661016761106
2.094971262878313
0.9437299847874697
0.7389139864967147
1.453792917602355
0.7506125685641405
0.3868887686795443
2.3393715522508867
0.6511750437138332
0.6528036965238604
0.5653544714204634
1.2214104996733346
2.1420769603565217
0.4831728045473617
0.2834787628847708
1.2703745132441515
1.7119607809097876
0.4367633882697854
1.3914334826833512
0.611630102679158
1.086041182184804
1.3188789478685714
0.797109160528484
0.7823705753691514
0.9906157269315844
1.512764844707423
0.9228389452408686
0.689026893342818
0.9509140886032271
1.362109591016548
1.3084523033786921
0.6609490303648199
0.0886274193485562
2.2441617979081285
1.198197896126471
0.36524542198992493
0.6615630932729406
2.74163648893807
0.7383144986986324
0.1853769499435647
0.5410052269440916
2.1005053831395544
1.025822231380243
0.8454171420786059
0.3556174785168921
1.452903843824304
1.3118427097566459
1.3522670349313994
0.2227191282498908
0.7097843459011066
0.7635780707163888
2.515686732045281
0.29055733929560085
0.48364001969478454
1.9382702194877715
0.8516407431001317
0.678521253304002
0.895282990479327
1.3914718849120573
1.3150305057659377
0.4384833847587396
1.2004380279853577
0.8825925928510178
1.0459122610936515
0.71951082473785
1.391378676398358
1.007020471158622
1.6277451372842926
0.05981794355019056
0.5781128333384314
1.1905573611709432
0.8282065792329419
0.9027872764134561
1.4117666113674587
0.46316980551713843
2.1229351152314577
0.35552949671052253
0.41148834214274016
0.7862009625974555
2.52995442640572
0.40362488410778474
0.6991396456984841
1.574507814628609
0.672403647158888
1.128251080959478
0.2410053305779315
1.6185068070614888
1.00588496271931
1.499640997955751
0.4433233863066294
0.4123771176767268
0.16823338898382575
3.16851485506259
0.10128482897329509
0.6943442518139793
2.1892860616502796
0.7967770822770088
0.539621927682527
0.48714264492946
2.0178267544808692
0.4214581073019091
1.2829071354030934
1.1989962346948637
0.9985131906247553
0.6860407438830936
0.8575713114005361
0.5376230643310972
1.899811004039768
1.144039814374861
0.791291807984352
0.2180178072962477
0.6092419118113996
1.9221687807918686
0.405390348718254
1.857381202365449
0.8158617621296459
0.27579948999385895
1.0320909795072974
1.8066668209495422
0.4648661196390239
1.2332601057928978
1.3613705834345569
0.902680240155286
0.26171124339123697
1.555251191626591
0.8180696444939
1.340087468763224
1.3997958564720583
0.16696265654912007
0.38862068581561215
2.2248135759738563
0.2974712591942707
1.7652356343794344
0.5660642992510682
0.28282121303970575
2.5247415892953877
0.6289470975306518
0.8050841915153802
0.9051947248043403
0.5683506772687221
1.953487105983416
0.8764960332488408
0.4201093889227079
1.538749076482772
0.5925685687271411
1.0884397937560217
0.4749266414587078
2.1723736827759774
0.027795068099756546
1.142891132468331
1.0302103048490032
0.5694650730069568
2.0945315607307604
0.7675851778520729
0.6365443679244152
0.11813796804512328
2.6885790809346304
0.46387674669522694
0.7289631185403084
1.2129373870085982
0.1951699127355989
1.6771927814124679
0.4256611850643191
1.6567718074238387
0.08730251517121047
1.3828945531410042
0.816777073246756
1.6384720529125687
0.792306018846186
0.3937575791323474
0.5775764819985486
1.7155871709163322
1.5844733059384444
0.5229056352208866
0.6451141324223753
0.8311152545654024
1.6976618708815456
0.3158687778305312
1.503626500382114
0.34938916442903195
1.3682271313078747
0.8999456514940555
1.1269276949971772
1.50257378236344
0.29454528529387836
0.6728402168169676
2.4654157386248663
0.4178438364537621
0.6502156437219455
0.8706859448795381
1.6650109613007056
0.15543984871044772
1.5643165104473407
1.380848908171062
0.8252605850946695
0.17023355785010252
2.876451790818972
0.09417268189091726
0.23598921970955228
2.4377544888404774
1.266354292419113
0.2703481722666025
1.270956798099656
1.5664374442962796
0.0869997780896174
1.9221193163448154
1.2435105819404058
0.3619817792596926
0.8237864670446322
1.564110531388468
0.9233033179158148
0.8388564461531886
1.6111931963768598
0.1760171449618439
1.3429672860783408
1.5131697486703624
0.1209562343614624
1.6756060153155559
0.5702881806521163
1.2559091973295542
0.5946247728247555
1.5955522126749773
0.10478272626127466
1.742971349499918
1.095878121657968
0.2055839710229613
1.022146931705001
1.6681134043185888
1.2301590345324611
0.267144307108916
1.6460932449718926
0.2497928646113987
1.5516485667895978
0.6083587234349447
0.8594523909348497
1.149682708833293
1.1055605341606607
1.2961298354366515
0.6579090099368667
0.9713571890243542
1.1263770822935253
0.8249165108163173
0.8167959417825028
1.4517717683627065
1.077117716940512
0.6410598131254014
1.224752919377868
1.4500697601893104
0.040528238677646655
1.544432908243975
0.3409635933933217
1.3464758806005401
1.2703271749825173
0.9265654499359138
0.9197008213378118
1.2087881448577686
0.834760376514258
0.49038259884722596
1.1432521225980767
1.348184897874207
1.1311872887837828
1.0249408734014063
0.7383463864635177
0.9016598545283137
1.1687728420479115
0.24782493762453078
1.4578669696402988
1.2869356976725967
1.0157843360598522
0.9702865965595268
0.8752096316938794
0.7955091223887066
0.7392142708936827
1.3550975296786993
1.1693144697480373
1.0357732530705428
1.0551413581537101
0.7604200889600793
0.467481550182596
1.12580087826126
1.3377958479601473
1.096583758057407
1.0266334450765333
0.8441576890794217
0.6126231770355087
1.2487868302013938
1.202938909830667
1.0385341322845465
1.0463615019523367
0.8438393275076476
0.5303682894968569
1.3080547868869754
1.2107091101899128
1.0309096528140522
0.8243285424439978
0.6681352069059833
1.4936960131401338
1.0595616229705367
0.9522020421569586
0.8388841515880624
0.6785163758671544
1.4408508821598633
1.07116234404069
0.7590711716048599
0.7050931324102753
1.7230477227454546
0.929102199438681
0.7095378397196318
0.7277190711008674
1.6516220735661562
0.7124951850873377
0.6336802989183463
1.9652027991970837
0.6501948521856732
0.593075799799027
1.384332140366091
0.5886563537062371
