0.5690273666347526
0.5668615352705092
1.8448608876794108
0.7963679088567815
0.7617179602424847
0.9520719776043118
1.158605734369835
0.9774928287999124
0.9585594848526707
1.216952955135963
1.21451229346553
0.0925370257372847
1.2605753706420033
1.2489684457942622
1.2345573429614578
1.1543897481006098
0.11999412507292705
1.6482174725915297
0.006700517782136922
1.3524834369815395
1.6598108498500916
0.9747280848261999
0.39835519332120367
1.4779636697844336
0.3032058119509839
1.5633419192659301
0.16103132450153793
1.5907448246081146
1.0569006879881597
0.7240599858296705
1.2704550177246237
0.590588446251022
1.4048572639750994
0.44077403144488236
1.889542829007824
0.40761957754295
0.45334510437621867
1.5609526601426338
1.0877155871215995
0.8656004947770854
1.210763322937031
0.7115349472665109
1.8302823833801403
0.42868105581251903
0.22470282192001306
2.7214676259761608
0.672777526523552
0.2553284266409085
1.5986600822770962
1.0948526455484517
1.0865041309174515
1.4320519390118207
0.08569700412981088
1.060394244601205
2.320056025980538
0.42017864764403634
0.41100995678868585
2.494181393121412
0.9000539945338655
0.030114728768834993
2.234757466469036
0.6244255543343662
0.6027908726170533
1.6960942511688144
1.4615862544650335
0.07355762279117682
1.2651896649703116
2.005442909131792
0.4408255553792301
0.765865898858365
1.5939093581694386
0.7008911823191317
0.9958874912407544
0.35715367574941437
2.042201621615918
0.5453247460361301
0.6008080835520043
1.8992183772803426
1.3325562528805508
0.09433424081511224
1.4559256055317085
0.24381618832136717
1.7349663849376185
0.5422608319191391
1.0818551049964127
1.3200354933999126
0.6661126154104225
0.9549001160650271
0.7868664242580865
1.8014526995784936
0.6694577558651311
0.7799566691837205
0.138889205588073
2.231056273065854
1.354563687943388
0.10156216281015731
1.5491094199249893
0.4718801444012151
1.4407812809844884
0.4992230013303764
1.5736591044015777
1.2515387187081013
0.33466464357401415
0.5740587308172684
1.0864524898543892
1.321751875058305
1.5491581020346605
0.49863866115946426
0.7933003079937742
0.2349919567624013
2.363735001209695
1.2605687021818084
0.13296833178625225
1.5627666594999101
0.6850014179342927
0.7461889123322388
1.4403641823435052
0.44291460982698955
2.030471216226668
0.7625205987437392
0.4558197470461703
0.5441567982031518
0.9243069246592297
1.9538051168281683
1.5460798693170874
0.12015855485735456
0.31361647766970524
1.0913983114354389
0.34241253969474533
2.5093809721240894
0.9997397851845622
0.16950051337158104
1.6019058097990566
0.66836763312001
1.0342349756252989
1.5488733052051469
0.3872210638540476
1.0673252662444617
2.1761260110331677
0.26609042010688144
0.7446926472099168
0.535674528276794
0.7513768153398279
2.54532793795179
1.2118282872998436
0.0048214951785308805
0.16703870072507565
1.2606869954659907
0.5276964209726005
2.179314519596935
0.7222168757597132
0.7850415839758174
0.34828074032634027
1.6055211787448258
0.6801858649995967
1.3508707235659883
1.1951551213311447
0.2908861377639341
1.2225200251949941
2.2832721610276754
0.3356290356467978
0.6599999170772767
1.3797455146532716
0.17753755660001286
0.5056039451353365
3.529373882632386
0.6398585072418669
0.08910767146855073
0.24452344969399215
1.0815660166006777
0.6022417839015383
2.2170636782804873
0.9968481151136963
0.5314853028216462
0.5410691423164881
1.398188915352039
0.7450563688900728
0.7739457166147036
2.068755012059784
0.8196165893330466
0.20756790923848148
1.3042645372105701
2.129856268623196
0.9410165413486319
0.04838188142402901
1.4167516251743755
0.06025913303204424
0.5054882352579764
1.9513154134836708
2.311177287684206
0.10528907822306727
0.16780895033511517
0.821790158865379
0.7727632576016001
0.6516571726881378
2.2996368411306345
1.3088840396684291
0.14988431933162052
0.6967516788159978
0.9851195657157965
1.5151311119838526
0.9336891114959912
0.31371825060218844
2.5960349711629287
0.4785907468028568
0.18007650858125845
1.456710690584692
1.820477048782183
1.1472700838540164
0.5371741394532284
0.1522441868025439
0.5869400547755277
0.40502492166736737
1.3083515924905156
2.279570866729716
0.6945191650211846
0.46351746049306813
1.3376017932209092
0.05406666766795544
0.4608469291531932
0.7908567095983793
2.2499316300531085
1.3669649989894546
0.3507918008179115
0.44412405104153485
0.02787802857387904
2.631191433281878
0.19769774282744068
0.8619487988263308
2.043904269440417
1.3686568640648724
0.13977933759900799
0.21903280448855297
1.552938253525232
1.8196882095826872
1.1085787465247494
0.25457180998779055
1.576661636237007
0.7907256706795542
0.0237670147970997
0.0409415354570677
2.257622593611027
2.1006697249106483
0.4447784971248641
0.23820963082403102
1.8318198418454903
0.4886630886601776
0.37642571001683284
0.6973902798793002
2.491554257695729
0.5548321059443216
0.9746666537507097
1.5021729186342985
0.21411621622899402
0.26207506324812146
2.2684504765391127
0.9596562112986992
0.21823043119095473
2.952121527529349
0.26282249518608825
0.3703252496117534
0.5169998086589406
1.6932643864478085
0.6583962640590743
1.2319948827060019
1.615378344074405
0.44954901936643993
1.1502528928202025
0.9657461354675698
0.37824151201379885
0.2686794405272291
2.4664743630660064
1.148825242539308
0.6602917827762025
1.1356994451731663
0.5319228526434621
0.9287397262161777
0.007704672740698387
1.0178868041545366
0.24712914973669697
2.337041691841471
0.957887993607003
0.5757323802235222
1.6373572928790059
0.7701468838332999
0.19686551961524515
1.4916848911093548
1.8573949609613998
0.3087917423501135
0.6100032542541654
2.2693983280121626
0.9994076549667233
0.7741318293577902
0.17744593694980768
1.0148701439635632
1.0205431620134142
1.051606769493482
1.966883113079722
0.5882208839767978
0.3350362811338448
0.972578722348516
1.431710834229362
0.6344159484678069
0.5255143361433083
2.6108582059035528
0.3193112552960005
0.9400879909575827
1.1077079269179133
0.57176939369719
1.6618575584836979
1.0238535721053201
0.36245273859678534
0.37859444240361645
0.9516131025200079
1.7389664819635458
1.3791851970967781
0.17078730514611906
1.770529118610377
1.6297604029659698
0.03400352917014113
0.620106208734611
0.2922156788745731
2.227235009529664
0.7871963570151693
0.718617346179024
1.0949116783574377
1.3736311159521244
1.52652725530153
0.17847898573237123
0.6863059472541354
1.2096715533420384
0.5877030865309831
0.5872738734809484
2.545080496785515
0.6840938373389461
0.5859822887449196
0.7746765753779516
0.9983694166311612
1.3313032408465466
0.9056058814819158
0.7870661382555394
1.5936115595301823
0.7743300658470089
0.768988882781004
1.5209598727665672
0.05231750362105204
1.782946094615362
0.03227720739799957
1.6194906699293843
0.8003414894992859
1.2718801178449446
0.39635219600047095
0.41506945342834994
1.9119700788495086
0.4342307721232088
1.4725648599953964
1.5807659037838264
0.6830953295777156
0.07842402161591859
0.9879154494758756
1.6319356421674567
0.4871076927137672
1.985496454731008
0.692297792187303
0.05548434302955258
1.941771649971001
1.2432517454249656
1.1194359047845401
0.6659266686462136
0.7995426006563737
0.2549672176683213
0.5048674381351343
1.7786895845291024
1.4778469649241635
0.7072877779273306
0.3291217260347011
2.141012605989566
0.01580312059412411
1.4066771983232123
1.687171810736455
0.6933835357800642
0.3326772260489854
2.0954040763456145
0.14529348865023387
1.0648564453893246
1.2634007469932993
0.9641794534923667
0.8384087848713254
0.6569853710972442
2.149449821457876
0.6837413314740598
0.7304441877207185
0.8802849740322171
0.6765579253092102
0.7213611020124879
1.6192094771474852
0.39762638080809803
1.1910506244222503
1.280607615201247
1.4620150672215106
0.16726857747201246
0.9571476918272097
0.49819424098571796
2.3751793542037265
0.560216652352654
0.6631213595791138
0.8492596954151567
0.8609998859098337
0.9177527478666355
0.9318060587861213
2.2116627827632054
0.5190671491359834
0.12763110784016
2.0892609324959857
0.26858204084332604
1.58777921707521
1.5466733454812553
0.1465021513874393
0.4958953841785937
1.7721817671259912
1.0206120556489622
0.7953123158210562
1.360326550258199
1.0659369306466524
0.5898500445194701
1.3182211902926737
0.7555364600192921
1.5720515796066599
0.09019276719740138
1.4574645684687233
1.2540784140588774
0.4225906175047419
0.8520125993418053
0.5559931515075395
1.918362941132593
1.792882735897785
0.17149631413868074
0.36455957497003527
1.1726235165088819
1.751547464767056
0.9289415439088881
0.5687181878359922
0.8816637029542953
1.1601396922933471
2.1080770931352957
0.49476883357078816
0.034424346233739925
0.8630860866910743
0.8576121739128902
1.5533081197116168
1.6057471227040967
0.5066987528267639
1.0367164912838132
0.35838879185868167
0.5603359445203007
2.1757018157603754
0.13752014141419175
1.6310794209526644
0.6341015043552569
0.8316461134203905
1.938476198730797
0.4054120094518305
0.7639603124478334
0.3458352715015858
1.0818873901450465
2.34100533149711
0.129458752635918
1.3451214129201865
1.414569887852957
0.363929625591281
0.5573245550752096
1.981133401743038
0.22204514148498242
1.7244496275415564
0.828105095649468
0.6318139869517935
1.1533195029366154
0.5085895421932447
1.3528338039563197
1.438412293321865
0.7128470904014624
0.7263221645922392
1.4456580407261759
1.1503770234181185
0.9057916421879904
0.4695299766374642
1.618526953221757
0.8464442685435002
0.7939835828639757
0.7706596638405251
0.988238583276492
0.7777403682108456
2.1082902367252156
0.9140848366498154
0.06228597262247215
1.5277404910197814
1.2745531153566532
0.19766400144586083
1.90071246988333
1.308581994229227
0.900981046579129
0.09698695011859759
0.9596084767087868
1.332078976422987
1.347969732722971
0.6640665579034593
0.894919758220234
1.5022443557390943
1.2462487015324573
0.40841945074645736
0.8885783362646509
1.0628862833296409
0.38750554952642374
1.6194818579384833
1.1591548959443163
0.7238337659192894
1.421162761839306
0.5825289603014993
1.201199961641719
1.176864992747426
0.6152942248471105
1.40650414927053
0.7167653979875221
0.87182033009699
1.0959241870139722
1.2336281990206823
0.05805828139457388
1.8393607434247257
1.2383391621542152
0.927680376738082
0.8461391405088874
0.30321996078481817
0.7839630723529734
2.145842940296814
1.026233972045716
0.7668681948041132
0.8598777381274751
0.5891295235916597
1.0311324772481139
1.2131802376688738
0.7397235852757592
0.2828124361581832
2.233268650043598
0.8061892776763655
1.0479158848329309
0.23014444770191386
1.433835959279744
1.1006691582468036
0.4355173844309857
1.881122963075252
0.39596223893593163
1.4817959928169613
0.6504700014312592
0.5434194101599216
1.3191481086830947
1.2685080443063228
1.2683615915507342
0.1431482737826656
1.8978767542058794
1.3268376906284776
0.14300994529895217
0.3273715456316338
2.5730647390857047
0.5488322588751444
1.0719670593498913
1.0833685269401097
0.6933969167476638
0.9066812175485475
0.4495360835720123
1.717082204065267
1.3203661599909113
0.7315846013026555
0.9444721750243553
1.3242849464861286
0.5747090937563399
1.2431160354309743
0.3279025163884335
0.4205698982308296
1.100078317742308
2.4014652385485995
0.8641280483338752
0.3437213016880308
0.9109640508590686
0.3414918923255898
0.21453672083647168
0.7112631007742586
2.699536489201819
1.2527984635423781
0.21834832618516622
0.24271791478248328
0.4815523011879772
1.5927008166230392
1.3743060945053531
0.43739756636649085
1.384082505425541
0.9479780502796397
1.233345758757727
1.1601439581224426
0.6467899972485354
0.4711896800831237
0.6371411916578629
2.2308513244124186
0.8470992295184342
0.250471202547252
2.1838403411693337
0.1016411819576536
1.6316931972490019
0.9861023185918207
0.2302831540787222
0.75890077732721
2.45126133303364
1.0069361650277264
0.1306893534590359
2.080556258648841
1.2491265281013695
0.038399000538305694
0.7430392137698231
1.398585712361618
0.7468909080805934
1.9807609973591687
0.5399423692191886
0.5525313999011163
0.2856292245303002
1.961216204589321
1.309442353077035
0.6706362280095445
0.610213243269742
1.713762852840106
1.0086730063581308
0.5523268179137549
1.4913106051842167
0.439688630813468
1.290953170198076
0.6150547897813841
1.83933054883061
0.6918311914158043
0.30844206687418774
0.7974806009380031
0.549052523310476
2.4087146385338616
0.3124751831251738
0.9555502599457447
0.6804185503652139
1.7535229287115217
0.5571963498436094
0.8772882775923455
0.3472253427013546
2.296390248125932
0.7702771371695
0.5228610165968914
1.0497328838347733
1.6509889581329575
0.7600234464983197
0.10768992669746565
1.6755795504585467
1.909479520872523
0.5001264987243367
0.5844348021761049
2.051908807550427
0.7896894081749457
0.7691447316832957
0.2691221655204994
0.49904716590241743
1.9247614147673453
1.143416849730514
0.8190009855670773
1.391414170529952
0.548483174723405
0.5454212241262989
1.4761464657743135
2.100009936804656
0.018038682392096776
0.6385322596921359
2.5369661962326795
0.5698210518248793
0.511993988445928
1.8635266528951069
1.0833013521539974
0.7043204856871842
0.6877600035168504
0.2907199931794897
2.3908787282823702
0.4165528573466068
0.9956346933524005
1.4077537750755227
1.0428737235433783
0.27244836896452485
1.2000860426917805
1.8915909401046005
0.26013346405743604
1.4765218795379493
0.6932491096747432
0.7188639629397973
0.8615303626637267
1.5749780445422084
0.0675913798505527
1.7709730804912935
0.8363923369598442
0.923795768128967
1.2323916745960044
1.2472588943894536
0.15246898030220674
1.998469926556732
0.2960915382236313
0.653984212128431
0.44191891686738444
2.7896053080862977
0.2388134564076851
0.6557899582794098
0.9190198961714677
0.812585541011648
2.653301712105649
0.007190134750296241
0.35087453796659757
0.6961271496880953
2.156740489880527
0.18936866718979528
1.63605955012272
0.1274803708432764
1.203385894589411
1.1670353119553525
0.9574933209737638
1.963817118471468
0.13030575841544598
0.26116765200815023
1.0297019850856965
1.2523339830527833
1.7553514830678105
0.400190635931504
1.5332462066056354
0.3343366789609755
0.16351509103213013
1.6115353793247538
1.4251034814229069
0.5290217941808599
1.6564341142167165
0.4253086319344388
0.6966753556738388
1.2940901449674447
1.5102920477671755
1.247447064096081
0.17672442636704258
0.8600761949017969
0.9869650684773738
1.180050514559899
1.51854357833914
1.2688401456686131
0.19805398471027855
0.7458970145379081
0.30002522502752843
0.9962801057510118
1.4030992803623095
0.9870273288007001
1.2858303684349635
0.6719568351180942
0.44169564676149425
1.412616771672001
2.4649889155174063
0.007774369422315143
0.4575074118610271
2.557443907428751
1.358213218413557
0.20598813787860493
0.4062551092006405
0.8764729138505075
2.412647937190644
0.7071854519874842
0.7775808176399649
0.6532077184632228
0.34612882499435993
1.737321597604526
1.3651696834591553
0.9544546382402999
0.37976248928455925
0.7138660154281304
2.8752931302681213
0.19739054959202185
0.19937742235664196
3.063273924176694
0.742749906965645
0.3675501606743047
1.4114339119593164
0.5198534200726754
1.2286584204629554
0.3635334727898657
1.9467325659385997
1.3458996787818094
0.3219624075881281
1.127009132482298
1.1359557749908291
0.4827627622570459
1.7615991506106818
0.7815543520591509
0.15598635408686953
2.376763415645486
0.4384018299004987
1.444894825675467
0.5671404006301264
0.07611757556716031
1.4142113873613966
1.0057106173021468
1.2596883916812047
1.154187117645637
0.7459421851904597
0.19045882454225788
3.0189320356651033
0.8621263301226592
0.059651171065199876
0.2877176572214781
2.037899806081019
1.4325808062397916
0.2926713661969523
1.158113096773021
1.9434642323370233
0.06100023276970781
1.5952631624240712
1.6742642908480165
0.26044531422851985
1.1581249856188107
0.6052228907430474
0.6738260759290742
1.0160249611786407
1.1725696507984236
1.162726739472312
0.39955441307414546
2.0828169717910705
0.9442796421489975
0.5406463253685664
0.9430235391375812
0.5346993932847208
0.4328321183441581
2.7035712064892445
0.8096193165709823
0.1347669016276697
1.6543435178728108
1.904724333092467
0.6486649638065534
0.1226299493722781
1.2646511763859412
2.5157542807731925
0.3110682353225219
0.6467670002964546
0.7147821863401509
1.7136314374455868
0.0579516522655675
2.3427609966761
0.36962209105011246
0.28739420876413935
2.0815609851598174
1.3015819605838104
0.0986121479974955
1.2537722832703244
1.9691052335943409
0.7002871496485508
0.3724502831305245
1.3981505001652759
1.7907943085241766
0.29299344393077204
0.7675931371392268
1.9065316127218328
1.4738019770828574
0.19822398403565147
1.0282179909437281
0.7832760539877623
1.8119286047221093
0.19964332554977363
0.2134682191078036
1.9693972949564889
0.27907394552512726
2.0526599424411005
0.4829518243585218
0.6223692352749782
0.6838683784071075
1.356829614538103
1.3965397193176783
0.6166664467165467
1.1725808962707267
0.8589372528733121
0.6515935890450909
1.9692912817959045
0.0659226502547379
1.75335566803519
1.3215846507414704
0.3462541056911293
0.3429458087157806
0.3441724913465386
2.0247004195634535
1.6153803634578223
0.43056400100055453
0.6109910669777269
1.281922668424847
1.1168839872464362
1.2553733606465045
0.8179706493461375
0.4260457622103932
1.1456411951036547
1.1585736720436588
0.8274573604232237
1.3197559863005899
1.1323989101193719
1.1066142097071157
0.8249143018660777
0.58879220308991
1.090348960429975
1.5613958292490009
0.6394036529107705
0.668056458162395
1.8807381033561934
0.19301687998842854
0.8482028155247644
1.0149221362243157
1.0902136447577453
1.211106680152218
1.2067381860959348
0.5174460500669543
0.5630904885333589
1.5844902434506472
1.0610936882998905
1.3444251170414379
0.1231797936940305
1.9601166067501121
0.2465461850620985
0.7605243815169066
2.127254819695071
0.014505371313838389
1.787891396522211
0.7632683419763686
0.42601438133646224
1.1920469488643515
1.095000045419905
1.021648663106215
1.0671846156741733
1.2029197490502987
0.46387032947522544
1.049116231783045
1.1029129289984427
0.804361008959977
1.8191648714911288
0.2676288629956572
1.5159781938585077
0.6131648945407611
0.6170749244995134
0.9779961744868613
0.6481055299493528
1.737357983011648
1.2449322089057466
0.569895616990149
1.1336032911922607
0.4726992339463694
0.8598936917234221
1.273586629891367
1.3315912634051288
1.1004256008553563
0.48997538807707103
0.7204773624548472
1.4578619402495356
1.289221205715614
1.2901507684443054
0.14656276971633858
1.5191217271669928
0.4208859059641679
0.39262674950474874
1.5712288707570454
0.5768650732394427
1.5571544998852125
1.2576423639673435
0.5802935897740229
0.9385998839086223
0.7947046243512543
1.2057166131150825
0.9019866574992577
1.3718981265840131
1.3230386433797674
0.17875556474068235
1.0490696067508094
1.8785229506488963
0.2698295407144744
1.7038922730103843
0.29299090688165
0.8532113468032108
1.0359933384550095
0.6995551917847878
1.2274177472276655
1.330926054695191
0.8944176813442648
1.111574012743007
0.8718577956703473
0.7715522618239736
0.5851550607194942
1.8376555433982273
1.3313540182336139
0.38311946685707876
1.162762577018197
1.0108273986581193
0.9144508891722768
1.1638552408489127
0.6801553123113895
0.8837919180368162
1.2518647878764124
0.47263847788788727
1.449981844687391
1.2713685687778422
0.459049449453906
0.9563534242779991
1.9521137580732937
0.3236436164744824
0.9234202061307576
1.5320338799823483
1.2223482700919759
1.0048455275107202
0.6044988076438758
0.2610904331857844
1.2957543732163952
1.7248378070442059
0.5901938599014346
0.9620068523477276
0.8849004090275622
0.7073310804769345
1.2360079770750612
1.2286901067038936
0.8967022159616469
0.622294134617255
1.4303705755855969
0.8957267114074292
1.0081564177889568
1.5036579935667975
0.2584783094560756
1.6908936206279406
0.3571945788297697
0.905543789785858
1.257881758371666
1.2850165969346834
0.7502529436888411
0.5923994633805172
1.3040717454717372
0.9239951882625621
1.4888567396771903
0.18020835336759747
1.2912617068100711
1.0505244449395572
0.8367033845602045
0.9428625386668992
1.201116354310078
0.9518289448131877
1.6141446189349757
0.554699331026051
0.4523460856463039
1.5212904826118234
0.9072296432968274
1.1183354583515006
0.8314061738933433
1.3780586761667009
0.5959230562266473
1.2128155289358176
0.2536571410150334
1.030621869981795
1.8308672572759177
0.6605794239475755
0.6784799108710153
1.5335053072967713
1.0559832972209153
1.1609630699359936
0.41833790538497045
0.9560407630309941
1.7839742082404308
0.9835313174730984
0.27730942260795755
1.1712999870090308
1.446517026813541
0.734924622513065
0.8993796609138988
1.4689956082770623
0.6243838552048517
0.9830381247945338
0.7818087412370894
1.8052554687129276
1.0031769135040642
0.2835872573528183
1.4878279820458498
1.1171843860176944
0.5937843695427902
0.7546361830865143
1.1663441214424373
1.0850083231300305
1.1405812169157388
1.4204289110343662
0.6616513859426991
0.40250595501967557
1.3770206887176646
1.9550162974889538
0.23621009051463793
0.6313153631609981
1.8989295304871117
0.9386912667794692
0.9824757645178688
1.2009206481242594
0.2439081671870959
1.4928476134806736
1.0898970555910024
0.49109961431667504
0.8980226504834502
1.5095310878209984
0.998882599796081
1.0948162812370592
1.1758820305950164
0.44081491650131555
0.9065230486847947
0.7693407419121296
0.8585503536685831
2.4734911737640717
0.16964449346172258
0.7364477547637331
1.8844722151804778
0.4681777762465209
0.8984055891023044
1.9868493575020851
0.6482418955052217
0.5670629028216744
0.4490727985308391
0.989117476182596
1.5298790400770093
1.1366238723702475
0.8028283494313607
1.0700600554148672
0.61063695686166
0.7499953053842346
2.087431012963166
1.1204045535470624
0.19850683972850447
1.653878992287245
1.0934939247990418
0.1371233084098809
1.5322313264985365
1.4105492068630852
0.9301671892397503
0.8061053379607116
0.44424605901821945
1.3378176079380852
1.8008512763415547
0.85201686554937
0.24681432763115824
1.124138198641557
0.6761921109266147
1.4905886518626004
1.515982552477485
0.34585904969083336
1.1138309307200893
1.0955645848757516
1.1580449945261098
0.6513207390642013
0.9427715303735111
1.420230445978439
1.1622079209278415
0.5831787237135578
1.7402002309109468
0.18734242908272095
0.2669442496381041
1.17652894051168
1.6432833051908344
0.6015863045938081
1.3471108143352621
1.4048193021427207
0.3340076012012376
0.7653392736781901
1.944216481321299
1.0647275191562717
0.7064311233802394
0.49229645722294263
1.2013004379898358
1.5104249655427462
0.6478089724561678
1.0074845227662697
1.9651152648320276
0.25990197835327794
0.3702621724006746
0.7329351917597905
1.6873586005341832
1.1206157553118874
0.7795046035224006
1.2278857081314156
1.0829688944685603
0.7562198244563165
0.416258379590674
1.9224709264731759
1.3047330957146879
0.5342457072265229
0.7761262163826529
1.6005756070705004
0.6878973951666865
0.722825373066381
1.2769811165107452
1.0566568604463513
1.1065326107205953
0.5597045115509771
1.027301904488622
0.776860565571718
1.0871705135869656
1.3862512191488652
1.0506481299548103
0.45266237246767094
1.7142368517893671
0.32510659099370176
1.4402507740153103
0.9831734247973647
1.1681782637739198
0.4674567335135263
0.22386429511681621
2.1861138148552333
0.9009184866837893
0.817074821135078
1.4602022775971246
0.13708876756551908
0.9032490648445525
2.3778545690910455
0.37451630209818804
1.1523418852553844
0.03471187868459559
1.4856062217942054
1.2011624714284428
1.3014300343135488
0.5949879144290013
0.5309265359299067
1.8632624525681143
0.799957889543611
0.7789013665028499
0.9979060302147229
0.49551584821406136
1.91216101760859
1.40032081991497
0.15993372281368282
0.6369395066709815
1.232462792086002
1.6518415774215127
1.1562100279682828
0.6152779775405536
0.3069864968558389
2.1440625201006642
0.47869663480173574
0.8909242683077089
1.9007513914510907
0.4779974684026613
0.7302530246498316
0.8644988550292593
0.8459296621640763
1.6771632764713278
0.03963967687436332
1.8809184876827165
0.666989846654345
0.6831073130445044
1.5008369480035588
1.254080697948822
0.5682526603774191
1.745759356648735
0.4932636793254712
0.19158199647473806
0.8969864548646206
1.6368616502090758
1.339645355595986
0.8400293644448225
0.5192263026847839
1.1121991408900813
1.3966983304531415
0.9219611002001941
0.9646425572344692
0.39913486554865624
1.5924360029943985
0.9259523575875958
1.0135849965758459
1.1141731732878575
0.535612437823698
1.4058256264925402
0.5292656796629117
1.9196341006923259
0.3337196966302631
0.457963196095482
1.1567609920967277
1.8103932662418991
0.8880156114562806
0.7384706899410673
0.547117731007917
1.3611771242787272
0.9073239918450943
1.0063978505277855
1.8478768735940634
0.4974170610158708
0.5937545418012017
0.7943188883301054
1.0758928845578186
0.9125354768461907
1.0482736855701658
1.7854107433876663
0.18745333601995556
1.0874327224362965
0.7734507166285521
1.1220109833178247
1.8505177416117586
0.8828204229097979
0.033032847820498215
1.2076681895491264
1.3534327373925794
1.017549085330389
0.5113318920730325
1.690919809651021
0.772950977175053
0.8986301151377175
0.7946367106802642
1.3488252594960035
1.2987273948975262
0.6594685513710463
0.8451931677663405
1.2482503242710858
0.9054398409978499
0.8340105059804298
1.1578345854773675
0.5417215774286481
2.05690801134244
0.6857500083261081
0.4268775425719884
0.8511047455769238
1.1730891378927675
1.6726176972567501
0.36401108768982593
1.2231901892236896
1.6197067127748757
0.20346843271380655
1.4183535441000377
0.7886393453806556
0.7699071746512981
1.5767032743883678
1.394937487943797
0.3271638347868159
0.6383323579906162
2.473399442573674
0.1844687910755641
0.7435856862853127
1.4813860830744194
1.0047148027760595
0.9472592157093158
1.3279842436871394
0.34861736040255803
1.4194915226354705
1.812329420139589
0.17116047917785873
0.8025798866824321
2.076289630003673
0.7730479186032891
0.7346929309109643
0.6837485465008796
0.7433473211522627
1.7970499225020071
0.6602384904277526
1.0281801842156069
1.082714535203032
1.2740361987279676
0.8750837133455623
0.36752416702920165
2.3687707879618367
0.12425923854891277
0.4882533360353524
1.0378879888761097
1.8922267909807604
1.1970875959523268
0.4706261451405138
0.234887794786633
1.463462555187294
1.6727638972461483
0.7349813497026789
0.8660385106711276
1.0318655132068577
1.1335697094112005
0.5585553452993705
1.1067064588498892
2.1402762746928263
0.38523325849174705
0.7998548931833721
0.5588423162188537
0.29063777711867483
2.360245513366923
1.0977109616642398
0.44177632935705147
0.9305560952520522
1.365633149992827
0.8033154601940344
1.7455902423046628
0.40373163106794624
0.8557798678684942
0.19756980261767002
1.0721104015009073
2.0195447099590194
0.6297869686622967
0.9714887774570167
0.8732054540965128
1.1702627810745339
0.911517703810516
0.8381075067014304
1.1100211515395713
0.9502664970383516
0.5869314989543208
2.0152767269622203
0.22325273486445796
1.4386433676745747
0.5760812367284566
1.1647813468274297
1.1557076148847212
0.4017827493809962
0.528283007575276
1.5363502384118044
1.577123927110287
0.06749125876170804
1.4945722505469767
0.7349865426253571
1.9823246365565979
0.5583542700653856
0.023529622164295466
0.9528666642002643
0.9965049986709059
1.6419740025941878
1.2555153968982746
0.5004100638068625
0.5337687463801063
2.2097226156958008
0.9263328641065983
0.14227622910705714
2.079452963431612
0.3029662194103228
0.8516951136586993
1.0399193049677218
1.7147843482848049
0.25284777264564645
1.5634981763043776
1.599706236700008
0.3465899134242528
0.05394977501358845
1.277254886911273
1.8545349196543248
0.20667338633424928
1.4462721288736526
0.5888678888701695
1.6609640400865242
0.48410135058715886
1.0739438763469895
0.8738635970373683
0.9687354632637981
1.108622572867436
1.1986363894451741
0.895022135478558
0.15863801455685897
2.1261193048895555
1.6444593764038695
0.22666112552610168
0.6515447259724114
1.2905189847193947
0.8656776398958379
0.5278840784227029
1.8740163091248996
0.4309078718199786
1.6214214554571975
1.2333098296853835
0.2981316124426797
0.14684592113751266
2.154734427668567
0.9710035835090877
0.34609456989424564
1.8123554815697587
0.9665552635574886
1.1294439560429341
0.434118870512279
1.1754050683186419
0.6805436436700136
1.2755148423448757
0.439094770479729
1.759064987328585
0.3690572389513542
1.2968730080814574
1.5738638950127852
0.32813523726589544
1.520937421412554
0.24374977894666305
0.4689990680821616
0.7200698468082384
1.8989556799246068
1.5298714078595013
0.4442812374936938
0.9555346385128131
0.5710873695450752
0.6659248392818453
1.8665253995112523
0.8953493941384546
0.2342100927642405
1.8134401844307404
0.6097813908078403
1.5472575313085806
1.4025729796876862
0.10157471767577024
0.3969461506528774
1.6738339944248646
0.41090364856831735
1.7513258381247057
0.2701410393320267
1.7671208171956256
0.4918418292353053
0.79786767762552
1.3438599416654249
0.275794530395484
1.1489622237131714
2.4120610600840995
0.2270617996837917
0.6004593407940702
2.3901158979006403
0.8768027706567526
0.3210289808920981
0.4889217316049074
2.2317273819178265
0.31174158454794676
1.193306433947951
0.9454607028952255
1.3045863172050087
1.5766845949874337
0.10708735210021798
0.28205795778837667
1.6179341413820028
1.6098919365228683
0.7820126775285067
0.6385750202000589
2.2144272208557036
0.32171117744126737
0.4632847278453988
0.577197721405627
1.0988819290138885
1.6926962678799435
0.5635246255515175
0.851510458636076
1.8808566366793842
1.4112899301602315
0.0955784610888848
0.1608993154281109
2.751150090552425
1.0280249039163474
0.1473330018830901
1.488578855727493
0.25973770426040993
2.5518479127074585
0.33468049472758454
0.3032279770202362
1.7963348165969935
0.5315398932712428
1.3706247667960163
1.2136124712129903
0.2737911560837896
1.796258972653824
1.3313620126798043
0.20699082298072427
1.2269245549311236
1.3103841949743888
0.6652806727647125
0.8940876410388459
1.804328046154301
1.1005196504692705
0.14320182525558756
1.6715880737010211
0.3919098891981425
1.1110469786039627
0.7167053893866454
1.3278013661350532
0.4406949924638453
2.4482855213115817
0.34016894482486104
0.06848577473636214
1.287604348515837
0.4894291978874397
2.255446560274342
0.7002032307500575
0.3671552857941224
2.064410639497438
0.611444311771625
0.8477414171615447
1.5480897250999481
0.4800050732899881
0.33468512890414653
2.1847755634901707
1.6734008632373119
0.29323638285067044
0.4486427324673525
2.2287228056629194
0.8459736755079588
0.33721910743713784
0.46644220080234755
2.1031317322018244
1.9893148629828352
0.12095031277871411
0.3779814007964964
0.6318231186374801
0.9071687676127476
1.7817022491459233
0.8400003519674021
1.0042957213789543
0.9289989856705171
1.2969423427402882
0.41670308940389894
1.7940763731430727
0.3424105262532405
0.040537637972134694
2.9900727501841873
1.1469654292509568
0.2152007782165478
1.3825712455882773
0.6171364551351668
0.9867404386766125
0.40125203026821843
1.9201649156258356
1.6250818745787592
0.44061647375576946
0.3328080368783769
0.22076711774745034
2.3712774481756766
1.880110444463455
0.21261867227403616
0.06370168329717903
3.015648159491849
0.15560874923875492
0.8795733717711084
1.0500509152876607
1.1953945230198124
0.048545646791588744
2.5534353258311677
1.047344205787598
0.2852363326395807
0.4505383150837363
1.431957137768388
1.0700031705589539
0.5309349736780106
2.3478882072919607
0.8047948590254868
0.3616808187336673
0.23121854211188628
0.2553143495748682
2.779544658710829
1.1781621375839637
0.01906503541292824
2.748120792179447
0.08249404420690051
0.19763615941877138
2.0579337672122744
1.070539284628681
0.2855312254354738
2.4593438660306326
0.9473499260749142
0.1502575413996635
1.3036996920757031
0.4190810543414139
1.0903321178795098
0.8323852484437918
2.429971213781722
0.535498718938276
0.0316073518358272
0.23007422050195842
0.5521858785937227
2.598453779882478
1.12863415054274
0.04263689615445456
2.0243754675057484
0.2708377094155824
1.347348750492139
0.36547386972081763
0.9520858148933882
1.0484670317287832
1.6576978979789767
1.046492657262477
0.1560863801343762
1.400585033816678
1.075650864804279
0.5040911901561846
2.386518685346876
0.7393564547886593
0.2541800188923507
0.6166624320812922
0.21722965377483064
3.31396041667214
0.5375751307368707
0.08065697538133906
2.0591172704603835
0.39117914112590746
1.581517620849232
0.9430146157725947
0.08514090163367499
2.2234938327683698
1.4623661331690863
0.1831044044394873
1.2689542390710928
1.6409260757847466
0.03159165794243754
1.3593031531041686
1.9063536863744326
0.8275537577400669
0.3855132427808414
0.6990767587830248
1.0453227358025974
1.7605938059206987
0.31457238043080193
1.501050137877417
0.43699584984869894
1.2931548068560188
0.9439986803277025
0.7914344726178797
1.0466947929809902
1.6830756762928618
0.6670985187209655
0.6724832702833455
1.0799492189685147
0.0749268867236065
2.5626885796042522
0.9764346620574018
0.32299364298098665
0.7608028726275161
1.8839052743663782
0.8524136393024463
0.47687250655905444
1.966537418095674
0.2507944379386724
1.080472943115828
0.87600730294761
1.3947130587007077
1.0499530854712424
0.8386457715792964
1.3342995352303375
0.22967203454727583
0.8904231637552291
0.06092539533930876
2.6920219172678315
0.9437730078628823
0.3329882728680253
0.7148301532464838
1.7102110288924681
0.7193185659399393
1.5623099291311178
0.2269871176290303
1.032936550482113
1.0550237121993504
1.1305805467117704
1.0273181124276967
0.9787615000858491
1.4938362530203833
0.533520138604614
0.08744316232912573
2.511504619915157
1.2478138843117934
0.3612964284022278
0.6793138025269935
1.335723126882016
0.8905149947654986
1.4985158184229557
0.8947253465885022
1.1640856075895922
0.07608135611847927
0.7314256498860352
1.6187944193028976
1.2310658747727834
1.3896991276838846
0.15960305777169115
0.28256817294617714
3.401474163718974
0.3532013813343787
0.46505157014567133
0.8800940263014901
1.395368518175194
1.5461922242205977
0.614375917311226
0.823951687117255
0.41593625016291413
1.736232350725244
1.272502227242445
0.94895695721549
0.2942827726975573
0.3659641545648333
3.2849241259758544
0.21677958269999825
0.38050259077246057
2.452663781544542
1.4549105421924577
0.1721085871949793
0.4996951834638053
1.2988428143772541
0.6847372539048265
1.4205041172309607
1.1788334006736532
0.8208548866669094
0.2792807557927314
2.8379197163671708
0.0777701301708321
0.46280521456646473
2.5295215131846454
0.8448114552153936
0.5591577216531531
1.0624370294439043
0.8066240471192349
1.2782912662607413
1.0526714154795243
0.9185074346070078
0.2542927356302527
1.9969901449693317
0.5112244674888365
1.5714332398869033
0.4263302783950841
0.6868972383870436
1.0473019482632355
1.0683343816083024
0.7156501488717958
1.1475705315605813
1.4599692436881506
0.22992078594028875
1.881794090106423
0.4348658763814798
1.2539180352967498
0.8653961344983527
0.3998587657907788
1.6946917489381716
0.7041174110292728
0.970258820859434
1.4283829546764815
0.24495950402911004
1.9439371715454865
0.852908378242757
0.6536836546435119
1.103665134162039
0.30793434909112777
1.6994538539846493
0.6895944680944812
0.6780677671363348
1.59680743106245
1.6923504711134885
0.22430559516931062
1.0258547494341907
1.3342282859603045
0.15862103267437636
1.1776794727984978
1.2293538561606177
1.327059162180135
1.4409384264573113
0.3727259563192979
0.21305283885453546
1.0516798949976738
1.1347460644735865
1.0393333868323813
1.1438104784748602
1.3307855393296908
0.842276857812924
0.6974822818101909
0.8889728665029981
1.0117675029678892
0.9561458936239231
1.1269866123430892
1.7187608609888072
0.5034721145183784
0.5498889040339587
1.0263516745536783
0.8180659651381496
0.919249397351558
2.161640161226456
0.5392283176747663
0.5812100155102999
0.6506603130684123
0.7818704671051511
2.7120009329027654
0.47193134854939967
0.34310751232135156
0.5222174309220234
0.6650683422370196
2.93808400335279
0.46877560308480604
0.28547084184967236
0.5216944803945421
3.3108468437093967
0.4450151746759363
0.16392707347559604
0.3966308998365628
3.519072123905901
0.261553671086401
0.22139483109614294
3.6004127071784615
0.239553541447268
0.12783178814413468
2.1470567588998626
0.2278333811617708
