0.15400955921402018
0.32395114179500795
0.4673393520977164
0.4620286776420605
0.4885820499203399
0.7434944237918215
0.7275624004248539
0.6107275624004248
0.7700477960701009
0.6903876792352628
0.605416887944769
0.5735528412108337
0.6001062134891131
0.4885820499203399
0.4620286776420605
0.36112586298459903
0.3505045140732873
0.20711630377057885
0.18587360594795538
0.13807753584705257
0.15932023366967604
0.09559214020180562
0.09028146574614976
0.06903876792352628
0.03717472118959107
0.04779607010090281
0.010621348911311735
0.015932023366967606
0.02655337227827934
0.02124269782262347
0.005310674455655868
0.005310674455655868
0.0
0.0
0.0
0.0
0.005310674455655868
0.0
0.0
0.0
0.0
0.0
0.0
0.0
0.0
0.0
0.0
0.0
0.0
0.0
0.0
0.0
0.0
0.0
0.0
0.0
0.0
0.0
0.0
0.0
0.0
0.0
0.0
0.0
0.0
0.0
0.0
0.0
0.0
0.0
