0.43547530536378115
0.5416887944768985
0.5894848645778014
0.5469994689325544
0.64259160913436
0.8178438661710037
0.5682421667551779
0.6001062134891131
0.4514073287307488
0.48327137546468396
0.4301646309081253
0.4673393520977164
0.47265002655337224
0.3823685608072225
0.38767923526287834
0.28677642060541686
0.27615507169410514
0.201805629314923
0.19118428040361124
0.12745618693574085
0.15932023366967604
0.17525225703664365
0.12745618693574085
0.1009028146574615
0.1009028146574615
0.06372809346787042
0.06372809346787042
0.05310674455655868
0.05310674455655868
0.04779607010090281
0.02655337227827934
0.03186404673393521
0.03717472118959107
0.0
0.005310674455655868
0.005310674455655868
0.010621348911311735
0.010621348911311735
0.010621348911311735
0.005310674455655868
0.0
0.005310674455655868
0.005310674455655868
0.0
0.0
0.0
0.0
0.0
0.0
0.0
0.0
0.0
0.0
0.0
0.0
0.0
0.0
0.0
0.0
0.0
0.0
0.0
0.0
0.0
0.0
0.0
0.0
0.0
0.0
0.0
