0.2920870950610727
0.403611258629846
0.43547530536378115
0.6160382368560807
0.5682421667551779
0.6903876792352628
0.5947955390334572
0.6266595857673924
0.5469994689325544
0.6479022835900159
0.5788635156664896
0.5310674455655868
0.5735528412108337
0.43547530536378115
0.4142326075411577
0.35581518852894317
0.3133297928836962
0.22835900159320233
0.2920870950610727
0.15932023366967604
0.15932023366967604
0.1009028146574615
0.07434944237918215
0.1009028146574615
0.05310674455655868
0.05310674455655868
0.03186404673393521
0.02124269782262347
0.03186404673393521
0.010621348911311735
0.010621348911311735
0.015932023366967606
0.010621348911311735
0.010621348911311735
0.0
0.005310674455655868
0.0
0.0
0.0
0.0
0.0
0.005310674455655868
0.0
0.0
0.0
0.0
0.0
0.0
0.0
0.0
0.0
0.0
0.0
0.0
0.0
0.0
0.0
0.0
0.0
0.0
0.0
0.0
0.0
0.0
0.0
0.0
0.0
0.0
0.0
0.0
