0.26022304832713755
0.3823685608072225
0.4514073287307488
0.7010090281465746
0.7116303770578863
0.5947955390334572
0.5841741901221454
0.807222517259692
0.6372809346787042
0.5257567711099309
0.5310674455655868
0.4301646309081253
0.562931492299522
0.43547530536378115
0.2655337227827934
0.2708443972384493
0.33457249070631967
0.2655337227827934
0.22835900159320233
0.21773765268189058
0.22835900159320233
0.07434944237918215
0.12214551248008497
0.10621348911311736
0.06903876792352628
0.03717472118959107
0.02655337227827934
0.03186404673393521
0.03186404673393521
0.015932023366967606
0.0
0.010621348911311735
0.015932023366967606
0.015932023366967606
0.005310674455655868
0.0
0.0
0.005310674455655868
0.005310674455655868
0.0
0.0
0.0
0.0
0.0
0.0
0.0
0.0
0.0
0.0
0.0
0.0
0.0
0.0
0.0
0.0
0.0
0.0
0.0
0.0
0.0
0.0
0.0
0.0
0.0
0.0
0.0
0.0
0.0
0.0
0.0
