0.20711630377057885
0.28677642060541686
0.47265002655337224
0.45671800318640465
0.6001062134891131
0.6903876792352628
0.7488050982474774
0.7275624004248539
0.64259160913436
0.5682421667551779
0.6479022835900159
0.6001062134891131
0.5735528412108337
0.38767923526287834
0.40892193308550184
0.40892193308550184
0.2973977695167286
0.2336696760488582
0.2655337227827934
0.12745618693574085
0.13807753584705257
0.17525225703664365
0.11152416356877323
0.06903876792352628
0.05310674455655868
0.03186404673393521
0.010621348911311735
0.010621348911311735
0.02124269782262347
0.005310674455655868
0.015932023366967606
0.0
0.0
0.0
0.005310674455655868
0.0
0.0
0.0
0.0
0.0
0.0
0.0
0.0
0.0
0.0
0.0
0.0
0.0
0.0
0.0
0.0
0.0
0.0
0.0
0.0
0.0
0.0
0.0
0.0
0.0
0.0
0.0
0.0
0.0
0.0
0.0
0.0
0.0
0.0
0.0
