0.16994158258098777
0.32395114179500795
0.3983005841741901
0.5416887944768985
0.6266595857673924
0.7222517259691981
0.7169410515135421
0.6001062134891131
0.5310674455655868
0.6372809346787042
0.7010090281465746
0.6266595857673924
0.6160382368560807
0.5098247477429634
0.33457249070631967
0.40892193308550184
0.38767923526287834
0.23898035050451405
0.21773765268189058
0.09559214020180562
0.1646309081253319
0.10621348911311736
0.04779607010090281
0.08497079129049388
0.03717472118959107
0.04779607010090281
0.04248539564524694
0.015932023366967606
0.015932023366967606
0.010621348911311735
0.005310674455655868
0.005310674455655868
0.005310674455655868
0.0
0.0
0.0
0.0
0.0
0.0
0.005310674455655868
0.0
0.0
0.0
0.0
0.0
0.0
0.0
0.0
0.0
0.0
0.0
0.0
0.0
0.0
0.0
0.0
0.0
0.0
0.0
0.0
0.0
0.0
0.0
0.0
0.0
0.0
0.0
0.0
0.0
0.0
