0.43547530536378115
0.5151354221986192
0.7169410515135421
0.5735528412108337
0.6266595857673924
0.5682421667551779
0.5469994689325544
0.5788635156664896
0.5469994689325544
0.49389272437599574
0.4992033988316516
0.5416887944768985
0.3983005841741901
0.3451938396176314
0.45671800318640465
0.3133297928836962
0.2655337227827934
0.21242697822623471
0.16994158258098777
0.17525225703664365
0.18587360594795538
0.11152416356877323
0.1168348380244291
0.10621348911311736
0.09028146574614976
0.08497079129049388
0.03186404673393521
0.03717472118959107
0.04779607010090281
0.04779607010090281
0.02655337227827934
0.02124269782262347
0.010621348911311735
0.02655337227827934
0.02124269782262347
0.015932023366967606
0.010621348911311735
0.0
0.015932023366967606
0.0
0.005310674455655868
0.005310674455655868
0.0
0.0
0.0
0.0
0.0
0.0
0.0
0.0
0.0
0.0
0.0
0.0
0.0
0.0
0.0
0.0
0.0
0.0
0.0
0.0
0.0
0.0
0.0
0.0
0.0
0.0
0.0
0.0
