0.3133297928836962
0.3983005841741901
0.5151354221986192
0.5098247477429634
0.6532129580456718
0.6213489113117365
0.6319702602230483
0.64259160913436
0.6213489113117365
0.5788635156664896
0.605416887944769
0.5204460966542751
0.44609665427509293
0.43547530536378115
0.42485395645246943
0.40892193308550184
0.2496016994158258
0.3505045140732873
0.201805629314923
0.15932023366967604
0.1327668613913967
0.1009028146574615
0.07434944237918215
0.09028146574614976
0.07434944237918215
0.08497079129049388
0.02655337227827934
0.05841741901221455
0.015932023366967606
0.010621348911311735
0.015932023366967606
0.010621348911311735
0.010621348911311735
0.0
0.0
0.005310674455655868
0.0
0.0
0.0
0.0
0.0
0.0
0.0
0.0
0.0
0.0
0.0
0.0
0.0
0.0
0.0
0.0
0.0
0.0
0.0
0.0
0.0
0.0
0.0
0.0
0.0
0.0
0.0
0.0
0.0
0.0
0.0
0.0
0.0
0.0
