0.5204460966542751
0.6001062134891131
0.5363781200212426
0.6532129580456718
0.6213489113117365
0.4885820499203399
0.5204460966542751
0.6372809346787042
0.5523101433882103
0.5045140732873075
0.5204460966542751
0.3929899097185342
0.42485395645246943
0.41954328199681357
0.33457249070631967
0.3133297928836962
0.36112586298459903
0.20711630377057885
0.15932023366967604
0.16994158258098777
0.20711630377057885
0.11152416356877323
0.13807753584705257
0.07966011683483802
0.08497079129049388
0.03186404673393521
0.06372809346787042
0.06903876792352628
0.03186404673393521
0.04248539564524694
0.04779607010090281
0.015932023366967606
0.02124269782262347
0.010621348911311735
0.02124269782262347
0.03186404673393521
0.015932023366967606
0.02655337227827934
0.005310674455655868
0.0
0.0
0.005310674455655868
0.0
0.0
0.0
0.0
0.0
0.0
0.0
0.0
0.0
0.0
0.0
0.0
0.0
0.0
0.0
0.0
0.0
0.0
0.0
0.0
0.0
0.0
0.0
0.0
0.0
0.0
0.0
0.0
