0.18587360594795538
0.32395114179500795
0.5098247477429634
0.5416887944768985
0.6160382368560807
0.6372809346787042
0.685077004779607
0.6001062134891131
0.764737121614445
0.7010090281465746
0.5363781200212426
0.5523101433882103
0.5098247477429634
0.47265002655337224
0.40892193308550184
0.2708443972384493
0.30801911842804036
0.28677642060541686
0.21242697822623471
0.201805629314923
0.17525225703664365
0.10621348911311736
0.10621348911311736
0.07966011683483802
0.03717472118959107
0.05310674455655868
0.010621348911311735
0.03717472118959107
0.015932023366967606
0.010621348911311735
0.005310674455655868
0.015932023366967606
0.005310674455655868
0.010621348911311735
0.005310674455655868
0.0
0.0
0.0
0.0
0.0
0.0
0.0
0.0
0.0
0.0
0.0
0.0
0.0
0.0
0.0
0.0
0.0
0.0
0.0
0.0
0.0
0.0
0.0
0.0
0.0
0.0
0.0
0.0
0.0
0.0
0.0
0.0
0.0
0.0
0.0
