0.24429102496016994
0.3027084439723845
0.4514073287307488
0.4514073287307488
0.5841741901221454
0.6638343069569835
0.6691449814126393
0.7753584705257567
0.5894848645778014
0.6213489113117365
0.7063197026022304
0.5841741901221454
0.5947955390334572
0.4142326075411577
0.4301646309081253
0.28677642060541686
0.3292618162506638
0.281465746149761
0.281465746149761
0.16994158258098777
0.14338821030270843
0.08497079129049388
0.08497079129049388
0.06372809346787042
0.05841741901221455
0.03717472118959107
0.02655337227827934
0.010621348911311735
0.005310674455655868
0.010621348911311735
0.02655337227827934
0.005310674455655868
0.010621348911311735
0.0
0.0
0.0
0.0
0.0
0.0
0.0
0.0
0.0
0.0
0.0
0.0
0.0
0.0
0.0
0.0
0.0
0.0
0.0
0.0
0.0
0.0
0.0
0.0
0.0
0.0
0.0
0.0
0.0
0.0
0.0
0.0
0.0
0.0
0.0
0.0
0.0
