0.18587360594795538
0.3451938396176314
0.44078597981943707
0.562931492299522
0.685077004779607
0.6585236325013276
0.64259160913436
0.5788635156664896
0.6797663303239511
0.5735528412108337
0.5894848645778014
0.5894848645778014
0.5947955390334572
0.4779607010090281
0.42485395645246943
0.3983005841741901
0.3292618162506638
0.22304832713754646
0.22835900159320233
0.1486988847583643
0.19118428040361124
0.09559214020180562
0.06372809346787042
0.06903876792352628
0.05841741901221455
0.04248539564524694
0.02124269782262347
0.04779607010090281
0.02655337227827934
0.015932023366967606
0.0
0.0
0.005310674455655868
0.0
0.0
0.0
0.005310674455655868
0.0
0.0
0.0
0.0
0.0
0.0
0.0
0.0
0.0
0.0
0.0
0.0
0.0
0.0
0.0
0.0
0.0
0.0
0.0
0.0
0.0
0.0
0.0
0.0
0.0
0.0
0.0
0.0
0.0
0.0
0.0
0.0
0.0
