0.35581518852894317
0.4779607010090281
0.5469994689325544
0.5257567711099309
0.6638343069569835
0.6372809346787042
0.64259160913436
0.7063197026022304
0.5788635156664896
0.5204460966542751
0.5363781200212426
0.5257567711099309
0.40892193308550184
0.3451938396176314
0.33457249070631967
0.33457249070631967
0.281465746149761
0.22304832713754646
0.24429102496016994
0.1964949548592671
0.1327668613913967
0.1009028146574615
0.15932023366967604
0.10621348911311736
0.09028146574614976
0.07434944237918215
0.05841741901221455
0.03717472118959107
0.02124269782262347
0.02655337227827934
0.02124269782262347
0.02124269782262347
0.02655337227827934
0.015932023366967606
0.005310674455655868
0.005310674455655868
0.005310674455655868
0.005310674455655868
0.0
0.0
0.0
0.0
0.0
0.0
0.0
0.0
0.0
0.0
0.0
0.0
0.0
0.0
0.0
0.0
0.0
0.0
0.0
0.0
0.0
0.0
0.0
0.0
0.0
0.0
0.0
0.0
0.0
0.0
0.0
0.0
