0.3770578863515666
0.4992033988316516
0.64259160913436
0.6160382368560807
0.6638343069569835
0.5947955390334572
0.5416887944768985
0.6372809346787042
0.5098247477429634
0.5310674455655868
0.4620286776420605
0.5416887944768985
0.42485395645246943
0.43547530536378115
0.3451938396176314
0.33457249070631967
0.3186404673393521
0.21242697822623471
0.1486988847583643
0.19118428040361124
0.12214551248008497
0.16994158258098777
0.1168348380244291
0.12214551248008497
0.09028146574614976
0.04779607010090281
0.04779607010090281
0.05310674455655868
0.03717472118959107
0.005310674455655868
0.015932023366967606
0.05841741901221455
0.02655337227827934
0.02124269782262347
0.010621348911311735
0.010621348911311735
0.0
0.010621348911311735
0.005310674455655868
0.0
0.0
0.0
0.0
0.0
0.0
0.0
0.0
0.0
0.0
0.0
0.0
0.0
0.0
0.0
0.0
0.0
0.0
0.0
0.0
0.0
0.0
0.0
0.0
0.0
0.0
0.0
0.0
0.0
0.0
0.0
