0.5735528412108337
0.5735528412108337
0.6213489113117365
0.5682421667551779
0.5310674455655868
0.4885820499203399
0.6107275624004248
0.5576208178438662
0.5045140732873075
0.5045140732873075
0.5576208178438662
0.4514073287307488
0.3451938396176314
0.33457249070631967
0.3823685608072225
0.2973977695167286
0.33457249070631967
0.26022304832713755
0.19118428040361124
0.15932023366967604
0.1646309081253319
0.13807753584705257
0.1168348380244291
0.1168348380244291
0.11152416356877323
0.1168348380244291
0.09559214020180562
0.04779607010090281
0.03717472118959107
0.05841741901221455
0.03186404673393521
0.02124269782262347
0.010621348911311735
0.02124269782262347
0.02124269782262347
0.02655337227827934
0.010621348911311735
0.005310674455655868
0.0
0.0
0.0
0.0
0.0
0.0
0.0
0.0
0.0
0.0
0.0
0.0
0.0
0.0
0.0
0.0
0.0
0.0
0.0
0.0
0.0
0.0
0.0
0.0
0.0
0.0
0.0
0.0
0.0
0.0
0.0
0.0
