0.4673393520977164
0.49389272437599574
0.6213489113117365
0.6638343069569835
0.6797663303239511
0.5523101433882103
0.6744556558682953
0.5098247477429634
0.42485395645246943
0.6107275624004248
0.36112586298459903
0.403611258629846
0.47265002655337224
0.33457249070631967
0.4142326075411577
0.3292618162506638
0.33457249070631967
0.2655337227827934
0.18587360594795538
0.201805629314923
0.12745618693574085
0.13807753584705257
0.13807753584705257
0.09028146574614976
0.03717472118959107
0.1009028146574615
0.05310674455655868
0.06372809346787042
0.06903876792352628
0.02124269782262347
0.010621348911311735
0.02124269782262347
0.02655337227827934
0.02124269782262347
0.02124269782262347
0.010621348911311735
0.02124269782262347
0.010621348911311735
0.005310674455655868
0.005310674455655868
0.005310674455655868
0.0
0.0
0.0
0.0
0.0
0.0
0.0
0.0
0.0
0.0
0.0
0.0
0.0
0.0
0.0
0.0
0.0
0.0
0.0
0.0
0.0
0.0
0.0
0.0
0.0
0.0
0.0
0.0
0.0
