0.5788635156664896
0.6797663303239511
0.6691449814126393
0.5735528412108337
0.5788635156664896
0.5682421667551779
0.4992033988316516
0.5257567711099309
0.4673393520977164
0.42485395645246943
0.44609665427509293
0.41954328199681357
0.4620286776420605
0.33457249070631967
0.281465746149761
0.2920870950610727
0.37174721189591076
0.27615507169410514
0.22304832713754646
0.16994158258098777
0.15400955921402018
0.14338821030270843
0.1646309081253319
0.09559214020180562
0.07966011683483802
0.07966011683483802
0.06903876792352628
0.07966011683483802
0.04779607010090281
0.04248539564524694
0.04779607010090281
0.02124269782262347
0.010621348911311735
0.04779607010090281
0.015932023366967606
0.02124269782262347
0.015932023366967606
0.0
0.0
0.010621348911311735
0.005310674455655868
0.0
0.0
0.005310674455655868
0.0
0.0
0.0
0.0
0.0
0.0
0.0
0.0
0.0
0.0
0.0
0.0
0.0
0.0
0.0
0.0
0.0
0.0
0.0
0.0
0.0
0.0
0.0
0.0
0.0
0.0
