0.2655337227827934
0.3664365374402549
0.5363781200212426
0.5257567711099309
0.5576208178438662
0.6001062134891131
0.5788635156664896
0.6160382368560807
0.6372809346787042
0.7912904938927243
0.6638343069569835
0.49389272437599574
0.5204460966542751
0.40892193308550184
0.36112586298459903
0.42485395645246943
0.3505045140732873
0.26022304832713755
0.1964949548592671
0.17525225703664365
0.1486988847583643
0.1168348380244291
0.09559214020180562
0.05841741901221455
0.06372809346787042
0.02124269782262347
0.02124269782262347
0.02124269782262347
0.010621348911311735
0.02124269782262347
0.02124269782262347
0.015932023366967606
0.005310674455655868
0.015932023366967606
0.005310674455655868
0.0
0.005310674455655868
0.0
0.015932023366967606
0.0
0.0
0.0
0.0
0.005310674455655868
0.0
0.0
0.0
0.0
0.0
0.0
0.0
0.0
0.0
0.0
0.0
0.0
0.0
0.0
0.0
0.0
0.0
0.0
0.0
0.0
0.0
0.0
0.0
0.0
0.0
0.0
