0.48327137546468396
0.5045140732873075
0.5523101433882103
0.605416887944769
0.6107275624004248
0.6744556558682953
0.5576208178438662
0.5310674455655868
0.48327137546468396
0.5682421667551779
0.5310674455655868
0.5416887944768985
0.36112586298459903
0.42485395645246943
0.3027084439723845
0.2973977695167286
0.28677642060541686
0.20711630377057885
0.21773765268189058
0.14338821030270843
0.18587360594795538
0.16994158258098777
0.1646309081253319
0.13807753584705257
0.09028146574614976
0.06903876792352628
0.04248539564524694
0.04248539564524694
0.02124269782262347
0.06372809346787042
0.03186404673393521
0.02655337227827934
0.010621348911311735
0.015932023366967606
0.010621348911311735
0.015932023366967606
0.005310674455655868
0.0
0.005310674455655868
0.005310674455655868
0.0
0.0
0.0
0.0
0.0
0.0
0.0
0.0
0.0
0.0
0.0
0.0
0.0
0.0
0.0
0.0
0.0
0.0
0.0
0.0
0.0
0.0
0.0
0.0
0.0
0.0
0.0
0.0
0.0
0.0
