0.21773765268189058
0.41954328199681357
0.5523101433882103
0.4885820499203399
0.6372809346787042
0.5894848645778014
0.5947955390334572
0.7594264471587892
0.6213489113117365
0.5682421667551779
0.6479022835900159
0.5576208178438662
0.44078597981943707
0.48327137546468396
0.36112586298459903
0.3451938396176314
0.2973977695167286
0.2920870950610727
0.2336696760488582
0.16994158258098777
0.15400955921402018
0.11152416356877323
0.06903876792352628
0.09559214020180562
0.06372809346787042
0.05310674455655868
0.05841741901221455
0.02124269782262347
0.03717472118959107
0.02124269782262347
0.010621348911311735
0.005310674455655868
0.005310674455655868
0.005310674455655868
0.0
0.005310674455655868
0.0
0.0
0.0
0.005310674455655868
0.0
0.0
0.0
0.0
0.0
0.0
0.0
0.0
0.0
0.0
0.0
0.0
0.0
0.0
0.0
0.0
0.0
0.0
0.0
0.0
0.0
0.0
0.0
0.0
0.0
0.0
0.0
0.0
0.0
0.0
