0.33988316516197553
0.44078597981943707
0.5735528412108337
0.5735528412108337
0.6160382368560807
0.5947955390334572
0.6956983536909187
0.7753584705257567
0.6585236325013276
0.4992033988316516
0.4885820499203399
0.4885820499203399
0.44078597981943707
0.35581518852894317
0.3664365374402549
0.28677642060541686
0.22304832713754646
0.22835900159320233
0.19118428040361124
0.17525225703664365
0.16994158258098777
0.11152416356877323
0.1327668613913967
0.1327668613913967
0.08497079129049388
0.06372809346787042
0.07966011683483802
0.05310674455655868
0.02124269782262347
0.03186404673393521
0.005310674455655868
0.02124269782262347
0.02655337227827934
0.005310674455655868
0.005310674455655868
0.02124269782262347
0.005310674455655868
0.010621348911311735
0.005310674455655868
0.0
0.0
0.0
0.0
0.0
0.0
0.0
0.0
0.0
0.0
0.0
0.0
0.0
0.0
0.0
0.0
0.0
0.0
0.0
0.0
0.0
0.0
0.0
0.0
0.0
0.0
0.0
0.0
0.0
0.0
0.0
