1.5096779785111771
0.5903111532772252
1.278184974033878
0.7304217651217012
0.6351552025442151
1.80849598588715
0.8135834148830913
0.682169936763075
1.1774669035534453
1.0951375783984776
0.888088129335721
0.7737916916347648
1.3338381452189079
1.0657177194391863
1.0177100641060157
0.892341354815119
0.49429669159131623
1.333869427844673
1.2281346537330131
1.0094033434511813
0.8191634865517796
0.730603632030257
1.2890237826119402
1.2618111424778664
1.165566814812456
0.5292339992950812
0.4417242309335334
1.2123029043126652
1.3550752400836954
1.2326144157475447
1.1674518093898665
0.38535581043500106
0.7437303793746565
0.08416645247490413
1.583607256600885
1.5327861747418887
1.1990075087236214
0.49278266128362613
0.8645356817518484
1.0196213006358035
0.3605476898553004
1.9339632858217572
1.331952208378113
0.22135424878831303
1.7467567021734733
1.4558728376229062
0.24916483736225692
0.2397069587994149
1.0395703184446297
0.8242809558031973
1.6196360882005025
1.4356128131439552
0.46472001979762184
0.986147416716084
1.6599543453131773
0.19187344055760489
0.9027018309267496
0.9978915761212054
0.7047130125305131
1.8928205422858382
0.5988300766601041
1.0795919303906265
1.1930852575311275
0.7348288494725388
0.950803231859037
0.9414517555396267
0.8759871090430946
0.008759224275288064
1.9352129806467697
1.6962925482169438
0.6267490623527495
0.9766493115981406
0.1389654594580227
1.820014467378976
0.16867914527773242
1.2770388196704472
1.2573416446795416
0.7237416312089261
0.34216321426354673
1.9047833459822983
1.7116554658995256
0.18713507176877506
1.0533920311719838
0.94393181176968
1.8374210220068536
0.6328014268125726
0.1497266085062584
0.5765384908245005
1.0520997089530875
1.4196483047894386
0.978337747821315
1.073645022680822
1.0142679290783854
0.9983124927675873
1.5947812521526081
0.2580601408157781
0.4193128358184128
2.0438993884470102
1.1317887222003071
0.5561956501430627
0.6328665236173312
1.2010050600210458
0.6579414588008434
2.0331645744496334
1.0125483712503023
0.2812578281148816
0.896347887485693
2.829360435160626
0.17740375309528986
0.13477239512581954
1.939199357277074
1.2630079816575264
0.26655718097533904
1.1499298554982897
0.21332131998595533
2.314961341277282
0.042451869280107
1.3065587989900886
0.7001119353679008
1.6377972984848972
0.45941910915748674
0.8777758423781383
1.218221023909847
0.9945900818423526
0.43346952596346017
1.0018762630726885
1.6022116145204317
0.7902172247464805
0.8101447027642789
1.3925193732792893
0.38975834634826845
2.1093104373909686
0.4617002293312154
0.4213686267842192
2.516301290568833
0.019904607615422995
1.1493044996344548
1.0930273493311584
0.4738357944788593
2.524779072368641
0.10742319239956864
0.21664219778487367
1.317710787004073
1.2557773077744034
1.6469709231353802
0.7527386081101076
0.09839823772879042
2.1225975068289302
0.2975996411353856
1.636528451023634
0.9617375092957846
0.5284218341091299
0.05292485140560182
0.18356493133099513
1.476445003694141
1.7401648925164364
0.5115130707544128
1.0370290754579417
1.8774922861770127
0.09948084044916823
1.370865475071014
1.4119062502394597
0.11561714135905676
2.849935039766521
0.043997998730481463
0.03142166546050041
0.8332141248862172
2.113935892016184
1.5523915459435427
0.34188343358365225
0.21890803112882856
2.3643055955940557
0.819392197306623
0.6798194215389218
0.7492817246754186
1.3264331975608468
1.3162576691506218
1.0306584316496696
0.34990929982665736
1.769541590109433
0.10059714071061988
1.5866272611451568
1.3394670759723375
0.20619095887122618
1.637838273078519
1.110916259167891
0.9233550884183004
0.49274099904875024
0.3602114449676984
1.791236476957279
1.4301430298687148
0.2631214285450556
1.9371036754379523
0.9113726897877854
0.4783241108299352
0.6549209274917502
2.6965856501587226
0.6171166422115255
0.0060923499164238695
0.5612423740692147
3.070739686922332
0.6086131730541203
0.3646483753303984
0.6737833426202863
2.6081737880988376
0.7055490771448483
0.22326383919195844
1.4442819734506682
1.3644881295404896
1.366067402591854
0.12911495913922857
0.7601000622481839
2.737498585245658
0.43522601382753695
0.968920709125373
0.04744696364918271
0.2784713806019042
2.9358593258231895
0.007185128899915969
1.2422576731306123
1.9877519006804307
0.05669009895854934
1.5936333464824912
0.23621284983531982
1.1204673866002726
0.47501765492281756
0.8691139492844583
1.0663859164389327
2.117128500269129
0.039225696016310777
1.4100598113717568
0.7677179224983156
0.6639846226224752
2.166316736678947
0.05000437003443109
0.42887899252464656
3.29447644667447
0.26439336471220515
0.41938237302751885
0.9283133569160684
2.993922887895775
0.22416097722449158
0.06761981141153973
2.7277550247809668
1.544720526520345
0.2282865442773128
0.3421334170390393
1.5572322465275181
2.169317134464912
0.07170938569209322
1.3709973923897385
0.7382344260522138
0.330422533381595
0.11484852862848449
2.2155600137672646
1.8215537122173135
0.523810062267574
0.39795737233794465
0.39913821107304903
1.5115793591571391
0.6090319911464359
2.419278612208882
0.31172674984412585
0.058284705720339974
2.490486898974273
0.10862329656265178
1.1578999081217716
1.7305789132408824
0.7779871399894149
0.8315602669742873
0.760496933189372
0.135340810710903
3.0773171536358617
0.47940215731786456
0.212945095789727
3.2135018125935773
0.40164030452583355
0.25144556686863434
1.223674643393313
0.5125131392146703
1.1470437900941466
1.8693427923444774
0.5465648262729365
0.4539160685431528
2.2099405709862117
0.34204842420184256
1.3332546913490997
0.1954034707457876
2.0609663438115726
0.25080627057860644
0.2486227432604585
2.183051484868359
0.3017589078110506
1.3297807532036687
1.3653186945735227
0.9767385522900149
0.7032745196305503
0.8817882762876176
1.8481496661171446
0.20821958645271926
0.06344218432647873
2.5667615642378228
0.6687122781558912
1.3358900931482574
0.22145631231361407
1.0382658480419384
0.786585560225228
0.970229884591702
2.0591084618171775
0.4731096747432209
0.3950006632882199
1.7062225086927247
1.3445320572452202
0.3471602973721766
0.9405078204705203
2.1888610472960686
0.004122406395874318
1.6516631028497086
0.8416042235174611
0.6331223816151353
0.4667036317016987
1.7568602356891818
1.3375501498281186
0.519042013281576
1.66229010919509
0.5125852254837779
0.41701239766831794
1.1239090142098256
0.6451497501587922
2.24129029427159
0.5657392058856681
0.10422566060758026
2.029319090894707
1.3440963305254279
0.5251070118752873
1.136260083891643
1.441126674193547
0.8276530317746016
0.14192316860379967
2.88981991774849
0.37248745918599485
0.1709786512667
2.998661892819778
1.0734114325917659
0.07949333765208029
0.21619640832964004
2.922739882559024
1.2957525047912561
0.11943510180711113
1.5602142850977614
1.1089067718979102
0.0050738067329405894
1.184658686867513
0.6762209599576355
1.9141836447233802
1.361365832904814
0.061873878047425286
1.3086386487882915
1.7579316573576023
0.38661139726434596
0.7814037575470157
1.1837288067056417
1.7024621494858894
0.9877642600742479
0.235280981456771
0.9385192270777429
0.34470403806230276
1.4681820750591494
1.8448235135935436
1.121788404991258
0.15901484297773189
0.2450201951977564
1.7426717276018624
0.6370790809120115
1.7726699462414064
0.2920509568657611
0.6296740529143418
2.0719118391308182
1.6017142579590289
0.25619187705106794
0.532269961399909
0.21960526229690133
0.6389920259130926
1.3894914807353687
1.7583075183707395
0.7250227698783824
0.9833830492476793
0.1358373236404139
1.1818278524961334
1.7927407120565924
1.3457392644237296
0.30674566224862787
0.4827418867404267
1.6398609213101472
0.5658920576825529
2.1808977864881816
0.0611514916932444
0.39478953299890057
1.6752924920675984
1.2697637208365886
0.6823765619065821
1.1281439821693442
0.10221549810403605
1.813646844480739
0.26620815839165934
1.7840660422918617
1.100599703926242
0.607251094908333
0.4404863210142612
1.197996117714903
0.30397646070619827
2.916822401280802
0.2603231952379997
0.17109539642337251
1.5706680214194573
1.5942416013128673
0.21109880601643036
1.8119511118323608
0.14871058883207544
1.1780621536798572
2.463391499826371
0.2843201777404305
0.305738886275285
1.0358911748801725
1.580197903875103
1.4609522512710191
0.31364449758994256
1.637913526308759
0.7170535449697532
0.08929272974765302
0.7992134087367985
3.137615312458693
0.6163328694498375
0.14994011839251434
1.4256003630901204
1.2231303836795397
0.679981274617234
1.7549739657951886
0.10481997289839644
0.8945823288529999
1.408723144386451
1.9910695105886804
0.3256473455688772
0.4128385288341181
0.4121886519413362
0.6150586335942348
2.738328324294054
0.1435454495180512
1.2311234867493261
0.1620236803244715
1.2349796972666185
0.3559711753344774
1.701836151348583
1.7984437378903524
0.21758811588867305
0.8009352263296342
1.2814054779576147
0.7839260638033907
0.1820357909293096
1.8294044572883967
0.7277841027210497
1.2157575829925662
1.1956649261818644
0.7332943493753176
0.6967062974234144
0.8232810463122161
2.000342200698521
1.20908623346955
0.19924146564362033
0.6150023945247222
2.9837152623900978
0.6863322448107929
0.12149304199230355
0.37353521614995544
3.3044615467371345
0.10791704052137364
0.8419616491727778
0.20183115351250663
0.49308440942375237
2.811716254516292
0.5409919799218587
0.9071078033026039
0.8477489676746052
0.6574613240499825
1.899354707471674
0.6145462203299145
0.13733142226131384
1.198598441637884
2.9408086305704826
0.40231690171932444
0.2828899483404429
0.6897435770295114
0.901210584684226
1.5986630274608506
1.2995195742184515
0.6009238735971485
0.3405894525612724
2.9006365067869972
0.2627837594917039
0.3858396339219264
2.092457046369427
1.015353579383258
0.5023307131564018
2.298525949256002
0.13171124672659243
0.0946440386311309
1.1033896753900396
1.7206287345480997
1.1096562502421383
0.8732178913148794
0.32958269617731456
1.3745524221145087
1.768709059381179
0.8262717124519793
0.519454833101993
0.8687345849313348
1.2688677800064916
1.07706016470366
1.1615088455972475
1.1217186242742132
0.5282620326611982
1.054489976796184
1.2169352691435351
0.775862828932145
0.2100584631487224
2.306004537956898
1.246577243825427
0.2990868484759359
0.8163553886937549
1.3396740533248805
0.7708489363608555
1.6744122411664637
0.6469234525163474
0.6562792414170533
1.0513542746144688
1.706347122770333
0.48848390836987515
1.1464840414927497
1.0403268716016283
0.8015504013959536
0.5861604240344717
2.664125395680034
0.3687358300102946
0.07127669806070228
1.2725404842344754
0.8227189930764337
1.4539976659262122
0.9602559869347481
1.167125556958739
1.086629972240085
0.34347287249047087
1.080639449327029
0.9564089520952279
1.8246223854076755
0.6874892225925582
0.5839346142058619
0.7895870236617863
0.7553275035853428
1.1304485374000297
0.966471364615317
2.345285266577687
0.1423817825494251
0.1933875878043195
0.1583922671453035
1.6894654764031167
1.8725624925934277
0.3132034452641211
1.2115166473610448
1.568358017504679
0.5227298284837323
0.7116757639376271
1.6831761937516667
1.0911223855622447
0.32966707748578
0.884295771624355
1.2502478478238614
1.744765768564745
1.1197806322995143
0.06532382163194843
0.598198422349984
2.1146032128912333
1.553734808812572
0.04258579346355758
0.5973038970135531
2.4187512254091086
1.1296958770531744
0.48817385200491303
1.1338412048884083
1.2043009009860555
0.14615977560492752
1.0437323022903067
0.5189826627830356
2.7794944852439314
0.321794579337153
0.09463561503941437
1.8729486366972001
1.416197136801277
1.207319094400175
0.23076814578975718
0.8309059716135646
1.2200311584734669
1.3876606159123723
0.7504156276806355
0.6493429823593327
1.150655791513461
1.6523375951690757
1.1451986300109145
0.06239992876587859
1.4799880701646606
0.5517261189405127
1.639378235895776
0.18650440123145645
0.6722794144299548
3.211121333269762
0.19043934135831417
0.5168958970054186
1.318294497621591
0.7576014926243393
0.6690303790627735
1.926281269128118
0.8494987310426702
0.9178883428907523
0.7333351093407122
1.0027582712792134
0.008133273803628974
2.188304531576692
1.0586450091236084
0.9075133852365933
0.3416490779429346
1.2266480723169848
1.2788650267758095
1.520825587523447
0.4423231859071976
0.4389773438963034
0.24177817057084308
2.3716680177566123
1.6062324319911976
0.33096640756110174
0.33362585340743384
0.4298120240571255
1.898411664994145
0.8753937083567619
1.3628018564414597
0.0998122006390958
2.0904028630956897
0.8651343003207991
0.2958746383608422
0.35936425348729184
0.21217883822057115
2.171679596578167
0.2753466584281786
1.8963710535231928
0.6748042047027109
0.09645738644161038
2.636114221956664
0.3069228194945195
1.079045117151912
1.446669920823599
0.34397934917959544
0.6860384709202376
1.3453000815162064
1.4980129888416718
0.5691223168597256
0.9775928564529179
1.3352702925175999
0.3141007917769853
1.9324912888154993
1.2786105496715394
0.13933368886231592
1.261252578019799
2.1273398606291036
0.2724759888241131
0.948040704429366
1.919645248350801
0.514640735473646
0.5460752351492661
0.03283515164940544
0.8687029135476577
1.3038337238991258
1.7698190506528693
0.8005627132678568
0.82482794664203
0.291531994845168
1.4262072056767614
1.9103905781914676
0.5918109113592366
0.18648479111661165
1.1684154214219964
1.7488378736472867
1.2141258272990583
0.4085547312877419
0.7536603545048569
2.2732757396934162
0.677750310143393
0.6476120988343763
0.6935816308425004
0.4905490016453893
1.2755291984370245
1.1379904892081083
0.8220093297512703
1.2471080250016877
1.0761518669728263
1.3222153506558825
0.10128461390251627
1.894549131463822
0.8432975091410259
0.24578700617577964
2.9422455398926015
0.03065554912153364
0.1376590413369741
2.0986241369255407
1.418915356670378
0.6209078524482905
1.075610045798776
1.5334024638430102
0.46670659635245215
0.590809939396456
1.406793978517759
0.12851982392318406
2.921457888776559
0.30440325274739055
0.1024867445029772
1.2337406814361986
3.304839183976052
0.05257113044626795
0.13166208329975615
1.5442916368094546
0.847310746145107
1.2472163377146517
0.7128589901077029
1.271312651871854
1.0139946252193361
1.4012938289340082
0.5195120681061444
0.4190999334645449
2.134039389724414
1.2014554269103312
0.5030545644845364
0.48740862391735074
1.3592519405806287
1.022964893494152
0.8457095166344889
1.2058382733544653
1.5788010771304677
0.7729755132441839
0.08700870406072483
1.7046537178776906
1.8873642033895734
0.46541920826184024
0.6353583248722514
1.8115456970941868
0.09654292689399314
1.1221025819717338
0.9537505482154373
1.8653357467749445
0.33665649513674034
0.716207627360457
0.6030959425488731
1.1187853024199583
2.3999167008474322
0.2340214361210589
0.6478040784789255
0.885690001016241
1.8125562125172932
0.4415229823506097
1.3518628517510107
0.9424552350203051
0.24877011672851612
1.2211661996506415
2.5261708526719104
0.24995037708855428
0.654087482455215
0.5854216696296091
1.3765258049388958
0.20856385891630805
1.9897381548349808
0.43036128451426436
1.01069033100624
1.3017211831327407
1.082082833039438
0.8150554081347059
1.4462348128545326
0.4691479224942775
0.7054653597230507
0.856939608791225
1.6521557154070792
0.6978830681560433
0.1704704487218284
3.0829863100854458
0.5967876440947304
0.10003589118256942
2.039144006745874
1.0361266129928097
1.1049746399926528
0.8808579230098723
0.7352327020151617
0.06141976729771512
0.8399989141966286
1.7022036797332827
1.896744775024709
0.4121543875647444
0.040229796009453124
1.8657169227398154
1.1576014447933907
0.7378836457237498
1.4464641535076113
1.0881019451892733
0.98054156893867
0.09458108394106544
1.1387425824775697
2.483122770674576
0.043771960075793225
0.6862228629298962
2.7339565222822197
0.6450910373889598
0.45798415673546
1.2409893200804918
1.2379916790018384
0.6964821592978783
0.9553079114944003
0.9328212456203516
1.1842677595236144
1.3019820369555206
0.5679124047320006
1.3697922500906734
1.9296517355563778
0.048663081388007
0.008181763963619734
2.1182307776214526
1.4944009365536906
0.8034845683186116
0.3466854920449739
2.036839950293548
1.2352232616505323
0.328035086697443
0.7872015463795834
0.9409303301334512
0.8845925912641601
0.786044540645294
1.5321341209712023
1.5275269943763032
0.4483866388043467
1.285153520437724
0.04885469634381274
0.7569566557425182
0.7999534472524461
1.3553677000797995
1.6022720358760536
0.5590668269077677
0.26039314904651456
1.7590129556528302
1.7524298251128647
0.45424522594606626
1.1775082957115235
0.8150181370209088
0.7710946756348592
0.5740959178183748
0.85492898599352
1.3846881901840904
1.8194488887421743
0.11721486850301543
0.9530322468993305
1.12262645820032
2.0501417407323603
0.36618192383861115
0.2848277815503105
2.1357029907728022
0.5078516080103848
0.34800490055372996
1.4866085375258997
0.7999309916103748
1.7145603234335443
0.8951017346675528
0.1274458442096945
1.597911856791279
0.5307347543752478
1.98786654448351
0.5176835226172183
0.7023150700720479
0.5102869846216069
1.5162747587289835
0.06927598499319032
1.9522934221035846
0.3445550140917321
0.9582947897026253
0.5010311795197931
2.5284009105742693
0.4828680903325909
0.24306344834235047
1.263002840488417
1.1500191634523744
1.4964768865809337
0.9698666323313153
0.4914346319156952
0.3685231272682205
1.9072073797772988
0.8084546022174326
1.1526450507101496
0.05269924164210024
1.574900550634761
1.1546473522814067
1.306443251717728
0.9041236931917225
0.10799465450639321
1.8935488488212298
0.5814081373430734
1.0152692192825254
0.05186964237914142
2.293822784941919
0.7201871076401786
0.7493909857177082
0.78501019642011
1.979697212836485
0.1573101819104831
1.4454596078879685
0.28642709739983113
0.3294593913490772
1.9116013598857864
0.8794956105993679
1.3429254966053996
0.20742897442278393
0.6049123262255324
2.5031820596428846
0.5704782030474685
0.8642781922142634
1.223634296605189
0.40882335496875294
2.233592703524261
0.5018192616095254
0.3563222484133874
0.7539098511625507
3.0308296036471103
0.08887624914377591
0.3092466272934441
2.215131095286554
1.1365036701094557
0.7143034089924026
1.0427912695597787
0.6149873472834906
0.5542951946950602
1.826237542905517
0.9004892546101496
0.9905305498904766
0.7248627444525289
0.9736065883971449
1.5240620445388813
0.4913685231456789
1.7802426718593285
0.5629636017440323
0.4387061077441431
1.5518150185124806
0.5911381347687885
1.5698145371188197
0.9413273400372227
0.7684576544965628
0.370181638835052
1.3123674887869534
0.7479442157266932
0.7677961075118646
1.6293349115960165
1.0386521407267146
1.0456251020969507
0.31734420568777433
1.0665712665320832
2.9088966524110624
0.23071523892748944
0.03205184614210224
3.1947774469189465
0.6700214862927419
0.19406451121149484
1.452405638760348
1.2001628596788891
1.211585256217593
0.9085402209332867
1.487614181711961
0.056243298898098766
0.03436901468529684
0.7304957440611985
1.635155700849253
1.6674555762764578
0.579895035003519
0.542029175502836
1.114772799815513
0.7242945407610311
2.216491817951542
0.5921267227850981
0.6282672955574585
0.5728187717956232
1.1896088344907652
0.8155220932143594
0.6360803842520206
2.454899797620128
0.7069324412841609
0.19240986776357058
1.685830981863039
2.133896435692554
0.045889616643957895
0.11393693890290012
0.6834398680999226
0.671649823156682
1.2162260523742574
2.533496342373771
0.4189258995275973
0.05607678076398363
2.8874730588249506
0.37379121409635285
0.36394678436366174
1.5371584806943102
1.3126032301691253
0.8155650590781202
1.0763696618425758
1.0919683139686396
0.44135665940115637
1.6665847725901384
0.6208840993237608
1.4669487184756618
0.7843844297928473
0.6293804279597832
0.6645876325347803
1.1998452422925965
0.7328790935978928
0.44612309726036986
2.7846338851380223
0.1657438789334308
0.7062385043591152
1.5154158367571897
1.099231146270751
1.295685656211053
0.39820166350452413
0.6039364478314434
1.0123856237648785
1.1586203960850878
1.2270251903645946
1.1755559497435655
0.8370027547615448
0.4855528650589013
2.2134014116915313
0.3376050717961985
0.6843406219900864
0.5758624089910557
1.7793025170981112
1.2561119425674396
0.40386030060017547
1.4234399420118728
0.2608040825883762
1.0336780971719586
1.9968364670287633
0.6889995595718089
0.9208798363512799
0.5716354958274765
0.6217628860711859
2.148499535087843
0.9992946461603023
0.46249713363738243
1.5672630492729214
1.4078612344180008
0.09681142922778684
0.4950491649335034
0.08645940429266528
2.6260999254955344
1.3334976454900536
0.48163408433743965
0.34495565558321295
1.9794071205589583
1.308941388967636
0.12195662502415715
1.61998584625883
1.1555922793444835
0.06596479868973493
1.9671277987025455
0.9087690845178074
1.0875888738066786
0.9098713399731515
0.5768451876022047
1.1233330184324288
1.242316189689618
1.0401152437413235
0.8472937732769418
0.3969320830104487
2.9009709154575876
0.24242305953510704
0.22334993416681537
1.333736117492526
0.42152541053576204
1.2471875020049121
1.6265694899712562
1.1697725810785968
0.6627917520397446
0.3134444185540811
1.6611354084140584
1.5912352585602185
0.2676059496904271
1.323838532858552
0.5470300007346265
0.2943560471334981
2.399142479357251
1.142280377932432
0.4848999467888274
0.5568085399746068
2.738759178621102
0.38853963688387055
0.06940293270553685
2.8774469629974373
0.29590124922787286
0.9029011852182626
1.9495915031111453
0.828495677365211
0.10284566471881093
1.0114941561976072
1.187020773664736
1.2540652596998283
1.3797448683100988
0.30598215257950684
1.0343365954445725
1.9983869562255314
0.7401817220589452
0.46590796436263476
0.6940585001227378
1.871682132238473
1.543552143756329
0.10539154069815729
0.7556968317583639
2.7648648817458734
0.15060379424523682
0.5393580903772875
2.8777036947665655
0.17613029468898792
0.7981657419131799
0.27416960947727476
2.2625233991848863
1.4418795052524886
0.012179214874120617
0.9729958236068075
2.429053885872426
0.46019454312835056
0.455190977017185
2.6443366041644807
0.43576411101320767
0.5348871347038662
1.1611409293186257
1.1102407687056963
0.4458683523047671
2.412009694074208
0.40569700049612467
0.10446466507074684
2.5874972650142514
0.5736836711661676
1.1121300333853947
1.243204672963999
0.43285501134617244
0.7371875711029382
1.6859899877905355
0.16957490447580367
1.8384750965864571
1.042087850316205
0.4450695062244329
1.514735895969728
0.20617831163029587
1.0718581889344658
2.306849514574366
0.35718520457746183
1.2876918153943095
0.35049395216491896
0.3085478490891188
0.9209632540571918
1.1351306424528058
1.366149618716206
1.4931691429999645
0.6323191583718936
0.38182158610552036
1.6431185874294227
1.3926836445715938
0.35142512679689764
0.7210967646637669
0.9394390794065798
1.6292729622339839
0.5842269214028684
1.4176141525000197
1.3147560433872796
0.7425399707199873
0.02802568178201546
0.49328743973740424
2.2066968454732407
1.6241184337080363
0.5051370907196158
0.44733792941682976
0.6982829050779356
1.8623122048134848
0.7853876397157838
0.46848205556755596
1.4398696148445418
2.018174495431815
0.5027922387104509
0.3442969482659943
1.2633678884548867
0.2842976377535291
1.7629534965061806
1.6057599435101266
0.602321365990807
0.23869756635065564
1.2220371393706817
2.4406905765347773
0.26797706193816495
0.850211224858561
0.48678077855198093
0.9490677730366938
1.2423686691341944
1.3589376876019372
0.8147083270666811
0.7250278087811112
0.38085232043652445
2.8986262934152727
0.4106011822789053
0.43462181407238737
0.0017267798933150332
2.522635789442143
1.761421431202444
0.023728691906017025
0.8411829090255263
2.3208099285477073
0.3484140827992122
0.7772454415115325
0.24578802555997567
2.462185509857953
1.0516463431030891
0.2561014986159736
1.2084296566441985
2.0154437821788185
0.7830994421256772
0.4298371827808662
0.7077777876753331
0.10261869800537494
0.9727317696127128
1.439601991951254
1.7901564284102618
0.2309460943607629
0.7538956675274902
2.4958227868401166
0.3073993210250864
0.8997542715531606
1.4887972011862807
0.5793295797662813
0.7377958543405496
1.5473005954378432
0.3084411744045977
1.398609322368948
1.2892865696521476
0.9964490463602322
1.044983120415645
0.3027581485102527
1.378014016043979
1.0618766014442735
1.3459385253144887
0.38760134686383096
1.5107263574388734
0.29743186204358657
0.5746399646884859
2.3206726945730884
0.38055630159458537
1.069011638789091
0.8229629701322303
0.7903366744141166
2.1700744573724244
0.95807771561341
0.16357732908629855
1.1167754000244388
1.073425780777656
0.13565962515270366
1.2782054572682422
0.6740428355238491
1.7654861214879014
0.5784609664003119
1.1631559473552902
1.4333470322106632
0.7303846633831672
0.14331023730774303
1.245515727663671
0.65330020944332
2.2774581527330096
0.5774110113063365
0.5445842442833396
1.1529268188382442
0.40854267803077077
0.4610319291967078
1.1401869694758437
1.496257423386105
0.8704448163144299
0.9859013217498714
1.007360055321245
1.1092994677012962
1.9151454451024348
0.09793981125607704
0.07166285954532388
3.0621944436393544
0.47209741843576863
1.0453727774637698
0.3835464113825026
0.4085275442112097
3.296510432555749
0.20227362153479436
0.4412763527818473
0.8009086272022973
1.3556738530663124
1.786429401008559
0.5683354768879082
0.8021448789482017
0.9159838458453075
0.3826896792859433
1.2223084895824992
1.7531762024479205
0.5814584612918545
0.8014808123621119
2.218792389297541
0.23918227391116514
0.7559725063886978
1.9749114904553935
0.18259246341651122
1.3361058728726274
0.5770442780005066
1.2634371802816675
1.8023097678547406
0.3500668640638172
0.6310165549417711
1.7598807041443258
0.87508859412132
0.4614643588709696
1.7489658772050534
1.1960060404917459
0.6138504343318797
0.5791648356837402
1.7097926052963368
0.7249723968651387
1.2592324858529327
0.4739751112571183
0.8914154269665734
2.0185698711858535
0.18758643093906688
1.1962303734995803
1.8392392821220367
0.36969378834890304
0.3670591847735097
2.661442821048349
0.21786569873972958
1.461445621013762
0.3912067354673991
0.5353533170039413
0.3345824813762058
2.179778316073085
0.5232035112758809
0.9777754609770081
1.428807669007176
0.3433216205223881
1.200355129369407
1.8802693479721682
0.3901952572836262
0.29791613463245575
2.945422321624449
0.8961015406038487
0.3395640782884254
0.6838325143060447
1.8087019978506027
0.8848459319427509
0.7499700643950428
0.27473408548646877
1.825153253004311
1.1930390684734338
0.8259819418388906
0.47947195924748415
0.9997920266034311
1.9779036833882901
0.9556832882298121
0.2737085201747846
1.855774336412328
0.4183754664760932
0.8791726873547188
2.3765357869285992
0.3390649132311957
0.3444127840006873
1.0406591283574906
1.1922697415817007
0.7625256113527143
0.5522262740771423
2.0243638247225575
0.836764770181655
0.9099695906048819
0.5081967849225
1.508136215422515
0.5870176210804403
1.3924511723691877
0.9869625857963211
0.8617706886249774
1.2380107857804894
1.2269637524500123
0.19431080385145064
0.8706563663099774
1.550953878162227
0.20777853104446212
0.02517153558470834
2.3698879444186494
2.113755771788656
0.11076757598510256
0.6072028960961023
1.5819022003280805
1.3334448086424855
0.5158991389672164
1.2151409272384537
0.3481379736024198
1.3172015349748565
1.0084616572541178
1.420254244745898
0.285285527076854
1.2051738386671373
0.9920084865503898
1.4880189088845668
0.226591299125802
1.239508243214072
1.305627187062881
1.3414828968746473
0.6779044630378143
0.020928721369520797
2.1080475828256615
1.2089609372636436
0.6784648762200719
0.6284095533832509
2.0533846121252863
0.42853496648790884
0.5734207187527718
1.6081312031527557
0.19565287419771768
1.178621612037942
1.3221817013500434
1.5489505745654932
0.1368779019585464
1.1640361469726328
1.951732761754211
0.5135707623770047
0.7580415808706215
1.3466347626303976
1.4706362899228032
0.4290931083969275
0.3893732321536063
2.7404057448623833
0.40117372816629815
0.19218440747229323
3.963617751503784
0.06793503415146455
0.13792917757065362
0.4178699422469374
0.2877504677870402
1.8161350064304151
1.994418324381312
0.7049611164020182
0.47436417243377704
0.08621768897006242
0.3393497469518799
1.1475366903391169
1.7709139531773752
1.0802631941616814
0.3566815703954138
1.2280467694336514
1.7377699184594024
0.5661649359606429
1.1170154516290647
0.5774277537084231
1.4041206795720576
1.172628331281579
0.16987321644207812
1.2916371253675472
1.8599308540727881
0.5480337242878668
1.0651853222556389
1.4050762899345082
0.8022142904490512
0.48011833847812957
0.836547377064193
0.06029992040119061
2.578698745825757
1.2954129107712955
0.33434445237946175
0.3313727185345074
1.7488064726107861
0.9713294942157674
0.9562403601568354
1.4252940972016692
0.24666425670262257
1.7494096626700828
0.6694108631192791
0.9195206254578814
0.3928970409736082
1.392834932347196
1.8351255623463656
0.6310180897420224
0.4663109894057008
0.20508066551777338
2.120466705373922
1.914932604654197
0.2712724194083967
0.69316016504649
0.5239290091602248
1.8583952954522878
0.8054645581326851
0.22185043793320042
2.4735790502161996
0.9805871016573131
0.6135412149159427
0.4184995801179344
0.11757928581656873
1.2912654461030193
1.0786860144109403
1.4392701943612785
1.2552183288813823
0.45536082420536833
1.0572171627432057
0.18264487044416344
2.3767725554528223
0.3803197453086085
0.5774020123271586
1.530566176938096
0.6990252764410292
1.501295060082757
1.0972910941137848
0.5350199159192627
1.3675036118805455
0.7858343442259199
0.406519249917947
1.5096549174460483
1.5439086965414592
0.21161059592855172
1.252085317938979
2.1608171132095113
0.5991852944244519
0.1596505821245645
1.355440303868402
1.6706232337874436
0.5946181616615325
0.8981533679171709
1.2035560840528994
0.9688578385554202
0.9675773177646664
1.6162094730397203
0.717691297916081
0.17085398699139892
1.477627471336296
0.6750863096117381
2.007604539173157
0.474889203792094
0.64360008974778
0.6624562994180009
1.6865851456387098
0.31316122882927533
1.6367649653036158
0.7914849769197729
0.9389583127084262
0.8485741261966184
0.867928307668186
1.3333599711421869
0.714846823064836
1.0102648486463195
0.7059787800642385
1.315979826370114
1.5356207011146352
0.7495268546961172
0.5458646222254792
1.5716588355289003
0.5779485607410548
0.3972268595098865
1.3688062534422067
1.7242088870116346
0.7999402001257295
1.2779964373739967
0.08282244051161503
0.5509041209544284
1.7831483891226223
1.2232346925831898
0.9336994588208257
1.0654035619976479
0.4361344999762385
1.0233202844504397
1.3771204218941975
0.8831745274623561
0.8761915397130549
0.9304567308155508
1.4959981742082857
1.2261423536625775
0.3677698692394176
0.6384860178663946
1.2342376460050235
0.7855122489549239
1.7551928306037767
0.8724640291174245
0.7912693751770865
0.5920085966630814
0.9711928847647177
1.7034162197845302
0.2343443407538477
0.9705566215208157
1.3862670874951761
1.1093167843388703
1.500962082821016
0.5634520138983804
0.15931318830167332
1.7684073237315607
0.5970240933926559
0.6613670272130044
2.5150806109531305
0.9262575482113278
0.09260873828095728
1.8542695139585867
0.6965672504283249
0.22479489202835193
2.7010928598413435
0.48361366797413835
0.16439340568829897
1.9762356581842155
1.2350725815653703
1.2056774402863164
0.23610004718628624
0.7619819168434129
2.1884578214463346
0.36738093453912096
0.9347341859651684
1.4799196385018636
0.7650338671022996
0.5014853475951938
1.4421413469832303
1.562518286362204
0.8314390636598211
0.428917232337967
1.682853692453008
0.20609463093279298
1.1607468082512258
1.5674010744474045
1.1940561449305545
0.49236478995215854
0.8993343693736581
1.165189963065374
1.1697716000654237
1.1292571524691355
0.5320200003858327
0.49109404126080297
1.8316920085095454
0.10520619919195678
1.2288245254989465
1.4867299952549158
0.8071944532038505
1.3897911987439657
0.8446699764979403
0.5963009693118209
0.6186392829806429
1.4076517509539235
1.818275102203294
0.40166955412133076
0.9302823856164697
0.3248213923438037
2.2204523909722402
1.1210933410742925
0.18189072978701543
0.04646323848674056
2.246567098516671
0.8633162835165915
1.3599576486059306
0.7976189321151055
0.42030985616748234
0.5310467287687052
2.7543572579161677
0.149998628771488
0.7630003609268933
1.5824499499331033
1.3078146622814557
0.10666029735351738
1.19585873407063
1.342741862881027
1.6812838391170732
0.36101408573006016
0.4076305003538689
1.9361578608739156
0.624941871473613
0.8121182445296026
1.0599881297644207
0.8231278146211518
2.1979470485873702
0.2517748659356044
0.63195366807832
1.6501319485201928
0.4794959554550604
1.4750448609500468
1.1270036901572356
0.5516643786635975
1.6096982090770553
0.45903423254674247
0.38245532799344206
2.8653025941179004
0.5497725491172676
0.4598045648464205
1.8024599952627192
0.7485407482455613
0.36242586383253045
1.3315933440637764
1.1516896180774432
1.2158703528575492
0.5727448410081484
1.2663214510499168
1.0842697224373143
0.5677905952505223
1.0147537520150172
1.1353325752125694
1.068908608141262
1.5028936472608168
0.5283148347770446
1.2569207521832324
0.14809062045235616
0.9432334018800376
1.8033381565547812
1.3285190551238593
0.4240851250561626
0.8959510505015476
0.13310752321639996
1.6506802106812106
0.03613116348167412
2.1176282190303595
0.5649318312073137
0.8801079608463138
0.5102955411890356
2.161076958676445
0.22665583053090174
0.8105732105859907
0.6661665189302973
1.313137601364435
1.4327893041485251
0.81085495968517
1.195084161850219
0.4558710110908865
0.608923223991362
2.0232149205309455
0.3187319764525576
1.5553942920622472
1.647142768951943
0.2718830480610739
0.023530795515911127
0.28030467463475256
3.7971175018857926
0.40515360077267226
0.257815781283819
2.4241629862464675
0.8937364819616267
0.006608897492430033
2.0556832325564933
1.3688376255153902
0.6251805897598759
0.6173869451750311
1.1091598661425357
1.0514344746630235
0.785064056585823
1.6283527824880237
0.7455140175458691
1.152214796511824
0.454354834143022
1.2179770149660758
0.51841040454431
1.1002397826713473
1.71622069827736
0.3413002608402035
1.847992972154547
0.3608287292328865
0.6115737890724222
0.6257879397766879
1.339232943721458
0.8274025199919487
1.0538278018478762
1.1358402643511873
1.0755603120054766
1.8120185179293318
0.1834539738772725
0.035239120656072855
3.2286751556457816
0.8584175522195218
0.32480490525972955
1.1481996186543488
1.3235802336153255
0.6607721546575863
0.9611576236582862
0.5397601310876272
1.6481891320717141
0.9831339742490358
0.9767186540172309
0.8746297698659988
1.3247746048005271
0.8398349376265277
0.7352961563276272
1.360121142159667
0.7400870119773646
1.1571783822432995
0.991886268693279
0.9892884477600287
0.8564375488928738
0.7036479340962812
1.0952647276298975
0.970084792292127
1.106032346556102
1.3715335740015946
0.6705581729388386
1.1005733659985146
0.24184144849009093
1.3894271214006448
0.6997219706719653
1.3672483063066896
1.3626630021536243
0.5753451059268848
0.9121712795916551
0.9323080048774781
1.7608073295758657
1.0133630698290927
0.24466653447109096
0.8805629628021847
1.1925915476723006
1.0762922466382316
0.4570902611533505
0.9546544920969959
2.5452411386121723
0.38193242012823403
0.6723115983440828
0.44647797784131404
0.6078679784912655
1.1457120409765174
1.4869379416379038
1.4395127168589354
0.5316630795100383
0.8375190609149304
0.9185111614756052
1.5436620085664454
0.25641243194310476
0.9694860323011344
1.9397380553446497
0.42924905013848963
1.169326887245508
0.5495903955708493
1.3809024515834023
0.7297868157801708
0.9478447617486144
1.0071701093957472
1.5983415602727962
0.6617280680844176
0.9416700933126729
0.31877021944973744
1.0131663447757777
0.6207013069842021
2.2458428964411823
0.48119611276727353
0.733199152322935
1.1126963177011189
1.4983466008168926
0.4639041133571543
0.7311999127538105
2.1080663022039876
0.2793518821608673
1.2990571761999197
1.472689841820238
0.45874822674562327
0.9089468985077285
1.8156782082285565
0.2989963127695355
0.6219463119289715
1.421825158858476
0.9142244564730821
1.583520278275574
0.9922423946557265
0.11868777050841331
0.8904262901578559
1.4559276998808524
0.580458481121448
1.0933073318206952
1.189491308252113
1.9796642722586275
0.28448274262700857
0.19855011848248127
0.8084267077253178
3.1217307954640847
0.13858671272352113
0.5317919892023841
1.9956966105460319
0.6561864265461332
0.9914348951334411
1.6206093905396062
0.11623136725943917
1.0559806327794392
1.9310575578153997
0.5823596961341783
0.8436137935050314
1.0022537274634147
0.07329015931863817
2.8746050199876416
0.33906419999090665
0.56590618937754
0.9386327010824927
0.6021719768528676
2.9672814515233323
0.19702204344062554
0.2523106436007092
1.6628736892002236
0.937840161788122
0.4901755293332047
0.5634942498433263
1.91665576916251
1.827396467654224
0.3627247870459817
0.26615818038969263
0.46632384134077537
2.159073811238584
1.1761772783345352
0.48754531573945487
1.4006765769171141
0.590538783262297
1.2972854069914992
0.32571642501192166
0.5095941322662808
2.694521219883193
0.9255398158545571
0.6269319350865359
0.26942694226397873
0.488812760603348
2.253984472854483
1.2248773249388323
0.5374268080438479
1.0159657782452318
0.44551876908138294
2.126131930814683
0.38044112119193285
0.3692074458641633
1.6940229840654575
1.7579173806961261
0.35602412014809387
1.0818936444958127
1.146981523437551
0.4574741797427676
1.4625301824285883
0.5245739068805851
1.3824082456219553
0.6515047621626211
0.8868171055603437
0.3488794148967802
2.127201714940474
0.9905712902096742
0.5382109900710424
2.0035964793331256
0.393572333609432
0.5875169633062125
0.7964591298665491
1.3553644161302374
0.737945312965094
0.6443707501191406
2.0184911630833042
0.9282671878934805
0.6450641912514331
1.4789309574260232
0.6899546864941115
0.3217715704090449
2.0173979959988118
0.314038814462378
1.1103025891986829
0.9502595574427383
0.6079426906989858
0.9815954643663681
1.873500379284744
0.9083925916583069
0.8485959467156345
0.8745252686063218
0.25501595929805715
1.4014500909066239
2.308770131655343
0.2324779651491673
0.572888328601878
0.8738089404911877
1.7818312923461654
0.7171502021237909
0.7704829008329246
1.5402838707910314
0.3192294059406822
1.1238270639845822
0.5716197778888221
2.1916045365338
0.7623570356122096
0.04724040766859605
3.0480778184831525
0.13426635573113627
0.5141245584179768
1.104791329868171
1.030964070976411
0.7791562517424719
1.520036001347516
0.9339730567707553
1.3214461762745011
0.635233328352531
0.6476672964839678
0.0329429259026843
0.9907927811288724
2.3544399085013996
1.0217974757091541
0.5307438063695925
0.22121165290381578
1.748720006037219
1.7151061397534129
0.4595078298819533
1.0036568354443858
1.4421036662511157
0.12017362482589429
1.5030610799058248
0.7575449883501316
0.4182138631807218
2.2954082535569658
0.6388457338720075
0.8366805704861728
1.6510490184099107
0.8677087975257075
0.1805738158622162
0.6233861394022152
1.1017464293205064
1.4547070598724483
0.9538737539456748
1.00126468136346
0.5773309872442769
1.3942516957357924
0.5552626351351223
1.556364574002845
0.7077221061944123
1.3220529217206587
0.8208919060923923
0.6893877113260083
0.04010194584940029
2.131843498634691
0.09206785821477534
1.6339738420269685
1.9099230205845659
0.309697630025993
0.34801448420422854
1.2433146641968515
1.443748663307398
0.2305357030592358
1.0213896757871679
2.756616604224045
0.5321677105336813
0.35034651805561756
0.09684895345541797
2.289636143930581
0.29318423804842364
1.401282841363894
0.3153247699675959
0.9392107637025605
1.838907715596967
0.9801418487942579
0.5769750713000015
0.047177865578028964
3.6340383585690423
0.09414735155129955
0.39172274992251355
1.078966935902869
0.6753023405953014
0.9765642974157919
1.8687840555382593
0.5000399248286241
1.4838867184846791
0.33473531912106796
0.8644835467667864
0.43699084529055954
1.0924251155123008
2.379228876243269
0.6194852843055189
0.5346443756503065
0.5016489459976118
0.9004065121011277
1.4244696171836662
1.1907320748082724
1.2317596615191515
0.17170040097258216
0.5954148343485856
2.79709585423429
0.7149866795461278
0.6183686514629763
0.1471349582136944
2.153431466446136
1.0258842024152064
0.48153920095027364
0.296937256742466
1.9240518578531534
1.1002063512880411
0.5045020188254619
0.6019135508801762
1.7582568592372456
1.0778614800088004
0.5419909547643474
2.049755039877776
0.6449591887039317
0.8232184025652031
0.2463557887784613
0.028409066099923094
1.8183000997046972
1.2122152523393068
0.38423841700992034
1.867285162328421
0.3653152703598483
1.6134981846403074
1.267589109590762
0.2541343241124994
0.21992158835070053
1.3231588400438188
2.0939448707256796
0.6191798566023161
0.484986817645413
1.662581564267088
0.8737090314782896
0.9704774037049283
0.6447790641042204
0.8038688234527281
2.7642542052649506
0.23390731355902486
0.31565616218057047
0.7686016310546765
1.0146748324945194
1.7675405403706117
1.3535385407198453
0.43482349434060946
0.36037120699863895
2.184713103267691
0.37823216353728234
0.6316120068133102
1.4538975791528903
1.4893739908660522
0.45547468283221104
0.3038712177739562
3.4836413903155496
0.36908058672089045
0.2981924294011461
0.23985261569828978
2.124209305789226
0.2870191001087302
0.2243848900472097
1.8984886540956822
1.8911223151473084
0.3463503516074107
0.9068349254075911
1.3393089327590881
1.0691363262266889
0.6695938664753672
0.15932464631500162
2.7652021417904766
0.8566062758864237
0.23730759138183116
2.175045590750381
0.5705425873621169
0.7123634086725883
0.8458722171481793
1.3156138773043216
0.6264825074458263
0.4778650995264175
2.006744226709004
0.10179630111535991
1.4755014786011942
1.3893214558895275
0.878558235178531
0.9319458568633806
0.5825186734154807
1.36945381887593
1.0110128397144345
0.5035424768545208
1.3910234894953848
0.7354678711668583
1.3771922985178497
1.3758103966613566
0.396910109868178
0.5932747533635944
2.2056086080209827
0.7951536623730903
0.6722089364488232
0.7259156957664463
0.6019887839702887
2.008176574920104
1.0498908807360534
0.5682208655889286
0.7738245334461854
1.5748508237211656
0.8316328181175457
0.4481465015333679
1.9736486013472105
0.31228522778670953
1.7133811094260745
0.906150799555952
0.17902132600304668
0.6057258322830799
1.6905489577357724
1.9673823092188722
0.1605265736303853
0.7516443468831729
2.481023835972135
0.04335719935709641
1.1075257968304155
0.6617999132113144
0.9984105174596172
1.1641824264316394
1.0206241299191012
0.2762565595615986
1.5817494732186048
2.2235087378026908
0.20458561864127262
0.8983476683735024
0.9679634480026397
0.17088743173011486
1.4844743200506902
0.10188758788451907
1.2510069127057837
1.4414023921832233
1.989332057454399
0.07841401556699992
0.029669690918611647
1.1450968632012526
1.6671818038424564
0.8149931825945222
1.178585757344685
1.2560877079452282
0.036544327639362086
1.9424703091659299
1.4961602780631287
0.3700232197327652
1.2521796503931903
0.5268343135700232
0.35679744575132094
0.8077871861338146
1.375713648087236
1.4262838194522511
1.0558041335248323
0.5495649586420777
1.5735692248467108
0.4514834617114609
0.7943563654593437
0.5922275185282474
2.759163195648205
0.27317719808063207
0.15836864348291863
2.511719324171517
0.19757095371423908
1.6836726324093698
0.16926477118980732
0.7047123413767746
0.39204554312816514
2.3208397815826047
0.30449592077756404
0.4228841374531545
1.3258411074655818
2.5242381418256934
0.012249311790962262
1.0693805587861946
0.820811227366833
0.405107086838411
1.4972482528864206
1.5340090663136519
0.6862831801355038
0.5820810691938691
1.8648994457926162
0.4912966799523885
1.5671535526239233
0.5318369169993321
0.05293993542474353
1.0871670894295484
3.3555726083907955
0.1305291494881026
0.2811319658494231
1.3227429754581228
0.15446452962886628
2.687847556434279
0.25792905859230414
0.5614242186639331
0.7790481182147915
2.2570182486507435
0.09370471293353994
1.1747223786454772
1.9999662641372433
0.7299290052156566
0.2559004455545017
0.7900922489829213
1.2171807862930666
1.0529795940638722
0.6044026705033667
1.9383274487571494
0.37213766754122407
0.8437511068071847
0.3860622299624672
2.957078668228422
0.23137593088868397
0.27863179392289855
1.966844674966154
1.0700098200807322
0.45569156560523744
1.6766453583850658
1.4750921340776542
0.43162779669682955
0.1906839665381444
2.11407526847409
0.9789767173771117
0.5176239040856795
1.6574256012163107
0.7494222086391248
1.0800802306560644
0.8269735675474472
1.0635865144899552
0.18262527572486806
2.2473034631001743
0.09217268132896468
1.238704828022439
1.1061084191687904
0.9805346311525874
0.6933518358171531
1.2998198887985182
0.7137156578966748
1.2646027114956113
1.982755324772362
0.12388581558290608
0.11344514653700005
1.286637919230256
2.597115540514516
0.7463701214768395
0.05232901902086962
2.089430467632304
1.5436002668172712
0.05177752681097198
0.47421318538715074
1.20645761388684
1.7333985679727073
0.5975661470393538
1.1796628025777942
0.13350134585678125
2.4415141763959465
0.38403031438200996
0.8093987436557298
0.9499079489300498
0.34399421960796145
0.5107437938886042
0.5529779431053725
1.969818950514639
0.09902627430836848
1.8551611451826846
0.3512878426436682
1.0501058694046461
0.4668292533830271
1.3895350737072565
2.1761028999239795
0.1506205956640563
0.6427571066612157
1.989533654719001
1.5664076687555244
0.11459135128020193
0.3045489580664911
0.24404942227888266
1.4901509270609907
1.691999187498224
0.46832678486520873
1.8031132164871406
0.2122844085268983
0.5584211278013135
2.1653148584785593
1.1641529980697989
0.7811457337500776
0.37113583519964904
0.512456120680214
1.25867678598123
0.048456940863860785
2.802852816710308
1.1263481468805243
0.0587035539211726
0.48551162598514175
1.886004834399751
0.14124233262132263
1.1160916381066406
1.1886360691765325
0.5386358501164982
2.1628818293667487
1.1745736470891355
0.18002084113886227
0.4647504932213682
2.0925824799097703
1.39962798568006
0.7647260946112503
0.056988594417084516
1.338798456455693
0.18487753055897382
0.40195819560714247
1.7958895109943267
2.069462327047468
0.36874725720636214
0.24261589267644187
1.820546174289792
1.584949427231777
0.7348366065160916
0.850442068600827
0.37572155701928917
2.244998318438499
0.535433345553244
0.06430223065457537
1.39310486088468
2.0375258828092777
0.5648775241399338
0.4845292655184708
2.175046507376161
1.0200238588261572
0.2663966782427738
1.0672601520415914
1.60777690861067
0.9158826496582644
0.9571319824642065
1.729966081719113
0.1492929702260264
0.007912020712490647
3.435592109965662
0.6081716918716779
0.17241086113189896
1.2314108971003161
2.6913973687331256
0.6022526431877482
0.17098811887039794
0.9737942834531107
0.1177247806542864
2.0225389727643246
0.8896600419025575
1.3143763766277132
0.7747858390981951
0.3328274759329972
0.4770222042928216
2.64147466114993
0.7607875705321937
0.3167960430181358
1.1413379819415626
1.2962846968049735
1.0104885195054085
0.41221210654267726
1.7811004448532508
1.2902686259734961
0.6875082100307418
0.2761141893101553
2.811872914649427
0.292286599530499
0.08797369108485513
2.93460722083472
0.9029386320936271
0.20532040995026493
1.793254488984958
1.1616951127510944
0.9499773289019878
0.6742554420875694
0.10558434817874057
2.1072087295748694
1.6677342875193109
0.0723364664486847
1.3200504073219266
1.220732144887486
0.9521666714063941
1.415614289195908
0.8527717008453711
0.2522617671034741
0.2481539537508472
2.112057809740531
1.818196873142315
0.20026012778919802
0.8676395857005245
1.709806616276926
0.29594759285815336
1.1892912899656163
2.0217325808870026
0.8277625687181448
0.018802938348361466
2.2880685200455084
0.10442258616359724
0.8125093923843888
0.768902678261392
1.631330670118906
0.9393278630621464
0.9608784500562602
1.0604172081789471
0.39665216028195477
1.208244221707965
0.7938420545771377
2.2119075816588962
0.32018940282203845
0.16972410340954497
3.3533772155305086
0.3060327253690265
0.41909288891013147
2.3025668870791827
0.5738869001856732
0.676370850504067
0.8257409515057996
0.7987425000066743
2.0221373533140716
0.6395469002067697
0.7372770418668354
1.9747194884529407
0.2946658351701819
0.29634227263078095
2.115197611233881
1.5171454166565617
0.5301279798414441
0.9076751523925928
0.5492081626575429
0.3223712094613917
2.586834115283489
0.2861277100946172
1.3110823793720658
0.780954035452074
0.1379946196451972
1.9795070582330834
0.7025562498323725
1.6924287975867849
0.10224319957404497
0.5069665912742591
2.0911598054083256
1.6919597938097641
0.22020921779939623
0.39565899174087993
1.6857963081935272
2.1327906025280376
0.03051575875071241
0.40114245742260296
2.1067521052382525
1.613154549633945
0.6521377939155921
0.24360756891150387
0.932232019443429
2.3011139327058365
0.7716459653660392
0.2479056048849388
1.8344650977712673
1.608391534077479
0.25700797043119783
0.5689774989732757
0.7335225026897291
1.7713350565305621
0.5026389312160628
1.1336352233374511
1.491843778582864
1.2345202978124796
0.38426216030574295
0.9853838790383063
0.8513333120613067
1.2501798651406404
0.11684135896042569
1.4607269013718083
1.934275874854985
0.663710728561275
0.18343822227502377
1.6993548512717707
0.9827544970746749
0.6016327360747874
1.4130637324772128
1.1897597724072129
1.4200572977957844
0.28286631803610957
0.4322862145986178
1.4974663285164254
2.1591652896964133
0.2348031789692418
0.7578530125703242
2.1820639110716766
0.04718928758459583
0.40243318526402044
0.9635993834700366
1.4107014234731257
1.220831801198138
1.639265272597141
0.011974382625305136
0.9229614870611139
0.6859619839744916
0.7541348324784763
1.0171325337968116
1.813987706794574
0.7868329529337184
0.452898636371965
1.4929570312364517
1.1753288209361952
0.7185358805337589
1.307187837604211
1.0025211400042908
0.49600676300875274
1.339794545104336
2.1563712199016356
0.20656414087537586
0.4529684074771997
0.9145024586316672
0.3307011546567427
0.8124788427749093
1.9405509015566347
1.6708605324334371
0.215114551264321
0.6674317457202924
0.22005769698341537
2.264534066504658
0.7157047206623823
0.269136319125606
2.636500847042674
0.9002483552413998
0.4378774671169765
0.4364897434154954
0.8759841331063151
1.1685899817903433
1.5794708165796534
0.7156268330676311
0.8559673683843984
1.7748122906132942
0.4066751872521531
1.1252287411197424
0.6003699858240654
0.5513329484699391
2.076052518220633
0.915230997980129
0.26778395844227065
2.347578167078577
0.729193292013116
0.3335652927997924
2.022802749939347
0.7374749108815567
0.3046608152842601
1.8431361657413587
0.23681626758042665
1.5160514150529847
0.9674973714096267
1.4121636018170127
0.6643243269051579
0.34702020768962416
0.4798223033117598
2.1593158395155276
1.1616609794036097
0.7574372306727386
0.6654167520826392
0.1383329735244159
1.0429590787858993
2.470659509534351
0.7496594772502706
0.2991163569056858
2.0623946923331733
0.6472149659417862
0.9238081392181137
0.4205753667056158
0.5706006991798865
1.299474236978382
1.9414914948331765
0.5524680780280754
0.7302199046519898
2.1888237026266437
0.3995930426836497
0.22827262745732665
0.7018502486977855
1.925766869437214
0.7445382048059792
1.2537624277424302
1.5317187051210077
0.32107455002552154
0.349436272500326
0.9506360248779733
0.4085700291703732
2.3460466892744174
0.13787322205925015
1.6903708549355698
0.2883266426890852
0.23887516253664468
1.9274152847041421
1.5858194406896893
0.16498387074757734
1.4899372100464756
0.9079120213675148
1.2439786198059914
0.9317798183851118
0.4500749886276666
1.6678335862815228
1.0071091663034284
0.495031294407129
0.3005755452031202
2.0064599831107537
1.6493840743389612
0.36072764227935333
1.0968449860422396
0.44310232261373794
1.6442125278298012
1.4102613174080196
0.4041003282112379
0.08988607197824074
1.4048763300423692
1.391889991339061
1.117372125326382
1.3530752431179944
0.6321025837827677
0.2329796185179314
1.5930655671680112
0.5520232189221743
1.0537194303981428
1.555305094939317
0.45363671512669457
1.091193257404461
1.5282545917594186
1.187436009354974
0.16798238636919777
1.0672590234451251
0.7421315436078906
1.9667203544765568
1.0410899981209698
0.3872613021639564
0.3270101554432692
1.7600277802317585
1.0274641662558603
1.4732678516754152
0.010754997837592078
1.283939946576387
1.4338330568927324
0.4013672052842763
1.7034687566307933
0.6018849390858707
0.33326726607762475
2.7130220914583547
0.7040884654220315
0.5250959513846021
0.2450781150159992
2.013478618520693
1.2293227729883134
1.060008180419154
0.19323689132038827
0.6287228610136752
1.2305038230653995
0.5929916350092455
1.7687935142734708
1.0820256764599117
0.7592386160561377
0.20191941067969785
2.0621967454222245
1.1961101571311252
0.4093306875148319
1.963348034503355
0.09322370440533861
0.5189812404169821
0.6989083251166388
2.217787553665377
1.146834726274147
0.4004906050358216
0.500460244473732
1.7350807372785053
0.21196278672426525
1.7028112487371596
1.539986959091544
0.34754451619480453
0.9400011956126445
1.1579219130316212
1.3206747615597954
0.42702963872549277
1.3229641202787752
1.1140225628396605
0.41589565931594036
2.1595593183558686
0.8141271088925621
0.16758630794769025
1.3461168854350343
1.19331061732394
0.9371519664052654
0.7840837512996678
1.7626236966032849
0.5873193972256396
1.030834972995103
0.7168448328759848
1.5996468966807327
0.14104064890234572
0.9185965006559483
1.4048000133981329
0.7015940297988201
0.8506300956928171
2.0650952753010006
0.3861219721198082
0.5821519870052507
1.4100846699459901
2.138001563285951
0.4378627617004692
0.32640193932962425
1.321320538390879
0.527527055739892
0.8278516869732956
1.0766241899908024
0.8597598480497276
1.9725066248833798
0.5796331756051567
0.29830173620401307
1.8877718342227454
1.6388950597184642
0.2502222883730609
0.7445819157924207
1.8758358547230962
1.3705566671320333
0.38911817427948797
0.5543461192376751
2.0327277980945144
1.3306174459200555
0.041369451775752894
0.8953460949352152
1.7843812918346453
0.439696174564889
2.0160467898875414
0.40635456715596374
0.6010790004199581
1.9419943697354318
0.06267835059497928
0.4847152193043997
3.096433096146051
0.5132401249582211
0.7927220733725147
1.0843707361858672
0.14292948809578518
0.23347181980916762
1.0358083979489927
0.8975579237277299
2.804946113822524
0.17638881696087969
0.04952062433383367
2.1256393031305225
1.299869144416771
1.172674359603795
0.07389948145032524
1.0944704577264603
1.2647599306844306
0.39804161456124065
2.2756585477428373
0.6004196128994961
0.29459176404107335
1.6404114390631472
1.1539442032292169
0.9465694233435215
1.1644007355923855
0.1434040637560659
1.6233183614687263
2.3180650956604127
0.3148547277350791
0.11465511131759566
0.4238502427407732
2.7654930107450153
0.7747689814206713
0.014571998938721898
2.338102639539062
0.7954993964409939
0.7592159154898052
1.1696646308107856
1.303501717967119
0.8888790152265998
0.9650693897713188
1.195149012483078
0.11863622100400546
0.4896771045345552
2.2210383093553547
1.9782728408829546
0.06001428884391439
0.17871521590643216
1.6847779224209085
0.6184218594679712
1.5651084475694363
1.0098778566921371
0.7790813518804371
1.2456671206315393
0.7516109349463503
0.6338943021314528
2.225415984827264
0.7397724662201457
0.03446182942593912
1.7538623866402527
1.1908740086775316
1.1725317996332263
0.8591991362026181
0.43422621627752295
0.7218891026169273
2.0096536213547593
1.5574906081232591
0.06546374218873262
0.883414478785281
1.995974244218591
0.3792649301031794
0.5407081453460769
1.714630462160675
1.420537758394365
0.26443775550157034
1.7248098991703713
1.265762883320232
0.19896144048911385
1.2590274531684702
1.007034673202957
1.6561586793420906
0.20532614782260722
0.812306580368605
2.2744514411036665
0.5597307093557268
0.5478891531179035
1.3941675131241036
1.1343869191781863
0.3416378359538827
2.162770838768528
0.2592829181259164
0.8595160506882301
1.1905597879392393
1.198061907614755
0.7687420732614683
1.1775038872965573
0.978129074231881
1.5097417359071987
0.396646547984544
0.35812331780896567
1.867316357049474
2.084795153006611
0.05615336691572846
0.7009846103232921
0.9399143666982029
0.6244532182178874
2.126548316093279
1.0836885121963225
0.28018421041702324
1.7319443684680291
0.8962697221722387
0.03684186668675668
1.8266127549318505
1.2678880542802642
0.39942769770891995
1.009433736697627
1.712821346580999
1.362978782168767
0.3980145270058331
0.6183476031854185
0.968034612440868
1.0756566185498901
0.8403382784898751
1.3694746328887808
1.7129970020988365
0.4773259998115965
0.23376532318073012
1.2520751793169493
0.7632329118788265
1.3408342743928638
1.5444831323814432
0.4710783615087995
0.5371222860475535
2.2757883669061982
1.1308223976080223
0.22956515719604573
1.093302772314809
1.1831492446060698
1.021002747077502
1.02007666905316
0.811265520008436
1.0034412073257712
1.3549404106367005
0.6164115302112642
0.9787499944749812
0.7688058781889731
1.8261756944131198
0.8463777214143275
0.6796316672163396
0.8434474507774212
0.4455025206484955
2.3509337443287315
1.038420802870934
0.17382614049393577
1.2583617362089448
1.299020822241833
0.5709001766004619
0.44165943111433165
3.1372644630678517
0.18452665940170404
0.341110127307212
0.6871041323908085
1.9465193856983272
1.053833604000386
1.0177242376310507
0.7666139633753472
0.8816298857667527
1.1957811847997109
0.34230200882833195
0.7220350372956048
0.49220737178477114
1.8245744705511489
1.4764956715036082
0.8824829042990219
0.0906662210180356
1.66104349116768
1.6120773714127463
0.22580637222323324
1.2023928976145215
1.3317924157328722
0.7603953678058281
0.9897121531983771
0.1510149429639127
1.6040663280932814
1.8439218818895733
0.8008816388405589
0.3196344417040193
0.8037300201495751
1.2355045011320767
1.808800081159559
0.6938416517874619
0.4665338130525643
0.715594038190526
2.5931554871398537
0.2676546984824807
0.568411182194785
1.3209428069378726
1.4446465031778915
0.7804420697501806
0.5671523631024034
0.9099296103959551
1.1733178132383868
2.3875146209627216
0.26214890035788435
0.014829728782382581
1.6651588131240476
2.2015338597777956
0.6770623724879142
0.011524947441560074
1.0190597362972085
0.923212238355561
1.6757534275994006
0.7139132130063811
1.1937691082435893
1.042074966593949
0.8700949747007461
0.5852405751999865
0.6970722161864954
1.9893623440147132
1.2554731251160276
0.45449503639412725
0.28926257019952734
1.4258999127205605
0.5657218991322549
1.3916657488452944
1.4512300698831755
1.1779550217745343
0.335748146346532
0.3317841486145823
0.534550457798156
1.2784453994540252
1.4203614290327928
1.45692525938091
0.8686214064985902
0.2553328706875937
0.22617054085071048
2.2863243670757973
1.06574813728286
0.5402472892142157
1.0372885157037366
1.0141536711514383
1.3182858193132971
1.5944895243248272
0.18629812624851352
0.9137480343828264
1.420260390029549
0.6666406716422321
0.33732321460927955
1.67296472397946
1.0269486042044078
1.0161052371715058
1.1275135811580135
0.6530138480726414
1.608848748231738
0.6419538317432179
0.3748703978746304
2.429622301277307
0.41865790504923217
0.6117029847244719
2.0617607467886665
0.7021599942593484
0.8862053066456994
0.9523385540178118
0.3875207779085565
1.2766222819085575
2.3189699919443925
0.18693393554124263
0.4179839524225408
2.1961338342979437
0.29987574622463653
1.5379296262020499
1.5043301045100916
0.4401493513076215
0.49004960691238864
0.5119113128013636
1.6555168785693426
1.015378971248713
0.987562338248558
0.6320038818183863
1.2159503184769627
1.3493390346646346
1.4211516525371013
0.02380859847837089
1.1449370739841305
1.3736670969944031
1.0858821358219672
1.0580482405014706
0.22528530867711705
0.9538464096650571
0.7739115612690391
1.6623360258740763
0.6389198191885005
1.5387550070348326
0.7476590495905572
0.507063353985465
0.591956918982416
1.5545362930753057
1.2256548738162643
1.0659239249325758
0.7756663517230965
0.93852219519003
0.58126534828009
0.7128907090568382
2.1265159579320456
1.0962627271749958
0.0783785319296014
1.1296908552782043
1.162520770437258
1.84275652149959
0.5854825760326168
0.7877575225096025
0.3956228285742554
0.8279785480637776
1.3211475683683214
0.3098898226172772
1.6092482113478659
0.9002793184949139
0.9117445625411207
1.5648439108983476
1.064517374579367
0.07530780776194945
2.209096240559894
0.3892137743147837
0.5301881331470957
1.7933141485374873
0.5810602037449053
1.4848708615439632
1.0132263810808655
0.30996277484006685
0.9151303799859201
2.1458143801492784
0.5624164189744758
0.9742406684994657
0.4353669415052384
0.6851892356808428
1.4598657404859594
1.6202383292399365
0.8976563037282685
0.382001573346554
1.6558106368366052
0.16429398035473222
1.2157916059077007
1.6061760353721355
0.23534807586640547
1.0239455308234056
1.9027546767113015
0.45369208581817433
1.3764410867832728
1.338818005849111
0.1544772407412712
1.3754885858233146
1.5116818645721442
0.838724523173293
0.32711920110481435
1.1691364813677463
1.2077716826678282
0.7061283223928528
1.7347698610815672
0.588482085067863
1.0220241584273135
0.3911920847061329
1.9761454609082785
0.8678827474489507
0.4201224565530151
0.6547753709857803
2.149606930241052
0.8852913799543457
0.6377419118660215
0.34334001936931574
1.697103502096342
1.1546370606999459
0.5226940748755381
0.7834818370309671
1.8359739487243676
1.2477308507554976
0.34025872640254234
1.5107068287018075
0.3813135625482626
1.6707233749684667
0.5774646388508143
0.1170124753427093
2.836409158457509
0.5802712244325187
0.15387504290518225
2.318031384027081
0.9050568339278917
0.7959199516897077
0.8705976928667141
1.1508539142431438
1.1610107700277392
0.922546172238456
0.686032176870988
1.3738333358554626
0.4294477084322014
1.5866338814788679
1.6400749338238503
0.14153228634468745
0.5691885029192273
2.20107003794963
0.7668562775084521
1.108146417220595
0.522238377173035
0.5604423277042774
1.2298020427061647
1.6855926935734988
0.6455302531928723
1.1853677848872273
0.6793737224466949
0.9033189281659092
0.7521652575393168
0.9727941607633811
1.5525345316742254
0.6314091726494744
1.509759459401652
0.6490701765092199
0.5712220799465302
1.3579252507605117
1.0719648746527664
0.9375804577998809
1.3110605654754113
0.5582556486447872
1.1005898316051534
1.4193606263588134
0.9207667976821803
0.2680075457584056
1.2915486029137933
2.0304130761926085
0.3179906116584687
1.1059645518092307
0.8465781874390168
1.2394996665207163
0.8184907128072121
0.9688898923997225
1.2942028913439678
0.5854086238274017
1.105344693801673
0.550493793739371
1.02394050324321
2.04485760706644
0.5158963734449641
0.7323055527517204
0.7322406270115043
1.2241533732414434
2.0362882091192493
0.4754239642307367
0.2737722839956519
1.2746373916328593
0.24674186712614693
2.207000368518095
1.5794291480025249
0.14228703035753898
0.6926784222274458
0.9110217163845064
0.5982766774315753
1.5876940939344402
1.4969639207001304
0.768934351308235
0.18783836454797048
2.230403642479974
0.8956021409275712
0.2976412358625828
2.0846391471213144
0.6625896737528237
0.44855968687690506
1.5546293170832932
1.276967130844732
1.1472905554076829
0.4416969589078712
1.3039739082396884
0.2853771426806108
0.7529425374408326
0.37587934097456255
1.8597710848738502
0.6654308700946682
0.6432881801806037
2.7153113528095685
0.12384090691135717
0.5702273022026688
1.9010531116317018
0.943306707617776
0.8070372936195094
1.2022364625870559
0.921112113572287
0.7239859022273982
0.39945862896962975
1.8351164923274015
2.0722264116715587
0.13832322972251168
0.3267393782567893
1.653124018050553
1.4270510596700294
0.46057743377015126
1.6294453198354797
0.3337869303170517
0.9952118967686283
1.2664623169876386
1.5823044081640005
0.4195947753852401
0.6184469593102836
1.2842510353206191
1.5262553029666348
0.9879262279494551
0.2940431957704766
1.143064845164262
1.0829128622868651
1.5293098157768872
0.8478772096267191
0.5448310916755196
1.329576972823271
0.687462808049356
0.25890881503788366
3.0259523284716425
0.3158110053162749
0.44292567125649457
1.3373314828799687
1.2901181860095488
1.3862563765790896
0.25762728033613963
1.5653306315016313
0.07754707528701764
0.7725188902099245
1.3174875029746431
2.226238621843815
0.267829123954482
0.2693001191681477
1.875766284795288
1.1663655560756458
0.6961131841271977
1.509859749306579
1.1141552184874952
0.530276702242702
0.011300123437372942
2.434312666841889
0.9608826533040442
0.7695856748850729
0.8019027905907272
1.022032156614855
0.3202878830024896
1.7264166549769377
0.29812281709714933
1.5336451127658726
0.9573673975790191
1.0620202362016349
1.3332790984122445
0.2821390040809376
0.9201921926183575
0.2080694578883646
2.456874416834578
0.9241608774146027
0.2691625659262644
1.1799474259850673
0.6926611855512169
1.781615792279558
0.9630713992777135
0.8338806955914985
0.7395872093790488
0.2670332455869669
2.2278403297446814
1.0129349937061438
0.45941031778736097
1.064781989384804
1.4388807789185423
0.6750247870335253
1.1869923463031722
0.9434897965822753
1.2419842538477799
0.6047638209895618
1.3332131453256226
0.006404321572235468
1.4790381710599885
0.49044077231701955
1.7622504120293476
0.7711330972187286
0.5329754783856107
0.7221153732160346
1.922183659690764
0.6108022188102125
1.104361376403076
0.734100696180796
1.3730663605063498
0.6534519125872273
1.1363905879094065
1.472480538824716
0.3476905809850192
0.9680559950437534
0.08509368989358304
2.318909663996257
0.8518185257154169
0.9884919465704294
0.3026528293525162
1.4166349882063922
0.7639694275350364
0.4952726133131378
2.393049427815927
0.24039005107778688
0.6564534014449892
2.2143558430951353
1.0759841083224204
0.10292610504251952
1.4847655183581827
1.0945078245491233
1.0026657340970115
0.8658040408037309
1.1085225831686432
0.9821400164320434
0.9693151506977912
0.8895709871622501
1.0135132571397576
0.7765859231627497
1.9094362844805874
0.14543605127430048
0.8809154329739953
1.231174109076329
1.9501337602285775
0.49770388854310277
0.21700955547327735
2.185751373366371
1.0267428474386808
0.41321483593532465
0.6864337113421326
1.606522258141827
1.0240327400324811
1.505573200736734
0.4422981438951079
0.46257416296643733
1.282811241726732
1.7011060185965985
0.13149870378145279
1.7178518995642227
0.1799901595810689
1.000766926932579
1.177828251612978
0.9995154228865191
1.6011216277974816
0.25361995383793096
0.9809177375590264
1.2044959829029152
1.9537111157184306
0.014685332076264391
0.7275177620401357
2.2123405807985
0.03445812543629669
1.7837281592043368
0.5310293475791806
0.4626469544449336
1.8953803250950214
1.2557686858857648
0.6757997303445707
1.0352922881592224
1.44951348163303
0.04824188573971565
0.9296055589799753
2.1374228721672828
0.662656980053565
0.038764340227290764
2.523649437125925
0.37455635200363097
1.2545969625263358
1.2386629782667833
0.4416138859231269
0.8803005005820335
1.9035985458311484
0.7686811144409988
0.24264024897143904
1.4246284865381447
1.6452098930488306
0.4653415971204472
1.2249605131736996
0.23491406788868816
1.7471779809920893
0.8987686929877478
1.1568016908013534
0.6615698510133252
0.6614099793258762
1.5870216309709628
0.8848577822309854
1.01150900002074
0.02267114942239188
1.8278834837902442
0.5168579103551199
1.6606587140976625
1.0053864537124
0.30299940975069933
1.7206423094814618
0.08296146559866531
1.343087198522101
0.9122455311624585
0.633737038011697
1.7911140215579309
0.9077988485169124
0.7760814643358949
1.1353978264120284
1.0099883205514686
0.3936007100806812
1.6866946292480678
0.7344881287543054
1.5018045239546542
0.17455131762591974
0.9162375060899087
1.1213187320444538
0.7227479628335085
1.9368700581902085
0.025343760285320923
1.7006329930733906
0.4127420494478856
0.8438012232984454
1.771082750768833
0.7530537331616954
0.435591286093159
1.3738421077138379
0.20967017248567657
2.028440316486134
1.2300165431728745
0.37244043985173736
1.3600692372167702
0.6416343421934148
1.447946516968998
0.5038804999963908
0.8263909840425533
1.2318084645267853
0.7478974260192316
1.3569883963503633
1.8531493784476005
0.005833844971827382
0.5401075118627797
1.484940823945848
2.165589757802377
0.6117863849287176
0.10474046626563997
1.407460763296722
0.7877735238389754
0.8094771895268396
1.1465100850274161
1.7604103145064116
0.1870867719820904
1.4233453901743431
1.1075807610805541
1.0272182090198336
1.0642737926672665
0.07878314347831482
0.6549544535535602
1.4259598242370557
1.4143922220753582
0.6889559130145269
1.561387834698529
0.7612531521145363
0.39139041990934326
0.8949816336284949
2.73204964891789
0.10828573335095841
0.4449558519446596
1.6116792657718346
1.7575852454251564
0.8064085682849552
0.13464078286839426
0.6878422674533562
2.0969409790374223
1.6978829055350353
0.1235147089269381
0.7287153974094716
2.296666914883765
0.5978765494905286
0.2018607628405675
1.7107813484360068
0.5039851030188267
1.5022858774260341
1.5023266450431643
0.4625299194601577
0.8816030974556818
0.6211063587486477
2.007112950049092
0.6634267515256157
0.2981344458929103
1.1668139329196405
2.269545216054249
0.04145920123068519
1.2110986439782987
0.1667418816584002
1.7716260317169268
0.0703633905324742
1.6041904170214583
0.8098405815617401
1.3441752011018797
0.0844426504135746
0.9335616774783231
1.1995207025600008
1.813318901005001
0.31669845662317897
1.0142174832713722
1.2519591972039026
1.419218444116699
0.5600119031325781
0.5269224298592148
0.15810427409450475
1.6087062843228017
2.224040096777699
0.05423927814129888
1.2190304824514433
1.6574475997183726
0.6340593090597799
0.21574844734675147
2.1045292864593743
0.7210102107085397
0.9261225260357626
0.44016107817202904
1.9605063699001641
0.4342066061935131
0.5886975837934673
1.865638266661732
1.5199651462451518
0.569391189724497
0.24363023943671153
2.2024895381504455
0.4422205845146325
0.44687876584464464
1.6557657389134413
0.8603520214118869
1.0831879400307254
1.2884853522238
1.3782219854942173
0.13830021370068943
0.7475715466110527
1.6282402665824454
0.5798732001121734
1.2888998833688063
0.07275821868102102
2.3645625201505975
1.1444982760106472
0.21290421564177583
0.3367400182926535
1.8153059613799585
1.4252838265060703
0.62484301383173
1.4029900214871207
0.37042811608045906
0.7636333604317376
1.044122800079186
2.029164398924101
0.5757852035655666
0.5194527630796258
1.4985119551512933
1.9098761880604103
0.09933006914752639
0.4576184143702537
0.8960917479362795
0.894637227007701
2.3672018085234674
0.43529601730831985
0.49451001652555604
1.7832878162035524
0.5591168008454961
1.2556168667246015
0.7303549681932222
0.5394235763288476
1.4508125787081623
1.9483120455165424
0.2881169581752301
0.4486342965599782
2.01694206732222
1.2404665553116028
0.8762507232631842
0.3050969018234517
1.5555419557372834
0.4462315552137162
0.6554412261264381
1.4552256843164897
1.2965220075827781
0.8193253009221958
0.8915286547019082
1.8343596917780869
0.6071734669317445
0.2653170081687612
1.1275021852792824
0.6522975607300494
1.5008773709056997
0.6097034111989034
1.6174272270825691
0.7273754522809222
0.5514059560162733
1.4492604337091066
1.1457099290403798
0.7498500037651891
1.4222208829290557
0.75999506750755
0.5784679973567458
0.8047355436109052
2.410389106914388
0.8445325571279223
0.013799679819947385
1.7483524708481553
2.093314208217516
0.3131040781096743
0.1662179121884705
1.5121436866315878
0.3326104515711386
2.415821980684975
0.6204217448035425
0.3014248739468155
1.8242279469230545
0.30352356583729634
1.231879684959652
0.6400799341857698
1.2256513684464014
2.1071407397794246
0.3332915763932224
0.1549473218415712
2.3088239746753096
0.8778489551756201
1.0784337739640493
0.9063065882075213
0.6075929603855009
0.5754961037720864
0.888539805512249
1.1494279740545088
1.8505790463379672
0.5640801910411712
0.5034805344423602
2.1569211042735406
1.1714400703419166
0.3486105197280785
0.11644947325396048
0.6219554124615989
1.5289328016905295
2.0094284233403044
0.29105870355765956
0.8890602473265412
1.3097744839777061
0.8039377839067546
0.9337074857091517
1.414306423562036
1.1558390196610329
0.4129421170945237
0.58299665481595
2.5981826669400943
0.5016514128629714
0.6348154873865876
1.1765484898641305
1.528048812281979
0.6530475927861832
0.23851101097952887
1.567469305061282
0.2897103654621585
1.8209373554738677
0.23396363103180184
1.890102639121669
0.02880758165000706
0.8008356795823127
0.8541644405242266
1.2588753852486216
2.147480833641085
0.19479083350918344
0.2771874606174889
2.3729334869754646
0.46983893777126506
1.3629650874257628
1.3059763913801712
0.2608463597299306
0.5035564753181159
1.1011556492405972
0.8126248122235987
2.5610602385789316
0.27370439576038275
0.12360239278256321
2.885540539707972
1.0538474204632942
0.22129298273921952
0.5147448976680511
1.530818537263763
2.066990925590491
0.01518355504399466
1.3833309771623816
1.1107752354053633
0.42629005042367574
1.162788218076467
1.3704471293829292
1.587495571221553
0.2496151370626042
0.26179431981293017
2.8378796768330155
0.08292184818934686
1.3643346744370493
0.5422449048864871
0.9410082792693002
1.0681373168966928
0.4084274828718596
1.1116397899944253
1.979510842861057
0.15888152112157422
2.004413430931784
0.26591280615126767
0.22614769572900636
1.1178917025311341
1.3237151626152561
1.9844691273060233
0.12028518594078667
0.6942120510004114
2.1349953238546524
0.048371523485513136
1.6971119435378166
0.9439686413433943
0.8110094632732537
0.314699443848274
1.1139960388159573
0.44272741405830346
2.0497802983844897
0.27784799827536205
1.583372337419707
0.5496573334098479
0.8484575139578426
0.21473203848106565
1.3499069486389532
1.92179301821482
0.3495636934864098
1.5993149326816807
0.7695825710820846
0.0276918729443904
1.4363706543383272
1.321484188963533
1.9461050051443656
0.04471106464728122
0.10022948994763907
2.618755680731937
0.3798762233139808
1.4628930159947817
0.4346979169351447
1.0384010542156519
0.7494678322705468
0.6562672691399698
1.8229032077027842
0.5693988324819358
1.8169312009141183
0.021363502952033576
0.47243671401075576
1.029503658802807
1.1983163945751447
1.7654808086874554
0.49471082442183373
0.8540384954387953
1.2851730857459494
0.48222897655871755
1.7800076241197984
0.33606355042502994
1.0164153653928407
1.5309646926258624
0.00992292946527337
1.8353273869077276
0.7927112082065451
1.4029441239378453
0.014738741506594644
1.4735830904911607
0.1605959386989963
1.0304772371282098
1.751571729703216
0.7650833932153527
1.6503524211896727
0.06490826804819311
0.39441903023643204
1.4863303647722486
1.110981468771229
1.2766046573046241
0.47612368210185874
1.4104136440371642
0.886851999138513
1.4226389588491595
0.010279668034550488
1.4271642788186776
1.179901727670505
0.22142729307102307
1.7870502363764396
1.0463142924903737
1.2018091178360149
0.4944687492843436
0.8540262989764197
0.5799179171770936
1.097066806689196
1.5253757933208734
0.8199057117279438
1.0782695875668897
0.9439558874995808
1.442549053888545
0.010328763328325611
1.2365448792368094
1.5281853055183057
0.38804377430805115
1.4287572537963136
1.2506364222768747
1.030310995746921
0.4326026209781026
1.4669325958145514
0.5814258172308719
0.5793262376254643
1.7257818448180455
1.1638761540015796
0.8223456386341541
0.7901646280686713
1.0632453723460866
0.9139426130830783
1.27636040594043
0.8454061025819591
0.9770026358166117
1.35038831512362
1.0212109559748241
0.3562976552570748
1.3481644242747752
1.345375761469611
0.1927789571540325
1.5589126525750663
1.5286650989278203
0.6525321749186653
0.7888427950214221
1.0144816949371835
0.8509385517257005
1.3561494725980436
1.1855223004826974
0.6256955325364827
1.4088109392131078
1.0286247357152922
0.3238749882463591
1.1007927051410094
1.419069295355823
0.777637077428612
0.9561271577234697
1.6825300967080123
0.5763038488516103
0.7651622528001979
0.960830810255682
0.831090279759818
1.423215518297538
1.4311310905782093
0.34350571327160706
1.1931918359059592
1.024849987291101
0.7494891842546063
1.2780223277771434
1.2202440946702822
0.4838143683397234
1.7829373823497088
0.523407388280887
0.7216662887807748
0.908534847158055
0.8414041506575349
1.476705757652755
1.6000637010210295
0.15653315963780073
1.1840089581173339
0.977050160111522
0.7022329504408316
1.3558080363130496
1.5508718778116775
0.12212006882206901
1.8392029636990777
0.4992152271590839
0.6608245267200547
0.864932509963272
0.8722882250097242
1.5172731384664264
1.7064827671902636
0.024969753987180227
1.1463578867932065
0.9258020417938333
0.7066521598806242
1.3791376382860385
1.6584574969302612
0.13348973494114974
1.437106151765423
0.9418506005509862
0.6284988904395233
0.8821641548665041
1.5288586962810007
1.7075222730869712
0.05853534445981805
1.0139001327069455
0.8623634897702455
0.7503835711290493
1.3781633530905697
1.6549567321206153
0.311155945832904
1.2127406766288351
0.8485346474867581
0.6507359220182896
0.9416252051048326
1.5364512633646878
1.6845430274095532
0.09993095734523985
0.8784889911137603
0.8121877068233765
0.8048756937796785
1.3855308237553736
1.6517627237914703
0.43144250903428477
1.0171952225064356
0.7728443528495166
0.6858663594386178
0.9813525270870174
1.388856784174059
1.580885000538728
0.5411275062299262
0.5309670668897669
0.8625366432253744
1.3990965703784133
1.648634640642957
0.5008428533182766
0.849958930401658
0.7150736311337309
0.7320180953680355
1.0372613797322738
1.4208094400922644
1.534097949321403
0.4721476818207878
0.532248350277299
0.9196878085267284
1.417364838956485
1.6453111037252068
0.5245446046033673
0.7101202399885382
0.676527518393352
0.7855624222532809
1.0932313707680987
1.4489017772865762
1.4591251278504105
0.41952465549856643
0.5503056330550906
0.8942916038992405
1.3228878727888165
1.9212439397277457
0.42886462784606516
0.4443529936282453
0.8423178558076039
1.148760878690233
1.4730604167904515
1.359884025987875
0.3821553464947991
0.5835657859742174
0.9513747898294601
1.3653932239890472
1.8640091674904287
0.358966682598947
0.44814098791341084
0.8986321062185839
1.2034432572805718
1.4929892269444685
1.2400148212524058
0.3596897310106358
0.6295451375287464
1.010035196120739
1.404984849268493
1.7750915993995886
0.3074000005084392
0.4674501042842334
0.764952863611317
1.1815583901956488
2.2814573836158134
0.2756584155648521
0.5153722967381003
1.0696907483207523
1.4414400487076873
1.658545896111746
0.27263899114528584
0.5011316423077888
0.8313829898155982
1.2290943865532284
2.1363883330879903
0.27874578819223444
0.5627257876296249
1.1298459383728168
1.4744031107588986
1.51823626504854
0.2537030090093133
0.5473115684625371
0.8986749554809293
1.2714881728767298
1.9791119060481417
0.2930688717785891
0.505641073692911
1.138743642167315
2.5307621314183435
0.1977903497303552
0.45334515532616165
0.9658981879903421
1.3083416253432836
1.8130623388273976
0.31753992755060445
0.5648951397542118
1.1939224546444758
2.371047470666869
0.2042765429449414
0.5003085292903022
1.0321824406146876
1.3393939658330236
1.6414831655148898
0.3508406023682324
0.6304395861228977
1.2450198348129833
2.197359298316291
0.2216250745098146
0.43131835231300353
1.0069136866767316
2.4777610023443772
0.3283718721692944
0.5753408669363874
1.291469130204376
2.0133345022045774
0.24867923061266614
0.48715125014216054
1.0532489495533912
2.3144096530151694
0.36465773845285193
0.6332785739324339
1.3328045388401495
1.822360336969625
0.2841718676040597
0.5484864166865756
1.0947212717520647
2.1509122719843514
0.3226424927829305
0.6622871009524937
2.6517357086122217
0.2761878502484859
0.5096872592609737
1.1310572694971615
1.989436276489934
0.36618202395472366
0.7184320718700936
2.4732872894641402
0.3144284351510197
0.5635464997571259
1.1620866184117442
1.8317638409520798
0.41383301727306476
0.7758139743189426
2.2940574212269897
0.2692446272838762
0.5650511839928669
2.5429571970776967
0.4161012278929745
0.702994474875827
2.1163840170988606
0.30942230307891705
0.6124177385785834
2.406051024273781
0.4607088860675457
0.7458460998063654
1.942184620689992
0.352762708320249
0.6602344881932265
1.7344683648402475
0.4705734230621234
1.8596032045526214
0.3612692608263512
0.6099145845193663
1.6770813817464603
0.5105700428894511
1.8003425649490536
0.4016562524297696
0.6462359135186194
1.6199564726386824
0.5507331622192452
1.329573038034725
0.3959984632171533
1.665639211363643
0.542946003946553
1.171823301866385
0.43060040803575
1.6653569321901929
0.5748894525124972
1.1327601962839748
0.3637661156786692
1.5324995864120494
1.453621316517993
0.30250702242788224
1.3919202688159553
1.4352850763502343
0.3265055287593657
1.0798363323159506
1.1055013806416782
1.1494522364624857
0.8969914064713199
