1.2750790071365687
1.1866951875249045
0.09862098625359217
1.5951691256902862
1.5467814374042073
0.15607883615463627
1.6394031922074426
0.17096125735473797
1.453620773646601
0.27002944363399434
1.6738523675217025
0.20094460696499544
2.0078106838666927
0.326853502437806
0.17788249235219275
2.204775720464663
0.24654425275990594
2.00839675096196
0.37434580770723647
0.20293540802297771
3.3465051942353057
0.3077979060316291
0.2034917486843451
3.050078991191857
0.44972792560069
0.23755938831498602
3.1903817135919628
0.3517962867846373
0.22310455305321453
2.8571143969567925
0.8294385084704294
0.2862831665103904
0.371228119112942
3.13758758544665
0.42276640673239685
0.254790729697485
2.6652245826523746
0.9178364984106591
0.31946163316877274
0.3805481039829654
2.9986870109638053
0.6770979463327952
0.3162973715100318
0.5290231450141253
2.29954466430761
1.104703145444473
0.37926097471054915
0.3867839298476265
2.863397473212516
0.7444458179290118
0.3446158691077179
0.5350349410744366
2.1061473512972344
1.2172513290977616
0.6106643626292163
0.4547322604942948
0.6827291258877075
2.3798654842049474
0.8945808219251311
0.41463359961183915
0.5366051136778324
1.9135918909712515
1.336297945032878
0.6596985867493543
0.4591731732865223
0.6824922508319705
2.2589068893438915
0.9783878549354803
0.5200533459491018
0.7359257624882897
1.0319678320084809
0.9417488675781425
1.6493320612464166
0.8588042742390614
0.4591224943509694
0.6768403373519146
2.1458223141810966
1.0668525693427513
0.5415883318417973
0.7461213655443091
1.0409368089864475
0.735154270169413
1.7994797071862865
0.9211178749069595
0.5414414562906246
0.8579730271668571
1.2817524987584923
1.0141144799798465
1.345457623482637
0.7155973766156327
0.7485071678936627
1.0430897165101547
0.5358596379551909
1.956843616678314
0.9839049838407646
0.5170474887994531
0.8526378583370756
1.2868800338709396
0.9087225233243297
1.4570799674553998
0.7364718399699823
0.741015659696987
1.271046584319025
0.4311768408753941
1.4061231235285079
1.0835985175851215
1.1302887668976582
0.6268349962699314
0.8374314517299345
1.2842951107571405
0.82282988721852
1.573557724210559
0.7516959060883871
0.7209727356621963
1.2533085055811108
0.21374770754543224
1.5993318355478872
1.0670357515134794
1.152045981667755
0.6023010669773476
0.8104920316154095
1.4004945145426495
0.8802287672292364
1.385263155054101
0.6140215698191331
1.1866733341652032
1.0089566680621544
0.11272640777285033
1.4367674143890308
0.011811772718456983
1.7761336946152864
1.0881748842415557
1.176260891787744
0.5628149774777411
0.7699420560127566
1.4033785882906
0.8377402870037675
1.4152324193969807
0.7205656363239424
0.9390220250356768
0.9047655124661218
1.1143169216314037
0.22994546140777417
1.8988786847908543
0.3718101862258652
1.1920129382434443
2.0565394221584397
0.4702783648431383
0.20727522816998298
1.0005957197264495
1.5165309627925783
0.9601818453497577
1.6394416436098893
0.08445829329059487
1.0103152605507775
1.4780581873492358
0.7827995548885269
0.8223571468790399
0.3297995530284805
1.9451168044949063
1.2960637207415924
0.7033780317786998
1.2588268859064853
0.34499658301749087
0.3997590540747247
0.9346257825402593
1.471539624333086
0.859771613934467
1.317680647448732
1.116297117754199
0.943656238177646
0.6629073202490903
1.1953764636404254
0.34122972063244866
0.536369292787066
0.6399663136851107
1.3351267832256908
1.5184448328298323
1.5757000272330683
0.09932995434516866
0.6182053476809052
1.2414048396426955
0.027037369634339326
2.2167649173901878
1.2026240490578763
0.1492467606146644
1.5389283998014993
1.7387166779610645
0.8638066021017765
0.47885074523548093
0.6735005023559861
0.8471284159133708
0.8736508320099352
1.5896986525851509
0.31015416259884404
1.5707999394464294
1.7465485768485751
0.5327940806150763
0.18058029065943068
1.0298775623014007
1.9531770553949754
0.35448525991719537
1.3168524365195369
1.199513422501658
0.34439237621297863
2.079433610584232
0.6033960952211055
0.8315088139985416
1.1266582294706378
0.20044992372917692
0.9755793583444174
0.5436709220073022
1.3256934660280488
2.268807113018404
0.24293461775043615
0.8171727836324197
1.2816596998611058
0.6828058869384824
0.7552250459974329
1.2376377821087066
0.46456554613449774
2.039009174106478
0.28142286259375443
0.8163071560601177
0.2187021887664766
3.0128694589712888
0.06920937872311823
0.7909998608445196
0.6134840481572691
1.093150220086245
0.879313366420357
0.2993654733626259
0.993674602588437
2.8072438810343616
0.39167647005822287
0.5964714298836801
1.4424166865801695
0.1272690497761937
1.054086882623588
0.22910515548305546
1.2338560987826952
2.692959572532548
0.17553337187206255
0.7542838439789369
0.1826011049202361
0.7832877573573231
2.430992763307065
1.2905247536801145
0.16750758468983526
0.8852671283765161
1.0045860421205963
0.07228552822640824
1.2733884902275159
1.5054417697877458
1.8453009312669877
0.29825611181908035
0.04412708996944895
2.7211576793035284
0.6821398698115524
0.7271008452139104
1.3199625175612233
0.298859612447728
0.5217920592145211
1.946179205367851
1.9959124627148899
0.1869034132620431
0.10189762010099004
2.0406337700628265
2.6257779693654473
0.06241406734384515
0.15228924205501718
1.1707978161094026
0.1925406769694916
1.0400867169828094
0.8873403516739737
1.7303084295054196
0.9912324048324106
0.9471363084537193
0.2698790491135021
2.0340605331125796
0.9333521290172739
0.05941576962777761
1.3041342442019324
1.649463970545648
0.7515052444000713
0.46498566078261544
2.114182149325005
1.0792772229013528
0.7344234784059391
0.006085778064030592
0.37262592900654984
3.6768955327228365
0.7991211622713381
0.06122871005119695
0.5356798846836942
2.025582820547217
1.0413328807963824
0.5217624659721734
1.0225234880820246
1.4143957421247875
0.6714902868978371
0.8382172392199726
2.641245832230923
0.32017822580751193
0.17922599715083934
1.547730695073677
0.1658486597051727
0.4213557344714223
2.166341250898939
1.222981228339867
0.968920354092726
0.05511603673417731
1.102377709252672
1.680657561108121
0.8909070191327787
1.1686271824527463
0.9696734611815702
0.4727876564313708
1.4852494091636974
0.4018885249101616
1.4559045852795383
1.503545380800826
0.2026204186840025
1.2232837587447298
0.9922409635575541
0.797292016945726
1.0930156768712835
0.4260078871638005
2.6221621776445665
0.45383349267469514
0.007988322399796795
3.3153758528150146
0.18582951213860066
0.5865118431636698
1.7362657203871474
0.7786416172001188
1.688038194036959
0.22404959198760835
0.07151223137512328
2.7377739801064536
1.4057201183865173
0.15843946016587618
1.1804111156018076
1.1887580943926312
1.0180227922212424
1.1052194561209305
0.919490697106117
0.773066012315754
1.741786276263275
0.4138687172548423
0.6510209486434466
0.8761192410745801
0.6652337216429631
2.3601728694948476
0.018574266613729455
0.8957281075698463
1.8459239536439245
0.21970581547046947
2.229374145339358
0.1904936211236617
0.47294347579180507
1.3223906668432863
1.6937014839202869
0.35154187424148414
1.0245148675956537
2.199265583674759
0.13937901826361898
1.22607401346344
1.5241744139075382
0.05518507999197591
0.724968131473491
1.4964828052483912
1.987494496712359
0.14937783563848409
0.5764858716253354
2.5425355866577717
1.0104378070521816
0.48258649902564893
0.8070938181866232
0.48809290251757964
0.9260998180834947
1.084160098476945
0.5971819139835548
1.139220151782439
1.73913753004002
1.3776447850636788
0.20323317595920232
0.38995217628782886
2.831499482471485
0.6343853671412119
0.05976591486249162
1.978822075572292
1.4337408633088582
0.35485198400062834
2.154060247279804
0.039684890750501814
0.21903008031534724
2.5442292975004244
1.2385482359152526
0.8044711388104608
0.35582838414668366
0.2594301778888484
2.2054947979544037
1.3289698178868476
0.5734342577907279
0.9350446143130285
0.4320947569788751
1.4990154414040076
0.674619946858719
1.2608935816832956
0.9530970102948
1.1211028416638744
0.797465234833981
0.9945328478138337
1.2684129029402023
1.7148949910454694
0.07577976854828253
0.1916057705906526
1.4399868482048113
1.331195303911905
0.8939657421057863
1.650789279278439
0.8048079990633575
0.4482992503078066
0.0639027131057043
1.729122399396073
0.9620661892559789
1.00030914655516
1.4297425202964613
0.8088630197415462
0.3913953391369465
1.3566967977776798
1.0338801623634177
1.410970689691336
0.6026726588236986
0.7821309726289638
1.9712543727187701
0.6658099287970062
0.5261022058852748
0.5000222081915882
1.2351917528962855
1.5107960704048817
1.2343667004221754
0.735575468480055
0.9773236523783129
0.6792227516105086
0.7801969147647481
0.37457036777090813
1.614999148136197
0.3087290699357367
1.8606348680093872
1.5198772609733124
0.2503689378857578
0.45163527978747386
1.8517000405187334
1.478486486312721
0.3935885454085146
1.6629467951724657
0.1448131256824206
0.1836580956508669
1.7363867619470927
1.8548999724774167
0.6997064538854907
0.4050538141383746
1.0819134573328488
2.34299028927601
0.38277606437372025
0.5307448838959978
1.4557648272631685
1.1404673489976918
0.5713705037253869
1.3745028149423442
0.8276157780238669
0.9950301145962346
1.5269321609957403
1.1772432690018075
0.10951164903841423
0.5258258755732742
1.0263672932470989
2.4592119871960314
0.6452501115742804
0.39273055744899066
1.0744804183481564
0.516783987699327
1.1610343562635363
2.2441930159380283
0.46982567774600004
0.511745354310755
1.5481763929913934
0.5123310328321062
0.39140190200074854
1.8574583250586574
1.0987102789593535
1.003623393632414
1.0938254689570213
0.33359866590761955
1.2261020936460014
1.533659068621498
0.9854021887662522
0.5160617940028493
1.1067575974678892
0.6559764463535019
1.8849369893829349
0.9898039480752507
0.3179984626751009
1.2525509448378125
1.032479813089251
0.693298295508841
1.105241502726742
1.3497827430358813
1.3860906948377583
0.58979429865097
0.29930087885077655
2.4783880520124892
0.024527126614959566
0.7177602059525592
1.9746589946377318
0.804792332462818
0.666137206080616
1.4994070759216247
1.092346431743602
0.7401031598238339
0.30039700161167543
1.4943783202147478
1.8524672994047486
0.8396686945299665
0.3959179130760493
1.1166934244830364
1.5243427530271976
0.7928494251952407
0.6176178848075573
1.0042199316615243
0.26414073756611806
2.0249335974789258
0.5185273255050576
1.0900508172074286
1.913795821515495
0.13400511011560934
0.9025432409799009
2.7513975990660233
0.12957813175844188
0.6306672455014427
1.6293392785242675
0.9229199406380274
0.19189063087454286
1.2626120596863204
1.436747317362027
0.6763152122464641
1.7812627892677684
0.5425978866378152
0.5935979812597217
0.45676601572212056
1.5659802882272298
1.1208897536093856
1.2991014858403849
0.48080214656861703
1.2469829336045761
0.4052599297902377
1.356435231941283
0.9498861858193448
0.9397092995903437
1.3615612032542512
0.8566140418779753
0.7103284533044687
0.6222356043998954
2.4486171707021827
0.1895800164987516
0.9631838224986812
0.48080408152510073
0.9231043872943514
0.5826664342218155
2.1121770953805785
1.462338440646088
0.13663795834256526
0.1396583633204045
2.2190699040618207
0.24562886685392532
1.503205609887893
1.2338280699837754
0.7997250968756868
0.5886370287586827
1.0521464060815842
1.2331311957770852
1.2335658512561245
0.37804055743182796
2.0946892997849695
0.0778099593952817
0.7444599251754214
1.2218710485448787
1.180751909524715
1.4503153354734293
1.0739980031735552
0.08769788140396799
0.9919896708853575
0.8172481138003533
1.2864817745472796
0.8062027392640183
1.8415616828732368
0.5150520312214425
0.5628646693442687
0.42917218673873775
1.6106383456750988
1.5252635384123687
0.224082746216134
1.64610146085001
0.35730535881344405
1.2911545135525966
1.3600080600899072
0.6678858816887866
0.2480034074368256
1.7269925700133222
0.5617099286209006
2.064455489546619
0.5209498245459194
0.30401768299834486
0.7438202503711782
1.6708202878189242
1.038251799363127
0.43094115522504745
1.298792167813815
0.7691491542802
1.5795550165704675
1.0172221552310403
0.35216741113983296
1.8650988113729345
0.07680110696013845
1.7256824539583941
1.3322437023958134
0.28837030712469464
0.6653294643958578
1.0994045934843197
0.3943996712360907
0.7312828177503236
1.4105535895636343
2.1305507664319694
0.3422453015215952
0.38590542517026194
1.6914031497253106
1.0550601529770558
0.9250845424283661
0.6034285206234588
1.2531050434661914
1.0905923510851818
1.4776614591475719
0.5037861350303754
0.6411716469040807
1.3397551047214002
1.3036275161480002
0.09050627035946324
2.071328938401848
0.6618030282038057
0.919165735780269
0.7954319287913071
1.3917926548389228
0.9268861251037096
0.83239464151733
1.4434475336107224
0.630047752864775
0.3503666251107572
1.5982365566626202
1.8603111587547667
0.4630925109997541
0.315169935597338
1.5656172923063625
2.4598469195740695
0.17671294079947122
0.1422588986253943
1.481232553706724
1.398744555848941
1.0281030635349855
0.2959360004605081
1.913036409968128
1.5137211731435638
0.3965209983049721
0.874783506366761
0.3015783637681307
1.4340795446243144
0.8630324797814349
0.5495434004865142
2.1701125510177106
0.6050867613689045
0.38899727947439977
1.8089122009418666
1.249793872334655
0.7789174257527427
0.725743955357348
1.717637353588406
0.4903573488791736
0.620970342239332
1.6045628423508747
1.4360600774302743
0.3566096199879198
0.8349610476100487
1.6000671922487646
0.9672717005351928
0.9694141528458055
0.17328435323844518
1.1648462391783265
1.2790991164576335
1.3473922830593537
0.19473458890356926
1.6035360045225826
1.573018850307216
0.3605978220582905
1.5023038869110634
0.81570906618284
0.3551742481298902
1.314468574019838
1.836632457471317
0.2459061407409255
0.8012871674281595
2.7038218440765656
0.30888909218085375
0.7536569040986942
0.9128787403276788
0.2564985519857124
1.9096390996097423
1.2959207706331268
0.6992531967021437
0.3142510226431714
2.371202334251032
0.3952133161583007
1.0537991926666663
0.8642713622635968
0.21336695456787252
2.2467632698656743
0.9597199623498978
0.7458405144112964
0.9459198908417139
0.35017244370317846
0.8798012928442517
1.6333747671683625
0.7559313687997051
1.310465314797858
1.3123499213855863
0.36509213372717825
0.920716335029668
1.2342032713926234
0.5194759891401654
2.234339476415738
0.6151059937098916
0.16415199820144954
1.8723837996393657
1.1080404969973225
0.915482320478125
0.9521942080044581
0.27489815942534374
2.296306148595841
0.4395332567079934
0.665958665084365
1.1717249027302998
1.3756732729660746
0.7273162695550717
0.9345834804370522
1.6015315034042341
0.7650223958185541
0.4320864169246744
1.7876093842101306
1.336867912655136
0.4594610948696129
1.1442455373140863
0.19893754129686592
1.0202946512392452
2.472099422611814
0.3325347723901288
0.4664719048483952
2.2414074302114244
0.46002261446593296
0.8453886591666543
2.028620714098983
0.49611721629145744
0.763991301815198
1.0966172667160683
1.2270373500798883
0.9499562013166288
1.0283006863385347
1.2728822340296342
0.26253028335303946
1.0903696863960504
2.3655622636005598
0.2306550515753128
0.659078245378894
0.5096577000688195
1.588627004615492
1.125756309841835
1.3110963932366018
0.3155726851692954
0.9085972980007813
1.6615630540877377
1.3678383267234158
0.3194971073428265
0.7642024566225586
1.3638935616336467
0.4217534372045498
1.646304569864339
1.0371270417257106
0.6033863681190059
1.5842330926655517
0.37831630734580307
1.4484193781392671
1.0225541543281482
0.44463171028758836
1.4787054948185012
1.2774419252283713
0.3103204819657334
2.2468416878509947
0.3663177731728014
0.47608256466855275
1.10899632790185
1.0376557154723893
0.8723516457568228
1.1570835113059743
1.9724850169445458
0.1611322492902166
0.6918754508737245
1.874652773958496
0.2582289911319952
1.3788975720811356
0.5637641450551691
1.1424404317188648
1.9397391982749932
0.24023920565034748
1.086006796161868
1.5792811565228337
0.5352443491770509
0.7460397536244795
1.3440616216694186
0.6792752442656508
1.6006622453811656
1.03877081106573
0.14848091949270348
1.5578612204262252
1.2816245621601676
1.0974949249384327
0.9986499787122411
0.5647345370235685
0.2073902335361365
1.6179585105547218
1.2066596684667836
1.09903857094148
0.5897566422696553
1.1765933529196793
1.425439084999265
1.0163343452946616
0.26114370208161114
0.8500273792537951
2.2555549893279454
0.6515070968100838
0.6359506882947121
1.239963627721395
0.8236102863015285
1.5610497604560187
0.4587559080967323
0.9787437917330898
1.8726517739370754
0.28523312348656427
1.0415237965366935
1.225574738364618
0.8721542790463543
0.7900403974640667
0.9661362123477679
1.5112355678737954
1.145366568122055
0.7772711943919277
0.2323098095333988
1.7651881683712562
0.8533047544531819
0.7335151628664193
1.4215236170762922
1.1606154900804826
0.7078995385061584
1.2570186103726095
0.41136631512064326
1.028114218496062
1.3391104678161068
1.4022835916217062
0.3627376295740675
0.9915160874028027
1.5627882380113054
1.1990357376900775
0.12971969007953407
1.2844649898572154
2.082416424400461
0.4584947378433638
0.6844217082395625
1.5344430057182563
0.31150350553079004
1.6673445092907226
0.8524833920036837
0.7988576791164415
1.630258481845305
0.6143889769551895
0.5485952679372461
0.963986882066887
1.5742772339697093
1.3543132521773555
0.5347246961885654
0.27969180721474407
2.4621594490559273
0.3987028047604333
0.7251486940084478
1.9428580888860696
1.2477996190163525
0.3214423477722867
0.6412129232408348
1.0954034288872214
1.0718940186163635
0.7125560751991079
1.794964459925249
1.1021060374557576
0.17584098359657488
1.4292074170660463
1.0532283227450117
0.4659163710678197
1.824774616033236
1.410781344942489
0.11983556929775976
1.8395793780638459
0.5056204826969037
0.6749729633024012
1.1858796159232206
0.9811595264787297
0.9127040906549382
1.1730821946154397
0.953230018565334
1.0176052916034293
1.1720943187335504
1.1889556736810423
0.21138259819156263
1.5693233527358856
0.9697750828279563
0.9010638692623365
0.8679057879292963
0.7774538159663507
2.365017638080422
0.22781293673747477
0.391809769955378
1.0061372181013188
1.626615192518714
1.5056368114412608
0.2119156571430711
1.1639265893941155
1.0523338355110863
0.9109831104396302
1.063051826459191
1.7621786575118803
0.06221907128095467
0.797931527396424
1.7558182328168879
0.8265991153317896
0.4575612919826052
1.346450030057636
2.1291570196944556
0.6413065796602611
0.16726531518125448
1.2785982575533514
1.6162725336353203
0.6044089331498538
0.35277414226224246
2.6792330245403866
0.5857497715175037
0.5205810348265785
1.0143655316100149
1.218818368941242
1.1764673081989545
1.189999470344324
0.6513036151144895
0.8696316367352115
0.43814755824561413
1.0384285807983311
3.1569568873906904
0.009101612508958388
0.09237917480930927
2.5113780979859186
1.5722685997269858
0.1165689369181482
1.416243720001579
0.2938687302762672
1.3090847183706154
0.638591601491152
1.26273456080827
2.017673468006413
0.2597120894224303
0.6562900316997236
0.7352264340156517
1.2224073383231628
1.2445043575591301
1.0103408697481462
0.9170285160665806
0.7928856230971744
1.5825953728132154
0.4253903566396834
1.596264208978626
0.5421368455513381
0.557120126464023
0.9401064916952261
1.293451263396256
1.9049717288488432
0.06122288199275783
0.7140022679894193
0.718888443781128
1.276214603547656
0.9794759792423423
1.842377507788051
0.4128155039618259
0.46606209211890426
2.466777655945058
0.6174816648602702
0.5057130510644011
1.259421546601304
1.242633426754818
0.38131372372844663
1.025072617509933
1.0483963919862767
1.4308705709874225
1.0202672722161765
0.5951013794294958
1.0780753118394981
1.4576347283233695
0.7964787442328608
1.3875321877639315
0.4081515935943429
0.5005375287646715
0.4440449996618057
1.742376064330607
1.1421423932477976
1.2445538175335997
0.30581839363766733
0.9750751206651809
1.1635365179809238
1.357147104758293
0.33295870285278734
1.4607553086389724
1.0406619371361792
0.9348048991634004
1.3669372619364706
0.4230923348009424
0.6959570396904181
2.1578022845200504
0.7775950679034205
0.4474122136166273
1.7746230324654866
1.4923608285179055
0.0994000155218375
1.1403212942451735
0.9643766989479244
0.6426069969079314
1.4953314888664364
0.9046234935061124
1.0493622905840911
1.6672216181546657
0.23896751474905276
0.4272211460216361
2.1161764980996245
0.2565269375525236
1.395504936043679
0.8413682629390956
1.3700633406058327
0.7601555168253264
0.9616238388297884
0.955867345795557
0.5724867944376363
0.9470719942882999
1.9493731086894985
0.7981976865817324
0.6735303562507047
0.35394252083869265
1.4406377257528613
1.770990432911404
0.4604279349243285
0.9289233205001498
1.766737063428735
0.5995830564172642
0.5406402333724702
1.4580125627101357
1.3916252306746946
0.21771796365695
1.7673440706508463
0.6056828181147722
1.0175893879150704
0.47867488692156057
1.176116383306786
1.3928109883279094
1.2893293765287877
0.22370051006717373
1.100181098467428
1.7593762138515296
1.0055767777283307
0.7460782024350154
0.5047015729306997
1.2759907773924983
0.5872446319380373
1.4685658420459642
0.817263626494361
0.9535338416167214
0.9424766461683577
1.3742747246963585
1.0761574413161046
0.3939599934461505
1.5791223766294538
0.6857432368684603
1.4767374200287202
0.10564078184632233
0.5745822019992974
2.137787838429899
1.3353993544049223
0.26868367178390523
0.974624363527004
1.6300192638527176
0.8251116228812535
1.2616782218878384
1.0159288220289473
0.1571731989708494
1.1644909451517818
1.3796014408249742
1.1040863103470933
0.7894639242577786
1.0554056634857492
1.2573076269418912
0.08236547802467313
2.2264800344615656
0.37132347150901335
0.7561876188441845
2.204989253855033
0.598776991092415
0.6694465947729109
0.8425951701589702
0.7131479366184033
1.3525664385090619
0.9378008789792917
1.1047829069321584
1.6634282997035594
0.0159100154976404
1.403919970170859
1.1108015135057956
0.1479867328275228
1.7993916850744973
1.539355801675287
0.6452395354021874
0.8594547122720769
0.5685940907838919
0.7336830518393894
2.5105433490303266
0.3385042559731849
0.8825174962361414
1.0074468310184492
0.17967129786901964
2.5608872634241613
1.16331423332292
0.10990083734265142
0.9184729910249616
0.6382874460462693
1.0764094898366068
2.0979481503650868
0.4159048419151889
0.6288771026574559
1.496053655428128
0.8119477202699911
1.0123495946653227
1.7579335540617482
0.48560005589362615
0.374231649352367
1.719754772098745
1.3895754975323624
0.659122751632951
1.0868842237558012
0.7872497569467859
1.0253591573734049
1.4862631367329426
0.6700668587471813
0.2582736274692821
2.02536641484315
1.8504693474613458
0.2679712250187982
0.3118853059864424
1.359666927622183
1.766398505830165
0.3378143653273605
1.105083863071861
1.775768033708155
1.1015322927786293
0.2884342336302237
0.36818713428259864
0.6890396205860181
1.7463599403356125
0.784377402003253
1.654144652264469
0.05775397495890312
1.260684746492409
1.2621440303952363
0.4943906050047748
0.9589049498207828
2.3130063572739648
0.6006235997043613
0.14912581825629492
1.8427455999047642
1.4707737696118266
0.29577881955110275
1.2060947189140776
1.255529244893285
0.8525965205008824
0.832490074779719
0.7246112530578896
2.535240136343441
0.04166425292452605
0.6631516766379727
1.948233573595312
0.3727434598939206
1.1563288114246226
1.5241915553719123
0.17662396980922856
1.3507185026107984
1.5784865579623526
1.3769343528213536
0.15325697660342846
0.2975673275291641
0.5188317903312676
2.9757040839716966
0.362029601570493
0.6070534241939787
1.2100835530023866
0.8734505192201769
1.4563594099258128
0.691434396704546
1.6750957167238258
0.10983438542936129
0.4345759090610568
1.2782333914920996
1.772051566545341
0.6812555192844719
1.1404078166892027
0.43798095759321404
0.821575859501626
1.1065157666803247
2.2090058239544943
0.4733862072089601
0.4159358550620149
1.2057145410883798
0.5288296271469016
0.7867180380038301
1.3443007710261494
0.804902329788929
1.3355848960306673
0.5447388378284082
1.1412623799806083
1.5985577073089354
1.0363089671094965
0.49714417079244244
1.0782642577075787
0.9344555182940516
0.2535280267134572
1.3516333093428066
2.472410727866886
0.43282561580197726
0.4213032220057617
0.8908230264785864
0.8852099612646689
1.4106449060463302
0.8691871048837474
1.0256953824566484
1.1909376146713324
1.4731857256903254
0.07371189764772883
0.7075581029044727
1.8463574255903603
1.149947488715497
0.4667831935824443
0.9102965131693533
1.0879791635355236
1.7391802601646267
0.3274349349173957
1.1912906621958057
0.9900600529839225
0.8592675253583807
1.1465951972282993
0.8394368602778259
1.080985795349117
0.7787203945798812
1.2957606202480705
0.7526608375572666
1.497119160648998
0.9094640306921481
0.8597500399889222
0.8400581475673127
1.0642606861685024
0.45162756939430393
0.4959808464811876
1.674826249890515
0.5670813020296761
1.91279415620227
0.8512777869960465
0.1711696437909726
0.781936887749699
1.8431231070922374
1.2917918717733095
0.8668065579329365
0.45789147381105105
1.242444214600593
0.688617486201288
0.7251320481729171
1.2069646541343226
1.5520898349096062
1.1216120083348389
0.5685084116279369
0.33079112239340475
1.059940610434378
1.380992893653154
1.9500023728794542
0.09112662791913968
0.5904233943856456
2.3232534385443575
0.7055153583900248
0.3968818878138044
2.075715009901135
0.8099498489455308
0.3649166582034419
1.8335336915355471
0.5361503185715878
1.3706120978549263
1.2828176463843688
0.4825250672435781
0.9087794793169519
1.0132945933809336
1.4461813284765332
0.13123854511879596
1.226594080233679
1.8913315622523907
0.5655260856226626
0.952184255082285
0.6836807447461108
1.081739001587592
1.1219905259953127
1.3285177279270812
0.8753434923631336
0.8498895330086207
0.5914194801017228
1.803570512580428
0.7133683466623948
0.8203247578854435
0.5354733712643401
1.2093294227732876
1.5727459106981938
0.958232941582065
0.3501073840722045
1.7554614074689419
0.6634616031968432
0.8996965517999855
1.5987050477379214
0.5331868541183387
0.5288270536061886
2.2922906721809357
1.1598005860826743
0.09750358556667646
1.2792090404151018
0.1795775138592507
2.1426499740231773
1.1719803856990159
0.08045703742646705
1.6247553549047977
2.114790533945253
0.3055511379815458
0.32286877096693806
1.8518325292339448
1.539788210896892
0.5309531243136367
0.7612064176694453
2.032102022494956
0.5943535526354723
0.14194106853843633
0.4955696663206028
3.2194167657573587
0.2642937459180185
0.6400466440672858
2.285220326338304
0.3940983350752547
0.39159096068798094
2.4509546880120054
0.37350035563323575
0.7274108476726006
2.3459331276814006
0.10057944606531449
1.5755489266641503
0.7882283493432088
0.026482197732345968
1.0255136964464657
0.647996786477597
1.693695052891441
0.8623021494133829
0.7939636562550022
1.5981170763544053
0.2748028720783629
1.103413851422028
1.9709812471478032
0.40998852860067453
0.9690089552479306
1.749175963118043
0.1458374178442123
1.5712804753682668
0.8115428434490239
0.8847902660185729
0.1565238998998642
1.661368751801248
0.4469555399655808
1.879285608960613
0.3878932065358526
1.039679955877825
1.7826894987110236
0.1354472075579904
0.7034397038315616
1.5998945556849982
0.992038016032485
0.9301388827537935
0.9213899109311713
0.9558702528836872
1.7565396501882853
0.909630855054213
0.23146468406813933
0.8747196845887238
0.7642137985646292
1.577087910478658
1.7065615587394944
0.26703079951722736
0.4022218830591102
2.540495475681692
0.467974022602151
1.2146981785713264
0.3810484477236129
0.8845931107353489
0.2066343043067212
1.3033063392263537
2.219583919888984
0.10352842431030375
1.4180329686404956
1.2668052081764452
0.3606722851002333
0.8909555225300079
1.622092223102047
0.8686723163629648
0.9003201783267851
0.9919055513473892
1.1203720866705311
1.3981884286032733
0.5800882354506837
0.6901913063202688
1.162062792579177
1.4346338310443008
0.23573222099282848
1.2592801013599915
2.3272754060330922
0.1972252425031325
0.5688457560218465
1.6039748279144799
1.031701412285382
0.9548679760520256
0.7122141196001177
2.1908534110354343
0.17816546394069746
0.702218882009733
1.4601961724968322
0.2577208012933348
1.4909122821373777
0.9957850434785153
0.9231164279395774
0.9636436505900571
0.7308409734850044
2.3922634063648576
0.019672027162736996
0.25295417224460504
2.781298341459193
1.5907226927231586
0.12388146724281925
0.4281661058800839
0.9941280266906148
1.9596956716582228
0.735296571648028
1.177769945972918
0.16637565934626905
1.31343890185331
0.5732055460417996
1.100601899869765
1.558208293411638
1.1434735780934024
0.4287941955798345
0.5931936185347172
1.3202290667924854
1.80866601740943
0.34019270798654383
1.0216441140295127
1.568155655651497
0.9212500390184771
0.30583513802349543
1.3948030544579968
1.450725437099293
0.8188479160184498
0.9473040550421767
0.30923070212249365
1.6874348110296271
0.9295911826113851
0.7377388108260103
1.6165798928265662
0.8593064277882081
0.5839463182443491
1.166686655986868
1.3019941538384225
0.7572561817199306
1.052978437690626
1.1638765683667143
1.3788734982353545
0.2977505688574928
0.6261259868768444
3.299590442770458
0.06437988366466531
0.3200271250461774
1.7581638698906719
0.7334560154463143
0.6524527898588417
1.493518989188403
1.4029957730718285
0.42993156810131966
1.1951568608123164
0.6495163188792193
1.2799086865461344
0.46314525278805685
1.6992396395759062
1.2453317276840414
0.6265819261356312
1.1024638668020752
0.4154256240630073
0.6649401909368425
1.639351952942565
1.5199885875834005
0.7036777040142592
0.5529057416052169
1.3335714495231554
1.0967691412084168
0.35801591926294507
1.1107099228823554
1.3399228880792977
0.9824364591729591
1.320774003925575
0.56105780810233
0.899171016141477
1.2495147175207253
0.7772497802769659
0.7723157686888812
2.3835620918098064
0.28332685620078973
0.7851029868791698
1.2137232902524036
0.4764919157424678
0.5312376613704295
0.7182038180134377
1.1750421032473357
1.1493129263108854
1.5610035476406756
0.26226197353504566
1.1573313092614528
1.1338056227974398
1.3221082929788366
0.9158847328451285
0.38179694796523467
0.7376564359216777
1.6168070402478742
1.6486512500114496
0.4638525640902952
0.9574412685492312
1.0119463721410287
1.0818837672801003
0.29258678800500953
1.3102400517725947
1.937633534327564
0.5851458065038572
0.07998489926296785
1.0477154445475942
0.5595942535860041
1.7683096891281698
1.5960569870674008
0.6035064667822153
0.2327183253830725
0.963822228444492
1.5713741857600194
1.8027139590577403
0.40903143932705366
0.3809052813870627
0.4813776692794485
2.289449186037465
0.3110645784994261
1.0835958846571594
0.5242210570044685
2.0044954291462522
0.877282968825845
0.24583263516082476
1.3633338093404914
1.770393748006547
0.22060184006626005
1.6113161501187492
0.6933752418170728
0.16866233597517594
1.9826659351388076
1.3627637859846522
0.7289328613256998
0.9493668366696554
0.2991955561341149
0.9525475229559737
2.3066374101650013
0.925978207566693
0.27936374964400024
1.2960695837594274
1.5104115644641924
0.5554719047169101
0.9921120268701322
0.6930372645229175
1.4575596485336935
1.8238348504987751
0.32330305672057374
0.17511734676348303
0.3827101189736086
1.8610804311890239
1.0964385541993118
1.1077167998588549
0.1828344572852511
1.5285867034953033
1.6002457328681658
0.1902467624142898
1.6675905949021952
0.4838540595549043
0.8029247143331627
1.523054245980145
0.7333021706885877
1.2105528947504975
1.4588649218352687
0.8223181473040088
0.805058458225405
0.009750348184059583
0.8298719338143994
0.9267173980935088
1.923693745249652
1.3963272160281195
0.09303597892999377
0.6774635242430127
1.8350510913022084
0.5829905337513082
1.1006890651786998
0.5917607412731224
1.2756943793448825
1.8054871399844423
1.0139931385456928
0.23428824019178304
0.18647929887397519
0.30916162340651415
1.5928860943837682
0.676779508762765
1.4205126454188641
0.44901621887064125
2.491867165822179
0.02708169717141537
0.013198544365949631
3.0736958578801743
1.1406195673097734
0.1985294961400894
2.067665809850434
0.03124816648934895
0.8393140988552221
2.296770836758089
0.35331622505944044
1.2956421577359352
0.6131246424162179
0.5650642353128701
1.6906128118248294
0.6158004385242447
1.0825388143184433
0.10914164583251312
2.053108895925196
1.1002227961898952
1.0067451484574825
0.14780407483405844
1.4544600868849016
1.0428174887588066
1.2420209157512525
0.38281914560318303
0.3800435467369804
2.708935099279587
0.19232439935386175
0.8610260313932497
1.3766308245115817
1.5816469816600847
0.03198046542110385
0.9142818755934021
0.43302812531487944
2.180954618407685
0.8257256244928453
0.5650616114384097
1.715981311716782
0.8388796866966087
0.5294514651756592
1.3948140918123546
1.735429565387181
0.03089352777596092
1.4036316384618666
0.5836875183776209
1.1724272717015571
0.5914116099457093
0.533710602113009
1.71084575546923
0.7530235732776598
1.3369533165929979
1.1751512031222395
0.5982703168573681
0.9236112655523101
1.803383421167578
0.26968995054361683
0.7161842251767845
2.429964907649192
0.24289470735510918
0.9858470160057065
0.7035293883147106
0.7073087521250806
1.171458339574375
1.263436731988888
0.9572600920258814
1.297033813299736
0.5443004518711033
1.455565803299481
0.647564885164483
0.4202934764862681
1.7580719864392367
0.8944061312886487
1.0975814046548396
1.0258984831234848
0.8050422648652537
1.2941377125090396
0.7950254667105773
0.439863774609068
1.5628078334384337
1.697266336875087
0.3246494903242494
0.5522210880002403
1.7864884749067436
1.4353277382186571
0.2462841169256832
1.4713914034766866
0.8213274730463436
0.9267161029942416
1.0890353810642264
1.3228036646379886
0.8602306052176331
0.6609408807759953
0.5257976774447535
1.6199858914905276
1.0161852634311064
0.9043691065825796
0.9732170380478018
1.2086260271968075
0.9585410720594383
1.577428326382374
0.0902219394328352
0.7726582103645588
1.2845504641912056
0.10132600764044145
1.334522272382831
2.002378356191744
0.9677579768818818
0.35399222376229345
1.0126488443098018
1.1658816302599053
1.233559847799408
1.3177506073256533
0.09935522948960386
0.8848312154520013
2.302542725119114
0.18070103594314746
1.3331053357650766
0.6559081281958447
0.9452602636393003
2.0533637968597005
0.5107622489689332
0.13463468194240003
2.059388025821153
1.8500666603506761
0.6342402988416627
0.011506317642571888
0.6145242438392633
0.027791326130475604
1.9953279170919793
0.9791004626089187
1.6217420487285135
0.1419600883224393
0.5965719576887777
1.8968874405725369
0.37077502053340444
1.0763199356690958
1.1412440933327361
1.5533972724055263
0.6006595734295435
0.5041121692247145
2.1751476205867473
0.4142298930144088
0.7563278222075618
1.8334327277433597
0.24545844143274445
1.541411900152316
0.8829359428314808
0.8234235812138798
0.9779291600375556
0.5769185432173449
1.6211615557320718
0.675534337331405
1.5818970464734377
0.6930285545680891
0.5298964741690516
1.181500405829353
0.9778967884741041
0.5965540026813643
1.4180649452157712
0.772074116125727
1.0907744826915207
1.4013963216952714
1.4585304562357233
0.1327683288284012
0.20829423936244015
1.8675068577595557
1.0092316090775042
0.9516305596221644
1.2167662825653776
1.0888378038455928
0.9329087969208378
0.5124718647433107
1.3108508634240061
1.69370429495943
0.5853843915543586
0.23858580604758198
1.9636809436945732
0.7835456654925477
1.3097937861784825
0.5034518495237771
0.159608160393021
1.63537319169019
1.165580281978487
1.097764662479108
1.2031843474273294
0.7468782621041627
0.7845457022732951
1.1375942967508361
0.9840843218397857
0.9567100034412426
0.7148938787421026
1.4225865465036964
1.404924746884628
0.3704859844664265
1.254861838719711
0.02625365585471423
1.769691145871205
1.2754821457238952
0.8236644826402992
1.1799776779382656
0.4366697577450675
0.44193612427481366
1.831843156822445
0.9636711293485762
1.030707410248756
0.21589450848093394
2.029246077148203
1.0344857216437047
0.5589152119525452
1.2464737143742395
1.2189156151577873
0.7111090020384094
0.30916433447487446
2.5440810687056845
0.3344969142356402
0.30656765302245326
2.17211131123142
1.3657358547834875
0.4215017521276881
1.0779821589806438
1.7883333215661261
0.6850307681675996
0.5730199701436719
0.2747142765078064
1.6841245487222851
0.21946631053100193
0.8790284408937199
0.3574808179573567
2.6148739995041197
0.15137789159318096
0.8085670976466941
1.14775794069911
2.094762632360124
0.49051597072957853
0.34222169062082913
0.23076502868589524
1.1662775972279775
1.067568629913116
1.0462158298334672
1.1808084202744533
1.0141853113145627
1.0975997793695695
1.371060792166599
0.2027666338415298
1.3885278814296569
0.5634626452859381
0.958161700769732
0.7388478678747517
1.9558494760270255
0.23542017494273143
0.5219735392348214
1.1611916119532537
1.7160056160649035
0.8410141647368748
1.1417722893042253
0.19725342053659248
1.14533271491852
1.901558099492413
1.0254213007283708
0.2554906790129033
0.6990097496393132
1.6707899202209302
1.8169769999801728
0.6051804524317852
0.15438471180770477
0.4252953322010459
1.4360208757828814
2.1615262004793734
0.5191091136999487
0.4459163959979338
0.7164960446007531
2.0038044321665263
0.4932863659280863
0.9952361184268306
1.9342482802012329
0.18380587182262195
0.7746756237520324
1.125394836058212
1.4865820878118796
0.9837052554005916
1.2539776243412222
0.3157582890983013
0.903918663923623
0.17208650199670708
2.410767112754781
0.23842236081990753
0.5347698346667751
2.054989437721816
0.8217119669036731
1.0548013293350231
1.2789618903919666
0.7906797911406891
0.5088923704259636
0.09507282579815751
3.1510823008147164
0.6294381112227746
0.2523328273364236
0.8214754525343512
0.7690334821255482
1.0723641752049162
1.8790356609578114
0.6568850720213986
1.2069827045389296
0.2772492344224425
0.6250805193431106
0.9178339490714327
2.251507021628418
1.0340487003021162
0.14305830939723105
0.4667427733283559
0.4631043556061186
1.3478857003990423
2.170954190029047
0.40812957751448414
0.944396153442119
1.4627019268653816
0.6954988975661988
0.18998557675011965
0.6229910318579525
3.012352010495627
0.4442344641381242
0.032816298910793934
3.2089200477960067
0.4356582364714966
0.4872887247437446
1.0565940233102729
1.8519698820399135
0.3557467374348372
1.1553677896921097
1.13792006808642
1.146964466268264
0.7937407306852767
0.7820896024810559
0.7088350407591983
1.1480128967041479
0.7122264394913916
1.500304114579366
0.9735268133129544
1.2802503419018167
0.5730768048892799
0.7377833754558868
2.3090721536055816
0.08810239453889956
0.4340899212558147
1.4769148516688833
0.22618576337261256
2.149325802235184
1.2484881098999168
0.3483383304782157
0.08060429131276604
2.9601151655588755
0.5214600837240145
0.7433876832661155
0.5285170209239316
1.77405966858954
1.4612062724350035
0.26909885294843244
0.8127019457028726
1.3116561558187319
1.3624097179698722
0.5216893985508935
0.8011023378517036
0.919387184556979
1.5293217291256636
1.3262894728768917
0.5386236666596911
1.2359313941005565
1.037299462022968
0.3345711541340515
0.7035675655286014
1.1672247639419766
0.5472398147558802
1.5573800765328223
1.6177312332826645
0.3003544586644991
1.2407073704617857
0.35422697415377485
1.9978770374978205
0.7819024064086435
0.5891769149372261
0.39028117386235334
0.9548069796857952
1.6796810087438614
0.6164949435941586
1.0233958157943657
1.2835988720499072
0.3900510472046326
1.5843586779407255
1.3722237318113193
0.9647141084199302
0.11091117863456611
1.2204643128573949
0.7175614669898636
1.4707240763688691
0.0871907061928331
2.4009217283625177
0.14964557287272998
0.6274486189428626
0.9949008367050005
1.4523547048825667
1.6156205504870969
0.20752281144133428
0.9118651604236061
0.5013737053345991
1.8980204441622044
0.6275817154991089
0.6797405322320023
0.9237476320206615
1.699131537467141
1.121032232051815
0.45320957962015856
0.1829955678237336
3.7678284310862704
0.22085546094646286
0.19652833783641782
0.006921800342275667
1.4520704445756885
1.2386641042551636
1.242122019312231
1.159114831780039
0.02065986660680721
1.4913382362108
1.3750667415074938
1.3521046537576344
0.40814662561486637
0.458772926245112
1.5932206105385414
0.5395104948964436
2.0529514068282806
0.8885941540556951
0.019396183342599814
0.881938072199299
1.7537701844522215
1.0602907495216178
1.0485119712419033
0.6879741090741186
0.3742179892700657
2.469708983860781
0.9501368368580559
0.0813282715303066
1.7178319353866458
0.24114224141320312
1.5832820916739578
1.4719065950580552
0.7234739503480526
0.6492414796246155
0.2408551129629123
1.6311746685706363
0.4834823474430132
1.909992216531371
0.6752084259905768
0.5486988437291499
2.098277445424833
0.4651837858820795
0.2947127083428935
3.090561076389892
0.24425952454068953
0.2638649925571081
1.7250025814936216
1.3498016524923226
0.7652520069918692
1.107998448985065
0.5479579784843934
1.435195196498953
1.160454710749997
1.0777618909407711
0.18572298066502468
0.9868065668664351
1.314993549008373
2.0244943403704085
0.5241488811032126
0.08223029073197753
0.4392764859710068
0.9502675446536253
1.5621058476228824
1.0292473365046586
0.7137394634344493
2.32627178043801
0.018605850961216308
0.29379161671326715
1.6984037304409074
1.8932802874395127
0.2571804308265438
1.0994287928787507
0.7496742591415299
0.7257739536756649
2.0334108207851713
0.22539902801585146
1.523986415361065
0.8441811405954212
0.7753781931161259
0.5816866998528595
2.2409548867753535
0.1442223284193931
0.2253549224857511
4.183212776747435
0.22860149772505448
0.0560566720032903
2.3997004903918255
0.19031429833747515
0.9691101205844467
2.0037250723656714
0.22813352875503792
1.8290697461202692
0.24665777220117902
0.5912683750208093
2.2261596395921086
0.7289220855214276
0.13729533039582792
1.945926212151734
1.3212196331183477
0.9517787638076237
0.5718260992765043
0.4853804681161933
1.1045410252261656
2.0927314686868184
0.44781733332750157
0.850513363871963
0.4669308977346856
2.513229934114895
0.1435966903677577
0.9190608592325726
0.12087334935611635
0.3827739847498307
1.8859621640829214
0.973707462177938
1.0409955065018415
0.9947492316699399
1.3248701472033768
0.30567436112323904
1.4579917043495603
1.2456027104597194
0.4585199202577352
0.9020266746954332
2.216350713934185
0.3932319466543597
0.1466299970829107
2.0281089437412514
1.9265268757244558
0.27289644778958233
1.0817176333317513
0.6279919915160453
1.424593212790875
0.3569878026743906
0.38627088081316424
1.4557850246026625
2.099169779980739
0.3115551088871263
0.7079247906749254
1.6989041922445438
0.2224830823939186
1.523371773963612
1.4920267106803256
0.4519485651734163
1.0096107211209604
0.9218469020983452
2.1219755911971947
0.4299348130607476
0.09552512086411648
1.6577003858978219
1.6725752322946004
0.15573801975958212
1.6894630594025661
1.5089375647984231
0.40897122301419986
0.3173536996942395
2.0236352020627084
1.0552527887479763
0.6477628361055795
1.171467217064852
0.6774018279481886
1.0442089793894278
1.6126480183926037
0.8008332307231454
0.962383669345338
0.6254133853927965
1.2835376179668758
1.4026375303912895
0.28829560646452196
1.0121289871938997
1.8384193684529206
0.5837513067415756
1.0651092821935586
1.6772502340869764
0.4191896633160101
0.3090190330793072
1.9331242917599176
1.2104299865244663
0.9464189259850886
0.32278366953512033
0.9436423301421768
0.470584757585494
2.2953854215297826
0.2660039267695773
1.3563390555415575
0.30856974821615907
1.0343547859913624
0.9181254852172526
1.000846349856665
0.6607136933158453
1.290630717250976
1.3950810308058705
0.9114218831614729
0.4780129131318345
2.072271826108699
0.42920329712166533
0.6273262680692391
1.5323047616118641
1.0441149194973045
0.5692063703923814
1.4593340889887716
0.09810379804772576
2.069817608524713
1.0258136249431
0.30397500341489214
0.26602961067704783
2.170731066568149
1.7109725771746982
0.4188062200238559
0.23346933541505716
3.422847099138811
0.1459399908052624
0.2325486387115394
1.7217630396826196
0.8344762730730673
1.4952094056358047
0.34924559971388264
1.2443589623120719
1.386009862943885
0.3846913658953911
0.9577800731583254
0.34090829008912177
2.462399338147805
0.27609789769852977
0.8701284579548231
2.058002072646352
0.12783893963619355
1.0036269823791883
0.960634673689484
1.1934776134317955
1.329900057878958
0.5318082042395978
1.175899248800871
1.0053613081634116
1.035231053852163
1.1461058690857582
0.4715759417231497
1.944178880046424
0.6982573074663788
0.4465281495524458
1.0016294988982004
2.1993992885789564
0.3287276451770591
0.5146050133278413
2.936675677264997
0.3446157734534255
0.1788206720476436
3.630497273221969
0.2519019114904552
0.06238303002165708
1.5923527885784539
1.3145849683085837
1.4921471989068356
0.04927835956372427
0.8078041842123906
1.1901584986659088
2.0134050625976427
0.9297540142111687
0.16453039543453188
0.44649985523295405
3.358281839375991
0.17207439603860986
0.47389327833354605
0.7346819699937508
2.479349235982952
0.43370533183473636
0.4947090799947049
0.7579272077339538
2.301486013483172
0.6056794994009034
0.207699247992525
2.9384517534251264
0.2990100378313473
0.5100890667518468
1.2615909654857789
0.39182332221186345
1.7177837987506714
0.765908272381379
0.826382159015542
1.2453659391139873
1.9681377556178217
0.2078855055042574
0.4937927198377299
1.0482771203616006
1.1094566353554431
1.6083832262739899
0.62324479590476
0.9392674344499228
1.1707779616950196
0.618027023471134
1.1481781968452904
0.2939225885057506
2.4743531543384303
0.5968735389423677
0.21263630973376751
1.2889734999233595
0.5754802902450653
1.4970238245917153
1.5531114167364868
0.8926599550541665
0.3332085638107681
0.3297405059833997
0.5534319843090126
2.843751096843152
0.4458574374297532
0.7706778480879083
0.7647854480897475
1.5392344589815792
0.3528917902670907
1.4105416989614252
1.4969631507275798
0.32160903762735493
1.3477003998580288
1.2731840968399362
0.7588775727568633
0.8346413461025511
0.4946325879420345
0.5229132807673694
1.8008738373611421
1.0333991304786883
0.4980681323669602
1.6382685723438746
0.20857902184866567
1.3390198994034803
1.4683387437259718
0.6940983036512841
0.7038253109440951
1.3416491648396882
0.9910748551405727
1.5006484189663876
0.49627526901380903
0.5194252795746804
1.3200888482398454
1.2492758434478024
0.9914004750601222
0.7368101321386425
2.0994754501992645
0.2581520129733744
0.3511795987009671
2.8863185705765426
0.40210160392579686
0.2275730575163878
3.1788275020429744
0.00652557662129975
0.35875696846242966
0.5232963209947271
2.8866828465035392
0.8826886457833043
0.3472865686730939
0.6737662626614777
1.0547878816377274
0.9713327171597176
1.0699013765163412
1.101410435340077
0.7273200233926047
1.687663127675902
0.8066433076109593
0.5852320729983485
0.7700932682182859
2.089048112011445
0.5463528810631346
0.6656471600994344
2.1657206291265703
0.18576334398047015
0.9102696504095901
1.7887336165112846
0.5057893956801394
1.1049387023902377
0.5272080239476775
1.3298089558594264
1.0016889795461201
0.5304530709963048
2.152691847281378
0.81370821412526
0.5346691304158929
0.3753967689017532
1.1961506086234106
1.3382261109293039
0.7348749615924088
1.9029961942453446
0.5425577262305934
0.6169051789575842
0.2555638063436942
1.2857204392266235
1.320464216080669
1.6297942633326983
0.1175682228539345
0.6746527133690632
2.999088702093341
0.1298159632476271
0.8386134486625246
0.3647610569540493
1.4039041392808005
1.3648883317228688
0.8925729796457527
0.6966455510114062
0.9149102220978045
1.2499876754231047
1.1232738817621621
0.3820052036661358
2.772819456367383
0.07430056037160723
0.07019098017398513
1.4021658667912598
0.8569852301948174
1.9919590633594622
0.8307905742751908
0.043081557460740744
1.979318227618453
1.9791996741303677
0.16156953433310187
0.4647024332619006
2.27017926450808
1.1119981286234053
0.611472626565576
0.6604300151783531
0.7998465195512725
1.1343876676798075
0.7297693283509873
1.3073581840341597
0.9086593524547201
1.1672940887807017
0.304071600554254
1.8756703019138488
0.5840161838380574
1.163863235460658
1.4624451201346094
0.057105260203816705
1.460764551308254
0.6557168303884026
0.5900428746631488
2.863955916680171
0.36706516935187844
0.32436978372305336
1.4686713756115728
0.11500621298928031
2.657273441282502
0.2862573714130341
0.37528928528679384
2.5120315739081227
0.9329983678462298
0.11762512844605855
1.8007439319330014
0.1779454446172484
1.569377381911146
1.2388174126646976
1.0890876232225828
0.43182247653343564
0.19561083086976205
1.4022396249228073
1.927651336645125
0.5815237314943781
0.4789384234553911
2.6815566548625793
0.15505485593729934
0.586469926846494
2.66442142056129
0.27823348827887867
0.654204989160029
1.5738466874873895
0.8292153883275223
1.1376167424845203
0.9011594177564811
1.6003349260208912
0.1209107765635494
0.7470033863424145
1.2337374704263404
1.5712936388313203
0.6220866267381376
0.9521073366090682
1.5050465516208076
0.7259167904122892
1.0142931875520158
0.6521458123922298
0.8560700603641903
0.886725653098978
1.7907970446231034
0.7873559122547267
0.756707740552185
1.4883764384078537
0.7133701111117233
1.0140976546486393
1.342670661180904
0.07714687635521768
0.25262160404364753
0.9008740406550052
1.9038655624997654
0.9110127183915511
0.8025596471601771
1.6745593302936632
0.6511609398389036
0.5598449878335012
1.0050518882904018
0.9030610248101235
0.41401803953703614
2.840109688838118
0.5608864356062263
0.08770785573005353
2.8037065357430038
0.5574005077262297
0.4148485153838218
0.17355145443981476
2.643481469762811
0.9337791753954435
0.42161686259404196
1.397178525528237
1.3683281557388214
0.24426969710113888
1.2850529900199377
1.2337311284873924
1.127227716750833
0.9014337342264104
0.7790065957473564
0.4615938641841937
2.301088183962193
0.713864772830753
0.3868178175266509
1.8355124161307748
0.9687915263314593
0.4632865143089485
1.8778958132114199
0.22506391175571874
0.37502420141895587
2.057598371362465
1.5290588047930396
0.5945010946161292
0.7354044156333592
1.5015055187167925
0.914984169296581
0.04616416222311588
2.141036487110038
1.2650224858359882
0.17048148363686355
1.6500524612147145
0.01593477957251741
1.8399317663471582
1.1184387691653228
0.39858329565775374
1.9632718606129178
0.948789787469776
0.28717973412526965
0.5491653738285874
2.553827052609161
0.9720727035943207
0.24367037560218596
0.5689874023845547
2.429594342440937
1.0160922611784131
0.5106022450249712
1.3937046526036727
0.3666375349957481
0.02758032940681118
3.897597113071222
0.23597725941362183
0.3478438669834205
0.9514324448959802
0.8489620091844386
1.69793039122362
0.275042994531321
1.953827754610081
0.020822299940358124
0.8896630939783604
2.126711629721786
0.3046546123476511
0.9973910968188567
1.4772627429799772
0.812633680297089
1.1252613111949292
1.452198731378134
0.22004034366600914
1.100572073362157
1.1617249608699676
0.6947061081620741
1.576313284339734
0.9481107116999832
0.3574251989441168
0.21563355306875254
2.7937440721526796
0.7088582381298975
0.6579569701909659
1.973918365475501
0.3268287466667296
0.6569882292951278
1.6226107149355273
0.0634810260147757
1.000128647152312
0.45298120982171314
2.1556444331727143
1.4551186042846376
0.3722123815567602
0.03362327407554074
1.0962938939384266
1.8139260945402889
1.0420396763087094
0.7146662245969246
0.9636856475384411
1.7309102321085648
0.6742266896611416
0.7182308461543836
0.10305326301895258
2.186702842508555
0.6510207992458801
0.8642738712391024
0.8803244310287175
0.43085695364698307
1.272341007435478
1.4640668073832313
1.6726244835915076
0.20997207949476243
0.3660245537159531
2.3158142109749074
0.30695110360562167
0.5448706719202582
0.9174392094305851
2.680537634367048
0.12521704711291326
0.9919649976696788
0.3820467580263267
0.5477019357133175
0.41113275010709377
1.4183471763766486
0.699559699258491
2.0098400426962093
0.9019433731919018
0.15499441817565415
1.5410931529223373
1.4417155090844012
0.9565123626774411
0.8425559192258864
0.12127533869399854
0.49363254098652587
0.9263767812433059
0.8047270219245876
2.285725494163903
0.27952917210116496
1.2188962478898584
1.242566215554612
0.08863685276855159
0.7767882515497714
1.4818529774693507
1.9704990252734174
0.27726840921621654
0.5976163404385437
0.173807753000112
2.7110232901994493
0.7012385513481381
0.41812440728615524
1.7916843935737565
0.7657144811837373
0.7497533202355139
1.221820196786501
0.5282985131334018
2.060405080650974
0.7545102067313557
0.6566357584246786
0.6482578873278724
0.3175392094669044
1.7149315640940355
1.905058237477874
0.5122853685329833
0.23555146542051145
1.0653616193304059
1.602763126884905
1.0956147728776533
1.2189802220500399
0.490058947090189
0.38110486971298113
1.8961189454813463
1.5106320621762788
0.37715623840934426
0.7636940901789216
1.5115905984613416
0.862268803541919
1.0546072937522109
0.7872076088751813
1.3207585614361026
0.8623433847778059
1.1029164714120196
0.9637086684461533
0.08747088927880935
2.461865870270001
1.0719700166309223
0.22815878830440806
1.9866145789815992
1.0722584361044054
0.32033231303449644
0.0529620093928113
0.48525091895947514
2.546188686297521
1.1195546196210948
0.014547023826502744
2.3455365046058363
0.7834573337482345
0.464379026209031
1.7439762088493533
0.2648165255898263
1.1237798081663137
0.9447400137809386
1.5577552552543548
0.5769814649148806
1.5457313400188384
0.05665256503549438
0.6947379837747689
2.5677241199665795
0.36007458926924196
0.5728551891888018
1.3691574092459182
1.4858919991074198
0.8479894429236812
0.947776854447563
0.8586254808487492
1.5109690741670514
0.5416019018082298
0.5909734303285349
0.10607238780727811
2.0715333065738726
0.738204351904506
1.1527298543958822
0.7490968287484874
0.7254939301891966
0.9665949481518264
2.097488944502718
0.9906366787991244
0.018021957083597908
1.0373675821506099
1.7436877892683538
0.786126190404576
0.9816220088440528
0.8105193495317966
1.5900366538381285
0.6416411702427314
1.039261876219342
1.0419885663072805
0.4686184661658806
0.6417961373670712
1.4339248784050382
0.5678935587693178
1.9152662465233785
0.9170385404158962
0.4291393798483172
1.4935946007747443
0.9951183797830038
1.0067253698069802
0.370181836393607
0.7973441925741426
2.5545467738472833
0.21795761232064303
0.7972548324979897
0.5716581061365982
0.9030682496238809
1.9715329674304192
0.5471313555181802
1.0989517181749084
0.15723060693522406
2.188023914782518
0.9631323082262311
0.5466531110942868
0.788095049729341
0.5275806894827985
1.7882956085206096
1.1996660741093488
0.02696765805838737
1.9374436771122217
0.6776930071781387
0.11469110082146483
2.6855277206491004
0.6163192832941568
0.9835212835315841
0.7205101972890461
0.655675004678977
1.3898949492817372
0.7959820218171263
1.4884454760354706
0.737854497572502
0.20067187663554262
2.684511702314414
0.21246197040308248
0.8494534920643872
0.4117597746170622
1.7390761286729055
1.023539893253471
0.5343081590890348
1.5422101080042503
0.6505421427015642
1.275497719812818
1.1668559373512852
0.3202023804557083
1.8443949436455367
0.6857288592490773
0.6818175708070455
0.3883715845289232
1.835205879793489
0.6971630857104483
0.45149637022806477
2.2337402734430296
1.126323474280287
0.7469184244524175
0.03146415334499793
1.1492640101065197
0.7390290763745616
1.8261221604875395
0.30129247090382477
0.8131219102336736
1.4515546779211226
1.2021083812048379
1.0565297035707812
1.1905582040258649
0.5301877200197502
0.4102558800813845
0.42847747726829355
0.9003630560334062
2.3062188395061844
1.2702804772939342
0.22962679426863128
0.3070737712017804
0.6854243351256492
2.5112327133969536
0.582053405941774
0.7818771809025399
0.38411232787777333
0.6309037997348771
3.2546730622060185
0.21742140870898632
0.25632867188054664
2.2682157266341485
0.6525650068015957
1.2353918899613043
0.30367778511270893
1.0998478851449291
2.747709927269024
0.24441556584981391
0.028459096558970932
1.7060153776798708
0.13750072316616732
1.2450944385786709
1.3361553137689373
0.6756802664580156
1.4843035778921128
1.609784522257417
0.07766753435129206
0.9053176181012808
2.746427838721623
0.5806718216229843
0.1845013861978638
0.09410814316231939
2.2723380040014387
1.322802513463159
0.7339060303547873
0.619593170903922
0.7658394673095489
1.7775820705525323
0.9624719869378449
0.5489740642587146
1.8883476455440769
0.9247797960768456
0.40635790493687013
0.01710609071302051
1.6537343606226336
0.9833962957165292
1.946383613383928
0.43545915449685013
0.12996427367284813
0.5724368344546903
1.7086235470433668
2.075089898372105
0.049829298308694404
0.5981152985270785
2.3545116244118454
1.186099978579944
0.5808326758475219
0.06278408844559602
2.760219774646761
0.7766498689662928
0.2582817802665788
0.5658335745088198
1.6565256443043401
1.4927201126955918
0.5442853095300945
0.9171168166324402
1.4699548819153374
0.30123511166242384
1.9509686663610224
0.9653952503432441
0.34680061903282594
0.5393036363424238
2.2258562487676783
1.2977645027663145
0.3910448182145276
0.623885287535141
1.539385970253704
1.4063178159071381
0.3331483151702291
0.02672579307234408
2.949016280658858
1.1257497572419117
0.11022707898841824
2.0467489553408758
0.25980878021507015
1.242542798986245
0.8303718032487049
1.4065391618986283
0.05634951767167476
0.8649434519351888
1.388846601906057
1.2648258982171516
1.0280647285128395
0.50489679983829
1.2783698764109375
0.9533254776974986
0.6818065765528144
2.016698719409049
0.1326750088621753
0.9196394630293672
2.497707451715731
0.8707888096395848
0.14127944321238084
0.4319665227139956
2.07242924821594
0.843587299733449
1.1749710248341245
0.5216942978758635
0.0680748951444553
2.59288914585497
1.161384546971192
0.3342030389030557
1.5681598620924022
0.3671689993966846
1.3706923212354465
0.5144680773181394
1.517138816956535
0.04579663772220158
2.1781674679454714
0.331016696961729
0.6062902099930544
0.7867183290211935
0.32774923094346875
2.521217465821056
1.0837779243359182
0.551851663319912
0.047138425359194304
1.1209975981061682
1.6169472961211342
1.5563641774788606
0.3358924229784589
1.0027272789624315
1.2596163088002976
0.37449324940775097
2.000644827561812
1.0573534839943524
0.2313185748821822
0.14295207737325555
1.1498644611468147
0.3982701266019909
1.8593899973167094
1.7327333438238923
0.49461443937687416
0.6878200913390391
0.28047061238643867
0.9412614164228271
0.7401849009856202
1.5185297710281163
0.16862216836694438
1.8391249438124784
0.4928375427694581
1.182699537994298
0.5651212316556564
1.5701298606768603
0.6521095415374145
1.2801986519109512
0.16036124571278138
1.1087593115130217
0.2939248903471614
2.8648024547239173
0.21626382274528996
0.3601606956494198
0.4494679065066954
2.9274117759411378
0.02272989506533742
1.1313489853226213
0.41412136395362426
0.43736857694373654
0.3217459201139558
2.1401058037503464
0.9178642934921196
0.7976919406694164
2.1550782570360556
0.29110279134663913
0.17302416774323276
1.0193549918883562
1.296448195307114
1.7310367259690607
0.7895471437419043
0.6075754516103692
0.24793995683616454
0.07704122070695917
3.2465954061460955
0.9821388331351252
0.3286078857293563
1.3000537728000128
0.26455417833828804
0.7155671282556836
1.4745189085205355
1.2655720439469051
1.1279374044247608
1.159128809430702
0.21212201183730484
0.8076196269287349
0.689333376542411
1.5873251619095443
0.7935377220596744
1.7744730692368884
0.24570457116502548
0.1023813996328657
2.012525413516123
1.980430130772505
0.532397177193707
0.27241483758877744
2.6408337622712876
0.38416100384873136
0.08607439135637311
1.549702220696231
1.4262953268492604
0.9000320386212833
1.139295234853419
1.139048645555986
0.6426047871850734
1.2903347914376762
0.40005243471245533
0.30421702958127284
1.655419846393479
2.3058434979154834
0.11557340965236779
0.9842494300934171
1.5544329018726484
0.3235275113889194
0.14573444986178286
3.4677059297512676
0.26675659201089935
0.4696223106974732
0.9168324197902851
0.8710376847728571
1.4819809065410072
0.6667551693350311
1.8547410916891454
0.32581623719333214
0.6347181697692507
2.0172407962468824
0.321648555819952
1.5179276065299823
0.019190640870179854
0.34290796701401965
2.8471175943246934
1.5992012797437178
0.04667908753865493
0.6562160492371734
1.3002410059857008
0.08091904391770002
1.7430016598463962
0.7531970724905865
0.42501037857724405
1.9184875771535177
1.1579377542938987
0.7092305899288147
1.270762482355267
1.1402323198793294
0.14836582030538087
1.342356153918525
1.7386932347902542
0.5225954371907195
0.18894785967507283
3.024334473116798
0.4034364825588699
0.6161547164149597
1.243657985832112
1.570914747924976
0.3568243960499888
0.15761484943033074
3.434767235272785
0.0720066649594211
0.47252750029391394
2.5141275735742483
0.9040199424244965
0.9060410787115182
0.2388539220241065
0.24965266964543453
2.084776124658754
0.10345602644584885
1.5062826905788185
1.592192841657611
1.114529031689114
0.2349626499203339
0.12182995579699926
3.6491840710597465
0.03876246779851434
0.37087571042084266
2.846014617422794
0.3379256603019467
1.078050252349978
0.8598640202287487
0.3480169551480874
2.7079261458627375
0.6288879461207149
0.3739898157300275
0.29890310609066384
0.990871639160755
0.72408227005723
1.2054411479700133
1.2626639321456525
1.2866240201799668
1.3688566550753647
0.05571848052715915
0.2713236569351945
0.6332763647457699
2.792370345812295
0.3937101033031272
0.7381464750594048
0.691493687739059
2.0828918678156136
0.45988190002853696
0.782439702251507
1.574480900026961
0.28478984991517126
0.7487935068637166
2.3382404298778434
0.6317080529292047
0.6489112289748793
2.176706591398424
0.5698190756477358
0.2553621232205623
2.1614711766346
0.3853246929703011
0.35808339079963464
0.9858519035038805
1.6725546565013039
0.26766726574330735
2.1518010665532312
0.7168464098204295
0.5030110663751768
1.647524687134256
0.259816113193022
0.10366817602603681
1.9343061200119067
0.8525120280967922
1.757372468116325
0.23317379209014258
0.8980085199993774
0.4753342880050865
0.5937524885193946
1.9880866844034586
1.5871451016722207
0.1261233463595739
1.6056893627788635
0.3095449350943401
0.17778645479434707
2.7523147465598217
0.8610276150643252
0.7654201860666577
0.24581649943036357
1.4270540095529816
0.672380990615163
0.6910612504094993
2.6088709278006452
0.3331349488391308
0.6456451250447272
1.5643520129447666
1.0573941971630196
0.27148162815828186
1.021599642203734
1.2074407128250249
0.4569402541594308
1.8460491147137512
0.8711643494203788
1.284979417453233
0.6783959843690859
0.0765631898636622
0.6884365285199437
2.902146118706733
0.3856065401452831
0.49712736559113646
1.9778254928590602
0.9719394419498817
0.9558428826031041
0.9760566890207516
0.1694042533275407
0.8057521369798066
2.0577396472931646
0.29568995329410375
1.5814512723968426
0.6571204944874081
1.5051253501406001
0.4282015209650444
0.195579162879478
0.5552412595151005
0.2672044917376502
1.9776940831657515
1.0761664671342943
1.0132689543833577
1.0741821409301344
0.714448965822306
1.3385815286861995
0.08222028830577847
1.3141365365015227
1.2883238907356762
0.987945465046188
0.9517400892938135
0.22335659863943524
2.022317558543614
1.4693888128469423
0.5884638560830544
0.20579358357315206
1.8946925947262634
0.42983237253285694
0.7250236099230843
1.144427038975676
1.3834144330825897
1.6497072021850319
0.27396584091119436
0.861842787707826
0.5700903255608333
0.37049012028539363
0.9266102896760141
2.5406701571889494
0.6131766507925431
0.5595329652842134
1.5720622426743105
0.6391925507025215
0.9711798831292998
0.6380264275951045
0.2575118539130209
1.6496200416401297
1.8250546861560253
0.7672003317925303
0.1599155340139135
1.924942760044542
1.8784714098997886
0.05803358465338597
0.4802606931110639
1.7730369422910375
2.049833696682048
0.2818183953559555
0.261539998728068
3.155464257227015
0.41975618833703626
0.45775758106052233
0.26298173478897185
1.8351665876133534
1.2744350751915463
0.45645678192729777
1.8470945989140048
0.22803383493609516
1.6490001834502055
0.4077597149366403
0.17929349425346133
1.3691125317860953
1.172483320160001
1.2475085737123714
0.2331457357088414
2.4292199563092973
0.6144339882025431
0.17210054752270249
2.042825884126794
0.9045568364402101
0.04924354345984733
2.239116651206401
0.9606709018884197
0.7392416264958078
1.01792950473738
1.5922321348810615
0.6987899206373229
0.5441322885874266
0.46051399803388715
0.852467559551221
0.9032024683061679
2.8876898301497116
0.1834187388414059
0.11082070983024644
2.026224562022259
0.3731281146246645
0.6434965586615461
2.5343247018436856
0.8089000079287822
0.5442854421214148
0.25170551361069976
1.6209697311991835
1.797932795675139
0.4513701919604517
1.1750412176067013
0.19716330512841831
0.941633750746522
2.31644432335653
0.5316730152243743
0.5823061092941075
2.755841136165249
0.11487060171147025
0.2747167236995096
1.401393281708543
2.2109470196191663
0.4292589474813819
0.1741708111740139
2.941928864414817
0.349426325018701
1.0745822420556117
0.345214903269453
0.26818962745477254
0.6792956236233213
3.0360571312513187
0.42869674163592497
0.46868073047459996
0.8377847751727577
1.942154894766505
0.07746985310334695
1.5313841047309389
0.41821582226889914
1.1782456524973532
0.6487753500406624
2.018800905143657
0.24540277736340377
0.6498676855019342
1.3036856920767304
1.3994833173707713
1.0088526569930425
0.21674399914184853
1.8904423623507864
1.4269132648266043
0.24141282142128867
1.5357156501509746
0.040897071148675086
1.3678377038993337
1.1363401047514732
0.6186391026977542
1.6407985109806325
0.42823913188182583
1.336529359784751
1.3621794797931481
0.7224746560816825
0.6371229879996018
1.2346431071585562
0.09060846510562051
2.0831846510313006
1.5821352970795828
0.22201633838986398
0.9440883071495474
1.2430225114388265
0.26495421484954595
1.7435776365184186
0.8624209062877285
1.2318283576202278
0.4930955436207371
0.7883745919097784
2.994013386339702
0.02511167445583278
0.24571595843327498
1.0618415201239122
1.3898021177800308
1.3041592525347165
0.5976129335173013
1.6284657707954533
0.37787076779153733
1.0690461275553491
1.1827637178647548
0.6341321254370341
1.1329066520907691
0.35957584698701944
2.3275159632578117
0.4996732970511468
0.9255137468753529
0.23249024751736752
0.5161025251070817
1.7492406147366506
0.48823735680443076
1.6633122096962984
0.35184462210566186
1.3966180894947684
0.909143846954213
0.3183497991853315
2.4836032994828563
0.3270353176641326
0.7128153647570438
1.5010552684958671
0.6623738392882506
1.1947296456676424
0.5304568466993969
1.6897617589839942
1.190449162807179
0.4010053863045166
0.9243153958504866
1.3985470862010703
1.2562808434868602
0.5587447244706667
1.509176500400435
0.08313297977031597
1.3779435965612732
0.6395065278695199
0.872930025730093
0.6825579100540392
2.276065238692125
0.038485686999783546
1.1085300427829476
0.29361359130840214
1.6206525843303903
1.411218056492907
0.3363587638142162
1.4297314786270183
0.2945239394087051
1.7513000121456166
0.6028064459726724
0.9479319470665477
0.9122137794372376
1.091147744375895
1.578772776616258
0.6206610150760631
0.5786962486342118
1.0129815180508306
1.7285236431159858
0.8901401524409938
0.9015477951299937
0.37828983600766886
1.5285539943551665
0.7927473887135082
0.33787553792141023
3.1143624919087873
0.06063471102081705
0.26736862617028984
0.7617969587334243
2.5880921375288417
0.7686111260565226
0.2746669856022037
1.6414463383964133
0.6174301329239159
1.0021692929025052
2.519293820407569
0.23802585604924334
0.08971233233538899
0.9873479081562316
3.662157007342336
0.01649691023659778
0.11944683165086965
0.15596738949224268
4.090071659041952
0.07002935050583192
0.3271568375446306
1.7723453411351575
1.7474148554638107
0.19918641705513623
0.7686869902627068
2.745735234731054
0.029828765204577862
0.6400246166082043
3.2201965040967417
0.4166595635520539
0.18433700226789865
1.3222405011731453
1.4829806821664515
0.3096531160463343
2.3623492325820705
0.8180530613316545
0.020005639712173437
0.7199460211450953
3.2094686658783993
0.2030223259922534
0.5750971296678982
1.1879716296583958
1.2960240948584958
0.9446722177999128
1.528854957334266
0.45767627690371154
0.2824991557585673
1.80197957364674
0.40494842901974076
1.3892866812648925
1.819418526574257
0.16850384445942537
0.6487612254957266
3.5344293845499264
0.09471161972208528
0.08226065411195826
2.625977653242728
0.21697598274742355
1.5545127025560928
0.6512027850932101
0.7358445875407088
1.6650668659259598
0.7927025313837337
0.5335868548327675
1.5052399185469807
1.2273629838090943
0.633093863513856
0.9324016393003574
1.179033223387207
1.3395991729560937
0.9442803036642369
0.554922908931405
0.18314902880740616
2.8739114604116724
0.7829175162975068
0.20840935345538694
1.1471157895539412
3.0734545112464056
0.06881187533570816
0.0638632313095616
2.265743429991822
0.552089687586492
1.2561960267810475
1.2262426925579393
1.1077983622708403
0.6839197829777712
0.2506622803743285
1.8309296070218004
0.09426321695375343
2.3325878663398467
0.31947516140293586
0.22092814183953532
1.5290506048121688
1.4505130732307283
1.4551396959675216
0.13962394819842885
0.36938560350033994
3.574734513585364
0.15362713185263532
0.3409135247993284
1.7900908088411713
2.152408985861199
0.1735340865325196
0.16391419419238995
2.037514853459491
0.8188141909662299
0.9912708006419694
1.3830467406449245
0.3868390229236702
2.120259728298095
0.032819470967718936
0.8055011463938846
1.8498667472868309
0.04214493906667513
1.9346042303401054
0.2633238511750646
1.1643090996077856
1.1368041449180442
0.5193324195491859
1.2209392744558298
1.9031283081941395
0.18275272277735619
0.9555522993860477
1.55536421134458
1.5545792731254306
0.09102718434420821
0.45412513631788304
1.771489571072928
0.9993830556369013
0.7445608397061453
1.7095622999122597
0.09497690611486678
1.7712155399850098
1.712876660801435
0.05220026978604528
0.4944686920611824
1.4719620932747397
1.989342996378655
0.7073170210335186
0.34297519245491537
0.6512038394393524
1.1362172087853926
1.9680867180040484
0.6834470570050909
0.3834982772953316
1.8531177964327255
0.7907205544532707
1.2211947923345245
0.4117115572462556
0.5719287730237667
1.4336850684595404
1.1831837377429333
0.5179118554053533
1.7158463942159388
0.4606713945771829
1.1995727418940378
1.9164190391015816
0.12141060809017533
0.8340124427452308
0.7681326154385191
1.9609485914959932
0.7229523188466436
0.48670893555501965
1.096429177578882
2.382820906524561
0.17117702586926806
0.44500316522262434
2.907292595466067
0.04970685632153763
1.0129167120110376
1.375944297191184
0.45069106338721904
1.146293571896725
1.2554894433905506
0.39984360689681847
1.7330657123192212
0.8246245609346973
0.7513897218297022
1.8618894151359118
0.7962616221991242
0.26692227132477014
1.575653867727531
0.22705486659401955
1.668567410105449
0.5725966503945736
1.1051619757207995
0.3235552529759783
2.0255719102905827
0.16862106966657264
1.6547324602459668
0.8120021956453731
0.2476399786222447
1.9022943417985727
0.5792648268458819
1.0116512392964043
1.0004064854550725
0.43061081536840895
1.7756379606013806
1.1210065632706043
0.4175541503884214
1.7191473040818364
1.2418113029518298
0.14751222061870806
1.5913286373696354
1.1364731897464724
0.9019148704809604
0.2562047259442448
1.7331678259730283
0.2653138250385818
1.5187907016057516
0.6716368897611752
1.56648753503203
0.3943380048841763
1.0796298711206809
1.219661856580771
0.9941679648398607
0.3111219107139626
0.7052906405536694
1.826706687601916
1.3430781406415369
0.2113661997488849
1.4982333557785183
1.1698482436907582
0.9118482787348472
0.2715189112921983
1.7424324384706928
1.9885337289456468
0.2803909434477547
0.0569668475288697
2.184347996924898
0.7238267892304848
1.0738009094400207
1.0701302502038206
0.987788643438496
0.851395021232487
1.9071210447992217
0.24080943748799633
0.4809767033364258
0.8835277262531768
1.5327529843217342
1.4632040115597367
0.05045013395160042
1.4002609859691182
1.5507033467746387
0.7666243886304336
0.4590011343695061
1.6766739140019429
1.7746727941468303
0.32089275645579574
0.21163474353876788
1.9548610564336133
1.1097288639540706
0.7030043869573708
1.3993145654464767
0.6202808941168035
1.2632369247278865
1.2859143681052072
0.43786405928463346
1.3451644137826229
0.9033505959734067
1.2764620685822397
0.021390999642073725
1.143809821473511
1.1036056726128394
1.4067684580839088
0.5943727883270823
0.7676871363017584
1.6659067161947863
1.1359989075535437
0.6238458232493518
0.6805203839586557
1.2641105280765532
1.425908768596195
0.32805944594339814
1.6763073354492546
0.21717261006302763
1.5720464554818494
0.7382993891724293
0.8610153122657895
1.6605793834380702
0.8587750361465402
0.27420921606171894
1.0116275749505204
1.4139760200779832
1.371864220502077
0.21081599075604301
1.1923736832506937
1.6668909638127625
0.6501881595307575
0.9600365842921107
1.0867743214556755
0.6462291058234184
1.6650909341044053
0.11468245335208727
1.6394665708256642
0.25369883705132784
1.6680530186696518
0.2706956247799461
1.3262123798951926
1.5360273302033198
0.5203196863540372
0.36839753693961746
1.3749925312553244
1.4661450936112541
1.0277330404681617
0.2087443965671306
1.5301053573232368
1.5955333990433316
0.27585784421702153
1.3285489120552276
1.535799049381397
0.12397524315053604
1.6651633008551994
0.5759126409792436
1.2288369456872428
0.7020479384775884
1.5554751577809913
0.13400435960700693
1.6294925789483656
1.4000024447761035
0.03767630271662162
1.4179518420647323
1.6680074999793542
0.6277684204225247
0.5693804932089747
1.6312253742006646
1.414754288503823
0.041484662654024174
1.5525412619109564
1.650111955431766
0.2712797264253633
1.3745010353779317
0.978051824152778
0.9348395150989696
1.0638859319097853
1.3685872476225809
0.4475118395815423
1.1356559333599672
1.309011332278084
0.4242031373248909
1.1075274142593166
1.6921018693324033
0.5922565206554802
0.7442856721678761
1.6300879966981456
0.9993306402085066
0.33221111460617625
1.4116974544350944
1.5455013001653808
0.6144481826927444
0.9599135970671256
1.3101285865812875
0.6306058960787431
1.3653732037538087
0.9935903918922322
0.6104205860735781
1.4362887855224662
0.8679800807535591
0.5736362939000873
1.7100500095580529
0.77015611331413
0.6890653691857171
1.6548264359058662
0.7735551052716473
0.5374181811622688
1.2962818601718893
1.4681432294115204
0.9206862696160667
0.5346239580342519
1.6119129329370816
0.285403048745689
1.7499559524533415
0.9046538439457418
0.23058398399977675
1.4686058507337585
1.5884552287016367
0.09588149657472357
1.6935940494633193
1.1010560780329461
0.48353677480735163
1.6707229550209337
0.7312965144430684
0.6191351290595783
1.2130584002202083
1.429153943656648
1.2107514845663883
0.09724297936418866
1.8048513387655594
0.10641474502159987
1.6762975858168372
0.5681124691164229
0.721334748162136
1.6706311564624103
0.39438980294389014
1.2802552966522127
1.4512952857165995
0.21446125256878498
1.6776470387144578
0.836907692825897
0.5876470723096876
1.2147499875568928
1.348015752617024
1.2691817915742516
0.3174287278309914
1.5367316192235538
0.4913278974882503
1.2978535607788346
1.0464700159564286
0.08445650114239207
1.8232030067012222
0.9419404136941405
0.713341059240328
1.6894872237453966
0.13288383161387637
1.5477034242736067
1.0366914583901807
0.48390089139869374
1.2325192213333902
1.287400584749832
1.2560655686982387
0.692042613526051
0.9861929191646711
0.8095070338663987
1.3199667234291124
0.4191601806093053
1.1431403317356916
1.5214200294412785
0.18945306521502972
1.6886361874632605
0.5452001091830254
1.1652262694291933
1.2634583700710234
0.3328010379273356
1.2431952092417764
1.2537652430255166
1.250306062714842
1.074833207320379
0.6014696872085614
0.7467025834230491
0.9637963026990568
1.1057568481839484
0.5298088520405364
1.6826850647782243
0.34335558183964504
1.3789141393849755
0.9420546354191198
0.8170016674204499
1.5344646014488847
0.1228981830768714
1.247888365464223
1.2355388560614602
1.2501919057758824
1.3553095136880986
0.12148525248817185
1.1712750090821114
1.4625142956511783
0.07217043457568074
1.6674988444611445
0.8553450058104293
0.9144753476402057
1.3181694380111704
0.4121111091534353
1.6794358698748588
0.14295722324616927
1.1348027920452148
1.244229191823433
1.2508312595188973
1.5458901027165095
0.17078784103723238
0.42970815569231346
1.839046455794472
0.5103433497999691
1.1611942833337403
1.2507773012485657
0.4835422502252595
1.6857296020954224
0.045605598036899245
1.643164677572035
0.46177385359954454
0.908298356944852
1.2468244232503618
1.2464626978277022
1.370949221937239
0.5017000027563063
0.8093125678061726
0.8299186284624295
0.8075837110317501
1.6891017138648126
0.004043126594219868
1.6875125608180102
0.507840125942587
1.2695503823112624
0.7793577991185808
0.707118987104621
1.2469631443603713
1.343754084330116
1.396864091071713
0.34661199107590757
0.9316175646036804
1.0768491610899502
0.38464984974408734
1.7116621366871805
0.4209389949151516
1.3288892566325614
0.8823987627466411
0.9729326580312846
1.1000824165801613
0.478832901044855
1.245444789592487
1.281541085626416
1.2592325982616746
0.9479550782685442
0.7981119274271959
0.10525021741077384
1.7135812016849852
0.775952555866241
1.0012966643691241
1.186294805509132
0.6439740520944417
1.4199453471961345
0.22560385806072217
1.2428123640090527
1.4074738711019226
1.268142474107974
0.6899998922835121
1.1215605376518205
0.03443970308648339
1.5183337990072034
1.048729248943904
0.7122867566511839
1.4488175166992945
0.28262615130395946
1.6808849803549537
0.04986973042891486
1.2010509821115776
1.2786811991713887
1.2779332197257012
1.2976450052510367
0.17265587766755813
1.128723542964279
1.2246100351921407
0.4456243356238471
1.687140069538793
0.0834667821749825
1.616318773655768
0.33999308222802554
0.9941090541226765
1.3342301679623332
1.3379654794614602
1.090806365011681
0.44428362298317575
0.9948108673960036
1.394725310400024
0.19350323258800284
1.676484393996734
0.4044777782808089
1.3575531932773224
0.614191953468417
0.816634572652961
1.2396468534387188
1.286132971922838
1.270456422532304
0.5147688424185998
1.2591248637464603
0.024488059255721978
1.6220149843996055
0.6779578009146506
1.1229208860151711
0.8732153949069664
0.6362659184831095
1.2363203007337595
1.3941207186125013
1.3048854492512774
0.2660184083525699
1.4170960913178583
0.24883576695754944
1.3891537161615142
0.879170012512218
0.9322334992143831
1.1158766004287808
0.4557731216721356
1.2326372717187597
1.2151189369455668
1.2751682815227037
1.1364518375595638
0.3472090893796267
1.1660047245798129
1.03936931919262
0.7451849376128048
1.340479448757971
0.27730723666856205
1.2286527133876202
1.295808270119476
1.2787698248876502
0.976323864590997
0.5677699868369799
1.0102669114237843
1.1769883458765982
0.5577699424335141
1.545172512257406
0.10198731080554684
1.2243783310447147
1.2154920382505099
1.1731049766384147
1.2721797425480386
0.5622074367924244
1.104499160847971
0.3544187208935787
1.651529245910426
0.07051014072854732
1.1655941352976167
1.2310166794362447
1.2199503536654839
1.2749776029535504
0.38978819642932594
1.3391949610136502
0.13539980655402217
1.6406853787956441
0.24219814335589382
1.0349234633075317
1.2276107903970785
1.04722438764343
1.2772412023447988
1.2921267968681136
0.06287306140926209
1.498561281941499
0.4106297143693418
0.9214736828684332
1.2242626867460404
1.0893969928093363
1.2787344780004317
1.1881659020568265
0.22814619497509075
1.389373891828318
0.5671240289682526
0.8262543916491485
1.221265888307228
1.0725376576977255
1.0954370722743951
1.2735057715352849
0.914905093719598
0.5595159413121361
0.7319871909603466
1.2190509656910395
1.0887108148628348
1.1155016298625122
1.2747571907048914
0.8118523880629259
0.7006952910745924
0.6366276962686577
1.2180868413252726
1.1051254068908338
1.0044291871280315
1.171701192781107
1.2067143883154618
0.41066412759273535
1.0833774397321405
1.1224061530182778
1.0013446293084578
1.1914064638081208
1.227362848998846
0.3304733258486262
1.110673651074316
1.1411286397143108
0.9977449962619418
0.9880385158081184
1.0150684244425117
1.1163915239103728
0.9268021855659964
0.954404725413271
0.998045207212249
1.0266268902925622
1.0700370589360249
0.94229924798082
0.9647489598360597
0.8442894742114114
0.8668895574754192
1.6503912539991272
0.809049408689946
0.7246759748599406
0.8730268387281291
1.6232557957385698
0.8178376121572982
0.6412451188669047
0.7496298563378403
2.0658517013023503
0.5721899129276624
0.5912180011604302
2.049574304477091
0.5174353678717551
0.531854720286091
1.7824463294210189
0.4837813190661818
