0.6664206754248007
0.6878401661458854
1.4930964161634588
0.8507452195990001
0.9302133740218411
1.1107695313180952
0.72938711748133
1.0246021768162452
1.1333506844759331
1.2676785389582566
0.9726279145795929
0.46374867078126725
0.8318076952291876
1.3266457152961033
1.3875696915825404
1.0239993393205775
0.4650522932184623
1.2072953302771272
0.7610276837857419
0.7719142918814784
1.6662758962171162
1.2268545376479518
0.3875760210698439
1.26906012892846
0.8180957538604999
1.0612870598300925
0.996228610886837
0.8459407297499751
1.537628243438432
0.3694531368171341
1.334359561326548
0.7422564549881817
1.1190681559873674
0.9914583399092926
0.9429762809489484
1.6974613073926097
0.4714486333960945
0.30917376741353964
1.8760610869743473
0.6565043172232456
1.1796398458684565
0.9327350058095182
0.9732746339157795
1.6291480832303504
0.6480788953874601
0.1793103205838527
2.8397015119207762
0.024900690455756845
0.5555286994955534
1.7814112206297874
0.870876402502838
1.0035332906389849
1.5541770443709952
0.8448639398715183
0.006930687179085165
2.7260953834351094
0.19553499372991806
0.4771781999130227
2.6159997627966556
0.6868889268721214
0.29477494150993844
1.4484750401681867
1.6284901371801754
0.905849009098988
0.19980736823829565
2.3367912226098904
0.420042322184767
0.345466002251236
2.7414189675561422
0.5186792083715376
0.33665665078253704
2.031516992161627
1.4973513419155255
0.05134846354896532
1.308481177082654
0.5425613813510167
1.9350287815197416
0.6463651630780757
0.18997279947780854
2.869660619620892
0.3380058883174711
0.37974983945980895
2.2378417098764674
1.3126987980715303
0.0824730595957984
1.4287027919635684
0.9180081644465691
1.524134297337944
0.493926201173872
0.6894818551372496
0.008705734609533375
3.23309173485933
0.1445608389783598
0.42470709350494884
2.46762054593763
1.1325790654201464
0.11043413037066709
1.5581078872494978
1.2598256970980832
1.1006007598307752
0.43008317144927793
0.8292993745022902
0.2716083975573972
3.0173847138516097
0.09599693861737289
0.526147818919391
0.09973465332938188
2.6255047775690974
1.074765780157328
0.13722461728159543
1.6966278125009544
1.6173437841950586
0.673888967906888
0.3728468896510979
1.0146945139104824
0.525929226121322
2.6093048252238455
0.4375329757437668
0.3759760259088793
0.013685307532797026
2.989626667070882
1.0706342042516248
0.20767759169182765
0.9857521814795223
1.1296745206124876
2.095107945397396
0.30418392756793244
0.3239904852012034
1.2385950943150703
0.7549334999642553
2.244174235958952
0.7835911765829038
0.16405460613718462
0.07166065182550592
3.310183032772408
0.8719300103725061
0.24447362698552283
0.9230940401516065
1.2370622171897112
2.2902841566741747
0.2014221024050702
0.08611495797294413
2.502340293531346
0.6036397329242496
0.5060699408467452
2.502661211765246
1.188847883528014
0.061299542619491734
0.08257616656252187
3.5707617776116645
0.6824140781395504
0.28282287372513715
0.910585707807988
1.368843793944917
1.9903240568667442
0.2561040737966906
0.49704278303669
1.7078449220912917
0.5004973868801309
0.9163119716423236
2.034903893376066
1.1159050164411584
0.22515197620768748
0.16602763500802042
2.5697348781047964
1.2686048976376083
0.5112794622080218
0.4809432374081375
0.8984412551307931
1.5096654980817092
1.7252413500425494
0.2529250102885339
1.0239325482415764
1.0689380112777496
0.3937231479248391
1.3817075595142254
1.6195415936166293
1.0442651090088833
0.32221185455146373
0.3669932786623983
2.2848683574958506
1.474346547484279
0.3209549665090344
0.5400750530314394
0.9670050879014122
1.7365719371243888
1.417797335963698
0.44754175851677874
0.3964644829988121
2.1099020377744515
0.7211289157613088
0.29312143631666887
1.8544409419827486
1.215379202427192
0.995328404788445
0.42324765313924895
0.5483687668557681
2.014309589638388
1.6608487504631653
0.11707312194034916
0.6077102438474273
0.9382875494743649
1.876678935278685
1.3299771812570402
0.3641118377729448
0.4748849039457198
2.2495120415528995
0.6819114479237974
0.19742227405222923
2.2319177500628444
0.8645511357301039
1.1516273046018453
0.5273338210684471
0.21647436375756476
0.8884469251940452
1.8344606070346723
1.6919175267736013
0.15178189256381153
0.5804198311942237
0.8742515937610404
2.0581533087113124
1.250158612883381
0.2774224858981484
0.5970212747844018
1.8604299009849754
0.9566298925949568
0.10737713393246537
2.363557642583772
0.542435152897337
1.1953153494901512
0.6513480687180531
0.19058134126605975
1.1350051063545894
1.524070050577673
1.5839154265306765
0.4116156674726324
0.59503370647823
1.0034831665599055
1.4835487983998368
0.9488814687414904
1.4098241776425207
0.24815068939471246
0.7642889202247385
0.8662742709747011
1.5577265366515614
0.027239330555988876
2.1530213888403305
0.40716209556322464
1.2728480716480226
0.7227426683201105
0.16217750668579123
1.3874243389979424
1.2508767923578503
1.432163245630031
0.6962115841044114
0.583458317663481
0.8179079080562752
1.6221285264577716
0.9719450097719916
1.4796486367652721
0.0384220007064323
0.44489943332737475
0.7487485783842533
2.083884789651628
0.03132444737429134
2.1492584918238204
0.6327387357027476
0.17164834831852016
2.3017379553448962
0.840421076826485
0.12962001493842074
1.601720601853361
1.0682268904383176
1.234954955658448
0.9755776645797012
0.6718867236605907
0.6324972883557218
2.040046719843788
0.7884045387296141
0.7904126673819039
1.0826417108849782
0.17194229255662347
1.169804752360193
2.199388966304254
0.026012858944592508
1.5580993605586435
1.152662808034694
0.5131262668858255
1.6077329527389743
0.8948116753454104
0.051945348788915754
1.7001459884661454
1.084359896851431
0.9984371443823497
1.1802235237974217
1.0667027112916696
0.6393557909941469
1.0462393996927661
0.7315957456070659
1.017744673266374
1.2760782767722707
1.2123704423361532
0.3317981988821223
1.1341130569266404
2.0263759994469663
0.31124330280353457
0.8663892851739556
1.68043017834285
0.8943429601278395
1.067521247504112
0.793347018382605
0.2166364430602237
1.5021743022171743
1.3922794858814513
0.8179680725166241
1.09803567540161
1.019072801030651
1.1418352181557023
0.35649234191822793
1.084198149783074
1.5194617598437241
0.6025060104247393
1.268762868776278
0.6786940542566277
1.1528027291144276
0.7112232378794714
1.3474752178570777
0.4820234547857227
1.8227210163558358
0.7334619885053911
0.8148770360979037
0.6055541742163448
1.0305623433114193
0.7432103935372717
1.0586721237229473
2.314396833829123
0.11237148062124777
0.4416926171503888
1.7231960440855725
1.654606401527402
0.5012505341950548
1.0200891694889456
1.2051934450784159
0.3169308990342553
1.4614601357984176
1.428569304310374
0.37110554731270895
1.0780657717672906
1.594879840330996
0.2842549984867685
2.0122119330517045
0.22371792405184393
0.9820888926651486
0.9797989142904124
1.0929852992683542
1.0732136190862636
0.30227344088297853
1.4369102778997163
1.9136734993729587
0.14328519724407285
0.7869145076879076
2.4582912147182037
0.8574955011005637
0.5685159891182394
0.6947205456904243
0.5997319017874784
1.3957955559219686
0.0673710518890283
1.9278399885467457
0.6646470016543218
1.0731734789574712
0.6320098740597091
1.4906095710324054
0.3220665439898155
1.652102026249921
1.4043830902219108
0.3359560052969664
1.0189378536911409
0.9844917047941909
1.2097224013072887
0.4072380553753614
1.0380923645319442
1.6758907643369323
0.32067062799063933
1.4684524479736474
1.4169625394825054
0.6069766875362906
1.3763471527959616
0.36114981154309533
0.9310881335903826
1.0930362590623437
0.3754258161411636
1.143431892079583
1.6836820938887536
1.3723810191930024
0.23802885063883591
0.5943724804101738
2.214306726888452
0.5030595123613137
0.6959108083685848
2.278031317000768
0.47083704794284764
1.0056083283160657
0.5129216154574449
0.7219951683512855
1.0763970572834858
0.8328420920260127
1.5186150472349664
1.5772721359558748
0.4773690545037091
0.13750380576301857
0.5501120731410917
2.824587073112971
0.5448454921444948
1.0440971237773298
0.45024932669634293
0.3005201715311338
2.410903109882853
0.27724824634639045
0.808446202596412
0.9119156029068625
1.921122440159517
0.8735153972102804
0.0632157531669991
1.9875297218205976
1.535188800964658
0.31160261606203193
1.1026751069530238
1.2744639697980917
0.6663774783059915
1.7931057794592289
0.4097061133944596
0.9132008727003759
0.43565388989054915
1.257649115810157
0.5540852795978003
1.229681845160006
1.5893075003191939
0.5554014082018239
1.0262040184472356
1.2791709875535904
1.2529035399606303
0.24970653072452975
1.593608852809004
0.4503189359602883
1.136818733588081
1.4414374563667374
0.2169112320022031
1.750101647418736
1.1919555546100187
0.07496284220625815
1.5190785119760764
0.8131039759086124
1.4880172338824424
1.1002604750172191
0.3774854253394039
1.2213782776046478
0.3764399181244974
2.2553974927249416
0.6021013542074172
0.32847124834216224
1.981523903716884
0.324367996273117
1.2599682426213472
1.113919775150693
0.9819425360608169
0.2675861859905777
1.358674374355676
1.9177679729832788
0.5120488652092666
0.822631418548362
0.12913603493860154
2.2753340464338083
0.9168534846493509
0.7999861330254416
0.6302746371092727
1.5044342045563956
0.5973243903146994
1.0247329721704537
0.7604301446659155
1.8684248947483069
0.08208878385598525
0.7576551852565376
2.308588803166701
0.7490724131054233
0.4844757760591836
1.5888492744398248
0.9950084311835302
0.9593769569078947
0.42122346881193373
1.7891069463513638
0.9131268736564471
0.8251596161847259
1.2667736257998121
0.720725550709071
0.7166400163167402
0.7786057429969861
1.317181712594008
1.010682640378333
1.0005486556513077
0.5874748156482031
1.1202259481742536
1.5366051331868973
0.8724298342593322
1.0352187072213146
1.0865194816533703
0.2274804718339513
1.4140130939243385
1.1331248024458935
0.6366066011724777
2.025416502544229
0.5682338432963763
0.45901504881020644
2.0513653324142846
0.5618670790232232
0.4475645703810759
0.7413253815740457
1.3736222155421043
0.9183828548315532
1.8225615181016168
0.7163864007184395
0.2459326678707286
0.9089328942289369
2.3672597892710803
0.42142466691603775
0.6607494548570674
1.1264759411830398
1.1720434635823667
1.1075952656432275
1.113556513652827
0.8191171824330442
1.2334747448883212
0.3388391955016217
0.9408203075867447
0.6645992890768703
2.2204519657974613
0.19259188866769114
0.88277978187815
1.2304541838399308
1.3827853393125862
0.6611476909772865
0.6519048672958098
2.065935398863025
0.9003018252437466
0.22738493405195948
1.6893825001295248
1.1982572593825112
0.7670575015423458
0.7613730969295521
0.3839922169682883
1.8530693815396926
1.8690050243904361
0.34583993099063826
0.01918047767618016
1.6015530739750508
1.4912402891356482
1.3787753728365955
0.46980711063465114
0.34125498638399737
1.4041385877138306
1.0939335378155606
1.4411845765867717
0.6638522931009344
0.7106032439258593
1.2256976481939843
1.1755042583054023
1.3873785518567927
0.28819877913147246
0.6496006878960784
2.1627406013547916
0.6887873518310758
0.3366869038333164
1.530888194587055
1.3418679643514608
0.9391339346535866
0.740326635382903
0.938536666305517
1.4447713834027833
1.3668193589635542
0.25421154281572633
0.9371794476799464
0.892499735119065
1.3262006219477636
0.260970651529853
2.123420288745391
0.6108968878942507
0.5722225806138571
0.7825254198146684
1.584521984344353
1.3759010082592187
0.6905320900397448
0.3663762677353088
1.1553539392605205
1.3043128305360232
1.6288210691298033
0.46792598656931983
0.5066023020535566
1.7022775966076744
0.8751401568316903
1.1745448208122005
0.6681031885922301
1.0164055360684707
0.7801293045945037
0.8713437728597848
0.9160969527628523
1.4046188880944486
1.622250168911009
0.6071483831273098
0.1808508984433963
0.8131780981301658
1.5462430273543728
1.1253785526672968
1.055429843409472
1.2871940541858957
0.09944923507532898
1.3459841756855677
1.535069336124601
0.5248414266432785
1.364861387839859
0.13548825619006397
1.3372859300368594
1.0232900552547766
1.740013203245783
0.121257976198671
0.9304574359937452
2.154792439666051
0.3961461733604359
0.4921779833537627
1.8815849396399666
0.7080300728298091
1.0710264099480786
1.7751118683671785
0.26430187031891
0.5684951043052048
2.100914194303884
0.8845851419514378
0.6597265172833227
1.340496581989912
0.9870621465509036
0.5750399132592974
0.7780481415160297
1.7178245064571127
0.9564479036073239
1.1130884743860183
0.45135825931644225
1.0691550720169796
0.5017494950473869
1.4615235860758116
1.3554888172648383
1.0070750934266373
0.38000137391591904
1.2425622075218383
1.3264261159547661
0.5478917275588437
1.2498570382085603
0.6133106184996665
1.6001023503945373
0.2398079538352479
1.5484907904962304
0.56347886540941
1.2422488941060708
0.9935252983132687
0.5478644688887992
1.4339617944069438
0.6262964565100331
1.6311510575079768
1.1985369177181884
0.22549797043261674
0.9794638334045274
0.7768657615411316
1.0159923148056988
1.4650858235583304
0.9010895636309832
0.9649665136305077
1.0109333679984083
1.1689864663447975
0.6400619257105519
0.8585730189085266
1.2691571709117289
1.3585126676604236
0.2847893230571546
1.929673210131948
0.05635825974477925
1.2145066355320635
0.6790450375602569
0.8620822023705612
1.322854450066512
1.041870809615008
1.0324913716599957
1.005021953576971
0.8132765626110577
1.1640057579335847
1.6675246602260962
0.3245627183985397
0.3680584957186518
2.054961744252414
1.3343631307052106
0.45378630300169187
0.9425032097579845
0.8207686628494553
1.3314550586462752
1.3479664498152344
0.7337932215104309
1.0040150696896455
1.3518533418861844
0.22282269664202234
0.3847923347754986
2.9627464881296124
0.7736262324458022
0.338609661934875
1.286902432647239
1.1886029883674787
1.096945101739545
0.5573612047346841
1.1388355582483576
0.9389385525329274
1.166754706438966
1.3656331117580782
0.5757267099264719
0.9848826236349512
1.0542519407991577
1.148163392942257
0.5230729505811769
0.893300621316094
1.3188642298039668
1.6723570309798357
0.5515523176047806
0.7060154781660881
1.486653497079665
0.15489829472166305
1.6994116844357328
0.5752639768743424
1.0340491919169015
1.5571710010790927
0.5903832732351565
0.7653571437640198
0.9995264342196891
1.3276661454215917
0.7812870216013662
1.3012157553870005
1.0720047149137137
0.8544706180621352
0.6534768426604846
1.5915846597386483
0.36640522296420014
0.7852662419306655
0.6030290260835379
2.665141305635208
0.48979266154926354
0.36031482028543704
1.2827806665989765
1.057462994491645
1.1388128621599996
0.6868610084069809
1.4396303307699256
1.1249297223070664
0.42606750342308214
1.7332250073471231
0.857704205481431
0.10105697792189806
1.5270694994581486
1.6023219186337025
0.8336929541915931
0.6001582308372816
1.4354780691048628
0.8285334003694903
1.3471543532468016
0.6505151771401809
0.7424984473407367
1.282387247660688
0.8660843622974758
1.100440033936888
1.2998902818939482
0.7276929818498988
0.5347239692548021
1.3611832377236486
1.8346317636800666
0.2095387125408241
0.7072404775112788
2.0520778452735517
1.476037001001667
0.4790200837667439
0.1321954117883149
0.1144498693042834
2.7140637540666455
0.7952724266064373
0.7661590032604658
1.0872056233738778
0.4465149512386024
2.4404951762260625
0.444827681787564
0.19915691079153638
2.493258041420683
0.9533158168342319
0.30435209470340485
1.156921032105742
1.2240810579690968
1.3611873698623
0.243311600676601
1.620709293631524
0.6428131342766594
0.5801292622407126
1.793502705327197
1.3775797892789965
0.7141008964013476
0.35027071453448644
1.0287397761965753
1.4101688335350537
1.4518559590997082
0.528242008235799
0.4618119820101055
1.4964846086519876
1.3688430032979375
1.1512624632029655
0.4965231575009205
0.38544760515039755
1.8005814872621118
0.8932103558413033
1.180790563087078
0.7091181528326558
0.7996995725790882
1.5362208634525332
0.897886470957419
0.7428634962779753
0.9210376307949644
1.6857270771559147
0.9292457187315785
0.312752693844298
1.3057897263304383
0.9266453331279968
1.6282343355890683
0.3140414055101003
1.3850996375758295
0.6079166548075449
0.4071599728129333
2.237279734089231
0.6220795465389087
0.9088582256910115
0.8858316730998949
0.9085132320345021
0.8426562203086669
1.4040104991415447
1.2559670908101457
0.7865082466769622
0.42045218891547453
2.059980568987182
1.0413648170992316
0.34461847259190787
0.700814387290482
0.7794989136133942
1.559329506605596
1.2982578285005293
0.880962266539445
0.9098254810102944
0.7152740483964607
0.48228684780663783
1.9152581551255035
0.6886435654321724
0.9039641955783893
1.3817338891603796
1.2590403104459567
0.49368166810479436
0.5695308128900404
0.8773544793018534
1.222548151703308
1.5137586328833739
0.6129310943342525
0.8632477574217399
1.2282459700903416
1.296443400451399
0.4302205182395089
1.6379455251697266
0.5132233290384834
1.2596340548773153
0.5571155847531521
0.6565976080454187
2.4150169313439718
0.5800387751162376
0.15936793063909702
2.9810751442726007
0.1269122710123801
0.5314677631645748
2.748436698087589
0.4547050148909085
0.6611873902368025
0.651991256531591
1.9483473742133248
0.44433194129264453
1.0156675934838812
0.7626419952696064
0.9246256723703494
2.202273153153146
0.6218132209500052
0.23297285862699935
0.9588547209255632
1.8429663690067726
0.771488898866432
0.81034672809003
1.4496657392629253
1.1329616944603818
0.9617540457536741
0.26816788462462415
0.5912890155289656
0.503615757401366
1.4562421557831353
1.3207466996295616
1.1313289076731103
0.7011989597198509
1.120108289681144
1.019982567132473
0.4893436259566832
1.1421139967215197
2.304877192045661
0.32580974759286097
0.38771152704673917
1.664936005764351
1.1259663099662685
0.9768433598434343
0.6235746751198943
1.0937007492258577
0.8908089848806466
1.380802605455495
1.0928084003499199
0.395254422572792
1.5844977933966458
1.08953595350285
0.7606582185865582
0.795091269775686
1.5458352182608723
0.48392237271009475
1.2272492879772021
0.4293701661263048
1.1553989313200954
1.359254348865373
1.4850541282048726
0.5448208404023471
0.16794528346767904
1.6214947136000348
1.6399310745486892
0.9148975006966508
0.61689501417612
1.1478568200154058
0.5692926940691778
0.9553172631017208
1.0952381306728942
0.3427670155343758
1.7296097566952862
0.9366805004970045
1.157263658213467
1.089628915290456
0.6779805025089063
0.3873958689742622
1.352382583936805
1.909553635925557
0.5928949968041578
0.6084188224388661
1.1465614304071086
1.2569953126485984
0.45196652706555723
1.7091877301189333
0.5965400237963634
1.1118207339914554
0.35231482477883175
1.60168846807347
1.3382691095254924
0.6164470138868192
0.9965510359329818
1.0820768388414257
0.9532664138007636
1.227965770113969
0.22035270474503366
1.5005434471283925
1.0728108086135069
0.8719823759107813
0.5654871640436242
1.7658623226979169
0.8215632214721643
0.8469781092861113
1.1204852704737436
0.32869426275398916
1.7986652869724808
1.650950137904836
0.4674824996772651
0.49073717669205824
0.7531289332775517
1.1977072181337374
0.38281144735653977
1.6378888296465173
1.647228666003271
0.31852453518540697
1.1211261386364009
1.1657254812764433
0.7589871861173615
1.202487517052896
1.2508415928491208
0.9692240044803605
0.2038433268103494
1.310698617500903
2.1530370986852057
0.42896476844451326
0.7267139865128176
1.9419533086354084
0.19073055296012734
0.6932168167205537
1.081063798068628
1.6256508436781023
0.7450977416483612
0.8406824512223251
1.4763419494312344
0.5864017131481715
0.9546640472659126
2.16903083708181
0.2010342344010787
0.5436741206634969
1.600650680250817
1.0999269042109028
0.6164012015154908
1.9036912054170778
0.6895579592429123
0.26604603288386325
1.6714961905952441
0.6604516480479011
1.7820934107876787
0.3158630159089636
0.7127385341093965
1.2966300142887701
1.236169691630523
0.7741319823419265
0.9340592060573564
1.4822250475070224
0.26856570958926473
1.5316315923566455
1.5200525655068193
0.3146374496656861
1.0429485433386483
1.4227128450918776
1.0390553141486567
0.6254193149123269
0.690814797690904
1.602736508036649
0.6610990634805172
1.095889659025608
1.8424043399685974
0.25408642640681106
0.7354489974323538
1.5447552661556776
1.3203684281259211
0.6423693413214092
0.5879314838650512
1.7723814090357317
1.129285078502241
0.7169706056075248
0.2576269214879471
2.3046583057060186
0.1431875271131947
0.8097603068330286
1.6407646306177266
1.2323994593950447
0.6805579472312486
0.7942323115500567
0.8977214384298511
1.8817988495737974
0.4275234411523485
1.180665139042678
1.376211329089049
0.12005065055947634
0.6732335544176815
2.0670728450649305
0.7514356223145351
0.5862092272901377
1.9346003679475532
0.9862954914915667
0.8088631148588785
0.4593115943365041
0.5016822600553316
2.20275361442564
0.2544137438396166
1.3543072914455485
1.3675580837087158
0.6348279056766077
0.42792864834070016
1.2197696714129265
1.5110725537887117
1.5278463977926362
0.34912491371435755
0.3502612364412171
1.3143769204353657
1.7886951098894641
0.09138282257477479
1.5494244189109807
0.5702774382489756
1.2271631114715331
1.4562757716609183
0.4138463623050794
1.3909602439736686
0.7917005578565851
0.797932471867169
0.2244785952980398
2.106760979866297
1.2809956706435606
0.31258591522558005
1.4055266600738214
1.0623125568404552
1.1572696174218968
0.5996090348420351
0.8924484155070616
0.9013286624877834
1.1928299169109695
1.7023461588456166
0.21830346701412812
0.9131788992063254
1.7015902467404709
0.7229815312178878
0.6999237632850095
1.4206932267143613
1.4217407599035286
0.6330930410622393
0.6028963762107371
2.052612641163567
0.5878350137483195
0.47877631775972285
0.6999018083448403
1.6637617229356154
1.0722004296168381
0.5850179636320846
1.786534620997229
0.12359382171072547
1.494526955394491
0.6247355081777248
0.8301978946352205
1.7921756613880895
0.8130362284027872
0.6705460664500139
1.4266862643818288
0.9901791738734675
0.18539345566281706
1.5558504376573514
1.3835540333991436
0.11369585185510772
2.2190899304360214
0.6714958113931683
0.6569872131656095
1.3283911301416078
1.0408200441772815
0.7906178610698613
0.959189251728846
0.947555454688906
1.5613691511518755
0.31015899242544254
1.0900518116238265
2.3547271703443666
0.33065298887909117
0.39380453637844615
1.3052646964349677
0.653015592206823
1.2864003243800881
0.9412226997516854
2.0102759068122915
0.2531856873051373
0.0920026641567784
2.5841161636376473
0.6492688888909764
0.5037123296921746
1.8934245000133147
0.7695441341948525
1.163425094397008
0.772879855125709
1.1280943814716318
0.29316049052333987
0.6203966746285369
1.1963350962912618
1.5922795912317882
1.328317874353906
0.4980622771837607
0.8352978515178229
1.4234366356070725
0.62551814862449
0.3292898011824127
1.3405808300971218
0.9646978379233504
1.5270021501426656
0.6950185995014473
0.8058194360621295
1.2563746504397304
0.7675176654719612
1.6591329286002339
0.7539169327674229
0.24156317770744393
1.62539633931924
1.54559707898394
0.7102686810705855
0.6191081065321938
1.3881067491190442
0.2950903125173273
1.2295565930958314
1.0633357973712763
1.57770484574999
0.3272025124836474
1.1228583871501978
1.100842194588971
1.2124066577224633
0.8011954877798877
1.1078669339475382
0.8609789245605729
0.5616034118556674
0.5441178846593038
2.0483141821413655
0.4710683534997531
1.5111955721764045
0.8852137409583519
0.3897264374272524
0.5636356440515172
1.458591567285523
2.2388687360572423
0.1812330511358432
0.45724652131091736
1.7380972652623614
1.4741678071460114
0.5460629462575808
1.13071859495021
0.6402243593164069
1.5859678059469573
0.6057395449036043
0.6023151039788393
1.016465734087967
0.6709361469346574
2.3861450947915754
0.8491803357600507
0.18178252003925843
0.4021327925529769
1.7307159610532545
0.4879152609851022
1.8193852557044288
1.2715191797909766
0.2872242952416509
0.24556133201609992
1.22880922559642
2.6813664587739816
0.3081709905885365
0.5169448177471714
1.9655084743877855
0.21981486379466283
1.0408094040240174
1.7288739757654512
0.8050021701282923
0.7555691207523452
1.0471863533406751
1.0628813018135528
0.8911073766256605
0.8200549358723507
1.2196294142492632
1.6475114953702568
0.5705973138037854
0.6947278186398013
0.5237084231949011
1.362739030463392
1.1130838044530051
1.607868837479717
0.397874167728602
0.5135314795206806
2.360283955074961
0.5487672172754582
0.6182767336190969
1.5194539828133136
0.4489684323930856
1.3419773536826232
1.4328019145630435
0.41015439149551736
1.4646655212429807
0.7106537420984631
1.2011281064054276
0.3582614400894531
0.755086590212291
2.651712920767413
0.3357038000556412
0.6859279565633667
1.1637170126611842
1.186872823129755
1.0034037582371347
1.0511309957175892
1.0402676941821447
0.17755970990585984
1.8020196404154523
0.8910361186820226
0.8018009296389127
1.302988328635943
0.6319527741724177
1.4870689628987226
0.8472597012633372
0.07765069830391379
2.460305459668156
0.8777180520462359
0.516517248089837
1.4835220318068416
1.3271046388066072
0.5628677982216941
0.816739413794029
1.136984507234466
0.05225117539272222
2.43779571324789
0.31366589414559914
0.6674326047115834
2.383519170273156
0.41349959484370746
0.5662343648071295
2.8417768883015095
0.41488879868147305
0.21914433477766462
1.396221421263875
0.949335091038626
1.3191430012861791
0.6962596559244428
1.3539503254764753
0.9720676875322631
0.5079825545312059
1.5410711725851052
0.7168385606012001
1.0323957334555107
1.426387954560115
1.0287004088987053
0.3362822183673387
0.5104734304680986
1.20502388858661
1.5057385895932907
1.160222213343767
0.6028019524674426
1.3392114528919952
0.7328311607418398
0.7325140251050549
1.4976663989962387
1.2330596450873066
0.23194237461290546
1.3363913723302958
2.06612646950229
0.4017544087435031
0.4220994735957869
1.9980904500083783
1.1331742818304884
0.5401545061476658
0.9832672758114965
0.745985392076791
1.4764478359727005
0.6142185951671355
1.3936665118791496
1.5090190016216007
0.2994673659637616
0.9031598127872643
0.9316504686355459
0.5282858552637835
1.35388818052241
1.774884666911498
0.8391051003740477
0.6598061923843311
0.48211169996778525
0.1442595033078788
2.9468179176619564
0.5948307015196947
0.5395237652588297
1.5733479912086066
1.598714846066658
0.28055947738056186
0.20403134399064007
1.806826823448733
0.9258815304110665
1.2189156538563826
0.6411268654961421
0.901623083306038
1.6694005943335588
0.9493685099349789
0.8472549146264235
0.9311921217294358
0.4064504151821173
1.3368004333890295
0.7413290411199381
0.8790503303849779
2.2892003043178804
0.5221483355622212
0.4193439484521725
0.964921329120702
0.9629091863794639
0.7756427122882341
2.1241184151454964
0.692411296831463
0.5402647710113935
1.2979831398533417
0.8139355292449426
0.4038799458569599
1.7406503530729711
1.9070947750073008
0.41553374636892393
0.16338131908705117
0.9703742075245065
0.5160822557173494
2.3554945866958423
1.1615534211208807
0.33804892263863323
0.14500953755806778
1.7235399973726795
0.7823990698995211
0.9491314242919173
2.2168137375968553
0.4918714173323212
0.2627958639647088
1.1265718896820636
2.0315170830379654
0.45683649425610023
0.8785688971691807
0.38061590561227027
2.3509970684523283
1.0902393311809362
0.11954823905510815
0.8808238662939123
1.456311982062554
0.5374588059452282
1.5411351530489374
1.1938468162731994
0.3695712724476739
1.7778059049872095
1.193439393745311
0.48069390715843296
0.4155787483074399
1.715162209990513
1.4467088964576371
0.4861194705713421
0.4154579374601384
2.0691473835807863
1.4136863311950034
0.6154692751561255
0.4636842090802595
0.9979600032968524
1.2059978188929725
0.9988701413159262
0.49060058103286
1.7133824088823453
1.1943380279214382
0.33879752936951396
1.7131134252678315
0.3240495225082332
1.240084363111771
0.9051163073677921
0.7950125009900952
1.9627507020521944
0.4859941197289451
0.9702552188423599
0.886626542979707
0.3451337517289871
1.2710818710843075
2.1071098939574955
0.46135300799638906
0.672058170142473
0.9598406400982491
1.1207973408560483
1.0094849448812924
0.7897054552890483
1.3383874426544817
1.333670466249858
0.5647810227629828
1.1536514835048859
0.8245687056268083
1.2306872705430087
1.185854904869505
0.35064218858833446
1.2190760793839976
1.1087921384617736
0.36611956753558805
1.7890908774142413
0.8379368145956638
1.2482700434347742
0.6916643513531687
0.9267043302657638
0.9427307026320276
0.538440806423736
1.0805765117416923
1.731971299837172
0.7719764154849966
0.8132706012209137
1.1602644953656602
0.4183017670155188
1.9832925724104065
0.5932680965254059
0.5117650018365524
0.9976795657635764
2.121761849812042
0.9504555782635212
0.24566056087734583
0.5290107981188026
2.2753776440691413
1.4407739703807079
0.5190949207364769
0.08597010613589347
0.30841714454854247
2.516939422815468
0.6069947742412195
0.9449845053481892
1.0319744187166557
0.7719652077578099
1.921247874867737
0.5030363752985701
0.5995326664924205
0.4982432735583303
1.8841861421125476
1.4419607829579664
0.5659376942644759
0.6991036236245431
0.4401776769341135
1.328902030567983
2.128362217762573
0.5634987348020424
0.3065821991596324
2.184917131785495
0.4392905219877614
0.6342199067696267
2.1915899460723414
0.6239561654591209
0.18311358422693352
2.4166750073859924
0.45396434052083645
1.204740657737342
1.0481200087969764
0.2763136060722781
1.4679307010730074
0.9650192692489094
1.3680895971519813
0.7375404160173009
0.7364322684429653
0.5323775415203759
2.1370385396813405
0.26475357577877573
1.0929643085416103
1.5973052921907978
0.4722796649795469
0.9345987816741445
1.8279152348137058
0.9752078601115746
0.35121900110795656
1.4975223771418413
0.5406650302761572
0.7188705389010948
0.5434593713867757
2.0640775136186726
0.26929295351554516
1.1295874728633064
0.839876543993538
1.4498570599519738
1.016053979313363
0.8900180888828935
0.7289564989341494
1.2384169644754612
1.5852843425020071
0.24928121055880503
0.45679540065507734
2.3381055668289674
0.9052318867870155
0.37722216162436206
1.3816760314470589
1.178820068550549
1.2109431528528398
0.5622661485555984
0.721896011591378
2.447849360280095
0.45097287925390145
0.34223443576049273
1.3574815037761336
0.7053635521586062
1.3348747426180507
0.4264431653332033
1.9771875150433655
0.3062062310987936
0.8805410022509932
1.5582656044324517
0.8902125917406672
1.3418047462672766
0.2590044710238114
0.9563650302318664
1.8172337064523443
0.18708192138967866
0.9253158073320895
2.125595665910374
0.6276810768755355
0.9156194742000549
0.5871198384423081
1.578911684406266
0.4914427121577299
0.8707064722476004
2.757525752436529
0.1870573995847241
0.2054861614099188
1.3591229155729858
1.5335852736497162
0.7941570931393221
0.8710255924057692
1.4554605755034222
1.4923037412627334
0.20657348419008847
0.7277519088806992
0.3640187529350016
1.3352221441720762
1.1177005174050136
0.9721986389381037
1.3501920558450449
1.1305309778265837
0.3611293716611649
1.180776245189256
0.9016413101379864
0.6761318373344533
2.1692153603318065
0.7025944886657322
0.4039481329851424
1.9270312162524565
0.5387128039894372
0.8116693947930844
0.7956619264346922
1.0919799949706517
1.0661903951811795
1.108648367352446
1.1494468645294345
1.0190361331187483
0.3809674662325069
2.1775531877763306
0.4716111577895538
0.3648329620205974
1.997741661083936
0.4066160144512016
1.0465452972026195
1.2273387547178682
0.85308004610757
1.103615828295014
1.7254644436918816
0.6425851419859058
0.43416700597137664
0.5215203230415939
0.7912486326068306
1.5298423059401622
0.3310431672710415
2.10206691973769
0.8526984661042104
0.5013177271600663
1.1152959268018767
0.8050987954656862
0.9051712634122788
1.6684738353234556
0.5228966293140626
1.0294062188199937
0.7606692023660164
1.0597815885272877
0.9565714889874073
1.4585764136009371
1.165074846877569
0.7112573456393003
0.0882720214116892
1.8154769133989752
1.9658896652590239
0.11990449292462707
1.0017246231237766
0.7241191847282316
1.1234538005282082
1.563963514868749
0.4949666677054705
1.3880606609491015
0.9354305467678519
0.687265261945571
0.3139524294657962
2.171869742213857
1.4405559147228908
0.5974015865470531
0.11417905188031004
0.8993959650945347
1.0308298683872423
1.1788029286738695
0.889471205804033
1.7378644329017294
0.499892942725581
0.822586016339259
1.510882435066832
0.1908307978783711
1.2847233169361292
1.2763434522660069
1.4483402304766615
0.480871234431907
0.6296920604619067
1.178296832759925
0.12592510656366193
2.791683968219176
0.5370227654944687
0.2832869573555574
1.1261438906005632
1.0093989309251028
1.6327958138584941
0.8694597650266878
1.032196167332957
0.35309606419931444
0.5177220185358201
1.4049071377564568
1.3892966877089428
0.9110449215950092
0.884239349497623
0.869397055069394
1.0879805476520015
0.5977063905220703
2.2966450958415914
0.6843165523210838
0.10737073649592627
0.9734293480939123
1.0209879541386682
1.2420144802711854
1.7816985836613184
0.2925809802358768
0.5804311170434603
1.599926317122439
0.7876748092072979
1.5662615904540826
0.7645830209636036
0.48877196529635464
1.0629634195895452
1.6686822433035573
0.8348256982816812
0.39743667853105896
1.2912147108257752
1.3541811645916686
0.9772407674571363
0.9101562043857463
0.8441309634784933
1.420084477115264
0.7720252084063705
0.7298768537454662
1.1452421341034142
1.1973830812319437
0.5851112263819817
1.4436864632188149
1.3466599564546562
0.24431412239601696
1.8913375355217152
0.34205211907325705
0.3878148072217531
2.7302364109334385
0.46282520369819274
0.5673179607783781
1.4579316800088598
1.899417950228506
0.34894353651335897
0.38103780490662753
0.9686876864813329
1.4666170178771614
1.3499413523207109
0.6497540881038872
0.9310456115412084
0.9223586513266013
1.3146235222876261
1.0821980488122993
1.1875245342209286
0.1526498348466304
0.7205975142746963
2.197794517194955
0.5106058179480573
1.0307421525496905
0.5422773790405827
1.8840379531939635
0.6038021589048357
0.6848785421532706
1.7365576316042373
0.9744397277043335
0.35657535408270685
1.2093868069658504
0.8683080264154529
0.9965957521501689
1.2629728884367784
1.3764377538285328
0.9196776791631645
0.5172951374752693
0.49813955070097365
1.3968473415047609
1.2099290213087952
1.2188551651239603
0.43153316107664935
0.9651137416401288
1.0645540278462513
1.7670489979477957
0.4051413308708937
0.5437796533554279
0.8402484234016918
3.136425797034374
0.16372037892446237
0.11671253720300075
0.5663688571823192
1.5335959437256732
0.8028305673940266
0.9548554062099904
1.8866364372190882
0.33871570331771467
1.355349577312681
0.22955261381926045
1.2445235405808004
0.28872102490717155
1.538997109427634
1.1669835988270316
0.865283366666639
1.1492395747954802
0.6918596525876393
0.763094595117692
1.6892385597291524
0.48237470229301593
0.9990982535426708
1.6253054979102135
0.5241973968152032
0.9130298348779655
1.2283953648281425
0.9369672850616901
1.7908626385426383
0.28186938093964775
0.6853532938576822
0.2440326500147035
2.0153270127692733
0.7579689794437745
1.188945483069392
0.8727940299131346
0.8999203699719147
0.7361210615958325
0.9142979917341926
0.4336506156529375
2.4097932129272692
0.7630489279336732
0.28522263342651366
0.973926934823883
2.1767825397524025
0.49804756768009445
0.8890213276257609
1.3012873412931376
1.2409635535795025
0.6104964155604231
0.6765757742946846
0.8706235969128564
0.5555063363447943
1.975031281829161
0.6262738418704737
1.2100690901974231
1.2273708143639352
0.32936351766169025
0.8988138020203726
0.24842695515916915
2.292077808313514
0.8689072923760881
0.6416862386749281
1.5894256457483935
0.05980817128827522
1.702943151472615
0.17127479649735347
1.0051488801885835
1.32298858338626
1.0039406863170033
0.7729723094077033
1.4318814067661476
0.3943790570529447
1.6356249579096558
1.0427602350826086
0.46105536050432183
1.193884127002895
1.194754431265971
1.617925258708389
0.38535060447511943
0.5068544409573
1.1455811849369122
0.48442504085724036
1.3676354576618848
0.8036350992593393
1.2371692611004004
1.2570476367157184
0.7118277246420907
0.6310326979016114
1.7078380240018156
0.9605326904208633
0.8445058535046008
1.270003627140373
0.6850998394823411
0.7300901275253155
1.516604728929561
0.5653956867578986
0.8083783940197168
0.9251269873603302
2.015167106400349
0.582695498036193
0.9057637760416988
0.8295030281630809
0.8438666154766875
0.338054804236784
1.8877210431053988
1.1042330203206712
0.5064409529892553
1.3542011213329517
1.7047797701953782
0.46523873546651245
0.8044964852173929
0.5810401937255666
0.8940398189177998
1.4902846391956088
0.4084046639577113
1.38874265867465
1.087364752588219
0.886978203094873
0.7649632514828073
1.8969332339213056
1.0840118918752677
0.30974679956654294
0.37150801876439565
0.6973667697425349
1.8533726559111026
0.495435707081627
0.7953770545322084
1.5647599951616011
0.5142111932198749
1.9317731509677378
0.608038267391037
0.3775282544278226
2.26965115594919
0.545079022427351
0.3496212666265099
0.8908132803478319
2.83226155726078
0.5461139326061937
0.20497049818146748
1.9143195349877131
0.6753512519446906
0.08000371677001213
2.1246139793099377
1.2141727260629136
1.0417656920788245
0.7585289807383356
0.44649194112497365
1.006860623897847
0.7872017877713398
1.2806012710985228
0.4321632069144388
1.5846791007448136
0.8597856420276844
1.031238615799598
0.615581843059941
1.582877076763721
0.8466613985842046
0.7469881686991031
0.883077644964827
1.1099399237252079
1.583297328341265
0.8628850740772414
0.449727403255994
1.5213727992445718
0.8849080171161428
0.9631459467779379
0.9399284455362907
0.6462804503466053
1.2743210619333878
1.4106332890010633
1.1646529560806247
0.05953666342759877
1.0537016278224718
2.1869527940879308
0.4825198278250962
0.5932923913577159
2.4404952992472233
0.38811654601807616
0.5992777585866925
0.9280907736535209
1.2801059487498194
1.7229955879054768
0.7959996167976374
0.348137334361236
0.6789055425386418
0.7113969653791453
0.8851162031443661
2.3754867696067934
0.4525682740330855
0.5849421212903992
1.572541416829292
0.933605299715098
0.5931770775122428
1.1303383875187016
1.5038217006838555
0.5829944281990231
1.250697128366278
1.7951356866322743
0.17920653177789916
0.5734908860278473
0.8544126897015946
0.7790092781983241
1.0375182742452698
1.9753132256462087
0.1676348558928755
1.3263338089838614
1.8236194840937199
0.31285848927859783
0.4365079053112824
1.347456908736825
2.2296530285767893
0.5225652606729265
0.2845683795799228
1.403690164583937
1.4238121158949602
0.7876796094571792
0.5289795354876579
2.5534671524043984
0.08104453238250253
0.4477699235430288
1.4930353040057003
1.4192446211658414
0.6646015256874789
1.094835942471127
1.4459102809426838
0.8786935293285346
0.3505805100112794
1.5143905314717268
1.091961465646951
0.5830680896087655
1.34678090220591
1.7164792701740508
0.5086607140970365
0.6405549294893124
0.47166965519547716
0.8133973248664543
1.9504463330960693
1.1809448436686625
0.7474436762433447
0.2416113723168631
0.6919111907854414
2.2743576899658486
1.2211797740549752
0.18639754299511946
1.4440522378311063
0.5353436440151282
1.6637074044888243
0.41868777083793685
0.7436028200771375
1.849765375212857
0.5808566285232706
0.7705590688608199
1.5280482877930064
1.1142265600500927
0.5960832803614153
0.8853282891749013
0.8249150559126464
1.3412063438736688
1.84658936098039
0.22710914893405978
1.0834999643070335
0.6477451042868626
0.4397962341642952
2.11617331192157
0.6158857038337788
0.5328911295672705
1.8043570538388523
1.0324585494344305
0.6864701529441577
2.0628938022087264
0.06651741843578302
0.3178953377529388
2.123842972351226
1.2092548894503152
0.5409834950691439
1.229567598470942
1.0167116738747812
0.8569533785081364
1.1422453605201803
1.039834600629031
0.7884308019149685
0.7641975283538316
1.4588368089713204
0.916509580332834
1.2119814159967972
0.6961895456634882
1.4692971247092859
0.21456865703193576
0.7081904156105479
1.1476372521898812
1.5495391560122944
0.7948587785475042
1.252837783667726
0.2384544961741653
1.5172339700932838
0.9655692910689933
1.1142642883117184
0.51947078809581
0.5053156785025501
0.7198753958182071
2.619374253817656
0.325769735936229
0.936383264611928
0.3542093717445429
1.4319213429528808
0.7069334090962427
1.047145597702069
1.9430281563305056
0.44654859509149614
0.7841518947295115
0.5971662927481417
0.5436105036405046
1.6155310640778409
1.5493918483066864
0.5688793178118831
0.7647143146928179
1.3007304602844785
1.3983604731966166
0.6302244508344468
1.086718356415815
0.44857472946939836
0.9805329743681197
1.381260767018355
1.2510855991267462
0.5538763971015228
1.4746727912230653
0.33431392061957915
1.297322381183372
1.1117292764111357
0.5472894812268708
1.3467682251879072
1.4742667889767342
0.7938148707654812
0.24500899636228018
1.4049486477669217
2.100924734747947
0.6469217327110908
0.24047572365330802
1.623903331246379
0.6338328624019263
1.122014196474592
1.1909209856227252
1.2060409600580246
0.3962498683676464
1.698971585049243
0.16408944607807116
1.0248021566402796
1.284378546705244
0.562803874854275
1.5449318752989092
1.1339072349325716
1.015680307312513
0.20973383537817591
1.721275414753355
0.29681377316992325
1.1730080499132092
1.8038930459911715
0.9732407899496853
0.23869564579019123
0.6721112006528864
1.2176288837393223
1.9063385348049855
0.6070100446031527
0.5837050958435772
2.2707415280122785
0.644214256656394
0.1039872347760346
1.4302304154416514
1.549794197413586
0.2243975287107944
1.6670043295000119
1.5192608237018315
0.2942301912672426
1.2158909422404314
1.007514069441049
0.4080058338102893
1.9612968011695087
1.0366398059315263
0.6701612575414875
1.2737612436967354
0.5673544203728929
1.2110857428624557
0.23149155648022315
1.4476410725135564
1.3221202643784866
0.5704179208602972
1.0086075529720764
1.3605646882344358
1.412393116933009
0.6360176703565092
0.2411092142583574
2.094040535101084
1.2121533440366197
0.41194215226478065
1.0581203250432303
0.5621352106066735
1.6812057860412817
0.8890472267012268
0.6988067354423892
0.7864892416259802
1.997642280048739
0.36131622904405225
1.2651687450265519
0.1973974388018094
1.5601124282052647
1.2905852948266798
0.3013804654554784
1.3293296863460355
0.9688387436922159
0.9437418024061959
1.511085055395684
0.896262196853323
0.8254961049125652
0.1538837101812528
1.718641312265852
1.326854842006284
0.6927591533112145
0.6838926011264236
1.892717383010747
0.41875654208799823
0.8403103984869233
1.7248371229603692
0.4775031487163558
1.2345283749607414
0.9076396927188591
0.5030957739954661
2.4325874261467018
0.6302861340086021
0.22678102101276187
2.1266967608156855
0.30782954050209155
1.10802187626706
0.9460592747857517
0.6985869656937733
1.6588045783373708
0.7934210150313217
1.0177501877351756
0.40729279835253623
1.6170663857563978
1.1258736324576675
0.695796789270925
1.151460133403298
0.8000110885311382
1.3508952413257804
0.33363359404547677
1.1089437010623835
2.0370497825783254
0.6747417864053232
0.49353580169906514
1.40180615014988
0.4780776672444442
1.3428326785062237
1.0419909409033974
1.0509668867768638
0.8812540392997682
0.9755137793626485
0.7212043342896804
1.806048684712065
0.9119561378560302
0.5406295821806513
0.8280664074872487
0.9018266583467476
0.847607889682042
1.0381109317616042
1.6948962691021392
0.9973395506710091
0.36900971949666145
0.909642725704517
2.230340508965886
0.6815140408410393
0.40074304331982363
1.2018637860227237
0.576820681654312
1.2695469340485441
1.3729865360847358
1.0914569882404215
0.8031104235163187
0.25476569591233833
1.5570138012336816
1.0810096335511485
1.3770474889650541
0.4484843262727518
0.9561973347143545
0.710403017400256
1.4001736168534944
0.9709540147457617
1.114852231581899
1.0477704843302549
0.2983229002701714
1.1878220947996545
1.5180394949245728
0.6676749952776868
1.4042234343724433
1.3579664363752693
0.19579634900909285
0.6975788475782958
2.263079128744779
0.2605010457037845
1.3421432850956205
0.17542176792805522
1.0883518675007258
2.231143216975227
0.7247287012738212
0.29632621813108295
1.31106639913097
1.4232391708300642
1.107072614206655
0.3118663246945841
1.870724928516429
0.8839020424041817
0.5858380787266166
0.07554963531966853
1.5255646911756913
2.1211689684688397
0.235981177316567
1.1785718264249003
0.880741292130424
1.2308317259656538
1.2216957967431032
0.5117298915855641
0.644230927129864
0.8357260074683052
1.9000243765269462
0.8834914495018737
0.637771339334631
0.9940070645815303
0.8841136941673126
1.3175594084969302
1.3258320055509691
0.014263410157249235
2.0565196417766924
0.9964508445515763
0.34362739824664146
1.9222740151456459
0.7808896651584898
0.7936123943050667
0.9033345191422294
0.9406802037389486
0.46649464249348016
1.5908667501872555
1.5393042196443198
0.585663290578218
0.9579879508929414
0.9784276902427852
0.5893345840968479
1.1337346430602604
1.0404298067074194
1.3723139842298002
0.4823685497748997
1.677799023633919
0.27161356382459984
1.2689456400323242
1.0561493304117755
0.5746854499573212
0.9891505854817122
1.8780448591687577
0.6835128419006307
0.547307938733013
1.2721580366461154
1.2502715099473494
0.8977727876372232
0.6600621876082745
1.4031524515874119
0.959528709288082
0.6191645132357504
2.425367955051514
0.20296647677992405
0.24483583365569944
1.9324078891246672
0.8593024048703699
0.6651227774130608
2.0199427558568446
0.9462284879340497
0.38730328767846905
0.7693367238735912
1.6134525019509416
0.7679283425864556
0.9636740906661233
0.8526571749462538
1.0472546272239422
1.02732871799
1.6497915843996414
1.045313205250688
0.058707459945466424
0.851626530030161
1.3821952274372646
1.1185024148481755
1.037504283726162
0.7989338890327026
1.2465155488841744
1.2004594598586844
0.3882819314211677
1.4836699207894926
1.393122787554652
0.3372583740937688
0.4967429432068465
2.7493238908763185
1.0522936523082063
0.21297849416450879
0.5533940365347703
1.1690725558681758
1.5678398910802103
0.41981498655476973
1.4544683115336792
0.7840933889355456
1.1919253827385394
1.0080177867401743
0.219548483331631
2.3008424099483658
1.181434542405574
0.26586709868558905
0.36673742548250965
1.8082366608206084
0.5404069286031846
1.45536076209811
1.0443847139179276
0.6327778001188296
0.901906527036147
1.471440725993044
1.14857566322605
0.6094950010601334
1.1361612707119049
1.1012017493519617
1.1615733509007795
0.40415176114989987
1.0168646856779051
1.1831695933015314
0.9791099559297868
1.3527036497985423
0.6662600996059117
1.1145426537188425
0.9196656725198417
0.9901822871522585
0.7870118175726494
1.0916304743562553
1.380448219297264
0.8278410175535542
0.7990620042608408
1.287708182956706
0.8399811034603689
0.796183601407885
1.1453066516201809
1.5168491173331198
0.4687144534441179
1.1814084772725013
0.8234525041772226
1.0988602419528055
1.43831075324343
0.2743359808282176
1.2216059071631482
1.5138928377668706
0.3413842972098948
1.3473420145095467
1.6788225811894737
0.46742880659128416
0.7198367966198522
2.326770276530363
0.07221515208886176
0.9076101500811816
2.2746063576631963
0.2622820707540857
0.6128300799162045
1.4407653297692775
1.5641909938952328
0.40637299790448317
1.511400493880662
0.5304149151429663
0.8638535881600463
0.5514179440265743
1.6377401523160242
0.4658384097369804
1.7835111049367192
0.8735949576808045
0.3267790210709842
1.3451411588462947
0.8390101360757296
1.4318585685419878
0.5598179119837041
1.033153936351407
1.2822767592318982
0.38629505940565917
1.6248332288974605
0.912105837493185
1.1740925083962772
0.7568817885991825
0.6648849704915019
0.6015533951811817
1.8971860952403468
0.8968341861791487
0.8545538283740857
1.163168872908053
0.929746397119723
0.563186911985057
1.1204398897679486
0.27705098014001145
2.6078213926629474
0.40194532971894076
0.5349100558556544
1.5601836004485763
0.16501215890843232
1.9211888252645164
0.7718796804290001
0.7643833988962525
1.5933401909899192
0.9017017389472399
0.1940247752207051
1.157991478646517
1.6632609772897962
0.4249540816602129
1.242147353103046
1.1950463930367814
1.3106915897014617
0.14669150218737734
1.5434323698635921
0.6504263066415762
0.9383414968070731
1.5061781209891507
0.9650840458000779
0.6639704881161828
1.0025516501184801
0.8831992242240266
1.6020881133810416
0.8415820820504587
0.5297235188545325
0.8116202075118134
1.7845667891483163
1.4103232396370882
0.21323287653292725
0.9400061433754762
0.921852567554271
1.50469375050257
0.9832036320975378
0.5288036853836285
1.4285608889152421
1.1566879835289288
0.924328796596267
0.5691233930105697
1.1572126404937086
0.6956523338115161
1.2341324378389018
1.159959188226462
1.0125304429757878
0.7975075209829209
1.2860562115684455
0.689194491680825
1.0779461962161723
1.550138272844064
0.723011683949268
0.4074372492945048
1.6572605677771355
0.5109501875216272
1.0688522416930408
0.8460442482654217
1.9468915603991563
0.3490240354183085
0.49108876926770845
2.1412021441708697
0.959409708990573
0.4428274896875046
1.6512600878655914
0.29241736127737955
1.1548983293011157
1.618638716918514
0.9563024155273597
0.8906876146513312
0.48870217972625035
0.8296298874299942
1.0895384721054806
1.3684372821295887
1.3148184720681293
0.49111026858437
0.9116606482070978
0.5483596077373499
1.8220351167478723
1.0064436444251978
0.7374567132371408
0.7021186352084982
1.0724115579845819
1.3329565345958143
1.1753152605800035
0.8250644462676743
0.6698214356513065
0.9754631666504082
0.8191576700833995
0.9388118863561821
1.3768444191098066
1.4960491460026764
0.5415698231580174
1.0004757527293
0.20493860745718226
1.2575242669750188
1.019406917831152
1.6081632668098063
0.7680565968670415
0.39163394421603853
0.6489015741352832
1.9822026407154505
1.2120618734734185
0.7411283648684484
0.541062501732777
0.8587741932604559
1.5607275573028714
0.550494376491708
1.6914608690718904
0.5369641463697997
0.44897330407290903
1.7360720550328888
1.56734493901441
0.5275096666216389
0.4894575690780307
2.0702945608153405
0.4932670678106806
1.0586573689880143
0.5263064852996661
0.8841371561390141
1.263608322268228
1.381355837847007
0.921514770570637
1.188011313305848
0.41386756952211545
0.5237713521206429
1.1932768498859179
1.633625795003342
1.137133381975528
0.412161202689545
0.9323585131555805
1.8189649592267219
0.4340800630618363
0.9412977675830151
0.9383305277131921
1.2830662455869624
1.4263902256549523
0.571311550388148
0.528982144015924
1.4932550884866305
1.6539746179374302
0.6761954843763345
0.5623923357852235
0.7270762955216361
0.32885791250091745
2.240369468581016
1.3085505399857784
0.3574374458144175
1.1568639912960033
0.5252600214056757
1.368649533524139
0.9577660849113109
1.4343566150825056
0.4237439264050044
0.526041558347776
2.2748696365942154
0.6443901495386357
0.8362622667289699
1.0482793473067136
0.5540403249999232
1.7380177324610713
1.2127273976307198
0.44503908011296744
0.7560973555033677
1.169707108243698
1.3181905817839938
0.987983978847629
1.1127373788925015
0.7705375960333687
0.45624685495880235
1.5604326104388258
1.4186404262079402
0.8654546202118699
0.4552657235215963
0.6975864653094784
2.3627360678269884
0.75074766228922
0.42252255182856197
1.0974910981330328
1.5517531131323687
0.5381311663624707
0.7885542578060348
1.4907846825923339
1.8378506542217616
0.05381762673432723
0.6372187725062933
2.9988612942977966
0.26373410089055843
0.3844887577491915
2.0715945200207124
1.7228491518243216
0.15530782068837637
0.7310468551881235
2.278826793749563
0.43931549530954167
0.5278188149447985
1.3226247826999329
0.75872890163141
2.1125444500371877
0.4789246527335427
0.37564082892085654
1.5036731728804806
0.6901587289844114
1.6235877392147073
0.7621275912860941
0.5988530720884765
1.3174736724268994
0.5394058545395582
1.3749294921773
0.8284501823907175
0.8458594768751719
1.705525002062906
1.0707887273142793
0.5181837183356323
0.9615917993942069
0.5920649908586876
0.9330270376073586
1.9435044426826842
0.5056226767647343
0.9346588506498156
1.5952766042213886
0.580799616546381
0.7283978490815679
0.971285422679807
1.4865989340590946
0.5943996892399239
1.1499735108861817
1.1323024281497165
1.0649902981020998
0.9238237900204332
1.4362688488232902
0.1853110692977898
0.6270576860154922
1.9843794072264698
1.5429449014523777
0.45010297777351743
0.2610637534752659
1.375279731147945
1.2987299427719396
1.1445918968626816
0.8624738416579212
0.6954304292441436
1.3485693589671932
1.2208174813466934
0.9388999259713207
0.6336159117542435
0.6880042175026748
1.6734069017988609
0.49454138228138395
1.240525378014225
1.0872212778713393
1.005858238888193
0.4457308614461137
1.6089890316847644
1.1435868779045186
0.6700720271587182
1.0882649045701567
1.4082739048339192
0.16082204089357202
1.5675123291159845
0.7231715547110965
0.9032676325507648
1.4068467861118747
0.48276592582435746
1.3129679515480135
1.8172432463863553
0.4881828683669474
0.4815576898403723
1.194261947401039
1.1391061766269548
1.3326901574720738
1.099230628931983
0.2526035130102863
0.9052055022182826
1.7016668256891454
1.1315530818703519
0.43470416616861823
1.3483053132905167
0.7408087434632273
1.4100590398753068
1.2918554847743344
0.41641751542265343
0.8077678426218219
1.3647341434382387
0.6877218853745924
1.008231632452356
1.7189919790171182
0.7316646158535425
0.5693934764401692
1.7769530591202467
0.07832117534655364
1.6328234545164717
1.2335442370371132
0.544264367070596
1.2504937234471658
0.1258915000339729
1.0290989872921599
1.631003119627079
1.2344193155749312
0.7653533126633296
0.873365179650179
1.027863716417838
0.5118896032061281
1.401099290202776
1.1676428179189722
1.4093785505420822
0.41527433510954986
0.3828085063422756
1.7067084680343914
0.7965811011888085
0.8739975850726621
1.1536737533399524
1.6152744908253887
0.5796683614719657
0.9086055669281208
0.6550848211555482
1.0607002911614656
1.2916379111866563
0.44543073215916074
1.9374121770158883
0.3860057497545222
1.1702964456738225
0.6328008984184718
0.7269808311957743
1.1612717662525143
1.90566183791555
0.5029023661210952
0.5673335558970062
1.6486636422946181
0.8438272314751674
0.985324597157546
0.8110542464402987
1.2056070128401142
0.39566400768989446
1.8526431846987432
0.691724646295372
0.6057119754938338
1.4079216103995515
0.8441414504956102
1.2450189715322666
0.7413244145713084
1.0589248359371748
1.4851795507535126
0.686753663968372
0.7655221734724191
0.499910170161659
2.104560581355078
0.5012283347908982
1.1000807316258414
0.5611191951234313
0.8039422961737405
1.4362140181539425
1.2481268985857403
0.7892681188183966
1.036100583382479
1.3492354807671167
0.0767992013837575
1.2739605168986183
1.9879804187919703
0.8501747055678704
0.159967140596867
1.5418479480933636
1.969998412929068
0.32931240633058634
0.6029030404946802
0.9541252541884505
1.3362199977710552
1.6057416481797997
0.6262752725080033
0.9237308254592074
0.46127845980070276
0.6450542181381114
1.2598895215763293
1.1807005483820827
1.2636632783381152
0.86010795071441
1.0322933741358749
0.4226353733919933
1.2896399981421214
1.281288624885313
1.1968163266981762
0.5977765323560715
0.3349035005403409
2.1357546229566418
1.1513408868095223
0.34261906578401485
0.6689113298053031
2.5851470677751203
0.6255393658143397
0.34322590546890647
1.8948285696431375
1.6523277639772949
0.16625409355284068
0.6950463399104533
1.1560521843034057
0.7172015411972376
1.4661371332122668
1.5660967975492133
0.5809740245196481
0.27035177487278844
2.1021797609880215
0.3029189614361812
0.9972281846939027
2.4466244649015185
0.16529356027991002
0.8219713497350306
1.023944289249234
1.0656527384926837
0.264323718282352
1.7201958231257772
0.6327875089711091
1.1572540879527613
0.7548577022219155
1.5789108936510154
0.5032957114904066
1.2796061223793074
1.6478181196919743
0.1139268783144783
0.6011325811252671
1.2016017578736753
0.5031178897602417
2.079330139732187
0.4830669144696793
0.7396406508574777
2.0054966530485054
0.3107492628463606
1.0427308468804295
1.7975816085335636
0.6083273160751843
0.8579305635837338
0.8950189356870137
0.40476457005681143
2.5690052622868094
0.17973676651553183
0.6876135882684964
2.051089062301908
0.8011252850839671
0.6156353917655857
1.104142969699485
1.3126353852832937
0.9421228099564939
0.628910191529611
0.9476290496930859
2.11459570991538
0.2899692605790608
0.808467757524778
1.3894356676431063
0.35082302968860685
1.6793084364838793
0.5237298011349791
1.2307467626014945
1.2214751750219275
0.7578444510988724
1.3596173818174868
0.8931501078583403
0.36810846090590277
1.1255956434020453
1.541836969187273
0.8828373016818725
0.5196963967777929
1.5827071357722466
0.5144447381064817
1.2407353921616213
1.2551051982933843
0.8759214086739877
1.2917896933286557
0.2007498264548172
1.3302850233760886
1.1883503229333816
0.9351153394833741
0.6502505850995577
0.6791417743711351
2.6516309354755845
0.46771088466887417
0.4554109178311248
0.5998590243043203
1.249781349637362
1.339712635780597
0.5348384613358388
1.4019772733037754
0.828759093265626
1.0100490487558305
1.3912073949821366
0.3741278583646025
1.3438385638463741
0.6183621114567172
1.140837660113084
1.337780971103438
0.7882307909210242
0.807903781472568
2.2252213163522603
0.41692713972586354
0.14164157669994057
0.9702664702182225
1.9583956985060347
1.054625067236862
0.7405122932662656
0.41524334651623984
1.3433658139913163
1.2735457868016653
1.3180567001357397
0.3801597948438784
0.9535876204676539
1.5130113961473486
0.8764026199754299
0.8203862539606593
0.8567327312509244
1.9034518419410948
0.15922445599124072
0.817852338041899
1.3437910905059243
1.4744715670085815
0.3951871954960291
1.3767765337662827
0.9985771821427357
1.0345635466754333
1.0305818608816502
0.2229316142137511
1.2386503299823588
1.4537897922382854
1.1189710387361949
0.29549380888364885
1.9711800951400527
0.6336171574480661
0.583643426957293
0.6959925583872517
1.8411165697822252
0.8278169621909653
1.1004883789648097
0.3982825024540585
1.4761330139886388
0.7728570229584273
0.5469983235786718
1.7635443269044635
1.6442815537426432
0.27029787520715254
0.6052456999043971
1.9533682270450572
0.8981681378313497
0.6008409182927168
1.643482962879232
0.1977377058530595
0.9777082693622351
1.4808691976790334
1.0190713024673208
1.0062441093651813
1.0862531847725683
0.2713582579645018
1.3454754987824702
1.9448421751062275
0.7965612503872495
0.4219560644939527
0.8133468917576984
1.6426464722210739
0.9597158971971209
0.6731573461445843
0.9773516384222773
1.1098792107817668
0.783096777982914
1.147897491005486
0.8572876749592621
1.0243475973381873
1.0888770520559312
1.3004152274425829
0.784560296274984
0.7969060193096225
1.0657641310191275
1.0620962173642443
1.1408643548769142
0.9045946405054709
1.1024894542156165
1.5967276069257237
0.25412471212516446
0.2724661655191955
1.8637481765148105
1.3469281062174523
0.8156273735500592
0.6966046201541473
0.825355797736165
1.64003222334267
1.0834101551195225
0.6151843524248564
0.5594376063592311
1.3894714078257688
2.1506540710894306
0.4008344104906264
0.1982479695041999
2.001880764798909
0.5887033848244628
0.8833864741331634
0.8403529146310847
1.9923679492839588
0.9478284696210698
0.3350880023956546
0.5770990005395976
1.2441222819065834
1.3818691877220906
1.1666836919215722
0.1731933832125884
1.8067889003926407
1.1270592899916898
0.5550695478206542
1.0500615515279665
1.7078578104603552
0.07913740414736528
1.1956356288740888
0.6809708111900392
1.239959026464104
1.0442749734258958
1.2991188647526202
0.8857663902003214
0.9759459985794862
0.9887052605233736
0.7719036843579237
0.16913918607154224
2.42909909122256
0.22167950356983318
0.7521140544525755
1.1766332554147743
2.039228689447802
0.8348681731471177
0.24267272087532774
0.4578044436849685
0.6487724797354851
1.0201526900475992
1.7319335333613488
0.705593547849328
0.9789158175422493
1.2282395107291093
0.985588256070671
1.161188474078314
0.819524332763018
0.6543228830465041
0.22892294357039122
1.8779495551356709
0.9901588667099378
1.0673079583529732
0.37892760570003203
1.91737801594099
0.40487720870838007
0.5737789573393395
2.305923500975479
0.6876572739756134
0.7353424012033731
0.15226394502043483
2.0291349260123837
1.0026353337907976
1.1820129326428324
0.3729592400231508
0.5387275434388638
1.407639546566179
1.2690260632861918
1.2301013955684026
0.4837095842135427
1.4211115619421832
0.060999034935324666
1.5548963838077028
0.7628604537328043
0.9504095986879905
0.4735442581215922
1.6543959093773137
0.6706023081875631
1.4859092248555532
0.6422459694785307
0.5959604789800942
2.224993407217927
0.8512716753890185
0.09078171765218492
1.6171068003035316
2.306660906209937
0.12750114777290666
0.44028395953242583
1.7818573615046007
1.0990466685852167
1.1704471677229065
0.9708662628425329
0.17506217678425123
1.0068015891960673
1.0550070859704028
1.6087456447397062
0.971622732857433
0.6128152224518114
1.088301582097805
1.3990393931751215
1.040819392267548
0.19174836104480988
1.4849088238549761
0.9571735792425152
0.6166906691022715
1.0873013411462165
1.26505555403564
1.508930711605374
0.44956575600066184
0.8015194095309502
1.7295206864059716
0.3098069819528115
1.3992967342883103
0.2062547992978573
2.0172612457116266
0.853716303731916
0.3789139429895364
0.8836831555443808
1.288496269513214
1.3544299342702453
0.8228049145471193
0.7328765906282172
1.6033394077249068
0.3052008865529095
0.7928511531907431
2.3246045613014594
0.12238878834476952
1.3928434599029882
0.543506359144214
1.4226675552075294
0.4071259069893553
0.9737205636282668
2.076555667871812
0.2328103319238769
0.7735126333539014
1.2151403403313643
0.9361153229660162
1.7819670148540643
0.7191355120034832
0.0970949817395599
2.0566730501226598
0.2194409765401565
1.4118556090456442
1.6358164738729666
0.2588745869716655
1.3860335499641856
0.2180243278340669
2.0982196573735696
0.31131839047514326
0.4020495653096832
1.8917397795309778
0.6121338313851216
0.8983165245391352
1.7058283410689659
0.8358217481604401
0.46465298385924175
2.0598799069308975
0.31622136535042356
0.8616991735503537
1.192270976920654
0.8880208519558602
0.82921231465696
1.2694168036443256
1.3610055533507084
0.8411897773660926
0.6108425863412124
1.7937020680350593
0.4917020730041534
0.9834896638956135
0.8181967495779994
0.5906352590321692
1.5323123618289283
1.4809842742740482
0.1180657411615406
1.2154209265360292
0.8070867653815188
1.8070941634990214
0.4784332773233778
1.123494973101682
0.11056779462376207
1.2690376198418938
2.397523974424686
0.6201301835782607
0.11155891820593464
1.5166161904222606
1.1739116934659606
1.5700111372078172
0.19450972025179575
0.4398060045368251
2.744190051825626
0.5565663732130295
0.37543950023145584
1.3042587291828318
0.9074170019122326
1.5730326752509105
0.9492355501569396
0.4016110968509245
1.013254711934455
1.7508518221135656
0.7310718426081755
0.991329864974049
0.7826187496057582
1.412911162443503
1.1838912322209367
0.36146075078732065
1.1216292614129972
1.7828079014578175
0.5646783383790442
0.30468481054713586
1.6206851217800833
0.23222436186357462
2.1041356791029533
0.33254475560577856
0.8212377204889559
1.124352259218044
1.2637695973548941
0.8815691646172308
1.5106806640230095
0.2249478798598653
0.7476158190523274
2.475602088210055
0.6561618427522372
0.5183108519227221
0.5695008671073912
2.1609282640706557
0.2888908807554694
0.9822714076781711
1.4728029034160415
0.8456118994671336
0.7381210522190329
0.49847931526334466
1.9026990615015278
0.7788691431427325
1.2527433384913687
0.43414617243582676
0.7317163271198899
1.8594287851574174
1.0110489447750477
0.5012834926539314
2.079017973354548
0.2798230298250466
0.4137878048386882
2.014982253713148
0.7058504697782287
0.6470174738047206
1.322591653416871
1.519957989887853
0.4541367882608874
0.8052216776338902
1.8809155410563725
0.9332105769489902
0.6212599282331958
1.3004871976919377
1.1411010000947253
0.2728688605959555
1.4103737148663833
1.375950650435705
0.06509418240198722
2.4248331441837694
0.25398234609743375
0.9865384172652434
1.0679894340888985
0.284613369427925
0.7615431996079505
0.9844320068663738
1.6877383244562079
1.3154590748832125
0.4126461556789877
0.628055305867038
2.587607817219551
0.10075487374193921
0.9062419321025312
1.213740214797604
1.1213174727632345
0.3833179423612499
2.018393585430649
0.8298106912588075
0.3497299674278307
0.29521829317942616
2.9466235568795067
0.4286408968577067
0.5312060307838604
1.774031510313367
0.9458162453871022
0.723439076040015
0.9835473945763962
0.7815376449071397
1.7517168849454785
0.7227502416549906
0.750986412465178
2.089997436978749
0.3234342398314038
0.34227103716721313
0.9224690042382157
0.7293541022341339
1.1363934101309021
2.537552991974871
0.3895074008250583
0.009765839139888394
1.015184777865396
2.490639681584908
0.8193285435284533
0.564590403767878
0.48789887728008396
1.3762600957703837
1.518069654983315
0.7717961793626886
0.41687752413608764
2.1919100096707194
0.5491018974158507
0.7301154711304059
1.6768573752811218
0.37504931491770377
0.34431060963922616
2.2602857933373537
1.1565346093484954
0.7670305378732131
0.5285162373249405
0.7074723987847937
2.9536679897148685
0.2556163130396292
0.09000428005709987
2.977235753398607
0.7915493281689585
0.1387688406407344
2.626952108002192
0.924211880381084
0.11519392553582616
0.6256563452599431
2.7085348247287047
0.9918033101005335
0.29500311044386246
0.382326700964299
2.4155965810082147
0.26678059043995345
1.4922337467970805
0.6327235275858006
0.8201081633370202
0.03719318994563386
2.4811700432452266
0.3123446950452817
0.9949611245686848
0.47700741722636014
1.949705488501296
0.7404219433837558
0.26174793297040366
1.4524330470837077
0.8719961724928023
1.6420225242927047
0.1564143091265437
1.5376705438372131
0.6814174978159899
1.140911038235308
0.06700742806706392
1.9630513442533981
0.38865457881769067
0.7631627187733105
1.1599265161700958
2.19555788690621
0.36556875463800154
0.12099718382228643
2.303391746601042
0.6804098951529125
1.1203276829975575
0.9903493983765984
0.6245535058663392
0.7016240908813209
2.4404270945536926
0.026144037299604083
1.0635844044813314
2.2133738871436925
0.16184651707044706
0.964776013611335
0.652835520265076
0.6569261749471902
1.4592613806434627
1.7547637692126294
0.7770941451724568
0.48520344936184706
0.23953040189235522
1.8238415132646035
1.1189598867928205
0.6153719305509713
1.96378428115132
0.6547936072049835
0.24642009214270869
2.577354756083697
0.33504006853937285
0.637669299910573
0.3550145553157904
0.635815102197211
2.8871287984150293
1.0414861582665327
0.10272601238524116
0.4058472322170705
0.20254811898770683
1.6784525489328985
1.4939527420111234
1.4260430714105659
0.3359963658884714
0.19229196029271742
1.4044359804803346
1.5705548889008671
0.6390313664331693
0.7125253807292734
1.5611540619245705
0.6391427441337739
1.2500084866993486
0.1660127999601549
2.2677394009967715
0.12226497983211303
1.002193035269063
0.09361237467706039
2.831998582344203
0.12528701878591048
0.25742336518653125
2.075486638690119
1.212312525373402
0.08195836856795864
2.0676589036247366
1.3729858269027708
0.6052817811568332
0.6608110261367802
0.5057076495918749
0.6928716453332633
1.593259645832307
1.8061501385781504
0.4288382327319011
0.5237463540934626
1.7135995295867117
1.1692806855197406
0.10495686030411108
1.8723989351714643
0.9441038352461558
1.069146378248908
0.7258675895535606
0.060664714411419414
2.674407774391413
0.7491627600491965
0.6669926735652524
0.07182666752091704
2.158786755175554
0.8575280684111994
0.6965865259181471
1.8937504312359585
0.1898582917715868
1.5329681402440587
0.5747988348024816
0.06608279495960151
2.018786446621753
2.1577876829525517
0.08427279661686038
0.3617758278323911
3.5021554511826793
0.5815438703090285
0.2017790541428913
1.3848405353657303
0.9748582455740586
1.5151072622093706
0.5717377589021296
0.059312854437562755
3.583723242593207
0.2219110981271266
0.10380414669824095
3.0175401599267424
0.6331675320256054
0.9173029012427645
0.3563637645612194
0.548635717291088
0.3103257253968376
2.1208426274949086
0.9926248587391561
0.8029821803432338
1.1760141378805509
1.1308947490742758
0.35121543256796334
1.639678816249964
1.2868772659162255
0.8828251924960685
0.06621399038584719
0.38211528435751063
2.96707992411555
0.9314146853762056
0.3456337961656113
0.8287622653965092
1.40816902055073
1.6499783071044893
0.6254463107514254
0.47328530057012125
1.2816690456933473
0.7231530572845701
0.9022138386783203
1.5631796200103116
0.5792069626176868
1.1190148271330524
0.1438713306073731
2.5432575917977
0.5232030327624351
0.8243734188242581
0.4924867630277178
0.12517473570337032
1.3075767483418776
1.8627123247700472
0.9047762156637345
0.10820750967431815
1.7958549756894195
1.6929914323427524
0.8181631384605896
0.2747403702514968
1.0742668635404848
1.7106405408992322
0.004938136150033498
0.9538906417979062
2.335158509962253
0.7739814480442704
0.8740183931536327
0.5323965336607929
1.455329028982363
0.4935846294604401
0.7845820832020219
0.729802265484426
0.6024722084466742
0.7343517545633432
3.303171214062324
0.24996788255933938
0.013781549869944391
2.0261329468214724
1.2263212171265696
0.2591845862464895
1.2735425750873999
1.5224932633607213
0.5416398864816612
0.6850577724003356
2.9370032446961782
0.10133674033175089
0.5728956807077741
1.0933027147927044
0.9679138338742332
0.2976623143460906
1.1353632221014223
2.0403413498309053
0.24040347046022034
1.821038411566704
0.4177402716810657
0.5701757774081436
0.9238531805549749
0.9107747904762731
0.29586419094588884
1.114577095880357
1.9183447857258369
1.0447715833805837
0.8286974358313551
0.5803088976062238
0.9054414755654202
0.6746934649268017
0.3636042955681342
2.8409423740618758
0.23956513609835828
0.4261691598743404
2.8290117266273365
0.7682511479277268
0.5269092965215764
0.796997217810481
0.2475438781580528
0.9642321538481822
2.8936715181283916
0.23504105964103977
0.594372020890889
1.7170855230533255
0.819939069813039
1.105769129801691
0.7811430021220529
0.09617691770101931
1.3130667268241847
1.2023006969036267
1.4612069202547122
1.3020868440382185
0.11094791287343818
0.9711481970689366
0.8927272856894272
0.7340309069374483
1.5396134049303436
0.9919031697358401
0.23706557622384977
2.5652930056916294
0.2784836119220048
0.8204386644567627
1.2622866002189872
0.6506996666101544
0.19601491698481022
2.947993868081413
0.3417352790064849
0.6547783736980632
1.4484882841237596
0.9596379354730031
0.8888189322496195
1.5430143321684455
0.5816207676458545
0.4545369547195103
0.07693802670983031
2.9339323491123004
1.499448704220362
0.07131492355698013
0.47068196919257266
0.6045677178393991
1.2675408416554852
2.357424601196351
0.26675204182455947
0.4488653845624166
1.6914261738157148
1.257973505736975
0.8654611774878606
0.7322959655505072
1.2513858063532934
0.14891708895128092
1.8521042993444967
1.4507967264968522
0.5966749979769295
0.6100864546627829
0.7120336595393201
1.849651270728835
1.0208125393000465
0.15161028911816676
1.9876580393661665
0.9355546629035995
0.8706592593194484
0.9632069473697353
0.7197966556313911
0.6215938001732413
2.394126721278696
0.01929209600554719
0.9745981393936121
0.9482848776518079
1.5243572118735138
0.9900899456919624
0.4036310614298394
1.264523825143936
0.19983197595685984
2.192525098234492
0.20175436952854872
1.7707652742172006
0.0374123111263299
0.09191981732105675
1.8932550222006592
2.727125360687574
0.05167687241851649
0.23262609813380114
0.4399535795945103
2.466835905319349
1.3630168102335571
0.2199591069176226
0.7917522778782201
0.7168275366070832
2.3772441805588302
0.3257855194826237
0.9145024564428865
1.168556110340036
0.23616896147815405
1.4764592291669927
2.2642241009245625
0.35147507023323604
0.03489950829639292
2.5197389284569276
1.8836756454254335
0.14791436685920425
0.19535616128074795
1.9173719349709952
2.2065592707919524
0.003335054973909338
0.9501432726731049
0.014939684724333735
1.8530530080520524
0.4409068550860613
1.3114796229267058
1.3235224110256767
0.8380726101206236
0.17324984936638033
1.9434848723874765
1.9603155476119198
0.23671830795093166
0.14100179766264667
2.2002288435668675
1.560931578104349
0.3501587143415243
0.9833911295618586
1.4459330089847422
0.4259987559816745
1.5388654949209055
0.5346439309376051
1.256967595659382
0.40889984887117814
1.4282783665740177
1.4871898651769802
0.7576415511601433
0.1451844679677015
2.1267513244032847
1.0333643009234132
0.5280690269342387
1.345266911990484
1.1543775858620355
0.3506185487067032
1.767109085394025
0.13270181235147252
1.4938051102240704
0.5559537452753948
1.0068165565670646
2.026632424667126
0.13971703003663646
1.41024460355574
0.9270586265526061
0.5606924936807535
0.7684982791641445
1.9817645762520213
0.983247243529437
0.168494939048766
1.6394915558522527
0.7002964742968948
1.2784723231287336
0.7290331823895185
0.7250602945579139
2.296069479028603
0.1468518125646688
1.0718815251875091
1.8588547829740838
0.09082803173689541
0.6475148263943749
2.9132558579628367
0.622746080570956
0.019661579521988166
2.234573623155898
1.0552194999937738
0.7397733196358924
0.4418304603741104
2.661338789756826
0.15604390067837812
0.5272420032581997
2.7712583317690296
0.343523795952572
0.10195018977796953
3.590651434139668
0.27973411293398365
0.17121627389545868
2.3719317620439972
0.8435603094256505
1.0163018519315998
0.16114672964088353
2.118316076697284
1.4776992660207613
0.09232248145735926
0.08666681030502787
1.9059037859483443
0.4950186230968358
2.3241190900178132
0.06208049621376819
0.27323923705175884
2.5355253224854746
0.6471811712378821
1.2079214067412853
0.14996091267205747
1.320279789193323
1.7694794323194123
0.6559872061857472
0.1406311529791277
1.3555801689790226
1.053717175158
1.9821050069990898
0.34648038085462857
0.12163261141183575
2.4288937547142244
0.47716556600929194
1.3838919458523162
0.21378409483909722
1.3574474057892543
1.684011938816825
0.07198313329693949
0.84988176540502
1.6115154865942023
1.6348554952235783
0.5418015693091548
0.04538788673288515
2.9325171166203154
0.43251856865038707
0.7818138842839116
0.6786269982799984
0.8296324687310735
0.8878792259184872
2.4894575717826735
0.012188282600164763
0.43103865034062405
2.100908335460611
0.8231966019589687
0.759657375414797
2.5349433400047685
0.08770251061629554
0.20272021471385557
0.824151634185706
1.7224825938807025
0.08804860049275903
2.852057846262442
0.05920213969767941
0.045748682100640745
2.5340329219041022
0.7447483431199174
0.9483353099797704
1.5720108626316167
0.995782200647239
0.2532265109069341
0.2979922193914205
1.5352570678328874
0.8063648284097275
1.4210882345697122
0.28208294044527
1.7537872680766535
0.6427196256731332
1.5192933800764221
0.4046888337064075
0.15961411771932424
1.8747831517282811
1.6364501169024093
0.1779867227309591
0.8636090018735721
1.4758620378744636
1.1141727668951864
0.5478852938661418
2.0565006772274685
0.5267253877725392
0.7892393521592548
0.48305341552699343
0.8998301577420188
0.6786346176095459
1.7421883252288948
0.3027480274530765
1.5075005270690738
0.8587435407441383
0.800929711924637
2.33113947896608
0.12074620116740692
0.37580132632227564
0.22655384275176293
1.7244498283243725
0.3280797757289587
1.7094195999089297
0.08898855466737807
1.7060739003631271
0.7568611626382725
1.1448652510210366
1.2243570254634806
0.46806077085566256
0.6372619525519815
1.026946390366895
1.0667142969004006
0.9950009088494294
1.2835973677904433
0.4218493403842442
1.8374540107592687
0.5872766701875176
1.3896601204201315
0.2840874011054886
0.21091975256550893
1.2894827623437382
1.6370862636628716
0.44681356499848146
1.4078678367959785
0.8965148261009694
0.6823053069923457
2.57358705056276
0.030518281173404438
0.40181032534984784
1.6837723634916737
0.04990865538725316
1.9034011674366684
0.02240038656178648
1.6913950702953917
0.771667059919638
0.9927419803084426
1.594473532362175
0.7159252178058667
0.1981103923968475
0.8218563486187963
1.3068003026427262
0.9017281212374102
1.230050352554653
0.29202043083734325
2.1953424440973577
1.4554210560176122
0.07061734659420275
0.18635057323404638
1.3463912496693484
1.5445663156531493
0.5181648982885197
1.4012062747128533
0.8992101271911169
0.6425110248382749
2.5361065402932335
0.21429110324347675
0.3098226271647369
1.6076033639732692
0.006590556345776888
1.669195715865513
0.040744341954408375
1.9326270097209253
0.9639562627310644
1.0960554897861614
0.8289364734610821
0.021231016477937136
0.746790753238635
1.3830634990312447
0.9468841847359801
1.1961554680449729
0.2969969663539621
2.1894061920490024
1.4715221145072288
0.07849229543503208
0.21497416998628346
1.2513910848475238
1.2322589379922257
0.4370351974638103
1.6999082163722326
0.6222356055140245
1.934493573509245
0.20256821194306598
0.27636381348603634
1.6065988318395914
0.1451425760778644
1.6258986150392896
0.0007388020211766491
1.980643158964335
1.040076496801612
0.9891399431289992
0.8278411683983424
0.03261164409079963
0.5648217463002971
1.145139609504091
1.707512635099057
0.31057537514986744
1.8752267283147341
1.3620982375372013
0.21832969493472684
0.10500721122369423
1.166509599802292
1.3624772545032413
0.3510555608599891
1.6991162290543373
0.7233664919835618
1.9102727696668815
0.014192261216775469
0.20747210084334108
1.6514970188768134
1.64211498128397
0.07635073564872497
1.9319218876029163
1.1888978929236564
0.7406652781415834
0.7709200106585946
0.13397219290759707
0.7759897464925362
0.9195259268360323
1.7012326888366565
0.41492672252677987
1.8656217477230372
0.9941758845659057
0.11437769919814185
1.0905092481944068
1.4638447023825965
0.2038037049013204
1.7702014857175004
0.8563821514862598
1.6036925554355776
0.34260592616212043
0.005013165597657893
1.5903867874935202
1.7041759480442074
0.17572686394825554
1.791801548274828
1.6664776768811846
0.34615261135585446
0.329914240750372
1.0307213337922916
0.6311449692462412
1.6991714010877004
0.5769030379471007
1.8525757489204586
0.6630810469723957
0.061560163577977736
1.3855718484235655
1.6499683954136117
0.029868465616938195
1.7748132178860576
2.094998956321767
0.29972325896757496
0.26778923400333765
1.140667709363125
1.7009744826528121
0.3326803629083808
1.7887505963300836
1.3379920419125308
0.22523273518335798
0.6902928427512043
1.3185694832568475
0.24710265857248823
1.673875567479203
2.497434931565273
0.07112292371305615
0.12847157435172996
1.57942275573972
1.656236825873794
0.13006824987590787
1.729434368608943
1.6591313597872666
0.4244750648581536
0.5963940089296442
0.49914209107129887
1.5052855374148504
2.141166680536714
0.6107587202968808
0.06522179203953885
1.1795153058805823
1.6141080934366403
0.06012349587113989
1.7428428457392562
2.260633822556189
0.24704947609549244
0.1651140378831119
0.8185404619949919
1.3772861797103728
1.7234304861705774
0.870199827470834
0.5489231223299638
0.9866244372947475
0.25522826063250303
1.6500325620043754
2.4756353716103834
0.1388853259075008
0.10310757128786083
0.9056417987873806
1.2353687046570065
1.6197741358271092
1.273845161068389
0.40083389125899527
0.5934378837388622
0.4921799923942862
1.5039428540378064
1.9197326944641415
0.4820294987887846
0.508912826644762
1.0317465907250922
1.5572614686565136
1.7022885417568747
0.266905789127682
0.21428101807999841
0.7714819633309542
1.393612976018792
1.7547416720927365
0.7753075910258495
0.42126142530458005
0.8850207682870914
1.4939256779476981
1.8258298161846744
0.10618266690463349
0.6237770605785354
1.2598922760426794
1.6435421104517984
1.0575446048762291
0.3409588674943119
0.8122911327783455
1.430308133831404
1.780415157688301
0.35724352356903305
0.5500159718695807
1.0461091101666382
1.3613126603946313
1.2787294560666138
0.5802601363051887
1.0644327976831076
1.7338298086726491
0.5955604217968372
0.4841313251518795
0.9400112644210312
1.329455232860111
1.4370898865067403
0.5370437666773877
0.910608756540068
1.4122303627497415
0.9874562950542844
0.6562928907161278
1.1238192188942897
1.585393867334597
0.4993650001282566
0.8487884235516173
1.3855130886214293
1.1145564199936202
0.5592886821585213
0.9027950541305951
1.7839142106613914
0.6654958300952071
0.9932142586552312
1.2307009640877047
0.5254902235430018
0.8614342688377776
1.8632688187641195
0.5778177032022773
0.8232404385351961
1.3583146623800428
0.6900192720078708
1.5742713090948675
0.5570608855264367
0.7988655295383824
1.257695882225329
0.579156040594278
1.6673168034067427
0.6861567306172641
0.9987955927492251
0.567094761680003
1.51619207733744
0.4879657694749704
1.3229144115601312
1.37045292034435
0.375646628843747
1.049008267806061
