0.5467354845333495
0.5721096763492487
1.915966672874484
0.7398086144338951
0.7273383575416478
0.9708050861876899
1.3195771082979937
0.8683488171022598
0.9050184967457893
1.166761618920273
1.2162468414095027
0.4350480590979081
1.0618530192749571
1.1177122272074451
1.1569319597620913
1.2752762883663693
0.612674071610433
1.0150360411997195
0.3535728634730592
1.224233167680885
1.3592881024126942
1.2762488944828034
0.6633279894392528
0.9743951005929172
0.5734476745517737
1.5190126055367776
0.1310768038130567
1.4358527832341192
1.623342375089807
0.7093805764068479
0.9203127788126598
0.633753966181082
1.470865348208468
0.24368539575274822
1.6680264669110174
0.1196501126090609
1.5655548771957626
1.0545196780248045
0.8904735747855314
0.6876388397587934
1.4252417571433165
0.2983890001089021
1.6678698197043136
0.08843203238307211
1.9366805373147145
0.5071808605014304
0.6690756267297103
1.2296953161958273
0.8066518992448057
1.3836121550116434
0.3479302312632111
1.6675324708980384
0.04638816682609958
1.963968505719796
0.4683424195792134
0.7232631330799261
1.815412144184585
0.9123346402861178
0.007093465760792068
1.6533522843934458
0.4649402742467304
1.6683392332436726
0.008969947643141019
1.9958856198488815
0.4325374127648541
0.7584321882179555
1.7915855316356715
0.8818056549622865
0.059838091160547544
2.260753658626842
0.5020788560249425
0.8597826448520526
1.454771981415311
0.025463638731593612
2.3131248436558156
0.3985956734349926
0.7630616378831434
1.8293508547292632
0.8488688447069817
0.09754299120162357
2.262242800825021
0.5243586613823864
0.808967396793181
1.7573841025134038
0.05674606406227745
1.7762508446225176
1.1789889653454633
0.3738364666041973
0.994318105547913
1.9493806251675438
0.820606578996724
0.09863469484187527
2.2985661775733375
0.5288375922192207
0.7762285436488408
1.7820951671492886
0.07521279932224578
1.7356016955377023
1.2604437571514717
0.36733327699245555
1.0530560810719245
1.9191465905713212
0.31889973066587524
0.9388995303437263
0.07765996007819666
2.379664726149327
0.5109362552678424
0.7659997315588315
1.8026869085038757
0.08042863679622261
1.7128236810476412
1.3605511720549825
0.3552435361702147
0.7829886035807772
2.2180127487423276
0.35659574574464514
0.8404093299926709
0.05177686435544893
3.0053857606254972
0.6957303658806823
0.06899577810627275
1.2050928884927212
2.019226589549882
0.07091773603826747
1.711325549289629
1.4908869945251058
0.3524501987795289
0.3989056072548622
2.7423280307917204
0.3749880826805519
0.6239505122743405
0.2772112978075476
3.0243598862087624
0.5485499008095382
0.142946000119598
1.21477340504946
2.2025605382058293
0.05784276382136483
1.4068719016640379
0.6970520616666576
1.649557236812601
0.3662209538321723
0.11512893854025721
3.408500794017361
0.3668274429334876
0.36721093976501046
0.6329340666490921
3.0250461540154903
0.3459953397082903
0.27059965669751895
1.2204827661169082
2.091660841704359
0.06545477840168637
1.5148645021902505
0.7544112116690102
1.297548877915701
0.2384157493122322
0.5709862658182979
3.4615835488885627
0.17277148636157136
0.35069733942652187
0.13478527774303947
1.1654587715273603
2.989899693206284
0.11191797371735557
0.4636671359172115
1.2106925071769656
1.8849890215607108
0.1723545347197131
1.7946324795833053
0.7263057349672986
0.29482224888999337
0.9826116424124605
0.6602275130845675
3.0167905066855027
0.06933510712444117
0.13472417707396195
0.34294426940314304
1.3233758497036063
2.539346067866632
0.2721705932205628
0.8189953979771625
0.39572756053469466
0.8230133835074047
2.0022528369889487
0.40854804287450797
1.660533792401539
0.3053324920229822
0.6367889077683773
1.2319675803368695
0.6956939734826422
2.102671476328993
1.034974443017142
0.12027865560834569
0.24624867483634394
1.4082286876551289
2.055734152650368
0.7068359724240525
0.86416310484666
0.4150380157787821
0.7728442632179725
2.2584042694033535
0.7058074781311967
0.3860107382876023
2.2331295337496364
0.7884610198153158
0.3180410975963899
1.041457357601357
0.9466666510277714
1.2341929260729494
2.170305179386929
0.12196287844112973
0.11477520272428413
1.5367998505609917
1.4279563783203504
1.24217200672867
0.9256465070190542
0.44186134777253827
0.9332700295775638
1.798489934942273
0.18704521023410914
1.0155650092196895
2.4450924626851647
0.6366113753516544
0.34992475224316705
0.882587260246778
1.1974045287496238
0.07462292197837449
3.388707209327236
0.0838376807180945
0.07302595311215038
2.6796793821201543
0.2808475762781886
0.6378817654045243
2.391722005320616
1.0990292283880387
0.5403967135494328
0.36052531696260603
0.5523579627256748
0.7784488479466608
1.5180924980120525
1.9091312531804323
0.598394077241838
0.4875918236276007
0.08866946970537383
0.39684299304916154
1.2764392545819556
3.016345250822094
0.12965737840918776
0.21361515967030636
3.0405588797188114
0.234445775964412
0.1909828737388713
3.0110855771254275
0.2254039146019634
1.1369519611232008
1.0612005031235983
0.7774019822402938
0.07003769051653586
1.3578211397597635
1.2029918806346724
1.663513408963926
0.60636445608378
0.8946786591354723
0.027676008487618826
0.41464301487404465
1.4887619464125232
2.490532720759913
0.5478331794202589
0.1432393647676552
0.3170155720981824
3.3207368571961515
0.07736433556216153
0.3116778732891414
2.700286469751238
1.470922311719601
0.21512957513018416
0.5145557340959909
0.7386991715355329
2.2213368693812594
0.8247289340235207
0.07217408707554732
2.9120177481533482
0.10255838614294663
0.6407897579704191
0.6856886475165834
1.7699843925491379
1.1235723586940958
0.5568986005392825
1.6581678618341775
0.5950623946832935
0.5308860317669641
0.7824725607079764
1.5456363766940142
0.04847539698973138
2.057245031789004
0.9771770828009007
0.8189530044052832
1.1531437515000715
0.6270217963868661
0.21568025809250457
1.6833029748610797
0.6418543103190962
1.5584972294952033
1.006560554145027
0.7676920140168925
0.8241680281323571
1.221855348088035
0.8858114426705717
0.6370649005394008
1.060581703985688
1.1968960165136568
1.2386830008454681
0.6364896144339969
1.5435113295003724
0.2232143134238677
1.0751260238055842
1.959812184612495
0.9391678940521083
0.16292412223581937
1.3969847086850598
1.0752955262856088
0.5231733685750083
2.076582768024465
0.05771209955106101
1.2052414792307249
1.1390517369488988
1.2627386864693433
1.207578083286632
0.05276631615792709
0.7412060202968936
1.5302134459894237
1.5777476438607576
0.06023048150786076
2.1045691116122582
0.9046616561601863
0.20694606106695776
1.9026217505340388
0.5609220293950237
0.40242788158871445
1.7325793346428457
1.483884954554012
0.5998205319206419
1.4139933262463253
0.639392982099959
0.2227668853723252
1.2134981134750948
1.647706993438162
0.3686789924382116
1.2222288491541724
1.738901759239716
1.0824225275355086
0.058931574912009344
1.0263343196410926
0.7486050407996527
1.859358589179636
0.7866090445794711
0.3349222194290836
2.3809740572694107
0.6245895393942836
0.4601457986624892
1.361629492634646
0.9556450545893066
1.0753126691661887
0.35018809424368197
2.7166592184688407
0.3248843893041676
0.09955582932350289
2.0886102978929637
0.542946047770262
1.1432777354385395
1.1954217460299585
0.06428783818266333
2.6878553899175253
0.31915845643600566
0.863725399044203
0.9642163927076205
0.20162835655957523
0.67633782348299
1.6638821653215239
1.725751589344502
0.1653408124455809
1.42486347680668
0.38193341332182984
1.1756934067021534
0.978635413689957
1.8853400252449184
0.18962514386386262
0.2838215203462621
0.6235542526689536
3.6068984861047397
0.10535600992015907
0.25211407090658866
1.8666888471960468
0.8194206560074143
1.0483719648759704
0.8844884319019872
0.6894412687353657
1.6122782433001484
0.8833318550532737
1.4032835862792967
0.6858686367676572
0.3255706380320624
0.978230088458047
0.2204743430162153
1.407758209241737
2.191182577548012
0.46665248049721997
0.6704831116916615
0.9124460658319706
1.1329542011485054
1.791229713660017
0.4666658110258507
0.6941293005523831
0.5248810206656808
1.4389272882932929
1.6265274837469705
0.6174185298096525
0.7869675059121125
1.3661225110030015
0.7307864502144642
1.2377205836182845
0.562825073597071
0.8972956820325663
2.2490409230887036
0.4024593029349038
0.5245649666658322
1.9778578847353911
0.8716470691185374
0.7365198196654316
0.6275571303760747
0.7596896650284686
1.973579555696132
1.2824557202870133
0.21642844574473913
0.7815593728739908
1.668560481659097
1.0172122526458658
1.3428964001719976
0.26760331898573436
0.9400706247684717
0.7830375598035504
1.3115763322371181
0.8157741851107243
1.3444413767406636
0.4322265569304878
1.473770375887828
0.5380777517114731
0.9703761814216686
1.8100436326772795
0.3929084136971118
1.654126454123379
0.36530936158617666
0.299667725912027
1.8973726524103254
1.7249013669809266
0.5411973394838426
0.32064639229280906
0.6688384800291602
2.6517334633182426
1.11997964861371
0.14329295569374045
0.39016126735408985
1.6275491248057197
1.6377960298269947
0.6075887086190983
0.8768179014126549
1.3426358671525993
0.7379751439635243
0.9358412610800271
0.1375961367357287
2.3554539103238734
1.4656360460935736
0.09506754303003893
1.0486633825609086
1.1309756232359485
0.9726471168715592
1.0866142341008944
1.3012359051493008
0.6203614704747353
1.1878796550601016
1.2224057752092654
0.5086006709274378
0.5769780327468902
2.4822479629511576
0.5622956551861525
0.5592671101503465
0.5820451354667704
1.8878667554903914
1.7357553880476164
0.11063094361308339
0.4986945497833061
2.3077493415830905
1.0664918662519727
0.7715880421445094
0.19434787922543903
1.0784521732058876
1.7054649630411078
1.0638048900042827
0.32368519353259206
1.3168080192244325
1.9083868242089006
0.6992859344268423
0.21247944840957242
1.8475379263837233
1.1115167418304388
0.5362658144925483
1.1504033031408416
2.004337657906074
0.1132442492204431
0.7609911205074755
2.0561127773758097
0.8542608669888759
0.25887158226301854
2.0139281780366
1.2247782265991063
0.5869294009252751
0.5510184431484033
1.0629452935308323
0.8909514518269629
1.439739205531874
1.3416816475060866
0.32405537636176923
1.018920132035328
1.4656106844521661
1.2887555151623844
0.6523980764497692
0.3353520274052034
2.7839616113604606
0.1385904410506606
0.43054398592213566
1.0852167823741947
1.2230554246539356
1.1992950079793039
0.7770030309413085
1.3202661834114662
0.6744667483812394
1.2506261025252132
0.8107123511957552
0.6587234472524774
1.9823001449321622
0.9834575614963912
0.41677448481527685
0.30492314367343043
2.329398063864296
0.8027102831866487
0.48355704503164826
1.3579499581675047
2.4135258442169887
0.0626401139511609
0.24465406877469129
1.3264955640835285
0.3114388974779409
2.5924460102910576
0.7049737259573194
0.24510270792334427
1.2902695404084268
2.0552392667162005
0.3485995935064969
0.677708453377058
2.0263375437917475
0.22676762570010298
1.3597632316265549
1.3054842617575177
0.2993633755114209
1.5566874659728474
0.057070161912796194
1.2856672324787857
2.3891794827533004
0.5297946260046409
0.21425664816018947
2.0348447636834828
1.1897027900275752
0.4381708935974157
1.2010439474348744
2.0562318600544436
0.20402471269700187
0.6810095792587124
0.2750617840749625
1.8216865485607476
1.1705126054120898
0.3916197829459533
1.8503539763428865
0.6798093722389538
1.0272572020338726
1.0921909086826784
0.9413322305330529
0.4376529431550666
0.5207393048691088
1.8821287331101464
0.9397321849783273
0.9141795098684702
1.6829605101770992
0.38676903508477184
0.87503017409524
0.17718009812546878
1.446945096583079
1.1990533656975093
1.4088669605407091
0.5920013143727638
0.5602813753358973
0.6444808947284139
1.352638265185223
1.0089856202266776
1.6474945870707716
0.2819503312185764
0.9501206326003528
1.7735094687244104
0.6817975980764664
0.7083531968039538
1.745687695417096
0.894206958149658
0.5351739613161387
1.4590626264871613
0.5101803515440267
0.08393533939272452
2.8938342882724486
0.13582105023808014
0.9730445120572266
2.131498341147708
0.41301166757929797
0.6840078335885332
1.8699274547371525
0.9491347364656102
0.044059125323588924
1.7746915422137968
1.7204180398856808
0.31547673328062803
0.9833906664124443
1.8903291738462848
0.9861374668096976
0.15214671962589824
1.4243983843251633
0.9792019318632533
0.5336474086779701
2.163637540148553
1.053858494568664
0.3649096681292307
0.27749377115506235
0.711051499586551
1.4834836207253324
1.592021122740824
0.7834698802983484
0.5302452497295463
1.3960693648994635
0.8529601740708385
1.2157667682172346
1.0285271972629362
1.3204528969094929
0.525500351356459
0.2358916533300226
1.1989464908341398
0.14922381997014636
2.3047983743321954
1.0686425161197242
0.34298655572054854
0.5626278716109026
3.162228128146837
0.19346284010630557
0.4433260206004824
1.1126248057808257
1.500191212358361
0.7729400391940513
0.8001953351447049
1.4504819836514384
1.308251256481658
0.31551643296373955
1.7717741968733554
0.5059806619141122
0.6962165121972169
0.5178259215434059
1.1718656014998305
0.8714763335055443
1.3192091772212453
1.4899788511810188
1.0386293951890038
0.06856993685449699
0.3397085841403345
2.060295852273075
1.7422912308914187
0.35854824949732195
0.8044296621248603
1.2196452231465709
0.7985987866197717
1.0705349400445259
0.8124258877088524
2.2915117823873157
0.10518809038099128
0.5109323348443962
2.567333582125788
0.0742032040690856
0.3122020874378693
3.1973872985559715
0.405747317695558
0.5608716300684014
1.0680948004965827
1.8944093304107859
0.6721138863581888
0.738282705334752
0.3431016225113592
1.1183170632766464
1.3515452639367462
1.501881400555185
0.627428930330994
0.5979540005848801
1.8064277412914713
1.269929739041977
0.42498027654664533
0.09753771607263516
1.525570118427219
1.4609098642694205
0.4586251205078538
1.5135939877108677
1.0850331584011346
1.201968709855973
0.4193155696967915
0.20639424481073293
1.9926413144704869
1.3644244090161397
0.3329871821055746
1.1430300861934235
1.991387257931207
0.8835956494104781
0.22024896972516936
0.8982917916539925
2.968358358756941
0.3072240337437013
0.13316404306475632
2.1560464982888266
1.0074872266627084
0.6807828433300336
0.14095704536093326
2.436509874660351
1.4332379407324864
0.08582342343895527
0.5839909654335403
2.50211416236356
1.0610740263633085
0.5658464567074359
0.5274995448587463
0.8867619387369798
0.6049872155760018
2.547124410245694
0.8361834426490554
0.1578274180100094
0.8156606532157723
2.3622425724535026
0.09612477149446066
1.568614257803237
0.5124169101223232
0.4720604436980273
1.8355639833467194
1.0163549119836441
0.5291950102420006
1.4355536843533474
1.670196825721477
0.25207248681133876
0.6281609889045953
1.7285217058904414
0.772364048370687
1.3195587999589222
0.8123436185278978
1.04872646990789
0.42809829277009304
0.8656212574280464
2.6524349073943037
0.2072128739664388
0.7782992913539495
1.4411633038508178
1.0175865264241701
0.2790119646747266
1.204550932857661
0.674881561693939
1.7050446210151238
0.8458879661833129
0.20380449949424603
1.5618116298450795
1.4295503441928281
0.7700536004756783
1.5771212423655072
0.12735879019864224
0.6861426508583592
1.9841469456528886
0.8957456279125757
0.9645461361962041
0.3142336762068124
1.7564327594982192
0.6324825417255109
1.0828384952303927
1.5110374430779174
0.07070013334907194
2.1988134619647566
0.06403142756608392
0.5486532853758446
0.5392638237262521
1.4845400591246174
1.0010506610289573
1.2395427873009028
0.6052858362022202
1.0581186159548652
1.4339309609404367
1.1370259316547073
0.3993080666808408
1.10511155905501
0.570540576598515
1.4729989729891728
1.3043012358883272
0.7991354283763326
0.8735709906062578
1.431754280011481
0.5669897429330925
0.9450397634944963
0.2604057327817441
1.5719147173019838
0.11909873872627919
1.7906687835254453
0.23546666855264634
1.6959986793343091
0.16221293598929298
1.3749531816023648
0.8564269332963214
0.9289949288199282
1.0195878277855794
0.5374330882003242
1.680821959880587
0.12044782487298007
2.0186242025726324
1.0583282096572177
0.2736800009881833
1.2438998870170241
1.170359398749351
0.909719776603872
1.2542047418269
1.018279855135292
0.8148785248028649
0.7371216961518746
1.0360970303039347
0.7021780530491588
0.5036821166698923
1.8804315003649918
1.2960629348135884
0.5043932788643555
0.8261367399443846
1.7070363768703782
0.7942427128976255
0.7672039614780182
0.8595392738601062
1.253956165735017
1.4695765812404358
0.6341536460473857
0.8185097607662584
1.3684423833359303
1.18450498897555
0.43815924432686404
0.5267735916367062
2.277561960445319
0.6030908376784562
1.0797507352112423
0.9805750048121441
0.6029689768104616
0.35216914599540766
1.1868082946417382
0.9270249013944106
1.5653899373513276
0.776917442015458
0.9318052343052129
1.1783415197706282
0.7887071428514629
1.0910317751390197
1.399876542114427
0.6836938872574219
0.48117846071505865
1.3171638938374217
2.1226223218227562
0.40557716175312986
0.1627008075053073
2.9619337752908
0.13871094993134203
0.9426803387967387
1.5195038568879555
0.5469548693938453
0.9055277001313442
0.9801020966621812
0.9655020730237254
0.7817399945598431
1.1154192058439665
1.6781413096411717
0.5614725446390203
1.484875675889421
0.2162521040490067
0.6115350111087658
0.6746710200707239
1.0966624928280206
1.683154904210086
0.5328267799712407
1.4361818116051943
0.5477885812367205
0.8724068984421387
1.4281606017189963
1.135484277211899
0.9305478448086281
0.8990277357301085
0.5651167966088968
1.1065378123451044
1.4972103255616824
0.13222969294933776
0.8208525513876883
2.0092726414066155
0.7992984733321294
0.5559215804614398
2.5316159517867147
0.42017994071856396
0.17964706043604664
1.7799019145080806
1.9747952608259352
0.16559137488505907
0.7691358466741242
1.5300892627630112
0.36784351600275234
1.77215775742769
0.6978430158269923
1.0855327844902154
1.1277277981087164
0.8902249534770172
0.2096573165490372
1.4743729855819627
2.2940263703410486
0.2974033243376794
0.2811183904063081
1.380037579556372
2.2707069980538335
0.16965757382032653
0.8006375516230264
0.350705689423448
2.202126839007859
0.6066170214651524
0.67519753665414
1.222999865436998
1.6670790364204582
0.3160299356928719
1.2057371693073644
1.3572873520290314
0.7007299933980219
1.0853978609607968
0.2782233977046345
1.642980661537025
1.3360817816511494
0.7987445792178454
0.6668644675390537
0.234703143429716
1.9110703543902985
1.7795945161403095
0.5505308247261298
0.44622540374627856
0.8432989756877082
1.4967745571551887
0.6421014906367328
0.9166438343558776
1.68716958163134
0.29886972248651056
2.0457769425305847
0.3887365500962958
0.21199511277466335
2.3585162350762845
0.09148768821554445
1.5563833421796922
0.4711711463575322
0.7977626200906378
1.5145949070042892
1.454982405485168
0.7374475302289826
0.2459085006482954
1.605209671964438
0.16879172854311744
1.6560451333721053
1.7654132291239417
0.43628361069384264
0.5845212452606183
1.1628364104401883
0.5006087488840172
1.359216736707214
1.0554730941057162
1.1878293571985115
1.0401353995413056
1.1312985869712098
0.795964105300346
0.053297665453558817
1.3480978242502961
1.3561186067599071
1.265174381218482
0.8269622140423029
0.9544495603539275
0.42065987078084377
1.191623415973445
0.796399422193422
1.6796075134581088
0.5479070539341934
1.1124865718827974
1.3551382581767049
0.6905205824076304
0.2455869777326666
1.2438135016734921
2.190214560549079
0.11033088815018938
1.2593642683170743
0.6947416577075264
1.250135191579394
0.15164251010194113
2.0405393097885836
1.1356988513886386
0.32036734247990034
1.4766379547775201
1.142493231014007
0.48012855647441927
1.3615289044596592
1.411779723023551
0.4849776693016036
1.7330284130871432
0.5075628071413075
0.3102896287021126
1.8501109203680588
1.4025926639817181
0.11416344030219747
0.6188118150463999
2.0817719831706794
2.034438562997402
0.07393312465243432
0.2422103790167664
0.3308474070649736
1.796976777755755
1.5840607877199893
0.4809751236788342
1.403588792979373
0.3947264118175383
0.682687682854224
1.7701425463309073
0.9860954440907977
0.6594336427812338
1.6615346788969745
1.0581261366328931
0.5053104049417353
0.7529538215051461
0.9560271938285324
1.373839821231222
1.3431161460001624
0.34023024901382376
0.830101923953281
1.3763236260187135
1.1573337704242805
0.5490970927752985
1.966644291245821
0.546124763871365
0.6781167913015496
1.1515443736846378
0.614732746369941
1.1513520839029046
1.4029952639286307
1.3670786693875845
0.34423437761966613
0.6078767617969003
2.398504776901739
0.3557803179994893
0.698314640072995
2.2614988621284073
0.6541683595889211
0.4541640488226827
1.0960635366734264
1.0410799670674293
0.3127147741102179
2.38435016103365
0.41859333595125897
1.1109058850819142
0.43890178751900233
0.8386132279140728
0.7132555916549345
1.801761621351928
1.0969347695814091
0.4299209162759792
1.0990410873679919
1.4385707869855053
0.7713283374651214
0.9370178833336278
0.3078024209305306
2.4076794779619144
0.7686436069346233
0.4470300143972797
1.752861900147236
0.7957970022133153
0.18794326902485348
1.2513609530041365
2.096562988339822
0.6800650328613933
0.5145974845791971
0.515100133405348
1.5992166402983135
1.5858247943012043
0.874327508773927
0.502446478599819
0.6276328534833355
1.140361999989457
1.655103519135424
0.9762408475880668
0.2142997066841064
1.8416481499372384
0.767793485587511
0.939639024576252
1.5305888866101445
0.4048005504056717
0.9123860839818381
1.7290759179227808
0.47915369274701886
1.2747089250088324
0.5253603009973772
0.9880837694889011
1.3910676877475339
1.300827054937767
0.5648486736470149
0.7880035739902014
0.8208858692024671
1.519182623064951
1.431546776549077
0.5048560812442594
0.6056785351154429
1.090339340229575
0.9575348439821552
1.1214396790850516
1.3849732454644108
0.923030465782418
0.7080764911515094
1.423549142163296
0.3998678653755481
1.2171184316259374
1.304762079816936
0.41450193720493783
1.2870657122857627
1.0889810995051694
0.6850174502778484
1.9542516255570161
0.7379216623596772
0.5018165310636269
0.5863702833147209
0.8504086044381772
1.0317787453075093
1.6221547014300008
0.8342609306964048
1.301070033287546
0.479965643016886
0.5878143158195792
1.0521249907537307
1.3338958207669291
0.36048283816465987
1.6187508484647117
0.17926380896275998
1.9495771400547293
0.3158229858781647
1.1729208984284478
1.4409992395995974
0.2026379918837713
1.3094525720751686
1.4078374387308519
0.9823059279855083
0.43222024894241684
0.7537866272194383
1.1473458571964075
1.8336922318065163
0.5274755626986013
1.208519820110412
0.36811235556987
1.1625207283223165
0.775390409413373
1.117523560934635
0.8401310338106567
1.3499139541653185
0.41690972960398653
1.4256894710801489
1.4568402690926143
0.4534036731833926
1.1743378325803833
0.39799219920986545
1.760363101512441
0.7150456660947299
0.9620257957017755
1.3556703061879656
0.3015202459910041
1.5105711314826544
0.5144970263738916
1.0768114064436627
1.6410090380165179
0.568697760254122
0.9512023718549649
1.1705543762290482
0.7019603802864164
1.0577787494871747
1.4279618303391588
1.5156086501105073
0.3082099408603664
0.20735275181980511
1.7436168629640796
0.62835324187893
1.5688149786772876
0.18702561223486458
1.3510111239074225
1.8735623221700957
0.15059370509147668
1.3386266101098108
1.2867684035934424
0.8483578373739548
0.5632914615407945
1.3318309463198004
0.9700676647956414
0.8990482952217871
1.022299575020588
0.42106283924727195
2.1643038699787276
0.11907139844588761
1.2517755816519778
0.12891367993551917
1.708645792972595
1.8627818539952714
0.1454100375065388
0.8771727275160028
0.8030770641717027
0.8860262745777984
2.1601884203124166
0.8612591618604974
0.36679061240190103
0.30005819631927383
1.3153719965354782
1.423155699285495
1.4572787142646135
0.3267802674207952
1.019941830386837
0.6043728580568528
1.3194923582999807
1.3823655426212402
1.0663040247159303
0.17713653729159662
1.854044559847157
1.017710310578373
0.09792966126755769
2.1132545664165274
0.2254799866090726
1.4072095371800768
0.7615104536991697
1.3562474800001496
0.5823624965307389
0.36689019901529935
1.4990533486624225
1.5196227439766
0.2741571186717331
1.3866725059908078
1.524971717551234
0.7649074879319
0.6936621095699905
0.8847258411851213
1.5361292280603207
0.944075116230552
0.9422331109266475
0.5054224317163433
0.9606066241907895
1.5903783111466212
0.718476098583792
1.4181600662241192
0.5820883015847205
0.9679627868856328
0.5150798781059289
1.728814483792871
0.3836985598920054
1.3012458150579398
0.998803067349138
0.4921041735545746
1.157766179587667
1.0563511848526428
1.8789405570015358
0.3143349511125259
0.8519101195644935
0.6197391284692059
0.757645918896732
1.8585433772642774
0.8145850243034419
0.7628556485200535
1.0108465260514847
0.6535889013486855
2.0315113198043324
0.4534506588878781
0.8548046717361707
1.072104402632542
1.0769855650195646
0.8865922121363874
0.9481425497401142
1.3052209762972748
0.7481324614844469
1.8313168412545142
0.12940926105733377
0.3230880589970863
1.4976618074346855
1.734917842450848
0.5801278243840156
0.659004845768008
0.8829330206641703
2.2245043461202894
0.7592782844628444
0.5164644851551676
0.7406956311991563
0.7181860353376126
1.7270287551194703
0.7958941616140205
0.44751237768898305
1.6532354736075603
0.6204610493955898
1.7914272283240087
0.5833016303718265
0.347507194091267
1.7818213415937874
1.0225891826029154
0.043805350339323715
2.1436062079628693
0.7899369786723838
1.12209232081713
0.909246963983327
0.5986607902086792
0.5252320188519951
1.942767233379262
1.5144836588592863
0.5169867130450954
0.057197909430244144
1.3113889504915868
2.1108642980545413
0.7939257133919279
0.5805260124519047
0.8391380724932969
1.1622144554676752
1.5676560418188048
0.29963294569494137
1.156358031198375
1.2862321731034225
1.271112871998326
0.5541843381066455
0.5921164135783408
1.4444817652311426
0.5945986725347386
1.3054204931723437
1.4495246141158438
0.6854390351767031
0.8072772915292749
1.6040450163776974
0.8680224309159466
0.3993251947091446
0.9788710885182288
1.1355025959505132
0.746406379544446
1.4798260528571145
1.4625210354712386
0.6251910220252794
0.7487336295723935
0.2177199792084684
2.0052762243765443
0.5687240845776247
0.57045790648381
2.300152642664509
0.2227805585301983
1.1560196341527122
1.4093479179164372
1.0283460763211787
0.20913400888167252
1.0546110470463144
0.5011262991987063
1.8918625676595462
0.8903239197519484
0.7399905949280293
1.3637886038271494
1.1722130356432001
0.6907402670780542
0.841005253624677
0.08297043590717341
1.3307537069398214
0.9982873433322921
2.044256317393318
0.2837013331679489
0.2882646588279486
2.187400896740734
1.246272811556229
0.7926251263303833
0.7048012289607882
0.6062165684303025
0.7457776379478925
2.4942775413412046
0.5896018438237465
0.1923251797923313
1.0226647108205795
1.2736235562445164
1.3920972029796557
1.014987324348697
1.0249353431885455
0.2808470525818502
1.2394230430397402
1.444580186495999
0.3616493228528441
1.2440832691151382
1.4794010137332727
0.8330645213443295
0.7679224242339682
0.9614177294796721
1.8575880805037757
0.8452251890616419
0.2611284588574218
0.07019194388885527
3.3470900508520924
0.4201730271703739
0.5380137914660075
0.7768054402516481
1.5333510778574555
0.7120729662295151
1.2019334418622607
1.2236244912327805
0.38705140401326166
1.31155232332704
0.4778910983401781
1.9574911358105895
0.993821309612529
0.6218808244687484
0.376422764680018
1.4664864025414153
0.9497035973018794
0.13700658187241416
1.7142147863139159
1.27239857544174
1.1823627486433972
0.2660876630033565
1.3116999766249962
1.1091573662349594
0.6822769749298034
1.0874187177479564
1.1210355793418367
1.431431839350618
0.10196852599889064
2.2459592478123342
0.44239573569899404
0.12523421127709405
2.1869056494154737
1.111286639235015
0.37166789169988224
1.7207484191699216
0.7355229263708823
0.6950513902754366
2.325184038626397
0.4671115455407601
0.12499234181724031
2.3122360535734243
1.3152061180212435
0.41431905714446654
0.7132946299927667
1.257991997230908
2.174472941613355
0.4537412480093595
0.09550432948269771
0.8911301207693296
1.295787532510909
1.567928213133077
1.0687173000292312
0.7237279824965596
0.5106852883917044
0.8891174719335092
0.8958734269069774
1.7976491472009508
0.6041304913766805
0.7022641505044973
0.6698091335536548
1.7232197800971691
1.4339913753425502
0.7802094109858945
0.43642654006103576
0.375151390021182
2.405686353188456
0.683752315743004
0.25563316292939575
1.5096417119817374
0.2711254340515558
1.6887067951991799
1.1702341935736444
0.9733934151101113
0.612745516017712
1.167424509604766
0.6459383818780113
1.5794327499811949
0.7545263405916899
0.9277669644207114
1.433367748351547
0.1704262104751526
1.3910851223257121
0.5176556152632548
1.0495820035446541
0.8873706255238686
1.8271262855826298
0.40016496508397575
1.0836446676960132
1.064986667327049
0.5041350342926147
1.4467406778451775
1.7706366886442988
0.2753825311525593
0.9177939937771467
1.2009815315532497
0.3481677563894656
2.090369803352902
1.2737726259703004
0.10180067583932166
1.1262862172302244
1.170250115907223
0.9573093537097007
0.9396316606556634
1.0266795797701134
1.6268809906408925
0.374255302079143
1.1178980385660096
0.46021328204591805
1.5081264009802127
1.0178202267296828
0.8505787341709417
1.088852441108445
1.3577716519263439
0.2993806164582947
1.4078798766301486
1.7739417184978397
0.5808931084808209
0.0638344365337206
1.5671013955559228
0.7871286671175284
0.3737974647271061
1.4560458178706648
1.6754092999770576
0.7445809229307061
0.5491586007510335
1.9623847535268393
0.7536277379921231
0.5324389760864184
1.47113754955837
1.467731519422504
0.2393880391582033
0.7878309035350962
1.581405691439565
1.6319416012740866
0.3981285140839309
0.37137890407992347
1.7477465743315128
1.0768921957429187
0.5208738808107589
1.7953200006464645
1.359414691101733
0.2297042805420283
0.8077777054104852
0.8003897753595599
1.3689289882129065
1.6772236541041134
0.18816921365402048
1.6150369533846245
0.2575114909395573
0.8225299728601068
2.2353271414416938
0.3456321540776619
0.9259272884151095
1.009030476466561
0.9598681451368672
1.4935682884011214
0.24679431823645967
1.3827072713268669
0.6420046474976688
1.6890923096344816
0.5920919856811567
0.6848749277582118
1.0921439984428445
1.2783631489944565
1.370752155671519
0.7514117143109009
0.24726157158232911
2.13829968348662
0.5830167943894207
0.41433731018379283
1.0724672649115607
1.2498800119118643
1.4247326268605311
1.0058820176498444
0.5380343287742861
1.3628475766074803
0.5557147259366723
0.7843872495698224
1.3795299253133604
1.4899364815104292
0.9468238019618496
0.6230565289800832
0.14690550547930661
1.3715980948646003
1.1778394731587474
0.47792249257361813
1.8643539061266943
0.7336307360741454
1.025127229058681
0.9548725481901165
0.8816970971988073
1.1132074965324785
1.0420525075033822
0.05627127244325256
1.991918444050445
0.4362208662967593
1.2316050556942588
1.8667634688893417
0.3216024490180219
1.0624847396895318
0.0688476293126961
1.112542317037424
1.3847058491294657
0.7356166516214095
1.2465548112479532
0.9696587158337501
0.7717899416559327
1.5721961625114027
0.7789140969922487
0.951547958006689
0.8232909309446923
0.7258366544141858
0.8356814297962799
2.1759452007015594
0.8802538702774345
0.09668626742819712
1.9168335415770985
1.1779286900227934
0.7975431365895261
0.9713648707929833
0.31378345832842275
0.1003719993549898
1.3188528150550516
1.2565283508672949
1.194728654543277
1.2325972785990111
0.43878473637586013
1.229745662910354
1.6571723187680596
0.5261040080427707
0.3430432991704731
2.8576740806012024
0.2856125830636507
0.3976093458232308
1.731898045025312
1.6798440358080575
0.565481718670784
0.2704198018894361
1.5286939552261722
1.4332065544811112
0.9095003788732618
0.8922853194931075
0.7886144531919482
0.9317563841071859
0.7326423277489991
1.8158494075576033
0.2551828727587994
1.3991071383222258
0.8248538624073595
0.826299791246824
1.8633711709279424
0.8393148551356783
0.22211092993337767
0.8061868265607969
1.34773462406701
1.5594042403280257
0.8315473992666075
0.1430800895783767
1.8606184083688677
1.1358995907366911
0.4273164222242324
2.5259651626471045
0.4489221169609558
0.07044908565371157
0.8559426619105244
1.1225664646088092
2.291464361968788
0.24001103868248347
0.4730734182289474
2.124475637178416
0.497429786249115
1.296403341245784
0.6978570219390622
0.9785687844689617
1.0975076049436352
0.5809732247513005
0.9867449222011871
1.6692762982843976
0.7116030911507152
1.1110260952136601
1.1510139093388287
0.6361799620118558
1.4833453082729702
0.7885511275138851
0.7215790605144369
0.8282350300953084
0.25199795517915957
2.689588244926314
0.8465290614334048
0.009441433564772088
1.7004342678574944
0.45161764680721067
1.5396528385808375
0.59995815903669
1.6236770283785573
0.17647259441833563
0.824923357203954
1.2612267198098235
1.4910833437552118
0.5680794247952919
1.218553540124409
1.0982172447322716
0.5982669459062986
0.8682281174465375
1.9512353645344838
0.3298657947471497
1.4714095784348067
0.6551226522514333
0.32354010125728144
1.1606541161047488
2.5299684177461437
0.2680865912622413
0.33931467924951475
1.4538974010955499
1.4586135132871922
0.8527263369784817
0.6970945799144177
1.8203804193759991
0.7742453350629774
0.3231203082950638
1.418949821667484
0.4499168176957888
1.6618229688663377
1.0942568109882733
0.8439743696763842
0.9653284776906662
0.6009022376743488
1.1021471627856088
1.4316777643609986
1.2920919064478802
0.3805159375621153
0.3103955889345661
2.408002771708674
0.6816760498382657
0.945060118936277
1.2743953644944976
0.6643940679583575
0.18409223975950717
1.6172472666607602
2.0767127384642117
0.5372060811443907
0.19951634448676597
1.7683985393036707
0.5466324904605552
1.1515310166944892
2.1286517801733384
0.14599263453471237
0.8047007742252537
1.1973352267744097
1.4610579832655977
0.915286822307584
0.6985030106252028
0.969176281554817
1.138866890154447
0.3659010205604824
1.8945973869589057
1.5296325980439696
0.01673986171080334
0.3343809214395965
2.562238680360711
0.5947459834087959
0.8253319372588549
0.18910072665427632
2.223970924085657
0.9988352738472979
0.6923134133759932
0.8651669475528148
1.6893773067978124
0.6268765997528466
0.40730964240686623
1.3251723522957752
2.2844443511363837
0.22800889499051327
0.484234856031814
1.5971576868053652
1.72460941889634
0.5773922696849483
0.3954229701909865
0.6702530710152443
0.6000272116852217
0.40892832591364486
2.5837460348911394
1.12727453823458
0.31533288973517604
1.1658219345178795
0.5172333307080768
0.7847583176464156
1.4108306140277427
1.4915721829849156
1.1617009669915934
0.2817665427361577
0.31203527147169335
1.7766094277860607
2.505698881594011
0.12953662607571115
0.05839174548696391
2.778196541657789
0.017143924346258034
0.919173400302896
1.883787618914053
0.8219870407643031
0.5679336681062473
1.8933631614794506
0.6160664561968714
0.8640418848085015
1.0601271259058112
0.7499710800568798
1.3559613820784495
0.5629918018834973
1.2776696778132273
0.6008808542618547
1.6128464346797384
1.070429374877041
0.17351222807476388
2.112323046220101
1.2910165986682456
0.22252365965858487
1.4978909948225074
0.7028406382655183
0.4877160211192479
0.3667188342854207
2.2416462894472047
0.86689498837615
1.0946946313732109
0.37333642020172453
1.263719370277071
0.785817825553972
0.4495774584092004
1.1548974216046317
2.46062624110446
0.39222536946825065
0.2633583875119511
2.3328587248548565
0.3492497393594115
0.8107192919070604
1.6376278290784643
1.6793027943303056
0.37857606495953405
0.24006762455136146
1.6491157002428662
0.40007044468621084
1.810498592922772
1.0151715016672118
0.43506764806802256
0.7989230986024042
1.57933027194583
0.12592513426171129
0.861758764927587
3.301579721582712
0.29148567488838933
0.25956650340943066
1.2967558564642083
0.14735773087088025
2.163549632082844
0.91825666200483
0.8204491373290961
0.7905593463057794
1.1391286818078583
1.0479592554641766
0.8851728969946792
1.070714389105436
0.11750289196345334
2.6876493283776957
0.3891541267805381
0.6186730613544769
0.528615734492061
0.5696165647074513
1.7352625397052146
1.1948970108877817
0.47292972123630334
1.607539343793829
0.41825075521657956
1.3282433709798156
0.8573258904466191
1.3450702295281656
0.7201827880591863
0.13669401919733953
2.461645579721301
1.6375041218619282
0.1882878907533207
0.06269943142183468
2.214301776114094
0.7238265760537674
1.3458229405036148
0.409515176629191
0.7936515705171899
0.10331120860362991
3.0903590470320785
0.687910013139317
0.23496399071231003
1.4412272872669984
0.6160244642992727
1.1197647823810861
1.4040194159535566
0.6053269130729004
0.5296125900114582
1.8999010226544568
0.7358608723231508
1.1616618943958192
1.0218507537692203
0.8056126259086585
0.7559371160819224
1.1825347137724214
1.5042941240692236
0.7943750576683057
0.846164696017397
0.2644442064006501
1.917816408450809
0.7650920607211427
0.5910797086133686
1.0322093060905186
0.5554273093436958
1.6340217178005496
1.610557478034709
0.32701891845356806
0.7451234552335317
1.5508916135754927
1.3385619596481833
0.516530565044937
1.1200513664380627
0.18002273013865305
1.9051783235706032
0.5558290058948052
1.2763991067375626
0.5218118549138683
1.2148068958641913
1.0992660319365375
1.0691637124333218
1.4130759841355458
0.42297551574765974
0.3699436453802007
0.49020361893972325
0.17147726125100884
1.839025874623969
1.6038464719553747
0.8085103845744587
1.1152638549994258
0.2961812319906787
0.723060291920588
0.7313774229938456
1.537542205864228
0.5454965967583272
1.7053242454218296
0.579819518700123
0.5862615908761833
2.2901636133792618
0.9252943563872799
0.12631340413788456
1.6951576992247503
1.0389823636797897
0.39512368602892284
1.5733028550232657
0.5770006183075479
1.3747002741721719
0.972405122398321
1.1114345204640095
0.9090775265422945
0.9037944342254134
0.18846672440606008
1.757262753735745
0.9466897273609558
0.8762220014490938
0.8895037450366345
1.390818790588649
0.6718199992080575
0.920337546429688
1.8787026531297015
0.3918781483649955
1.0177759620037103
0.9046705307008868
0.8354014819703188
1.3645337994020577
0.6639846309995427
1.466667947414963
1.5762207119523857
0.09206211317398172
0.3520559217963854
1.4980889554951151
1.4916727661655402
1.0994520593418926
0.4200558318971197
1.1493145254514472
1.3378823935677966
0.35264308482071927
1.6415689607120656
1.1489069160293606
0.88082092817428
1.1874133831687286
0.1904175868642586
1.1959148911014368
2.3378221824567222
0.10726017503044809
0.6896864488579681
2.1573875148033173
0.3644896646817292
0.5902765551757997
1.7550452248239026
1.6307142787721465
0.015411490959902437
1.3139145161683374
1.609570243539941
1.1121314218877214
0.5905229204683069
0.13276386411243912
1.8182080727732801
1.0830044037885744
0.7161358384164767
0.7098676651910368
2.5375675840066836
0.4777472091191961
0.26714480805680707
0.9267531230234141
1.0590840693187158
1.7633627651732249
0.31558750639480004
1.1931620862647387
0.7917942604940779
0.9671742669428693
1.1213216996504298
1.0222709059974817
1.3293990700326173
1.079287794257478
0.6178881894669358
0.6519079905902487
0.6354745502873475
1.6674045986360835
1.0453480139499123
0.9172249102964732
1.3857982034367111
0.11529273391127337
1.4188762056520285
0.8845346389331508
0.8005441699939684
1.3006413519765498
0.8554938186416129
1.2132978783004122
1.0515219816942236
0.8746839749744484
1.2286825873189529
0.3524823221221779
1.0747470392653458
0.8697124348101387
1.5993391117120093
0.7321629587706173
1.19317379852451
0.7165044339290723
0.8307946626367894
0.7187937284869699
0.9749354545730939
1.3253117319543384
1.2653346526927418
0.7650749188774519
1.3000134609471037
0.6392972306846041
0.5772875164409621
1.6591808749468484
0.7829156420260037
0.6372913497835292
0.5729027119986272
2.270458444766163
0.2017781195035408
1.2084333428767546
1.4746412919048282
0.9868534090871434
0.12051566528139605
2.0346892353154415
1.0853744871951159
0.16032634439210586
0.7025552300456477
2.251050414577556
1.2175210744722875
0.5110208183291947
0.4840539043277427
0.8505989946507428
1.9508254152136812
0.7223159805970997
0.893837154030557
1.0451661361668247
0.6764036754141581
0.6305351689659348
2.061520187201471
1.229134765133629
0.3391122436276501
1.0195741995349246
0.23295390643381808
2.257314694699754
0.20885205832278356
1.058727044326465
0.7300224020674783
1.3682859234511826
0.9626905513706426
1.1012219362743958
0.5976256053225922
1.2216249152748782
0.3367256317968385
1.4784555534724095
0.3322988697688646
2.133709221273778
0.3356745480488876
0.3463824255360324
3.5988640246070838
0.21991901288768867
0.18387105313421612
2.2247475053950487
0.14873871645596726
0.9116449242755145
0.6675716602013522
1.869992519193818
0.7062647496070052
1.1109758896404767
1.2675115364592098
0.4727847197264188
1.0613328171304337
0.147854914388255
2.3640689981277316
0.47155159938509306
0.3671065432464998
2.063207033920164
1.6580073708703065
0.31963629347920874
0.22108550013646927
1.8806394641182036
1.7574105481441393
0.07657893815109577
1.6988391223454204
0.6472248868757655
0.2894917815785469
2.8374188241316207
0.24946286267660361
0.9372673350647355
0.31906491810106613
1.5408265011326603
0.5289301397909479
0.8969375352329957
1.6868032044985393
0.3229747968517804
1.342156421620521
1.5056141627221276
0.26317340757472374
1.5533122403040442
1.4969411489255786
0.17998145588503686
0.629952384626305
1.2541901763463186
2.011948694571349
0.6707695607427479
0.6465053207591674
0.4348052710228369
1.7645614003766281
1.0353858120762123
0.9506652766836228
0.7951705195858376
0.7819982387490197
1.7567437350769057
0.19468097017793
1.3873920152137236
0.4484945317000766
0.7460447463806124
1.3908158216076063
1.8643296757746197
0.5010017085811954
0.35935870889023824
1.8640872641716884
1.1360778226463308
0.7228609616918901
0.443652961076647
1.1267351104592664
1.8232804654094317
1.1025818134446532
0.08469304107202014
1.9392137849847304
1.638713942321906
0.18179232195558587
0.6138661274476437
0.22732952122832867
1.5729843949843578
1.3820575618189372
0.7030523270566887
0.8392806897065341
1.529066607536773
0.8231364803803628
0.7700470499549773
1.1029718823590178
0.6804460483289424
1.4065859039606796
1.6299858904320488
0.465806231947031
0.7510339721354052
0.7014660549929024
1.1681695102237757
1.933757379775609
0.419992315319534
0.9242606140020507
1.1701687932905929
0.22681602635421486
2.088276998551705
0.21173411531440986
1.2743307687175438
0.2239991966662985
1.6648518029814356
0.6935834572509744
0.19240193337281689
1.6755294565672407
0.8123378705272303
1.915271243596855
0.3777862001897999
0.8157867364601736
0.11119244659146009
0.32902791035555073
1.1491666174994644
1.6248324198218178
0.6073882718474218
1.8185166416608773
0.20526664026449118
1.1114887966964755
1.045985290691584
0.2509486448134543
1.8560333872041537
1.047645289357419
0.40540026193647255
1.2290484872215046
1.457242195883985
1.2065626611673737
0.8634246936277522
0.38384139087255054
0.2822319104909704
3.088801120373343
0.5232084857362908
0.31583631567304077
0.7605656499105266
2.5463796208448226
0.7117119288902328
0.5441024091637311
0.4220253552261853
2.072197652644002
0.2955862214826165
0.6569898040207027
1.989707267545732
1.0367012128742934
1.0868000164661957
0.04464634643956323
1.5558241177183303
0.755796140421861
0.33476208064599605
2.3542629126453183
0.6370575091250752
1.0849856224918026
0.7648859702041397
0.40826731525199134
0.909654254937
2.113884774722914
0.7445410721171577
0.5857922533170898
1.4640643237940845
0.2979240914049069
1.4486078784500214
0.8948787587583676
0.9925509787818728
1.5163925019588302
1.043204050977199
0.2253755994795282
0.4914853330768288
2.6448433196718986
0.9161934544295284
0.3865206843494023
0.6693111206615165
1.3709468165476892
1.8884728154172108
0.7788915819474396
0.10738799540000468
1.2205160941379212
0.6253820500459111
1.507380414593815
1.3396205561220322
0.7157351992294453
0.3499103820088677
1.8224405226160358
1.1555694909661394
0.7439106659932787
0.7863990896734064
1.0361079279881389
1.086200909821209
1.215045668298585
1.258360920854165
0.4660006419799142
0.4400738346806085
2.198174000813547
1.2400542249594542
0.2927499513256948
1.1761382607927096
0.8059343440063005
0.962061943203867
2.0483905992496823
0.375458253976415
0.46321004551381134
1.174315022259981
2.372120232313743
0.428725512160597
0.3958465839402429
0.8145203815763808
2.0107276718981386
0.7387781883389926
0.5537531167041019
1.70608688869774
0.4657268784068407
1.329035907801935
0.5043100677041298
1.5100288152976837
0.24694396301381363
1.2555099636546359
2.1288966952191717
0.5025471779020942
0.341776171416216
1.2236747445013059
1.8755119326075946
0.29663350013537804
1.3034764315556917
0.4694771052960676
1.2580623269725144
1.1400022332707378
0.21276546326463391
1.9140336039286696
1.5610251281861856
0.45017129507245174
0.8536067361218025
0.8095321682453634
1.2633274383506818
0.6831887539554243
0.427578107139962
2.913910094784176
0.6673455261112163
0.07404293127560142
1.337391048552563
1.2566826338797519
1.1501388229831473
0.6567802305641973
1.4658159695801083
0.8849483183203797
0.49869886622335613
1.9511722636623003
0.5732654474853737
0.6201962439270582
1.3786439744492767
0.6196894686846204
1.269863821456942
1.704182643417003
0.6221801136966773
0.8529505782217247
0.4909464025070789
0.34275423973640645
2.235936678418848
1.1768175778573549
0.6757032230796661
0.22786833004949272
1.8383124692602313
1.623040085000342
0.710839979152712
0.0247089926204022
1.1716297782911018
1.8692277824125738
0.9895482891230667
0.20508881351219083
1.9829483461065807
0.738048243652555
0.6385263401658566
1.5660132699339286
0.729478619467841
1.2005963870559675
1.0680503933160712
1.2833086514745655
0.28155745554033673
0.9385765743462021
0.4287276683541026
0.440541104204792
1.2757803151596443
1.5807772579365005
1.3415252116068488
0.5694948315061507
0.6080353799919304
1.1728171465517403
1.0539242198122556
0.5776871681281707
1.8917318377331107
0.9388180956641294
0.33858038783239686
1.4015421895135503
1.2151958908974327
0.2745403444842726
1.9818467041872248
1.0223560270948837
0.9706238603331306
0.40263583625841315
0.1712507342809439
0.76438031237007
1.9193876020124103
1.1868946009022128
0.904626582584836
0.5504480330235334
1.4821671409438575
0.7217513070709839
0.4109252870005032
1.7541670469327857
1.1157015788724436
0.710243122739938
1.1014487715762464
1.0631635940522033
0.6080591656654547
0.5259092691854819
2.578392890254942
1.2609708160150022
0.08283176745709966
0.33991616716824447
0.2873074043213512
1.2761038116925543
1.3320720755672282
1.5425622036780287
0.5454722897341614
0.42026331180089566
1.82592594271661
1.1195013520804866
0.32260501511627526
2.008845966338892
0.6946599734793728
0.7056199666010434
1.4042187082671111
0.975256531227061
0.9854162656351481
0.07046098030885467
1.9490037549860881
1.3272407501104446
0.3524493988611997
1.8150945124248543
0.07120951349853843
1.0019777332519197
1.4581317748027414
1.0889606380261614
0.4584791635371591
0.9803066497505104
2.1599691045150213
0.5535017643076846
0.9742464386108158
0.45080754602800527
0.8639178305318309
0.5682144231347105
1.1387585051354017
0.9151415602181061
1.3482997607721998
1.0969929250405663
0.46764256905872825
1.149518720135244
2.307247196165571
0.307243619051517
0.7906798015549471
0.16218129694331423
1.0405675628004527
1.6724203829458981
0.3158098229632535
1.2396270767704183
1.365464156451084
0.6169522231754101
1.0924764626303543
1.3776789975672923
0.9883107857576532
0.2920005156544138
2.121192445531109
0.9448929436847889
0.4466400324320702
0.9834618341989996
0.8513283314272901
1.2348544152715728
1.3435124190232048
0.8627007164538416
0.8080828037420354
0.6477121673022836
1.2799834992318362
1.575282583873163
0.5286579715072451
0.8689750515141186
1.1197863336766418
1.3357032123447474
0.8677222668634809
0.5190109152493962
1.4885541674204639
1.6529538809807693
0.37111491750050907
0.20297779181363046
2.322057716352202
0.34065424063141625
1.1682753454206019
1.2285817326248054
1.1713028498884948
1.0865889303351777
0.33695881209736567
1.2528387159695937
1.6563869287899289
0.19933500919301786
0.2483813876090692
0.8344837738297857
2.755159185099442
0.3013248638189983
0.9046245138047251
0.9920632820550292
0.5779184347079178
1.2872359835090565
1.2643553985737248
1.145300346471079
1.1587957132765918
0.044479355680093646
1.2012040144992044
0.9014088982625944
1.013416821837016
1.5977301128526875
0.7536779902114893
0.7024131896139871
1.3561168527382577
0.9974895639129676
0.5754690634777154
1.7765009780529033
0.7829753152909176
0.6064343358636873
1.5319694521533995
0.3359337713130253
1.2059072261769055
0.4015232913709786
1.3250196790066824
0.7665511030733042
1.6589528133143927
0.25409700503298727
1.289312451620193
1.5979188753664129
0.9946142948206391
0.14259170809202223
1.1261417051989333
0.5595849122089165
1.605510162052211
0.9472609810976128
1.2553826960466095
0.3916934533056255
0.3763645917556584
2.7070398887092946
0.6675130093156647
0.36103718507033783
1.9326036421120099
0.6659024578306129
0.825769392621465
0.8360338495752516
1.3967790448664072
1.5520856266084464
0.08556586631335057
1.878337606518059
0.29035334928181605
0.41446660545729896
2.3937306247734265
0.5318654316140756
1.046254313842881
0.42437195913453263
1.4847455991010914
0.2193952880484974
1.8223767500491925
1.0742114700118888
0.7239814122983051
0.4090123942240446
1.1719165897649646
0.8203468919293753
1.6049646602021646
0.8133530183896424
0.602030003780826
1.2119029448616907
1.7483957335539668
0.4559665318463089
1.0820824031777667
1.0472717580650777
0.596141720473041
1.0477226283228616
1.3833314308013076
0.9309793037581374
1.1957718001730038
0.46593017354577065
0.9349503573657458
1.0040564692254546
1.4041938572468662
0.8484046814960257
1.1511565653135236
0.9136799472928322
0.21332469880806326
1.8287870847697274
0.5843896422367681
1.175269307904441
1.2852341644544363
1.1731692860903975
0.5370764703947983
0.5861502642147158
1.2615625784739117
0.976054570818167
1.2168216149505005
1.0963494332394448
0.7401855723914134
0.6976668136075305
1.327526183771643
1.7334587979900402
0.2623231913308911
1.063777025585447
0.11917285182881046
1.4746742982479595
1.4211786978865146
0.963499391689069
1.009068827732131
0.5829174015052689
0.9860420499353758
1.6291511117535227
0.5746050464058062
1.1702872343158146
0.5008860820871399
1.3530751143653594
0.7473405569265802
1.2213699865236465
1.076598024537426
0.8481650603323175
0.9830893641983649
1.631723593023699
0.21608082122412725
0.6079660246268284
1.9969565691176785
1.3568493844488503
0.04339749314395119
2.1911066563439925
0.9236840271953635
0.05450334095201404
1.1161655661429124
2.934899328378959
0.39093451399074486
0.2847584179972822
1.0996905252644191
1.839133536402178
0.5001442804940205
0.9922065058059208
1.6637554705976552
0.2614254303759396
1.2761316239416223
1.9048584249225955
0.3377087838894801
0.5501848502905903
1.3219074786964764
1.285059905289469
1.0868624216053389
0.44808360741844566
1.7225253932535263
1.2515213403000718
0.5999743258368941
0.4493450042782002
0.31778505204875984
3.1345027583810667
0.6168011929408832
0.14894801321237097
1.2425440569515689
0.9798963993522769
1.6826160360244256
1.0034597608429914
0.6027386007917946
0.24164749581132888
1.318273604512311
0.9370584800277036
2.072716436783596
0.10788433983851987
0.47292906030320686
2.233670901111316
0.7937007619343733
0.8611849144458763
0.8716580102783935
1.6261481711568786
0.3346203525238728
1.3363397575919957
0.496424871192277
1.0881695682863775
0.44917952070388717
1.5565851957129033
1.2875136265346327
0.5519033992174966
1.299586401926986
1.274643745123455
0.429970471310155
0.8721685523964957
1.816119614453728
1.278561696296071
0.15025561593648826
1.3498236375907193
2.2240410152708785
0.18426013302274152
0.4513837472556394
0.1725230765156564
1.0557820807084857
1.4942266629082253
1.8705271213367172
0.5210821234558035
0.07190678885946163
1.9157954913149713
1.969428217946754
0.3026350626639907
0.3936877004633731
0.9574884005446332
2.528228124983051
0.07104509887881856
0.9632465757236918
1.424119781845708
0.17924220711342317
1.8525846658672402
1.0429603031458996
0.7590928864182452
1.417864388207352
0.6014984184734423
1.0443757095390844
0.42331872083597005
1.4393541257216516
1.0617470232920476
0.6044709451252763
1.5017182229020318
0.8313714292955526
0.8873291588603406
1.4761600114884423
0.3846030176790516
1.1591158400221535
1.5878566121232391
0.5563882339729905
1.3500582520378497
0.8074069862807604
0.6538720107664944
1.5219380508360851
0.5886716287265044
0.8200012797882407
0.7570688221329631
1.6775991136411657
1.0362004627343144
1.2669129164155868
0.28430564765469074
0.41431433052786387
2.1035306177116997
0.6364294092989763
1.1129991943976667
0.6104979126944312
0.9847985199033052
0.6283388142037393
1.7345173277298322
0.8088619244375378
0.6388052221606787
1.5514632766868708
1.0667173878575633
0.8209659599700458
1.2255932902597857
0.6759846378851657
0.6521923731811677
1.799510993034201
0.4272043227510958
1.0350966561039399
1.9788303983094524
0.4132862332597869
0.6344432514130062
1.742516929906736
0.6362873988981385
1.020685191900403
0.9093823066430339
1.1938500343554583
1.3088637441223965
0.4836686550548746
1.1990279610912395
0.6022260003353608
1.702494615327296
0.7491825261611139
0.4656246417692182
1.7734449419967038
0.1515683603345227
1.7879559458931178
0.9637178765952038
0.7138782782183949
0.9911194077057736
0.5729711509624109
1.410611789969384
1.5184328096661108
0.5811725483433846
0.590287001604337
1.1270090464434939
0.7530774894985288
1.312303175889047
1.7222315490167521
0.14351795858205374
1.375591473011571
1.3362160557063987
0.38948251813947893
1.0796003296607326
1.1752829188337477
1.2152406282051798
0.968521650044295
0.4426132696478854
2.138864507262692
0.46411947153458244
0.43779707800403583
1.7944890803302098
0.8562812940743133
1.0181930569852693
0.8949952829775442
0.8107476932689084
1.1887548878154528
1.0785045503066537
1.088414650566335
0.9278820040805738
0.4444332557027949
2.1416353781863178
0.4819583065729825
0.6112923465549045
1.528215782615468
1.2517829518065635
0.7272138879112973
1.3665277812274148
0.38911507745757
0.4814313096760423
1.8022649476340484
1.2180984979589462
0.6682160877686389
1.1677063350733639
0.1683848982925128
1.8732482896719236
0.96691806743723
0.887588563096114
0.8359773616873908
1.0761367825728407
0.8310538987591622
0.9754751179397746
1.880838062258893
0.5446739446663991
0.3909769896442207
1.6221430340865657
1.141666008043879
1.2003437022691579
0.48493950217351395
0.3728288858412843
1.6492931398946709
1.3949696423107638
0.950405564184374
0.5928506009697863
0.9614254752211647
1.3102907488580733
0.9634936712549748
1.0035582603993995
0.8417807880991878
0.8382108241681625
1.2663234915307828
1.173047519879188
0.8435918646131783
0.9613673989436996
1.1331575492243948
1.0329652059378653
0.6327754167171262
1.144883346200794
1.225354076028763
1.260761577527442
0.5490034369877295
0.5139550535338612
1.2912982615106565
0.9651127875670811
1.2001449404184081
1.0188564138705694
1.046058459214438
0.9691109661610241
1.3616486424076766
0.10844882380268725
1.2874350693119123
1.6606612906713565
0.5540219163149005
0.8812560640322242
1.1882097369097
1.2020301111546943
0.5670222740840395
1.4667729288406455
0.9301535389745219
0.42417300916657724
1.9145555134265626
0.6907336214692876
0.7042174191903735
2.0401850272615207
0.5904083265845671
0.5476415526695643
0.7325961586640432
1.2303532901956038
1.374675022353972
0.4582668303341673
1.804048183165126
1.0894098490827333
0.2770006337926558
0.8552746859536828
1.4695477704050246
1.541323838086166
0.6368644575906048
0.11586379257857636
2.773336349306228
0.2616091281191797
0.5381000576855014
1.0446581804495956
2.3527709191196373
0.08176838135652836
0.8691936105535967
1.2077018235972174
1.383041851451692
0.7286987979622097
1.1173174565952875
0.8599967304944985
0.445706820084301
1.4117618458059928
1.8593904594888173
0.5493990363897674
0.4491861950821609
1.7823964311924887
0.5076309908159076
0.8586219204644565
1.6898102068117327
0.8325881947969963
1.1312975520843447
0.7441160474791536
1.0509714508590737
0.15779495527387147
1.2132484676276618
1.4203034114615571
0.9963239927500604
1.3131908003487591
0.5890810465662049
0.8743343952910804
0.8911815747817106
1.3385413185171764
1.3199786403663087
0.3235454591375296
0.7831025226507481
1.2208905732641375
1.4971282980243503
0.9637481885759198
0.9070835160973147
0.9001697771862673
0.096995170462664
2.0327283226043757
0.5227955360479833
1.1545444812923475
0.9755671050142607
1.00629401096379
0.6217119463076259
0.946278169178914
1.7608744183968912
1.0329314811042771
0.6844882034288472
0.7839636608509817
0.571644997068283
1.996487448414844
0.782566588559064
0.39073856278224534
1.6338607038026007
1.046705278701395
0.8929094186726976
0.29881141768012953
2.3491940082659357
0.7571091141060322
0.2389585088815025
1.5793851346866494
1.8739392181633556
0.6222130191269746
0.31935874954225585
1.487925986191861
0.6473466228147169
1.420643224445432
0.8170645227885142
0.9273620195636574
0.7671932475738018
1.51629792165603
0.5993688152172829
1.2565663899642143
0.3753911212543953
1.6499417658157907
1.1916790270488435
0.5395627184125306
0.4193613767170383
2.206773158085147
0.4111450959855202
1.1312399301639608
0.9354806831104734
0.7758751631454923
1.3286168873919544
1.8078271367670573
0.20180706719931407
0.5286383124060531
0.21252742661405846
2.375452449237686
0.8258654072781907
1.0383802698557936
0.21114247714878293
0.8099534870113893
0.8651603164196913
2.318088994606615
0.604145107011195
0.365396951542301
1.857275180049044
0.9570743875208568
0.27336745053605455
1.9217500410579702
0.7249029860205259
0.977815276227012
1.3779838077873912
0.6602426537224444
1.1204047545481657
0.4291548938383116
0.5318292045574684
1.583767814829369
1.5788582257439854
0.6192620281540134
0.852167528820758
1.1072569259219063
1.0928041543277178
0.6061811652512439
2.085110750921891
0.19677129968465745
0.5412100016248653
2.1695589455922724
1.025756415859158
0.6224433074753712
0.6562726013207999
2.0101609883801537
0.465929121947606
0.5289872558196038
1.8248541589053395
0.9267526847480241
1.069921925590037
0.24054737567153583
1.305275971968518
1.312308673649418
1.108901056117461
0.8746730344876809
0.8548414849417294
1.012685439617249
0.7870726590827992
1.2539774446282255
1.0643412781084496
1.0784321489391628
0.5995720095667044
1.095913998529877
1.0765016114156092
1.3272399777599382
0.6173162928897622
0.9497215086084582
1.122906949557276
0.9334001792984084
1.1105228021148006
0.9656846069772871
0.8025062578808926
1.517335261784326
0.8806210174706266
0.5854696489327572
1.1997359640446035
1.0294556744965084
0.86288552249141
1.7507610407883845
0.5161909000273235
0.7014457443760052
0.7708583903714966
1.3395272125715056
1.0015246436054106
1.5771187848473298
0.3275384027900537
0.7677486643464101
0.22215845822701089
1.9011001332337656
1.2271721197335899
0.8697616979647269
0.8358142845299814
1.2192003302372425
0.26287577218539987
1.5564597907820592
0.7144289024034755
0.8948794262237797
1.252860816515632
1.1913632058450958
1.124067925072886
0.14945846468426302
1.7288320152838292
0.12755263272567752
1.3699581007964443
1.8817067596227481
0.680673891933754
0.5619863246011765
0.0914387878495993
2.64663159760818
0.632692987526025
0.675995232687264
0.9212035624980608
1.4585036273638952
1.1479921857917397
0.5923455316030993
1.2867773369096662
0.45092261643634174
0.9672283986343854
1.3048452056626114
0.9726692462173652
0.7697899133518055
1.5555588702905088
1.2607407790379757
0.11262790228342973
1.2548520176480424
1.5097035637619451
0.9007698149630434
1.4284498519991253
0.18125836915414034
0.48732756428049706
0.9584067971787804
1.1017691617736516
1.7364205716943941
0.9015088293750176
0.8760911332762847
0.3989857502208927
0.8037139409940994
1.1152765737406238
0.7429804552562196
1.498808361899446
1.3758005119433778
0.4868775120654744
1.2324625400997653
0.18662706715886496
1.6631536486798242
0.6950969113023596
0.9035256684268441
1.6534453840283792
0.2796142231198473
1.4202962932011296
0.6521651734302526
1.4676282342342255
0.8816579894922075
0.36466574067468777
0.8763620430300728
1.6082348241006412
1.8224977716363608
0.2662905423994757
0.495253689534256
0.3698259140080866
2.5127089312704314
0.19619309173651778
0.8633961767700843
0.09564100187340026
2.6495191509334184
1.0906906565957226
0.16683337154515132
1.0416143265080673
1.4497442260962243
1.0028760966121437
1.426463925160021
0.30039107966952394
0.7199436520328468
0.76479314661479
1.7608263421422934
0.5652728742444788
0.9656111746919743
1.6860095464312765
0.3757040037303785
1.3128838608904436
0.6275201568979871
1.1217616265807997
0.9767730447524298
1.5023533964828517
0.48420857238732334
0.9923004025207248
0.8851896102082556
1.4288622328570173
0.49185988784374146
1.0851003847974892
1.718059799896843
0.3474680828970416
1.0298387328063277
0.9931468016841144
1.2548617117271248
1.015602100211234
0.47644291368729436
1.6974634594929636
0.29555249397165495
1.2294871182827078
1.2320652480994194
1.017178918640866
1.2293985941211314
0.5074752758314565
1.1582039642088684
0.6528698026711681
1.5173286618299122
0.8761082919112374
0.25131019383676967
1.5499608093361028
1.456217466140738
0.4410984249744964
1.5383030299672116
0.544061957691252
1.311497357776133
0.3485545352821968
1.0969445689724127
1.7802289633045645
0.777183767777878
0.7384277255788096
1.2406606483376845
0.6601446025934251
1.3204858470074161
1.2011277071139275
0.5942946370673357
0.851294089483776
1.2438705266945742
0.5627162151754015
1.627761611547479
0.7079257227842298
0.9305503345186529
0.7450234263017089
1.5719097096129673
1.3696689906017623
0.4291753387756888
0.6161503120175404
1.1275447386519735
1.4892089376522426
1.2587710774924414
0.3816093200000752
1.0611411314290602
0.5642270329723359
0.8161914582283989
2.7493379388245813
0.4083722132262835
0.23847854441043845
1.6551588181719235
0.46078472215241884
1.5049149835136069
1.02250353522144
0.9539593684623499
0.9641369779478501
0.8035652604904386
0.5752894171950587
2.195356938600759
0.7250852810668206
0.5239031671573247
1.74658165097541
0.2634855434642029
0.5775164156145896
2.218321504128047
1.02262974789899
0.28323664367535895
1.8874327614203195
0.42213658644040436
1.027100554107722
1.4805871205040588
0.39902766308622745
1.9966707798972694
0.0350881042050471
0.8953215987509359
1.1376711216540483
1.598921120582512
0.3712856289084213
0.781323934198084
1.2636841216045573
1.2368974410697502
0.4177082422032313
1.5096378392894572
1.4228071788112158
0.3935493818678539
1.6582970788855391
0.2808721210819787
0.8580793577495441
1.0568615540347563
1.2822473341493557
1.4293742452808813
0.631618431900185
1.0062554813749194
0.24328267103954485
1.0311725547636013
2.0324633236209606
0.21332281676809486
1.2950771190519368
0.532959951056307
1.3002030401196805
1.365118366855329
0.9675029437602962
0.3207412794690855
1.404804236783363
0.7845109073789083
1.4724410905854426
0.39122625792084686
1.4493193931893733
1.1314434005315215
0.12158067006514378
1.7890571414087146
0.35784951463775394
1.5113322126071025
0.392222192339647
1.1852098533363824
1.0273604273019543
1.3988224391753559
0.8046593065845107
0.981247746270688
0.3534210377768598
0.8192239414385136
1.570019049094534
0.8932789172250976
1.4240910462668654
1.1313259088093792
0.11339300003776213
0.9578829905734798
0.3043290438433712
1.7294774761851055
1.3662495581300518
0.540448961668622
1.1584639503059888
1.3008366406823129
0.23059250171536483
2.0065346917596676
0.6770533055489593
0.800056473280959
0.3322497617153818
2.1038509901667837
0.8449430395000515
0.7201580547233034
0.7253254269934131
0.42898585030430175
2.2095255521247967
0.6394501013594723
1.0251293595998388
0.48496419638848004
1.1588710096710033
1.510473145026547
0.8595879912305093
0.8444974585732615
0.8689782871847769
0.8867754174070326
1.2050553309582894
1.4243909844682765
0.3219961776322096
1.1930573741654675
1.5788298288559814
0.6962880356595823
0.7112388839085423
1.6369549300729815
0.5826515605933144
0.6384142371643096
1.4117317664812195
1.3277659626604832
0.8333728876929761
0.9159929570320798
1.1797288992053898
0.42772180635469914
1.8473142138418803
0.875104672052507
0.4245078109068044
1.036630853808964
0.8421404359426405
1.453194438555352
1.629559279464979
0.3281133223580054
0.3453681868682369
2.306006057497208
1.2861568493441224
0.2540627065995368
1.3652025868071536
1.5602111590591057
0.31639316668738876
0.516994367393769
2.6672182548201535
0.2886932285080378
0.9066701584955635
0.7318230536596669
1.2519913926991504
0.8924463393864005
1.429971065763371
0.8297279242007274
0.4756284107599665
1.2200343387565125
1.6144190394076632
0.3844573308778018
1.1521110340597243
1.1741784428402684
1.499670605993256
0.41254379445017036
0.6576857831806902
1.5813175614403605
0.5432362422201098
1.4543713744934053
0.605536583569629
0.8754761467928815
0.8708190474518233
1.5402769339979763
0.9074694723323434
1.363100422811734
0.2700205959552929
0.534977339833675
2.078069887919095
1.0657248408057982
0.542492423095705
1.0122742751561682
0.5463920261473658
2.3376910384490164
0.3653350524234243
0.8698837260140572
0.1304474912493951
0.9678962598342422
1.606350769295036
1.2061119856215585
0.2079726236549059
1.3869077783005295
1.6709611713283192
1.0029984950583737
0.3164171194081622
1.5626999822172574
0.4593052074257417
0.6392887745901856
1.8441581360334047
0.9667407348232868
0.6934708564473613
1.4472995385240344
0.6887335140950516
0.784431556873747
1.0600594515869806
1.4471963252627467
1.0415125177941218
0.8961620399961338
0.24454176771190497
1.6037343455645803
0.8979708991830776
1.235648195821561
0.4899373729546581
1.1567007955529027
0.8201195473429499
1.6197510253148852
0.18217274472153214
1.1671721219959388
1.3982158904696778
0.754163875538672
1.43331412983909
0.704166480758771
0.5766500146841512
1.4999933610905338
1.1152765752376295
0.5035562312777394
1.5417955071522707
0.2957504140742055
1.7307093531032205
0.83505752146193
0.8051586895046227
0.8137979429184333
1.018620995332194
1.2396468964870764
1.018997638123012
0.5637259540354532
1.4481771574342164
1.0422420399235535
0.7222677889342058
1.4401302799223978
0.699889407460923
1.019112504313151
0.7615786429023202
1.2765167349033955
1.0076792081805017
0.7697698794621989
2.000152406417866
0.34717778076297007
0.21058164548142672
2.5684940573398656
0.3569133865383952
0.8756267110437506
1.3995584236768075
1.1286037997843958
0.40465435120827264
1.248899279619132
1.2077315139755809
1.2801760392101538
0.7982379804288605
0.7841983306974482
0.6968792256811895
1.3776738712952383
0.7164385091659843
0.8657316766056886
0.8555464558596984
1.985520934869823
0.38065573699769806
0.913421619972784
1.2427196753012424
0.7979052900202577
1.3506887738677398
0.9548759455598074
0.8872063610871239
0.6605975743032378
0.731608277720936
2.245718071395495
0.8830479715233814
0.07533836874889695
1.974883146019303
0.2932444550206065
0.9848768973777969
1.039271497270195
1.8873774345700252
0.33280614957192195
0.5778247867667243
1.3333483071909873
1.7857239883242202
0.25457719463985
1.0035845453133394
0.5395640601295554
2.399872729264916
0.3665956637460743
0.4742564645471712
1.6191108043171705
1.0450403414954763
0.49015554809977063
1.2033927743811852
1.3314730268797017
0.9495427800004762
1.0616430329458693
0.7912245321021393
0.7382017133315762
1.6074488625277463
1.0352497914143437
0.5979513708908447
0.44578864511761107
2.556469784087434
0.2425077617948526
1.0522547463707097
0.3249689591792102
1.035060035454506
0.7466511930038121
1.721645404547029
1.1982865369818794
0.2788485270138965
1.383199970181794
1.1358191740039667
0.863091211208733
0.9291057022564977
1.0160833109274605
1.3581809372394702
0.634865171668552
0.7427872892404629
1.365812798049523
1.3402039342514906
0.5724650210406662
0.8856075428793683
1.3404216972144882
1.1535815322218268
0.5607238286054123
1.491575408055841
1.0489501264947858
0.3940431867576837
1.2506008747048134
0.46036446121349905
2.13282092195501
0.9699517639413073
0.3054983863096311
1.080419053010207
0.39113113658671717
1.1647554377959628
1.7172059467791851
1.0248022251756261
0.18738458068052916
1.7183088631682886
0.8858608482194298
0.8844926907362658
1.6526049759095984
0.7382916269093095
0.36506710807620396
1.0571246214684633
1.3711036269627843
0.7335643697022918
1.5804218436868518
0.5360248340300493
0.7831330655249158
1.76653097005769
0.863363665919518
0.9082431926850695
0.42006455003003146
1.121129990633215
1.071652214775888
0.9945693715892404
1.4556095890894694
0.9850031680924232
0.30563656261116523
1.4363920409246993
0.22099891349925907
1.7107198248032787
1.0043548165691427
0.9384538327686034
0.8015736478870557
1.1232109923129743
0.33691265143920057
2.165993175240281
0.3199696308695254
0.8971335559099298
1.6885167955487523
0.6095223012724277
0.6322506710273448
1.8297361406864014
0.3309442378164721
1.0812581130998402
2.144703583200533
0.3830793803016391
0.8785681371246956
1.2208021412876087
0.07580993945831048
1.4880166780954054
1.7202178508743278
1.2064187093939105
0.21381634578473305
0.35269251761722076
1.5918974035163993
0.8814275802868323
1.3927896351182958
0.812515387894451
0.9531431946528879
1.52781697419383
0.14988224684750315
1.0715625475647022
2.4343500502760094
0.14492065361284265
0.6787530691010664
1.8391863858855029
0.7388256957181119
1.3298023259800333
0.10968449758930507
1.254238500292616
1.7223604713436818
1.0713790614174077
0.5821978897342555
0.4983072479472256
0.8115846744435177
1.7479448621608171
1.069847929518817
0.9230673125015801
0.11810925494958778
1.9637793440042113
0.6793423442939694
0.8966799094256505
0.9770449017522469
0.9462311474257783
1.60235302435793
0.0859844241970892
1.5297334481135423
1.6389948152913154
0.5365809443659388
0.5831762673860309
1.531132169243578
0.8155781822585222
1.0094385562742765
1.3352377548157706
0.48272318155174726
1.2531200421219157
1.4085207660527435
0.8883323571432798
0.7562767149628851
0.7035714156814498
1.2901146166334003
1.0536940548265816
0.8936195329359806
0.6508441715618601
1.2352238019457549
1.242416154199571
1.3921060244311445
0.4542190222959331
0.41335017466973917
1.5822456589896339
1.4887758546172503
0.6292345059624549
1.082974221720186
0.4063797272152191
2.081769526402898
0.20668757756307707
0.7612042753689637
0.812567977506667
2.110686567102466
0.47250536122207515
0.6893596699450105
1.5888635830341984
0.8151138593335504
1.0706949771090937
0.840821391951523
0.7559253521795666
1.5561745144427492
0.0032496539262777736
2.187842585835515
0.4901667470033002
0.7809125831727375
0.5209024597928189
1.5412710218066374
0.02092397239805435
2.181474526800141
1.1073728439091695
0.47577434427031556
0.10508251519236014
2.9109294844358606
0.9670568289575919
0.17769592354719146
0.4215809063669746
1.97473694718473
1.0766856737087254
1.0642748544673275
0.6972889957655974
1.3815613249318603
0.42363345074630215
0.6151187235522139
1.9556564642254723
0.14669354057004177
1.990472762135332
0.3653115103352421
0.8861448307552124
0.6379423852008521
0.6777024120100382
1.0356627404084802
1.2460152564419733
1.3084554243965238
1.529961947262849
0.1533745087602978
0.13833809077804948
3.0198484935498673
0.7605300880731158
0.16029084882850667
1.8408276742141199
1.1737132063173277
1.0318530154141956
0.6376812737055196
1.6423973053138567
0.11326269028332889
0.5556790041195996
2.2997232096663294
0.1838297904617472
1.8422660739492267
0.9395340559148312
0.14537092624612175
0.8384260828602872
1.491835252763398
0.2881359262103055
1.9856586089088948
0.5962735246513597
0.910392851571317
0.3577669644786489
2.360068481129884
0.7440601681145796
0.01492984237313504
1.90108273780095
1.2840524142290248
1.023255067656775
0.5495679713813866
1.692103946776601
0.15799868848128762
0.3951432734559076
2.5218324132492635
0.1962319725952757
1.646818473368726
0.9371743808898778
0.3014722688949857
0.6338478760186292
1.629540711865476
0.6021744462874461
1.050465214073829
1.5568090284212728
0.8256654981311804
0.46556082168398183
2.2830789115640155
0.621212576189523
0.12252582653469202
1.8211322718239615
1.3816720509584406
1.0218319535690892
0.45030535852457926
1.648879186612798
0.4179464576570232
0.1536802187823786
2.6525936711213975
0.30542626740265977
1.3190135917197074
0.8984502805555268
0.8977226690380711
0.010170034265507732
0.9592533550556771
1.277622973151671
1.6945837409254458
0.6526930175517328
0.5592757534302345
2.178138899787814
0.5112079768754381
0.2785342014351967
1.7015829067670436
1.538690484522421
0.9513792270551076
0.3651346534949523
1.5793949957434108
0.6309067501267998
0.17043714379822747
2.5692161229255843
0.6733877340542131
0.9006176832303644
0.795945193627323
1.0725252018551616
0.8193446695293931
0.03505246270803831
2.639275122283607
0.82484723756965
0.5254166432412982
0.8284868193505746
2.055642628570968
0.4272261439000091
0.4808254008426649
1.5255705655053644
1.8060453550398177
0.7526787066055936
0.3022500199431978
1.4401224928217122
0.7434673119216876
0.5559296704000434
2.103857285995347
1.3974263567079128
0.12730515330203473
1.0127070469418638
0.799167384986969
0.6150354570769835
1.2366264202833654
2.0686063471824236
0.34935144908923027
0.7028535524368575
1.9219508084707413
0.36304148760760335
0.7397268777090698
1.2647954244195947
2.2160691730287625
0.3535181123938616
0.25876944250565165
1.2911078756388341
0.9115276708626026
1.1328539489130482
1.1350717372584205
1.3636046725860358
1.1212226200565458
0.27947330934318515
0.13420263143173977
0.6175012162554737
3.109105460709602
0.8708745101648774
0.10591994769264881
1.009375305778679
1.7893953814836916
0.310367851411763
1.093579729099937
0.8660494011462426
2.414458811972941
0.24448813825094623
0.10739853668256255
0.9246091704759903
1.2182901454760495
1.921492357408177
0.225419929920686
1.3445557077352295
1.7059289208908472
0.04589676496145915
0.4395362421016253
0.8424026329478739
3.0782982492230624
0.22443894107051157
0.35479648826881016
1.5800918286042624
0.27416384344799927
1.6162607425170903
0.41793171211292685
1.9820097098016138
0.29975125386727697
0.8380318771703094
0.21912335804430982
1.0982839693567428
2.2222253571561312
0.8766918655023439
0.32749271190172446
1.757658041570924
0.5683463638805132
0.011315229374675153
2.437013585098796
1.6305075052990181
0.4358489651603054
0.3043019859570109
1.187357118662163
0.22163131301497505
2.243147137418167
0.11829086568193278
1.6711630569431373
0.33873146974493806
0.7569889876536438
1.5034728557100348
0.3404288164523499
1.5378156455993623
1.5021299327368514
0.924675570116193
0.3441921272915548
0.24910269425677936
0.560275388237826
3.1350126385842456
0.25886329949863857
0.9029135969385268
0.4626529740354764
0.13176989398357283
2.845434997745918
0.7188026029627409
0.8381291742169689
0.4064643240941602
0.6609330770627097
2.459420399497601
0.4013823383093314
0.7174465416534396
1.9250675168890439
0.6604560024240576
0.6551680146726611
1.107076483485934
0.13323810692859903
2.5491833894191536
0.017345618413011295
1.55005902928721
0.09521222778436544
0.20389269167138013
3.188432556994133
1.2473815456813973
0.12842315310275312
0.3950529045074105
0.5460141120671429
2.787499424697954
0.5765191413677799
0.5984804981227358
1.5892662996513565
0.38895641898399
0.45916191127967504
1.7689566441023616
1.7998954512025163
0.29659013449272087
1.1462958226262552
0.1150760233637824
0.9838094167250924
2.4366696557559564
0.720717418467035
0.7356568321847737
0.30460782345298726
0.41416204861336664
2.6403869317297337
0.054294754970317445
1.8360701757102456
0.086620429229591
0.19206484971796428
0.4586503395024938
2.496307216814861
1.0923190560652702
0.6732583601591446
0.7102863640026486
0.19522677492480106
1.9372128324481235
1.8936290566465979
0.21044644317297392
0.9330587107685385
0.14614970389127668
1.6360681775054067
1.4252948468497457
0.7718126691322866
1.3296672571302386
0.24771377373220496
0.37024932762271
3.040733177183
0.2399708353569803
1.1101019896970135
0.2476028042876386
0.30770886847406503
2.9045814144248383
1.012049642026666
0.3869057487346333
0.6721070953905429
0.12877858354152966
2.6829664169774206
0.0040394381707464806
1.518880630713088
0.4351975855177243
0.5519701915332509
0.1276896490398228
2.986117157617569
0.7306993738492004
0.6678219812293431
0.20496911413970764
0.2775928674348478
3.506660448645537
0.10447481175183551
0.9324131529232184
0.09856276046541067
0.2816133971732059
2.2765768438043934
1.677631284146582
0.5976131276324166
0.24419981496203574
0.14200817178372316
2.8317323469452793
1.4230920101859628
0.28920060859298446
0.35010943839970093
0.05406635921349428
3.257755629196649
1.1952830998375776
0.10263553568861322
0.5819395439268288
0.018123576496699025
1.8302139272676026
1.732478474812205
1.003683902599169
0.38976895843260473
0.007047525239406812
2.245195682582105
1.4936321801284544
0.8503222987042266
0.35910846437946264
0.027395915702956884
2.5436411669526704
1.2930498881996257
0.6301325962916914
0.36710660042284654
1.0026707506811614
1.7524752788063287
1.1369811698195578
0.6679627804892956
0.408058091096785
1.2808240805284021
1.5518481403776774
1.0309139296134553
0.6835108688722269
0.4696200667039664
1.4140239336488165
1.392455113037471
1.0522848146483652
0.7357621121167591
0.17069435512927558
1.7845793112934418
1.280072165155125
0.9589848564965141
0.8143929682143871
0.2936136325838543
1.6216857962949902
1.1531675400869652
0.7826916849285614
0.9519007538040559
1.407593134211508
1.2265650631901777
0.42582430475500443
0.6888896897730941
1.1474171167293423
1.4374183297545677
1.2561454552653417
0.5129066416750128
0.7046284540677707
1.0111129091727178
1.448499739840609
1.1392531956831295
0.3773518226754183
1.6614339884521747
1.3811198380559204
0.08486530473919814
1.4828486968895627
0.34747901661620667
1.6318173417990103
1.3879147043792062
0.07861091117471515
1.3412227424304335
1.6129233325470826
1.093357206024143
0.19021673158188143
1.5719356203477586
1.1533890848833646
0.596639168908203
1.383370462595813
0.4557359788843563
1.3615460549461011
1.1539799215667057
0.5729599710857931
1.0085521509154032
1.6220754264683603
0.8633478929079941
0.8199553642886461
1.0109833981051422
0.8709829468236877
0.9689298619703863
0.7978781245255954
1.6187090608193029
0.6806169263344394
0.9708157388873591
0.6317113006080645
1.6300716857911068
0.5849535576259302
1.5216327212671472
0.46111270238483043
0.5717985551133132
1.5780060950328532
0.42839103827886615
1.6250502263106736
0.4101853567920078
1.3838076224332339
0.20181391543062555
1.6548867104017608
0.23490377286274533
1.545384754510031
0.24561463571703046
1.5691641669410739
0.007551669632121905
1.6964525778480408
0.07642262938773393
1.6158326827178833
0.28376372087656104
1.4922886483131725
0.15882104226279414
1.6184435416395198
0.06112204653276584
1.6700959202940453
0.442391905723971
1.3215001696494317
0.19987200782627576
1.5362425011627419
1.6046901860318352
0.3970909771047564
1.2077433251354501
0.337948218518606
1.6699108746663895
0.8348129069707849
0.9230669165981439
0.4695915991300119
1.433547520068391
1.5143305951430692
0.704894035600572
0.8387435347078931
0.5211725894485277
1.4196652263809475
1.3484097080996857
0.5870563143995116
1.1074799773854413
1.4188950435624512
1.0299335576790576
0.4480724077214188
0.782796829367336
1.3182694206036973
1.2182804385380832
0.8353904062371706
0.9479136553605106
1.0881388697923176
1.134055194499285
0.838529172819486
0.9494511296039739
1.0916136027910999
1.106113485676731
0.8595331092262664
0.9552557985035968
1.0943839443984578
1.0881159285152175
0.7126735189779969
0.8251896679522442
1.8148116992217356
0.6994516286141813
0.8147072952498651
1.3602108107051827
0.6149146967457242
0.7401772696577
2.0181088214811473
0.5523819726558357
0.6518205609893625
1.5559357727975
0.5701575772562766
1.7413105719617823
0.4798104987568968
0.5913623037962383
1.5262009877269567
0.4547139472823026
1.6648951323221757
0.48052027444143947
1.2255120814096065
0.3967534393849384
1.5804760277850403
0.29956960474943206
1.4591325609775603
1.501624418293463
0.20089699134376668
1.140522716424755
