0.5421730618494555
0.5672375900832983
1.9335156273236054
0.735875471122973
0.7199198052375962
0.9642696893289076
1.3427587113827018
0.863419227794151
0.8994895735772401
1.1581652951252686
1.2067274067050275
0.4679941621895923
1.0552530423680189
1.109792951902195
1.1491730810117975
1.2750082954097437
0.6486584725304719
0.9623485646618928
0.39751773538876767
1.224539176479087
1.3391135081896597
1.2758343237139753
0.6932195900887815
0.9367786683788322
0.6272722419315002
1.463576879023531
0.1781113139416968
1.4279953784317725
1.6073207597352028
0.732126841890479
0.8902457362513061
0.679694980041538
1.419639915137577
0.3077664401095009
1.667782476538121
0.05766251805789885
1.6175916462055178
1.0725570720790023
0.8604079786988179
0.7247326517238792
1.3792706058853035
0.35629513067310215
1.6675245868339876
0.024544342015290047
1.9904921761968328
0.42783047384389994
0.7367768343415082
1.2158358683178514
0.8229711125376643
1.3469153957621658
0.39747976680157376
1.657068717030822
0.012547978068163336
2.0077142957454535
0.3915893960556081
0.7864892798901052
1.8134309833818205
0.8188185793819781
0.11578492086629835
1.6331281924786976
0.5010368113262252
1.6309722014641883
0.044306596989236245
2.0123585146033363
0.3577219395337174
0.8039180378427062
1.8287076411274334
0.7868998221994161
0.15901167375202804
2.299712703071045
0.5304784877260587
0.7211100472335538
1.518416366224908
0.07611845878106088
2.281512239851544
0.3294675230908955
0.7820840001427674
1.9147873224978584
0.759408159468102
0.16950571767326061
2.3249152357203755
0.5387453649078342
0.6864918367961103
1.8909287386922686
0.10087100960257245
1.5963369313542715
1.3852266122440444
0.3138409333006586
0.9498368948153822
2.091190745186286
0.7370327020486215
0.14053605403128122
2.389520328888224
0.5272929937945251
0.6727562708202965
1.9125703307071988
0.10791569765814546
1.5718215154369093
1.4761754759124663
0.32267981183597194
0.9281203459067554
1.8971612660102484
0.5755433612178106
0.8343015160195737
0.08986814223189414
2.5035924711635418
0.4911817903375998
0.6843919653306894
1.929328020222252
0.09983998600688623
1.5671614554849704
1.5927323806359328
0.3184459127131569
0.616413739565287
2.274407128790877
0.6073996503417262
0.7190473403730522
0.0843601894286635
3.2009575513982385
0.528853154610839
0.07422432180913188
1.2440643497825494
2.102982229499484
0.07421518696794939
1.5861952564518713
1.7505310234665183
0.32534957805712783
0.19151515426267252
2.908242517082377
0.6113208490264193
0.4822450268532669
0.35800200129256454
3.279248745363691
0.45563468106061883
0.030143066756851956
1.3841951402854737
2.376304395393412
0.04637699132710254
1.1776126767431911
0.9319053438548803
1.8175771839583026
0.0908274802491933
0.3613616388669986
3.395648980377327
0.5472824457952215
0.21976344845249995
0.7750716117076292
3.2584744622076203
0.22288649748339182
0.19196067313591364
1.3858316937245363
2.195404509569755
0.0919690999711232
1.3546570959972768
0.9340794369767791
1.03899469629272
0.5608173158960841
0.5646823030844303
2.955905798759225
0.37044085988116954
0.3749964799412949
0.1811865544860892
1.1975104952766382
3.014253209850058
0.09307563566917335
0.372736107022793
1.3472309599707732
1.943814952676587
0.2360825402306442
1.6345622821754358
0.8549482272016982
0.03928894396433031
1.3135330495662174
0.6974506685403161
2.5915102893250923
0.06496198842448496
0.3042728226716854
0.5121627306096488
1.1983426542947877
2.4008035826236696
0.5070931784612861
0.604701680665756
0.19246678537330467
1.1715232326886158
2.059480879093707
0.5173437915912426
1.1943518133422495
0.5585812781907156
0.8014324523686251
1.2592157257648644
0.7431048301753459
1.7673636088279785
1.1067445405918033
0.28246872715959304
0.38471817853417073
1.3030099808357591
1.8499292948920905
1.0174525991642167
0.6654188320160098
0.22004543560511944
1.1523115549900131
2.2281476074550928
0.7230041325542083
0.1411025746662026
2.575220252932143
0.8939015100499523
0.06717346050187774
1.472165842795825
1.0549303543276691
0.7731570777114258
2.311428152892778
0.2643342883267491
0.2249934986241711
1.4595346146456316
1.154204556941199
1.614796634245555
0.7491790110400393
0.26895653519901813
1.5020464150023873
1.1206972585723403
0.3611260491088821
1.328695117370441
2.1198966859372663
0.7615627456996679
0.007399587166995204
1.32290772310307
0.9592314684326775
0.39326991298912145
3.1831448670763636
0.2723265502542721
0.02887611123132051
2.0413856655957345
0.7879215640667511
0.2994158271474728
2.74773132129359
1.0557635033147463
0.23763281602434888
0.1398131990520556
1.2080389977221588
0.5268936150756564
1.6331206059477477
1.8197602708957494
0.7563759385555341
0.09192473844539571
0.04624197891346239
0.392909604943819
1.6274743155592222
2.791549156260306
0.026795034485175725
0.30745504964109027
2.176105366849142
0.2162608893217595
0.7107785592381838
2.111072459505525
0.874544158728327
1.0805282928065232
0.5821632995925395
0.9670639969210109
0.34881483776664607
0.919614437503364
1.7412338351341774
1.1513210893622159
0.9771996320570734
0.9351785749176487
0.2471873639049934
0.11528724280097759
1.8653899595473773
2.3551536262962767
0.544530271486139
0.06059954303110909
0.7037253424579223
2.73545456167956
0.17401909821234393
0.3401819687389731
2.929807529226371
1.3401080320552599
0.04064146881557203
0.63361418958061
1.3319095047963254
1.3181912663337503
0.7288264103318244
0.7347053469792608
2.2912676985786047
0.2575398584053708
0.7465706327612248
0.2789266083595672
2.445486645389885
0.5117203727959235
0.6524014485645439
1.7581990952284496
0.641979968819297
0.8996774522090862
0.6391355144081903
1.2151270376524628
0.42117817453145906
1.8837337987009495
0.8307498854418495
1.1371624146662371
0.8639499715574506
0.31002812240399474
0.7485930525598746
1.2774151348991158
1.046161528222982
1.2719661573975958
1.1826303666706892
0.9980379451622216
0.3719716121996016
0.761362512825194
1.9200359007501975
0.3338188177536647
0.7624434204464495
1.6006388930786493
1.3242637201953589
0.5386401175377009
1.5128129721628671
0.30149103247562614
0.8399633164505287
2.5396947656056095
0.5777924721224855
0.03400351793842555
2.1798700737942056
0.8453721116150748
0.7478683698617942
1.5694461836129847
0.48987047709678944
1.0979833270912904
0.591821787347915
2.047137842692112
0.4068394419112584
0.7057401922156928
0.4874353802316497
1.7779426872590247
1.0606219681228162
0.35509873168875083
2.4762209910140287
0.36893968437939034
0.3899346215023331
2.9660149823674287
0.030061440873936862
0.2316773168979376
2.1565456267067624
1.0072809793170634
1.2253484888323487
1.0618326742712252
0.13339080501206382
0.9343581095934399
0.7259465965285349
1.5743587370493914
0.63051396984972
0.8891874691769466
2.222203036253324
0.3103703664135503
0.8565035284523772
0.7653889749512592
0.9113912491687791
1.8660564359388765
0.5343009739821082
0.35340756613921565
2.786434209086623
0.13189259301790515
0.8949292209661849
1.6429002939413349
0.45058487749419446
1.0218512653111158
0.46029752884936115
2.304950389396453
0.46444146749022214
0.6352384316605812
1.7835566133960237
0.6012608318761329
0.623254070784338
1.303593576504109
0.3031500452858887
2.430825456123835
0.5231762122942026
0.7393585476877176
0.4132398828892202
0.7627452899133325
0.6628855551536972
1.7753682640330142
1.4861196987640308
0.1972745289074678
1.0573352014070434
1.5075201846699542
1.0247023298620588
0.7848308684246498
1.7713894961479593
0.24032586169463643
0.08851752866208655
0.9675631750049306
3.211854922299356
0.26849059013674104
0.36627436824298865
2.236085143590989
0.7302603378468067
0.35843691269665856
1.5329199932790274
0.42929109796782483
1.5318523030808717
1.494921479938961
0.8942485944157228
0.4627180922128521
0.28598447486674167
1.3206716293628296
0.3744639058543791
1.4376322143617508
1.7123195745768922
0.38344410175001714
1.2772797795117683
0.6084760130907331
1.1785663348177444
2.1669808765763525
0.2859786193491507
0.01527072280877145
0.860985741848177
1.445650821625501
1.9856863971976233
0.1295143225024863
1.160746891218655
1.4049402442027341
0.5146743783036499
1.1750830113732522
0.6613478758198745
1.0055183175042668
1.3188074556836349
1.1225965704153182
0.7996670957027789
1.3757174882770422
0.9126151634543465
0.1350191441262765
1.3351915354685
0.8445847295995459
1.57178276754921
1.1297251605232577
0.20504229323192738
1.3506488846580893
1.4074114068827017
0.8042404673531929
1.7030536810622745
0.34030361297770834
0.10785811332622164
0.9070128173383628
1.378997099349403
1.5620822782215902
0.9511519410935991
0.25268204217973034
1.62534375597035
0.6028749200414499
1.1169383375194335
1.7057698435222888
0.3084431082432619
1.3589615998085196
0.6250595198060067
0.6388565937306921
1.9756930193889213
1.2616769738134301
0.11267834345851657
0.9230456986703462
0.7766291885162787
2.318784695143022
0.9235965035789122
0.009360183024340161
1.1005577896845242
1.511502672858968
1.1439499157248223
0.5406184198751988
1.262037276814522
1.5332845132438564
0.7917220456929382
0.1984693332759176
0.8112498990483601
2.8971109665090022
0.7358495995052956
0.05665481696073987
1.4640856373777948
1.1416040675095815
1.02712937644177
0.901348810140953
1.2200997900386832
0.9520586390879412
1.2068573256798383
0.07098340242547987
1.1496313089241907
0.73636112129871
2.1470581384715346
0.16490215674499045
0.8709514999962507
0.6228794816096989
1.6335483117311154
1.6138912758187836
0.26769845126978115
0.6853367118215892
2.413902475015858
0.7042016777000603
0.4637017072251026
0.2948955006442341
2.060048901818948
1.303294846006007
0.25723226829313833
1.1161596692276756
1.5596115116955862
1.5975333253898059
0.1312940646148903
0.4618527730778841
1.824803596972608
1.2279500628080242
0.9761099057848869
0.9511655298506453
0.1729935802861259
1.3506408424596923
1.1527606992183155
1.1311772822002917
0.3347806621932407
1.8451908405312796
1.6943663799822997
0.1295879021133192
0.5847002543667831
0.9300623147938701
1.1452865708726072
1.549280244554797
0.49735140266390626
1.2000202561603495
0.9626956664060116
1.0859435240299355
1.451926390117155
0.09937131678417767
1.3219338071364783
0.36304107514989364
2.3258211001860536
0.5158985190761308
0.04468761834210771
1.9829444532684404
1.0069662037335974
0.6629522705208623
1.9601347558660414
0.1076431990367007
1.0491913835046185
2.1602988538937744
0.3470464231582373
0.7630225707151101
1.6507012558576861
0.8655515221875903
0.7054293231188011
1.8372979301900936
0.2418361653727138
0.7929873785568596
1.8607477380822997
0.5035677819488527
1.3217442351342126
0.656068871815848
1.4272907390021623
0.55790094700097
0.34667440897819934
3.1497097675916983
0.13244099861226158
0.595171435504131
1.3792548285043873
0.5484323183370907
1.41238308449605
1.338352235503198
0.5760065376314203
0.63842801673524
2.3524583307133446
0.6686435817807891
0.4274177443094911
0.6520805396506388
0.680048455438094
2.4765107604088894
0.7717273799848569
0.20666544282471133
1.6560662405594737
1.583160046151486
0.6467574177231131
0.9528296138934635
0.5208085090400637
0.8397047285970085
0.8393408894573245
2.3656060887392703
0.5912338140654386
0.15274827371239794
1.2888867649347395
0.3271696780185492
2.3146546355077597
0.9231697467395135
0.21680448454826576
1.506983556455967
0.6853880248490508
1.0985129015972352
1.7857174481512752
0.6863353182784089
0.19902383764088208
2.000560053717307
0.30945807126180347
1.5125538372701295
0.917751265467321
0.7028014131772412
0.9551006666749873
0.8986355157895005
2.29476363359257
0.18166572140921391
0.08107524467077695
2.905229070032504
0.6251676728890924
0.7618115476944057
1.0800142095621643
0.7507561087015088
1.4667492115236116
0.900379881438401
1.1292833795323443
0.43087271436590346
1.3456327465984514
1.3199639309487226
0.5406572842479075
0.8828328076099501
0.8493211738294044
1.6229302471793645
0.03277138697948141
1.5290195457500002
0.3422119113008628
1.8445472659982407
0.6107070721191586
1.1509326267997357
0.6946451156831855
0.30736485033062966
1.6456985289947894
2.010590687894246
0.17098781545867858
0.9690520489817009
1.7465649932027387
0.01684432377747233
1.837623515117191
1.2109219495440833
0.2131615054980928
1.206123758783358
2.332476938982573
0.5987918314120018
0.47001180929677194
0.3456503219967247
0.6108123286299074
1.3396252589376478
1.8290917414253678
0.5825639997277406
1.0097769221215147
0.6517296017206807
0.9573819369243515
2.726255715685073
0.03575430474829254
0.027697691289581237
3.188896863808291
1.0976290842107117
0.2279239423211901
0.9872312825160104
1.3712757947695717
0.798898074268383
0.6025998759545079
1.7932555806923158
1.1506283792860035
0.4840600029820224
1.7573688964054208
0.16111355735856936
0.9269116709749681
1.1315517585422348
1.111422827574996
1.421398252760566
0.351198246293244
1.5283264238408862
1.3986063452404867
0.11726044143544294
1.044088896579085
1.3484093261215617
0.8502639045881943
1.009619666673398
0.9392521521895292
1.6510088339341584
0.6745523018413858
0.6017263501110418
0.5399267472972928
1.0921807906847676
2.048358552420789
0.9047046958859303
0.45393745444533423
0.6858112307551378
1.2132630981295307
1.3984045707895383
1.1317336940765559
0.692494272474296
0.6535017389874563
1.4645058624608855
1.0157641180650123
0.9958673844550833
0.812648545060659
0.45408941890256305
0.8840470376910773
1.8480098603441633
0.9471584842117429
1.0505238829381216
0.33407695161549855
1.0686461732396897
1.6238379458786494
0.9929983170914668
0.2512291541395883
1.703226990464971
1.6019779541250458
0.2545710532878064
1.23057640082783
0.9946795637334155
1.0974843225665303
0.13850452593907897
1.895406370199408
0.8665250981483738
0.4260928560388273
2.0012828815206203
0.9029820595311964
0.8389741592191109
0.521505501993592
1.1767737473791218
1.6159290191037357
0.39516872129821423
1.1038425143692798
1.2525729151148195
0.30406642692527247
1.9927245131921971
0.5921287978721045
1.2313823368345669
0.7783574822846481
0.7601593243258958
0.03721885942577507
2.377458397752225
0.8606466719971291
0.5328764382257615
0.5062403791651755
1.621750313719669
0.8829666564468771
1.0853328755260088
0.7088001067658002
1.644258369683582
0.5685451642025933
0.8323715581384313
1.6305096300292754
0.5210431003493116
0.7947184890270201
1.4021953353953436
1.5534433532736478
0.6643167402096052
0.6984393867753049
0.558792105878457
1.7767181267203997
0.5371755555764103
1.2226714661414082
0.9573901367044132
0.2476081069271312
1.9563870005313002
0.7802297281437066
1.2363870005926203
0.4409507751672887
0.7251608458451804
1.4140495171300642
1.1068944587121965
1.023733713279382
1.1545950934944742
0.3328115627131354
1.9110034600922647
0.43348616976368043
0.4988948341392379
2.5838347749324018
0.13716552549682098
1.2656477287448555
0.8212482496373797
0.6334315949357766
0.8254880842825327
1.5159725857187398
1.2453368955451463
0.7689419613021623
0.7852224479978006
0.5502520565434513
0.9394140907381026
1.8896130340022952
0.7040691312555772
0.7526560039631411
1.6560728424909612
0.5746632198015855
0.627545960454464
2.2039954118306517
0.9212724262798079
0.47071308619495666
1.0428104764096962
0.14915472476282973
1.4892439663079449
1.1060674365558905
0.9036778598293663
1.7953940743845493
0.5038481098217565
0.24910389218057422
1.3738621472990475
1.4260207772689895
0.6812078015225561
1.396770434501412
0.5048123648379647
0.9839505897792343
0.950654724302648
1.574706996880131
0.9441956037765425
0.7165554814839726
0.46916004000399325
2.1449578159664413
0.539021182903773
0.7152391613360968
1.0993146276124943
1.4833243997001722
1.2422482526957206
0.28446140407767506
0.7604222674535381
0.7498516866411556
1.0982960551190737
1.5803188985165788
0.22452158185168045
1.9214686954790148
1.005906698952725
0.3305005917382053
1.43090867942783
0.21253556312467684
1.490826400840235
1.3362006570299585
0.7338191144097241
0.8933082256850859
1.4293292666751451
0.8572280340687568
0.5619983691229613
2.204334281724399
0.624493523788446
0.118927582989091
2.139208763905963
1.1516664200006532
0.5875417331083538
0.6853598804859343
1.138714811386829
1.5633907266452818
0.8280592377569352
0.7089639023171561
0.7705828723768654
1.1265192172650142
1.366658943325977
0.7548767888568579
1.4646359806391054
0.6604912997892379
0.49634703842144073
1.7482899932797744
1.449356727604841
0.11776465395426888
1.24214478815578
1.4364002403908314
0.8043577352785871
1.6703176683900682
0.42248486564320453
0.17438549357982813
1.284564195953475
0.44480992042414247
2.14825001513508
0.5903571152973712
0.6937982245515067
0.9546459031762269
0.7917524745349147
1.8990867204281447
0.7310712171997954
0.2751248307249392
2.0579723057537014
0.7934291164719992
1.331104006534754
0.3760929333649832
0.4627266545114378
1.151940776572443
0.6407091083914026
1.893435296432721
0.14617522912857814
1.8964217325638304
0.5821200267662406
0.27162673138099847
1.6342237391311683
1.1536098851812884
0.42573970938584854
2.268314023526361
0.5198352995744049
0.40307277016698173
1.0889809405333513
1.1860402481690326
0.45040410785044444
2.048872352423041
0.7431865714839517
0.8568596336485059
1.5192674815572638
0.20217659632535573
0.5456962185629015
0.8251528756768236
2.2374862657264454
0.6499978939748814
0.3389233260978798
2.2062506433170626
0.3703661105776287
1.498383701422991
0.17297344908816012
0.7054929060356071
1.9572695216675409
0.6317125301045331
0.7810016989889814
1.9919368930864632
0.3252461943202421
0.8356027519137884
0.9521799862711171
1.0970316287794013
1.2897644290012562
1.5536471579269586
0.27405368769187755
0.6669279215156225
0.8605262412609115
1.8104874514090585
0.5084316271428858
0.9018913201713353
0.5919855913782026
2.236429190967673
0.1358403619841901
1.139086827273015
0.9590354126997568
1.1517460974810412
0.49486817876705613
0.6904773275705288
2.1229849594138614
0.6260433534372808
0.7324626298231708
1.26623192284545
0.7012672096732718
2.042771554307437
0.08269375774341427
0.8193921760692987
0.92931800217009
1.0263411786677386
1.2796766703901852
1.0761494838093344
0.7039011316849395
0.9142958185197517
1.6936153753791687
0.6687350021168998
0.9912813571708119
1.2878453346737626
0.12523387122419696
1.6551032444963414
0.6019553483308588
1.1308511472407363
0.9301473472792188
0.8716490203288898
1.3353886659126997
0.5127848239880242
1.6657548500881187
0.778107041920344
0.8873664995674506
1.5546078548956788
0.3453411854513088
0.43022114850863535
0.8727952048558003
2.874398673946242
0.07364338467915367
0.7063339287756574
1.4397607926443476
0.9591637829279229
1.4401713885211491
0.13330774172231488
1.1219642943857642
2.078247752645149
0.3409517000332765
0.9166388438705937
1.1061911412393566
1.0100197353685099
0.911132375765825
0.7107685890083717
1.7774843947969936
0.44262195353772593
1.4568264310773804
1.197401813834283
0.5281641107191546
0.19995203067945064
0.807992785564164
1.5100515509338246
1.5803545796686485
0.22419314048553654
1.5077813244461338
1.1300572940889446
1.0614911243644443
0.5861293168430162
0.38204501960262477
1.061216929544367
1.8697720185381432
1.3318527759037804
0.44726929339548965
0.07686328472554046
1.7256653118718273
1.5219499203719946
0.21025442791377363
1.6035117831513628
0.49044880188049306
1.4696338107912312
0.6668686392886632
0.9974237906045713
0.5024305704992436
2.398096680791935
0.13137545864083913
0.6942590545879539
0.47596917766186325
1.2730165585947957
1.4456184665081726
1.0289293017317245
0.5956468647845705
1.4840960850259455
1.0635895930388888
0.46013722137027374
1.2917624580789209
1.2869988677507984
0.6623451528081498
0.9812906262909836
1.0496324207466052
1.1448648329543243
0.7668346883409275
1.511968902305853
0.8101795044487713
0.5054026785374665
0.4754272365572121
1.91899416213252
1.706375772275457
0.40341535383111515
0.44889492160755706
1.233385327426164
1.856787135804117
0.620314931057947
0.9134329013705534
0.5930059038771435
0.8412270697592406
1.15514640686183
1.566445661889536
0.29494622898507716
1.3358053423916698
0.5394075481267299
1.5731315747907437
0.8289568993030219
0.9890582946537665
1.2143371975792898
0.6958202257971984
0.628896638540809
0.861388470410532
1.5861601045387796
0.693312670529741
1.0944306560878356
0.6660152265557886
1.4907343201360383
0.2685387784740853
1.9807104212702793
0.7711858756061362
0.5347785152507386
0.7221100177365112
1.7101126536731508
0.9878177057125721
0.1964201927417841
1.9063934095071906
0.7357029617967685
1.4224885543809709
0.37182641090076796
0.47283862627853285
1.8813065735204182
0.9649043409386283
0.6695785619030981
2.4297613015900312
0.08919993666620142
0.038920611666799186
2.4122217666668537
0.6561270491841874
1.2092529014324171
0.37657933810913186
1.5491010323033951
1.5566371905048328
0.3836207564367098
0.7110354543355584
0.7735350663883329
1.7093592285101207
1.3305928159871958
0.28100642691623773
0.7943307589260112
1.7211213731308102
0.8388894613977209
1.314538358964319
0.6300512122794316
0.892649520388851
1.0049976148339907
1.004663425641179
1.0172566839828394
0.7572892476038683
0.8419561079117014
0.6959011605799085
1.9725824898370858
0.8026617871152519
0.675615425609314
1.3710876887543832
0.42143236019610514
1.6272550250153694
1.0780717683593224
0.6042691829012147
0.5638732491864706
1.4473133167448682
1.4922381091112507
0.9393971800280896
0.2527321786216186
1.7642487045500759
0.4280854394228564
1.1493979190302326
0.21837401149132862
2.0746509851902952
0.5794313283038289
0.7996883871384887
0.8163385176070563
1.474876884574373
1.3223550119125103
0.37773128593021416
0.9392874921016007
0.15389035216839028
2.2974652384649032
0.6101434868315181
0.8116749854922528
1.827272982755751
0.6702304640119094
0.30190467974993773
1.46490629927126
1.1889156705864785
1.371481756507828
0.35445982307380725
1.2673572327786917
0.6149909341897756
1.0236236747024285
1.0701835706121745
1.1667819237490098
1.58402405164432
0.25468717022845955
0.35984313073128543
1.6740059224191173
1.3810512094721181
0.960104503090751
0.5880260009908402
1.0803529324502474
1.6788369666218963
0.29447869129231763
1.008216891696928
1.7270860487002155
0.1963094262703393
1.661285021975769
1.062649310135412
0.5285895007239705
1.2773145633843437
0.57450335964903
1.6432492207605915
0.791998234293711
1.0149862991899783
0.6860429736281617
0.9612237794988717
0.7971695518808025
2.013004878450418
0.6492667741212994
0.19481587013667248
2.397340856545805
0.30768922731030746
0.6961425454127167
1.4775125640708946
0.8205122176016272
1.387831867796219
0.9944059039093183
0.46085055440118117
1.84311837665904
0.7120285492815985
0.48719474191963874
1.517094728224794
0.4037929155180489
1.4591815107446413
1.4586308451343506
0.6414464597406159
0.5834432018373398
1.4954147949648886
1.0885463932763844
0.9160113167012842
1.0930436264354046
1.0728176089322259
0.7616696427689704
0.5153010173913255
0.7577791414585981
2.0186357666472565
0.7037517663140046
0.7033401367290489
1.8541661383636847
1.0967713649640476
0.04718350407435646
0.8123865966972036
2.5358483178892395
0.9135462113625095
0.2529445600001665
1.8157926136052474
0.5977301749436106
0.6541245323441499
1.9314459643499788
0.22433731718468652
1.1606121134109442
1.2913218409823046
1.0452852924123532
0.6826450210849627
1.3807735929920253
1.12712745862304
0.6495524112494231
0.7244406909714115
0.8748523864556186
2.151381394652344
0.47530157651727295
0.4875908942309601
1.1338882037227938
1.268662657418492
0.9323289229286628
0.8465901850849585
1.393938969507473
1.7054691601289074
0.2728976702546368
0.26025488705800354
1.197174239480669
0.5208913216096269
1.7323674127373294
0.8463937356013191
0.9605345407762019
0.9280917867055859
0.7830503993914888
1.734816724844214
0.5315053558219238
1.1218245095990116
0.9376663265691692
0.9576867733186067
1.5059762408555966
0.16774584369340925
0.7448652618740148
2.2677738996645447
0.3027199474725008
1.511751247050054
1.2500551156702984
0.08360484874565907
0.8336442923110698
1.2902169559723655
1.3205374473460296
0.6770909900429053
1.0962260725484074
1.3963889027100709
0.8216734550930012
0.5395448533397988
1.5413394067759525
0.6327251820263554
1.692086894472516
0.18912182792066756
0.8146455942951373
2.1800358640944966
0.452735881323241
1.2725471514963176
0.4721054539448565
0.5204411666571304
2.2824050893055725
0.9486962487364661
0.3940332659063449
0.4993987786631433
2.253890287419721
1.29658403717769
0.43441222461264084
0.6364325515196487
1.467122485007047
1.3494535021122145
0.3765437780913944
1.5602527973106755
0.24106074042671
0.5333434025566538
0.9373690351886182
1.60833028016431
1.2525516092821591
0.5317976106976305
1.5270193306463031
0.770393653566346
0.653339049869768
1.2036460318549942
1.0502971433107031
0.9399516041057481
0.9120243248615544
1.0940050080991344
0.7953943942840216
1.4643273450261958
1.2574524176045652
0.5807391297950251
0.3324168845413268
1.3570066942762933
0.9667477928958228
1.7163471424664938
0.42218091697423377
0.9028604022125248
0.7790327086041081
1.3044846659365221
1.1090674794654418
0.7497780552586673
0.9363234865691993
0.7966508148700494
1.5650987006730805
1.2173191524710314
0.6348796431058062
0.356972579066676
1.7146485041360295
0.6508316128803848
1.7478899045435439
0.3164935737223536
0.46192160798990073
2.2447608008023785
0.6849821709828057
0.5334131723577108
1.6239260086123068
1.1250698701686022
0.8714360780194382
0.7960143546409127
1.4231895221061708
1.003026357156562
0.17758002194125747
1.6735298551776912
0.8424205225861875
1.1151228089117895
0.9355985675737174
0.7920690219119796
0.9072572078652089
1.3758161711707961
0.6578003435766855
1.755617167873995
0.20419219492743282
0.9782416873709883
1.1729564558449814
1.1039939076294887
1.1494159886515205
0.8748869868534253
0.3608941474915682
1.3095754517327733
1.110815117261963
1.6473349109652413
0.4051520631692488
0.7620530624942439
0.9638195305423407
0.42585338499453507
1.953030856602308
0.9861974148680669
0.5298034005203347
1.83147842605216
0.6990737693726773
0.8778442845125667
0.5509735907551643
0.6303290018874664
2.2923446211832594
0.34572151183972827
0.8825220271946336
1.210147682360652
1.0047637005647774
1.171372142239953
0.6911991098197039
1.4406107817265887
0.5932352193513107
1.3618083130050624
0.564168163190822
0.7152455346923775
1.2450545417972367
0.5510431425467553
1.5949188992192123
1.463825533662574
0.5073889527164801
0.9306033387989014
0.570715439178626
1.2738373789882205
1.2580649386182596
0.574591314448184
0.9407250964818333
1.7339970823947948
0.9189969319277381
1.014340560648397
0.3731373352758753
0.9730368743628014
0.790878234378176
1.075152410311253
2.143776694731583
0.07864939852884702
0.7110364342610953
2.557269983616927
0.32391360676282793
0.9656554698398607
0.2474073036872679
1.9329718970605636
1.1389935629695271
0.08496502226511998
1.5068832480342003
1.1570417926325545
1.5709438878852506
0.4399380344122909
0.41515159847720073
2.021730781329498
0.17390004462500205
1.2471753422446392
1.9025767268472602
0.29330184793849085
1.229964494503152
0.7244460845700176
1.1101669365740712
0.4399094813439934
1.7058900982474894
0.23903343851615103
1.4372491620800585
0.6378689861780932
1.2949558116565187
1.3550823949907336
0.34366352280680057
1.2613870421855513
1.4799313181953937
0.7749551026991267
0.7097786671618987
0.5217963047822585
1.2485550389914557
2.4700787826540296
0.3541238776559068
0.08739621120389196
2.024891529673805
1.5006721338158822
0.511131013767799
0.6240788092596902
2.0035411794492695
0.27141190839090734
1.346780682886588
1.6423529837605206
0.2705999850035167
1.0992386380959038
0.38928514652189344
1.8943256139093965
0.7292493245403504
0.2965942509168134
1.5306757503338722
1.3248610067993156
0.5930342805165184
2.05748996407545
0.4526855141234898
0.3751306215865092
1.1383475837615613
0.4552728456284545
0.5348643668204769
1.2613653585635496
2.3477009615200837
0.35586575827275396
0.5337246795147638
2.169854792341565
1.0845352379440545
0.07704292467094405
1.0558520747628395
2.1429254319060336
0.3866452420858949
0.8709377538967192
0.4517142113295376
2.052722734912702
0.7509555949790816
0.5766483777060082
2.124058027774391
0.33816977163635603
0.6425932672881847
1.5856134204564056
1.0947537120189754
0.7588204754621624
1.5739940719361527
0.8232762830710826
0.2669852059967139
0.5545040872315534
2.9640166145262725
0.684214780324923
0.1327552028265845
1.5748635456165911
1.226115821738669
0.9462765290791642
1.0400746570414134
0.5349810413678486
2.2292828757575167
0.019048001517151775
0.6303977253395584
1.854488446133914
0.7373674301513641
1.56930453893055
0.051914621015770226
1.1804878759616286
0.9881243593069329
0.8010721228909295
1.0594872223869864
2.214976391236334
0.022445738281467405
0.6691407674131294
1.8073557108885776
1.0846186102266244
0.8510567248107662
0.5421696354618074
1.2876033157014368
0.6200643047478397
0.9902274287360358
1.3355936331428875
1.5780572364262084
0.3411907131242027
0.9812836869356709
1.628061882308594
0.8811502967514903
0.12519671221053577
1.5879141517251574
0.948628109771179
0.9970752992801567
0.5619693655422235
1.365466953561267
1.0836346663089946
1.0546005177382547
1.2727824648593993
0.7930346299160531
0.5060905913946402
2.0504763666700114
0.08770011135790677
0.6611075427946292
0.7989806080906106
1.8517666445891852
1.008685069462901
0.8323101002008508
0.38345450451333596
1.3739357336404434
1.1656508983909266
0.6528959764624408
1.3795967088866508
1.3598144872760618
0.32708058947830665
1.5415816950042058
0.14313323295926722
1.5307522101806958
0.7431779851504328
1.2017548977070236
0.9262149689070361
0.8727164895583447
0.6038628388658993
1.1761526135037943
1.8275602065064172
0.4528833380744942
1.1304735286521832
1.6997072039170324
0.10919646354096278
0.5917359432160471
1.700005643304572
0.13717211652657546
1.4669368960804914
2.0351346452298853
0.07558445856104323
1.8695340208932687
0.7536362688317387
0.029724596028843486
0.5364015245073528
1.881240163842189
0.7377369936671636
0.7857334227195563
2.0206107494027274
0.9445611319785742
0.05971854874709128
1.8328120542243211
1.4332575907951906
0.5028766004064201
0.684725386951257
1.0283868889467327
1.6796706284935166
0.3440627336917205
2.121336167133592
0.2606131921959412
0.16993114301926768
0.8330946986378811
0.5218206212935579
2.648110297091975
0.9610817890179731
0.03579168887591804
1.9474459926522796
1.7063390292257041
0.0055305721872410465
0.40555414948087337
1.8014129551426985
1.3983331506684282
1.2314811813396631
0.26920762949699667
0.629730637765434
1.9345445794384883
1.2867349550543825
0.6474853971986052
0.49302428246659935
0.6041152094755718
0.8780567276731066
1.816006607381745
0.9999006904407914
0.9113347302514494
0.6583109233978847
1.2373167691540465
0.35601359162691043
1.8475964302153838
0.9674422458178665
0.4840878906709138
1.2673166796854223
1.1770632128402947
0.29084071399741546
2.042886725142134
1.1835265862330577
0.08747380587835717
1.8585762684308154
0.4119442219611106
0.8863738790941814
1.3218989229586342
1.4536282289391262
0.47981605745711337
0.4365439892312153
2.228993368082093
1.0830648559445297
0.3137193904544942
1.573136845582002
1.8097265916684424
0.22713206970305863
0.7318984394020992
1.0203147020164507
0.8625908609510703
0.26344681576597456
2.837061610832865
0.6008265400688889
0.23595282713636825
1.3907019853672928
1.7313988826076037
0.11212934704613077
1.6694025103676409
1.0670050620741744
0.4302684228045979
1.2157456695648658
1.8298423144871103
0.36732003717834766
1.1702662056883109
0.8005852088990029
0.8773322982640651
1.510477204853919
1.1590316405315286
0.575858239841821
0.9521724723630522
1.4784318046058134
0.1652290921930828
0.760138289784747
2.527947843292786
0.771271330059281
0.40333207672955174
1.8135134670881998
0.058744222689999986
1.347274189178098
1.0401054877274405
0.9133954366889078
0.9009441506842378
1.5313736592032983
0.3777138444214504
1.2275522301586685
1.880782138388488
0.58967330166457
0.4025118512996012
1.2646882641531345
0.9040295443157478
0.4583596955862483
2.0954937720766895
0.3677818218185647
1.1926521765119045
1.7871088430115025
0.13384402800744966
0.848912177186296
1.3809259530079843
0.6614832679462167
1.3466234404611666
2.0093841611540504
0.3544730867662356
0.07491945750623515
1.1495285331240297
1.0045759949796902
2.1023509096049584
0.41719055603777483
0.4406408318904784
1.3176978832779895
1.0060809881264363
1.4149298376379615
1.1898336217603254
0.6604517333394468
0.4408040840101321
0.7743960316639183
1.764731596109423
0.5027965835211342
1.4572938176816366
0.3984962206528149
1.199262660312779
0.7934266722228086
1.2885752340777583
0.9322593246221547
0.5880125178366006
1.5595081022905417
1.4365118432574717
0.25836986155943215
1.2799678206899923
1.233826129529706
0.5298289879736566
0.9648654673608733
1.6567382762899079
1.0071011625218846
0.5262043725304857
2.196517309198596
0.08800879150474755
0.5078348001070266
0.3345040859019462
0.25683327618851526
2.095365179992919
1.2652532809663728
0.6446038005459214
1.3303530621081445
0.4056555614486877
0.7839019318141756
2.386836332718107
0.6070421117231602
0.5138517724948957
0.8048544150926075
1.720599221871977
0.8990430327815911
1.441020545217898
0.21206873485491148
0.46257798744414375
1.1443687529886892
0.6160634872196187
1.7557923858569058
1.8928402616133786
0.15417709818682365
0.1638079888721056
0.8405078369674562
1.4186537315062753
0.6847814142232937
1.273471516655654
1.1484094307691692
1.160020161068378
0.9844668145526255
0.2451218741491742
1.743157889830134
0.8453312723352596
1.2745550451700445
0.4592730859524704
0.695216301719525
1.5692384985836194
0.8166413839722131
0.36083587576139364
2.2343471131800414
0.9525158602941379
0.5045120356686613
1.5096524919576921
0.7477638932040538
1.0674688555308662
1.2148669328229122
0.01353682634867911
0.9227699726649577
0.8474192245728039
1.963439524430952
0.7228517059339549
0.8362395480078558
0.39539314520612523
1.9943621337431574
0.9375549770603185
0.971907849476694
0.32541284194367603
0.16144754529131927
1.6491795444568866
1.288121715171758
0.7348269263763121
0.9968675771567478
1.6094239692385306
0.6801431177923052
1.3548805259816397
0.44095179222234354
0.5024424360757843
1.4879407623416625
0.6810016638769871
0.7078880633608691
2.3185104048278307
0.16355034452434408
0.9767797326632685
2.055281030660914
0.04413856964839751
1.1832169910093717
0.49176551104352767
1.593312893554353
1.0377375787817047
0.7167161284288469
1.0588031783560723
1.3102160976823214
1.0073297919494488
0.9070419286576825
0.40104374924414743
1.6266160834837156
0.9997687217743487
1.435749083540019
0.33359271555915854
0.09636442410303368
1.3243178030630702
2.0657713915476625
0.9123350265809467
0.11341703778144692
1.7309513533732193
1.5678138469931795
0.29473753253780566
1.0691442255439227
1.9011503786117876
0.957360255369281
0.2814116273419474
0.9346598762525219
1.5128843029598464
0.7667073272352327
1.5621515990804191
0.21211077581105592
0.7602849980013046
1.613662115073806
1.4126199464428346
0.8512533491358418
0.34276760559337943
1.99944474086382
0.44587703801017237
0.9523715251010015
0.5007566233106467
0.0863047989900551
1.1273122456381977
0.9057119877356263
1.459437381899194
1.8991985037846413
0.2719116947200366
0.4329932390131261
0.39119726113519715
1.4440973016688392
0.36637331678644697
2.484611749120926
0.18553081761891843
0.42824928747003715
0.5941415497332455
2.427925022913864
0.6892809534336314
0.971516061878483
0.5904607053526234
0.5911768363908358
0.7778469335942172
2.6144444032448333
0.38317741114455744
0.3829801532484303
1.7711003842635498
0.7427994307802095
0.9739072371781398
0.9292759670001307
1.1177648869860903
0.2451625359022059
2.1873590269396432
0.6246390733549863
1.061383637617203
0.5926293441906789
0.025864292260569195
3.084620899180086
0.40380063043830255
0.6233214084579279
2.6209597809224063
0.15170587276428585
0.5001651951549291
1.0601781612474777
0.24074437616228778
1.3981736797650062
1.4856147856035817
1.0910539441664115
1.0013737882251676
0.27775209341485596
1.099337055485323
1.4356017368773943
1.2964509825435786
0.28702224065574417
0.7125285264737213
2.2171431965377173
0.7030628551048186
0.6983033246893832
1.6003981011525223
0.558179462636633
0.9076103358305472
0.8590136893452784
1.8095582464007016
1.0754237393299977
0.21695497632825067
1.1990513790830948
0.7611681922505196
1.0989332853843758
0.9851551314741083
1.1847895491924931
1.3374524359337072
0.35446884055629074
1.2177587983418283
0.47012716699493234
1.3152097040172632
1.4416414276039533
0.24938544270713509
2.088917232290223
0.8725942881439402
0.3607704909267235
0.6464176823781438
0.6859965962231526
2.08140838334827
1.2406320954088883
0.5094702693631128
0.46681665015917084
2.056004113411017
1.1043000011376716
0.103675160584204
1.4597525935109672
1.2083876217206906
0.6411325463676325
0.39398014626597644
2.7257012330470145
0.2988350954313058
0.5691662695776929
0.9393787209548261
2.112092485775251
0.6721220809239623
0.5837040975166454
1.169243360066989
0.8565886148511868
1.3706411273360886
0.43338153347614056
1.111676591180683
0.6811319644468198
2.1368619347262836
0.8311390069743632
0.2622092445512652
0.8298925304159562
1.0491364569578363
0.915962521954312
1.5260292100961903
0.7530091439717953
1.4133583608980378
0.2853796121770056
1.1263065078850858
0.38643027277255804
0.49004258544487966
2.098939348353774
0.6163365067522784
1.2004872714027301
1.2086277360085267
0.8781847573730264
0.36097356422512555
1.2227136386487911
1.8791704828844948
0.7323412644786832
0.6968641045110571
1.484455685774866
0.7268125446625224
0.19844686521716348
0.10378380454591091
2.2690158105298885
1.2503176764393749
0.5096083220235473
1.7919239261581523
0.711050818890185
0.2074414712602384
1.5896883233371417
1.9529945620855382
0.24930974094554614
0.9242911247737128
1.2272443901747028
1.0306847614463412
0.6799440703701926
1.2734817040715152
1.2617529940966536
1.122864992196062
0.6287523997914108
0.9090178324665992
1.1243901857413499
1.0224079292114678
0.9016804744550548
1.3149240807110834
0.37903336612104277
0.12703085583300663
1.7805022335509648
0.6759754459490399
1.9596638960445816
0.6496976737473602
0.41568127327250565
0.46810749587574063
1.3761263495038805
1.7453943940865475
0.31181899754388614
1.312613011050857
0.6123614636156617
1.3976137191323141
0.8619024468579368
0.9672256895183193
0.8672585462304128
1.3612290188817386
0.7614419993064
0.910988418076106
0.7653712556866834
0.9577430173704591
1.8380857218050208
0.9201017420162174
0.3298773940950146
1.482709477121779
0.9915203607264211
0.3760940445657576
0.9010136964891283
1.553444428258479
1.0956595722435012
0.995639121185699
0.24919323785801173
2.240811816355135
1.0437638028952436
0.051862628830655795
2.0886893171290395
0.5806044043019711
0.9494474433574952
0.6585863332105857
1.1762943939472148
0.8703639637244363
0.889736824118805
1.6934983416362936
1.2203019367351844
0.015091000547656707
1.1524454918301097
3.052673944116228
0.20539944546963107
0.07373158173200914
0.4765018925861751
2.107439648614527
1.9695164113612509
0.3176863572356442
0.2720959663037013
2.04389206337792
0.6087320416746744
0.7971637086847649
0.8519914860256399
2.157886291769998
0.5634400761869647
0.11280036830737361
2.2377476290187257
1.3856310018431035
0.24119769259864351
0.5532483995784707
2.003643679033266
0.9576550814159814
0.870908875650886
0.8567954331516691
0.9614719990566231
1.463645831323486
0.759614594105201
0.9077192290461795
0.9026167662205252
1.1323942903474884
1.9602852046682009
0.13683716699758394
0.5141754210955387
0.8825640155952318
0.9394748195313471
2.6003124710746257
0.03093899685585232
0.44019106092003896
0.3817616133670566
1.4815295693077182
0.6767118396321243
1.4707054192896956
1.3842342926264037
0.678788273565082
0.9753305675709206
0.7722390648276029
0.5002009054364105
0.5511976494617427
2.784067662557839
0.2632767210120523
0.7115100945469206
1.7173707970664023
1.0904607843293364
0.6656002484176364
0.7904022777327138
1.193141826896104
0.3066733555824065
1.9197456913806281
0.10007432722770487
1.3153349161860852
1.1613030935862938
1.0664610325112343
0.7347488015871285
1.1426501567256255
0.5305629451233564
1.6657076777238469
0.3782849558127221
1.2785543595995161
1.2820498918111034
0.27814105908594594
1.5231638715875813
1.3906843134495106
1.0014318684848627
0.8219095415878979
0.3930468862679297
1.6438474840974042
0.5007321954178698
0.4815806759541544
0.6263162485989974
1.457986007839711
2.2069696839979556
0.3980447121324607
0.34114752050787756
0.6735663029164038
0.4798100233954787
2.478902186344646
0.7367752657948492
0.6612434721380782
1.1433523217380306
1.2544489365403502
0.4963337417029804
0.8546700892504044
2.0353408511765925
0.45861931908494646
1.061038321372705
1.4840674636410902
0.4915143332973973
0.7082669689673614
1.8720071158795717
0.653143500774301
0.10726826232913689
1.414678983656947
1.224985681435705
1.5773415786044143
0.7072543015012738
0.32416277965683316
2.6157980925731437
0.020884877386659072
0.30880124884555715
3.189036967609041
0.4584222673769207
0.5822226872496502
1.5286925946209353
1.0765043419739018
0.8744265096468086
0.6917592596749139
1.0744338779795382
1.0274192994796087
1.461666882788208
0.2714530157360534
1.0872227699463783
1.127635983763167
1.188925624130563
1.4081292937914476
0.8395887831456188
0.1969140018471613
1.1718865826347542
0.5559917844062863
0.784162285149349
1.1176363299988707
1.0702837611264664
1.9325167021061995
0.7501290255010636
0.22187736663873084
0.5686449883449489
1.8984937936232273
1.3184385836128918
0.1791738789228662
1.1116985347774313
2.3867126115522046
0.3268902874823221
0.7907279288075387
1.8538999100169224
0.338648329952195
0.49385411905168386
2.1515841416908734
0.5979949942814088
0.7258835481359434
1.296612147798688
0.7859843326745828
1.8020934968843352
0.3757840683844159
0.9386888514605918
1.4747359828308073
1.1378999392131355
0.6256106709002978
0.051789223681645534
1.3324475449830337
2.820270123791195
0.08663038850275079
0.5947887739851867
2.1081771169254586
0.9283392212582724
0.36394382062251673
0.9264663467518793
0.47861025015506903
1.659705289419272
0.9563996577646386
1.4936349906441877
0.368784388897539
0.9083765694757572
0.5707233056742482
1.11559974126117
1.2327492008992753
1.2777965092655725
1.1657992331013638
0.5262333684302113
0.554619823378758
1.2783611703035382
0.34559464327867123
2.367029337577381
0.8543246404000672
0.08365856844438446
1.6481091400452381
1.3732988052640944
0.21726989733121524
2.3162527932570596
0.40233380432282495
0.3353257541733882
1.1348543591179492
1.909646468978494
1.038226021716506
0.5701653706958365
0.8123143962540534
0.7622960004033777
1.774636306392982
0.9072355329821976
0.607066540374512
0.8465162520794386
1.36914431015945
1.2680116241813695
0.6374675486737602
1.5086384806667001
0.1097657187975684
0.9368500195203561
0.7054754605120045
1.1167151127911314
2.1041921706763618
0.5230498818689442
0.4083462437294424
1.33754958220389
1.537380596074004
0.2983608396430546
1.944343048472817
0.810976076455332
0.19204472043487364
2.2395739539000377
0.7766623026006289
0.424455484148047
0.8361536724842544
1.704110388857289
0.3972318503316676
1.6079919753589156
0.5676778800434715
0.8228518379746004
0.9287326735026961
1.80755589627476
0.3262387743151431
1.6174000123196353
0.9208641879937961
0.2085246102398742
0.5452510471186545
1.2285999846015143
1.5688907197468422
0.7832230459494062
1.2427959499161383
0.8347215351755551
0.9958944868339199
0.40349207991205355
0.7097475705595602
1.9960068300812719
1.5786292861932933
0.3459024981433858
0.21991886555684104
1.356191700707321
2.430506802949102
0.4981641532099276
0.235158531344468
0.6202447669404725
3.291394415868143
0.28493189924752005
0.2388556068109018
0.6282906173605691
3.055962554260642
0.7000074322415849
0.08357939938297154
1.7367910217962728
0.33427888600908234
1.0597933780546065
1.3111238495338475
1.147016927233126
1.0434318636993203
1.1310935006987584
0.48902045104112724
0.7883971630912691
1.263234737726753
1.523975750393595
0.6122721249514045
0.8453138759808275
0.8433148198979016
0.8405925264185429
1.4954197107079241
0.9189862382303791
1.2852895574312797
0.48381998813984906
0.9538962854061156
0.6796860240251233
1.8507768749455196
0.803121626100962
0.14770976917109183
2.2199484928865383
1.0832600097193066
0.6810382365916277
0.8543576178553133
1.7501850752325656
0.15426253446960728
0.8145392162939713
0.9710316223864491
0.5864077844345168
2.2274860699784558
0.25332481658800066
1.2571715006206408
1.0833397403635239
0.47591308620192385
0.21870831228119708
2.9600657453977846
0.45558525903062225
0.4244664033397757
2.7607628813775897
0.40574076842770035
0.3821793741435007
1.1626077747404095
0.8887807615869489
1.9482277202708205
0.46635622986660874
0.8427308988246524
1.1704114503529137
0.7104445522251764
1.6441054318849984
0.08979472846957362
0.8672739106198316
0.3925471179494116
2.5191467798816585
0.4050845947925281
0.6508758099428137
0.7084278156241622
2.2592628435947195
0.441129256649084
0.9368090725310106
1.781864424946236
0.05538093233327945
0.36815225593279793
1.8226961144570917
1.9183746623140931
0.2870611690547527
0.8883666877669133
1.4302965710365765
0.759973984922658
1.1919131209891851
0.6050812656068391
0.9325793345397339
0.9787177911465004
1.8560985761763968
0.2880979650699025
0.8070994758998197
2.124185966235708
1.020147552188772
0.06000434008290979
1.39135282182871
2.0637428398352973
0.22010929960481956
1.0046623398498429
0.8471155905961946
1.1935358837265937
1.5331978647120086
0.2741862752545535
1.8427153550294104
0.3063978527442024
0.5072638657814312
1.8398540885519985
0.0337932529156827
2.1002204750654028
1.3219856283079123
0.03993780677144054
1.5294522144792395
0.5564616417785465
0.9116281250792955
1.5348797701079941
1.4364679543439027
0.5536501298805931
0.4053044977589605
1.5010651810637015
1.713934072288312
0.3046175505657566
0.9625311139008211
1.2474014135855298
0.8674640756292226
1.123769645097429
1.8521930069293668
0.33014233981776864
0.056891765450027665
1.699703005227225
1.7392826556999996
0.60922970465002
0.8843505287213196
0.584100467633757
2.3965343936526557
0.6225979360695107
0.11544164064214847
1.9164917424517474
0.9818110027283636
0.7079123368370023
0.5659078357097936
1.3645653386452323
1.634937439474068
0.9234561232133516
0.1320651029052886
1.3937411913072673
1.1704800703916365
1.3215487974707134
0.37578278339647714
1.3418103341336842
0.9942878276570963
1.1224999100539064
0.4414266283803994
0.5114583319486232
2.9258405901068625
0.21055122348057193
1.0527824330643265
0.2812978652764318
0.23017377409369943
2.285571800495404
0.4783416229712354
1.2302036523749473
0.9374931486949537
1.0996001054937934
0.9883140426881868
1.112598255785724
0.879243942536035
0.31390670644130825
0.633747992622011
2.0170912866241024
0.8639316948600221
1.0975357200968137
0.5762901365035888
1.2904315760182679
0.4367167706418589
1.3830806991701194
0.8374934600745061
1.62598661441642
0.2830652926563831
0.6367669096241285
1.0031418107393109
1.8983447698876836
0.6739178371066737
0.8019336942846497
1.384689520963423
0.15286521481422163
1.3043975645659587
1.5602941188919361
0.3700861048664178
1.6315896289942071
1.255046323055991
0.401094249875738
1.45798116787757
0.48484970494337404
0.70646375516634
1.3537463933715934
1.1087840413283074
1.797065147269881
0.22234492373766762
0.24159713071644928
1.9507879645267363
1.4730646851299714
0.6062591698211184
0.703878536315851
1.4275950984233308
1.263243966366725
0.7226655687645167
0.7367566392887374
0.15174901514208694
2.1361781957005617
0.8593468160405
1.0893177930138958
0.7253506066867449
0.9155650797467029
1.1982928006383822
0.6530983098954163
1.1826093427303428
1.625161633181791
0.7182104472677124
0.8836034280214425
0.6529063887440691
0.49557276092940394
1.060899706104997
1.3709609854982587
1.1791683912241697
0.5158551954575369
0.9316470275652332
1.7897504003030076
0.8544455987779918
0.5013929184099128
1.094690690013302
2.114574169254863
0.5115490213914907
0.48479540184872405
1.7787681165336036
0.439086542731693
1.0293698656409178
1.5811726359551574
0.7901167835314816
0.5114318174932538
1.6307111857270462
0.5265370931176009
1.327465385990783
0.8136569528185117
1.3904976472989188
0.7046145024390987
1.2296637250001543
0.32600460159326433
0.2075485407246852
1.6208081812401283
1.2628949192019638
1.1987164242128299
0.7846169113063186
0.5493856748918096
1.9799803252723551
0.5414019644501316
0.9159689667475949
1.2608924653179172
0.7099092951666192
1.0130758028728803
0.8485107838852566
1.179888975537748
0.9068406742050625
0.8380453252712317
1.594755455815261
0.5054624246887177
0.748897314930083
1.16969204260055
1.538808317652387
0.8496133017300096
0.5929629020590473
1.7907464307840826
0.18457020145635725
1.1659082851146694
1.35998807183473
0.8132251418653457
1.610910963809883
0.3299369725747595
0.6815105862911351
0.6002073476910856
1.490845294207455
1.4206278562951287
0.7567074535674037
0.6623993673787482
2.179703746973156
0.31339667721541054
0.43909484857951236
1.6920682520100336
0.6136592220997588
0.8829934283913176
1.0257047728941924
1.5518272508040944
0.9508639741612861
0.5806304327007353
1.4063921616744837
0.5606887168445379
1.3696444243403494
1.6443864583421801
0.4740757573886761
0.2608346088633371
1.4589004797746037
1.0427826960250397
0.4126695232690026
1.4077510808906675
1.6635048029291573
0.08578366498021422
1.9530612425233647
0.5400434133554364
0.7500003896910512
0.5227366483271105
1.8574761135701534
1.3319602753150164
0.4293729488591726
0.43632870768991366
1.6703547622463284
2.0973052191131156
0.37908777320955944
0.20440588071934945
1.1653307766545231
1.3862885905050002
1.6221794317298543
0.25522936564927284
1.1587623786253716
0.8454260728093611
0.6974543102147012
0.8588069774414491
1.8166670090392025
0.7307689598755184
0.5780410916648054
1.8931385910679945
1.0792374848200559
0.14831678188128186
1.573733703275036
1.2201635210272441
0.6957233263590876
1.0971885266290045
1.0719124414991106
1.4063347433725621
0.7337139072045417
0.7453856582357353
0.33863672533084327
1.5385114864704763
0.9133846643518887
0.7113198131659576
1.3230177542236758
1.2044383182362912
0.8135422795752689
0.9094602394721054
1.224012324076311
0.42975180773511124
2.211588774323637
0.5386734368761739
0.2849866280771493
1.0066496810976073
1.5186923216841213
1.342018346849971
1.116578261909153
0.26012625504184195
0.5864761914996055
1.1027462576790523
2.1693871634629223
0.40101499268085733
0.8938983162229156
0.2623009077206
1.3576819309550312
0.9537277053688576
0.6678074081941504
1.613209430847384
1.4257917574090369
0.2551618817531012
1.337323987298256
1.1946625320628603
0.8188416353714677
0.5405090751033111
1.6325672517402527
0.8464911995954129
0.9640691090230422
1.0678441456051562
1.15000866723886
1.21669893710563
0.04645464087980882
1.0370133087121982
1.4923787496257188
0.7127434569683412
1.680360722755422
0.6688956708017589
0.23358071446833684
1.971143004152884
0.09777305795639797
2.2389878822433595
0.3311276375046993
0.28681638091790934
1.6682515830276958
1.7132934670104045
0.20993857883252473
1.2595927364051462
1.5019909813226147
1.0103415250782233
0.6542618022651121
0.4199959490581007
1.6359456461152742
0.644865776516577
0.8630670073124412
0.9217048290973497
1.431994486276264
1.1355983594965455
0.5367223212194404
1.5089733045917526
0.8862780559016133
0.4280766564180891
1.3905868914039703
1.5579450940781105
0.6662935495203551
0.9225304437648966
1.4392268421114793
0.4214482426688941
1.2009306915620988
1.27736132232256
0.7088477293195158
0.9192302197641388
0.3638713173457365
2.0395378946657368
1.4570910130957537
0.2148275283407762
0.716712971512371
1.8758479828816992
1.1817963551864132
0.1376343967652311
1.9439037655347136
0.41473379942010397
1.0237887191730204
1.8260034410110528
0.5008418800958605
0.5249743931879869
1.8231113345044003
1.155898737178785
0.10137914091168287
2.5405298714683564
0.6231937504036207
0.31537576864690353
1.0931548579192738
0.9574320431227135
1.1152944317810447
0.9897696602275591
1.076610561206069
1.023243951667979
1.869524756753653
0.04608928360352599
0.338857296162687
1.0594352115686327
0.97987418092993
2.2485103226938503
0.35876769404160386
0.5890010595518148
1.9537604182203214
0.4638964504024731
0.7812207272370146
0.9309974793490587
2.2417461625263577
0.1385539480760426
0.405936067186666
3.214739904064817
0.6976415741069548
0.0650508236407692
1.3004511344802476
1.959935012203526
0.5287397602775639
0.9343240914907864
1.3048749200171752
1.0040267311822892
1.0744710914438786
0.9241685728463893
0.4494678289003724
0.5078865855513489
2.4688129150327502
0.17297187016331397
1.2623865137496468
1.2075014975255642
0.4552402563344536
1.9911304231069111
0.4862588275753233
0.4211034962083128
1.676448075751197
0.8827275703807039
0.9363472744554495
0.9822406205195575
1.0064647948677081
1.4227561265665079
0.4348664074504362
0.7793072984007391
2.8519010612997437
0.10520685536235445
0.5092605310351929
1.9412710133177697
0.47889634007939735
0.977706110282383
1.1897675836091313
2.0143559473294017
0.1601187607098836
0.19922538876101972
2.5569144681540967
0.6172683261906214
0.6267040033339095
2.0726089452218774
0.4426744322569238
0.9076994584840794
1.4563991972723649
1.1470956379904729
0.4460256097236416
0.9924126943818296
0.6880619395492796
1.0952183315786528
1.586864278337955
0.6427459136388406
1.0502547287107702
0.8487571580878114
1.1714727366453417
1.1396189261218117
1.0397832299794938
0.7610046743546304
1.1692538785417799
0.8291475886393747
0.5848268575595937
0.9666921330263205
0.9742523882469527
1.5900852322051586
0.7661476256090479
0.9690263779522569
0.8178828883296083
1.3581180181565486
1.1336200786986905
0.3375321299036116
1.5201375584590964
0.4670607330826287
1.0425274511973517
1.5210188848168344
1.1097657131436003
0.7547630159687846
0.6474059175635752
0.8464613577681658
1.5217581940998783
0.6013113639360346
1.3297494930917573
1.1233063649689417
0.932459172620806
0.9595869449713866
0.5179911244806018
1.44369811180654
0.9188196857478488
0.2727592447508831
1.7879289348886087
1.6939745262232409
0.6098106312346022
0.36881754646114345
1.6158485147608135
0.836498853034911
0.9635633013389505
0.9490064088440462
0.6343659009135996
1.3612564416655641
1.384875774195934
0.8323941323667362
0.38074198624517963
1.7333034797028375
0.8491257243975784
0.9425102779716567
1.334798261224009
0.759979676466845
0.5935423355528009
1.4374427872778655
0.7661964014068641
1.1663788627674
1.418472955021408
0.7359955671315248
0.4358119428124534
1.6998866297912432
1.0801710308665275
0.3663887664654821
1.5350975087363683
0.9030102777900877
0.8195892964105287
1.2098158288147527
1.064624716797351
1.5537699609090017
0.3088839283358889
0.6463307576985018
0.46190228439844955
1.6464135015187429
0.39347536321354804
2.0780341904181685
0.42505122496626063
0.7058609690574728
1.4171271428009984
0.49735321737316157
1.4703128515134358
0.5866167544835236
1.2093131553791066
0.6102537485205235
0.8209629624369531
1.7341308575186323
1.1021838996914737
0.5680345248075024
1.1379695371691079
1.1358490061835556
0.644889428230802
1.0552865834660143
1.2709038222107736
1.4107612324795475
0.45155681717894397
0.6408183693102834
1.8610704669309686
1.1371677886449376
0.5543585403204764
0.6783969507449032
1.731679354953344
0.963704903506728
0.5140901032542526
0.7273627858678344
1.3901246169508013
0.9931158014701753
1.3992204335482186
0.9696961166367392
0.6388997178746947
0.6816467160494964
1.101093902843739
0.827195619498834
1.3556610157431495
1.0109017131273932
1.2935082318148163
0.7467025775200492
0.3163413299162534
1.611068831844253
1.1621804812620036
0.8076711808391266
0.871908442708632
1.1006337149377066
0.690429277158693
1.4193233300005466
0.8272100763925521
1.0596240333092868
1.00565273159944
1.0506064569424136
1.2119473389843913
0.28015526803359997
1.550191096848687
1.5242327942502012
0.529246642177259
0.6133852776953996
1.6602296151117981
0.7331758958750108
1.0579115673687192
0.6385952654531117
1.5700763657955876
0.7999818396250289
1.0056748353742844
0.47179496902748025
0.7604434328814663
2.60182629951388
0.6215040811465721
0.37277380780353947
1.2664833844360017
0.3455583216611584
1.422216744057624
1.7465218239576954
0.373342843978385
1.2351222230453434
1.185957412462385
0.4972754528873379
1.1483113980229716
1.6452919904524377
0.8450610090553246
0.5200607090954849
0.689253900120664
1.7052468412807023
0.5497230893619789
0.8497810978876438
2.1557379392198612
0.4246263169749594
0.7058252537362548
1.3294745302876207
1.2083635683802816
1.0207162443307118
0.865758744265845
0.5701171650443759
1.3735170150774678
1.4443655173273844
0.5009052067964012
0.6363866445815315
2.0817422890635813
0.8388688389943847
0.25233895784484245
1.6786275131538326
0.9446830601020483
1.5171483711972555
0.5082661643441092
0.41192376127944325
1.4361853259167108
0.2398492140877883
1.930246321490721
0.5753822716503605
0.7766365529104956
1.9848457670041877
0.7486908707577693
0.48402547252910977
1.28003169204274
1.0284195441412884
1.2937821706879884
0.3657158448666127
2.0553405114026977
0.33391479447959693
0.141641203902748
2.2238914032861476
1.238509435781493
0.78132933345795
0.356621923381744
1.55513312532791
1.3537489371892788
0.685595789847035
1.3232194385465936
0.5021319956150351
0.382497847875204
1.8814750441199433
1.9725585139752793
0.22370149354648852
0.42544730191257685
1.9425082992383522
0.4863481931176818
1.087530285074577
1.9135862454739019
0.13951283770726283
1.220533404032756
1.7402742223543672
0.5059398485405383
0.41231107969393327
2.3114887891217815
0.3990695927403727
0.7307642723748975
2.0677653220470593
0.9740144425880644
0.3946563664548004
1.0043213337662085
1.1302197584564726
1.091726392217995
0.9933960230799531
0.9256324394539494
1.3018668448574253
0.9085744381496126
0.3060251012914177
1.727119387601526
0.8423265541634484
1.3363915100722135
0.44869260501493197
1.0863058805019907
0.5319764134631985
1.1772533520799695
1.261757213738693
0.5067647487349776
1.795693587954246
0.8896406408335427
0.6850078332223525
1.47607447347201
0.07435276029175554
1.4748349704141253
0.4691297313140575
1.0505966023316493
1.7970780510628777
0.5059754018048093
1.09895120109316
0.32714519918635043
1.705067621526981
0.49001100924672947
1.656780328755001
0.5495750008343557
0.3956247345086992
2.5661750694892747
0.38523238212587074
0.6524153732662258
1.3066176830421263
1.3059553588867099
1.1485914130964026
0.22935557738228285
0.9045562477993105
1.577663071880551
1.0776234298075973
0.8807168709794222
1.1314347028531675
1.0286768505570478
0.6289732975057727
0.558978677346507
1.737816059497773
0.8216838222237131
1.1714200374788584
0.8579019370286272
0.8277231512924248
1.5713849791509258
0.664257315861302
0.5231267801721823
2.0804970447819384
0.17628526607523423
1.1103699890067027
0.7664619808400959
1.2338198352857828
1.1878348694178469
1.0637173022849564
0.17769895501093433
1.768640881614996
1.6335259768629022
0.35605333249046844
0.8903365867858383
1.192803174159008
0.8859786753099133
1.2407611704775205
0.4984589115931284
1.6646028570590012
0.7712537693020205
1.0827422923991599
0.33832634758536695
1.3159131561068742
1.136457643857618
0.6538006524714555
0.7732979175536564
1.7747313135073048
1.1585749380102448
0.631005631711724
0.4529297400526986
1.687581275186859
0.8546431995380197
0.7888559888739176
1.133675351240879
1.6267836277009928
0.6603880376171545
0.4262736744385838
2.3805403090508395
0.17248036806932113
0.6660607373823954
2.0162294895841373
0.3244933313748313
1.5432864067258636
1.1687587904050218
0.2185541194370523
0.8469129082759477
1.740670755407871
1.0984607610806876
1.17250102861308
0.39156301910142305
0.9921380313203004
0.7290950360848046
0.6570071566273712
2.1855099438902226
0.6269404025605957
0.9291608076283581
0.7968727516683288
1.0599022510715475
1.0561028565763388
0.3124548406938658
1.7249341644305043
0.9041412270694312
0.7630456035050539
1.293143274672018
1.1447342717359403
0.44242004341804003
1.5362957216460127
0.9385365101367904
1.0221853815893474
0.8210966051961106
0.9676573735985264
1.407153895924499
0.5451810738437443
1.0270507166598006
0.2976924329362394
1.8109194963163566
1.3708026681776537
0.7264847081647213
0.8382184007740224
0.7484993290757932
0.3414065245545644
1.5286893673450557
1.7302095279511407
0.9796910286946869
0.06514777049730965
1.723925896139819
1.0467095350616624
0.3971707196462637
1.724407489375439
0.4223501421268378
1.4441725897316517
1.6108518524888409
0.024234026075021987
0.9756589270166391
1.1576687271711863
1.388351273844595
1.1708368274798593
0.5524701528877107
0.8682358178735915
1.478810919769426
1.0041909998261696
0.5795480630497081
0.5579542541185892
2.7349199288466224
0.664237650496403
0.06245581840931799
2.047823504624127
0.33642725202366636
1.113411037968339
1.0638366254010796
1.0048283411776642
1.4664391706652569
0.6762681979338625
0.9268887698927403
0.6902852156432779
1.2075192513675652
0.1610743032719172
2.23665521710873
1.0754038518495612
0.3571384939128785
1.1057630128599187
1.5082482063348137
0.6301946297161877
0.8830458207469821
1.173257150850664
1.1733892345888863
1.2288003416214746
0.3220682694637325
1.279424344062165
0.4832740688747614
1.5413471379811712
1.2783094821327772
0.7279827323210277
0.5511910350438399
1.4059770124902498
0.7684473147922918
1.0878213207981486
1.9965013950946784
0.3986173622874345
0.17895878843520122
1.3505319055585447
2.2735833686746196
0.3648323507849588
0.7882943652274353
0.5870154814286974
1.6142825398442504
1.3688998169625333
0.5668886218416326
0.8761778419911851
0.684384033715805
1.1272329202667752
1.4616942952302647
1.2944041704272418
0.46144880449635217
0.5499038075096843
1.6807386808291862
0.8080758974553325
1.0347561893252821
1.1317016501300825
0.8734895715498375
0.7057455828418714
1.7497113508741524
0.7458114949251247
0.5507653815300101
1.581230132678355
0.23888262445085973
1.877314266758564
0.9804492269798997
0.19890715778799725
1.6711810736563515
0.6824329776209678
1.226060835443889
1.6947123059172946
0.4476459155409877
0.4054880221797161
1.3571880788128434
1.330262287881713
1.3198193788445747
0.3869384500202638
0.8040729503136512
1.4250718224025565
0.8689316000589434
1.0926539797229775
0.8565679137332199
1.1796383181942665
1.3086111937318068
0.6047165839196018
0.9217332471650052
0.999536581663081
0.999077241618877
0.9137886774714836
1.0326112333008777
1.5654343919812614
0.5425602823479577
0.9963704764472848
0.9067535214112924
0.7941328959112197
1.5759485390629633
1.2763405931796854
0.15529980954525957
1.263954858085996
0.8972550659322441
1.1421820576828194
1.5666269423105552
0.2804195538618054
1.6490369876778508
0.5935879725442064
0.09772152777858716
3.237656256478134
0.4190502312752275
0.3847514639806376
1.3857397504548523
0.6727591077974141
0.9787233097752084
1.9871375946649628
0.6739000720657784
0.44961611111920646
2.0256430832259684
0.07805248444079134
1.1029022486159976
1.8913001985675884
0.4249400945566756
1.003810631797172
0.7842509281462811
1.9677189888714128
0.29420099299526487
0.6565986313229341
1.865553806663539
0.8720990894980064
0.5895317886815434
1.2730424324864509
1.2427354562118351
0.7182294051112071
0.6638121347071522
1.9686345453402196
0.5174196582779818
0.9208645435158368
1.7463730260665804
0.6314225828566864
0.5235437687375752
1.0248543173167342
1.757944989422967
0.399111483782858
1.3317313641679163
0.6860294898267569
1.0505793634652136
0.941910922236325
1.3679259890118776
0.827897059408367
1.039541182939912
0.5786368017007901
1.0524249374378871
0.6742102407540569
1.3150942655905526
1.6506542290276693
0.29602098454287806
1.4300480481708913
0.655802705054917
0.6812785813758807
1.3078329343176087
1.6469725525116072
0.538979227592481
0.6861974432517197
1.7798356721539954
0.4666218435554305
0.770831909394994
1.1784397867096996
1.6108398633556207
0.8096678216754644
0.6630091033802638
0.71094084423539
1.5217851536088627
1.1461880107266469
0.936422964660412
0.38049654053530435
1.5726010220556828
1.3156833881984558
0.7415839798268643
0.49990333717351404
1.0215535995426925
2.237048401965292
0.297807103636083
0.8278207681104446
0.5556103509485919
1.1492090113658318
1.7767054591222018
0.7682913313121066
0.6489539839253715
1.6618008975664178
0.1251697500795145
1.2132256191602182
1.0584302846685847
1.3618954268441712
0.9074277726262773
0.45754092753043357
1.3765734749157648
1.6883539202580355
0.46062280799420713
0.6134766162000941
0.9661584876679776
1.6950309326851
0.7865008703913916
0.9697441603292526
1.1885556330545664
0.7508289334584538
0.7697597670437889
1.1932308811655747
1.064162426489422
1.3543862550937464
0.729261003853569
0.3699387215332149
2.1679533945585385
0.502505611067376
0.7535331247875993
1.5049251585117
1.0280735247566997
0.8112505262890867
0.38701226324606647
1.761181185536494
0.8292316255516236
0.9686462605635946
1.7355629973577535
0.2979288065203987
0.8900129474712428
0.7340664516766549
1.2995151799829032
0.827266051954155
1.1816327344157767
1.373619596015716
0.9050138756782978
0.46568712308405535
0.5219406705175368
1.4438370443615332
1.7110341644855498
0.6499787924674959
0.6510696104985586
1.558250299857261
0.8343268195224554
0.9228456496459033
0.4750925743952585
1.7465884023848024
0.49835841327136254
1.138899111773273
1.8778016325887879
0.18713790700318758
0.908319534553504
1.3605240900050302
1.1375103368013406
0.6440416311534491
1.1006980603470746
0.45324610508320123
2.0444714029397177
0.5146701610636696
0.8542346478432956
1.4345133244332304
0.6663486789796051
0.8308648816437664
1.6787036412186604
0.5154485953470986
1.06127742602302
1.1017124377497751
0.5174700478421259
2.2138341939510795
0.42582700971420506
0.45144594030442614
1.7019911767085696
1.6677624187617832
0.1649240318369876
1.020067389969847
1.5855362417558796
0.5946199326211531
0.8213788433153372
1.6963212586454777
1.0366232371636448
0.9722939589558314
0.11878207545038805
1.8534709378655068
0.14056315334287386
0.7060590791934024
1.4794912992234497
1.458706310863437
0.656629053179558
1.3432121316951362
0.4692837111790358
0.837842129260273
1.675375389823284
0.7255762792932484
1.195977805980289
1.1304053067055502
0.10769315111114706
1.4283355037777332
2.0327230967737235
0.3305092071426427
0.6421210313152743
2.2813472445765575
0.03582246875364823
1.505743744521742
0.5951541785648092
0.920452191210701
1.1514797171765667
0.8487545676977121
1.2693073890685285
1.5503185980411531
0.4676134022200852
0.29522255448800594
2.834851748131745
0.41949603242495337
0.14186723543020452
2.588874093356528
0.5720684562353499
0.641554444041414
1.959538155542016
0.7587701777299475
0.6190057977793144
0.9825714652683023
1.6115300852630519
1.0626304744301234
0.25709757687164997
1.7105386963848266
1.0311191376104483
0.29688003188598877
1.4879153517133918
1.0668929117806276
1.0563024448607723
1.0584644533658671
0.5801544867263667
1.5386836307208442
0.6437984612712425
1.068254893799603
1.548614262157058
0.32745376941958687
0.9544235540493007
0.9466839289945082
1.5199322625113927
0.6156638150041006
1.4902299303789388
0.6422535905944812
0.5129455507303864
1.4756718392673616
0.7716922238591762
1.2880429335655619
0.6082893905288481
1.0033140619541165
1.4060221477892805
0.9142392853415773
0.9664947753911366
1.331783808290898
0.18677782658714845
1.6946338364759337
1.240231017794989
0.20239019590399446
1.284561156808196
1.897828495004271
0.2922712990007472
1.3242346301698285
0.4720705105686452
1.3201186816007922
0.8662494633710067
1.0016683773830437
1.1529949906728165
0.5968594701757
1.2572069094393796
0.9119396634882293
1.6500803296009416
0.5773733953501539
0.629541680197958
1.0230093825103788
0.3938799898999496
1.6889987629943615
1.0273930829842477
1.0475205949566984
0.8868458068971601
0.6150610607302315
1.716907336616924
0.970493318756707
0.39465625794022713
0.955408108768828
2.307458136510675
0.4411618454992301
0.7188434901871368
0.3575638881222686
1.4367172490902138
1.0559118351167474
1.1992634584762392
0.6708713239377347
1.3980637501029338
0.7037174029226377
1.1259879818753493
0.6650692113396273
1.034412415759745
1.296030219587796
0.5267594386007844
1.6974070629887836
1.1303100032044924
0.4841952393331756
0.9932044336078666
0.4371085454229426
1.2450048533565778
1.7568027505093005
0.8243535698495134
0.13263813054351323
2.1537017786127692
0.37193964412436487
1.0087573592202397
1.0997148253157194
1.8393644664904114
0.2576128098026567
0.49053734157624507
1.3577289371464119
0.7614377857396578
1.5760847207338624
0.8549479923871915
0.5373037952545555
1.6889335449697773
0.8005124411037091
1.1787885712588908
0.9378637904522535
0.2204974358123207
1.2588759344674854
1.592354330477863
1.112752156257111
0.7634588532500302
0.4422014844636409
0.8803117403608647
1.8779193876505154
0.9143436884727595
0.692890626925696
0.8971110743130744
1.5876401280611474
0.3534616486010873
1.0663245808665438
1.303912402068812
1.3904415570976603
0.5517952582794473
0.933424190117376
0.6993833133511359
1.1745129515055528
1.0649495444619268
0.7970025942962372
1.069761321150915
1.2609051507350943
0.8495485571252113
1.1407830952189615
1.0890064420601706
0.383853998797571
1.5007829130544952
1.1696722049459072
0.7040228516765756
1.9532724540371722
0.03864907367150732
0.4018573884602677
2.6116567057323774
0.552223837206815
0.7106976122183177
2.101545799057546
0.4672151928724477
0.6573590922262632
1.0991055852577132
1.0540372009175276
1.628923578551463
0.31727785960442684
0.9978849836930509
0.8253442187844686
1.7399512027618504
0.21095394243488536
1.0067244775973037
1.5581680326620797
1.1292421231586671
0.9210353574961888
0.5879939286881815
0.7456231291403506
1.373576669335441
1.0364623997240516
0.9118290483183827
1.6995177830621684
0.10159057119304032
0.923142945334225
1.3756810436890263
1.3005645038153746
0.207524218677223
1.5877064410244728
0.06684860681462923
1.8200789362078553
1.130312297272734
0.9243732521889721
0.19204714959690555
1.254151624357496
1.3481633295864606
1.1043863865646804
1.0474376989174978
0.28114572684521294
1.0161301883389817
1.957585802844882
0.6744511327368031
0.9482666612510563
1.311046540306199
0.29868798130939944
1.0598439473774828
0.38856416197345434
2.2752509155395075
0.5836436538571137
0.6509847846129238
0.8914125827830597
1.4897798282076338
1.415765997701006
0.36800741441355805
0.45954020231432346
2.088471327562231
1.5851327297777391
0.2982455696031216
0.555994636264629
1.0578459650167749
1.7539451789464537
0.414046678638615
1.1631823230306886
1.0558339011624647
0.7577257505690882
1.7217405708452524
0.9517053031956851
0.3249795988180104
0.9264015468097594
1.0528265374109522
1.3526289635144775
1.3969641955753398
0.26125361473190195
1.336230563181786
0.7623906947742599
1.0255235924106947
1.4975132195440315
0.2266266494939492
1.2459315141609908
1.1128161100212182
1.5264625746816658
0.24007882892740334
1.3052622885941012
0.26299809192504725
1.6656141575538723
0.4065397133851729
0.6790651368451279
2.0675643449655303
1.2724568796694755
0.6724727594642197
0.12413560541527247
1.186743768158994
1.1571079541093603
0.19938178716714963
2.980129248074454
0.43808648734400146
0.12185161807337512
1.386015732023404
2.172171872680802
0.25816187612342384
0.8246803308075573
0.6641494942697158
2.020966106293495
0.02040959647208617
1.6830551669454854
0.213595272877186
1.1025394387847478
1.69514415853566
0.5545312045815833
0.39975960660580195
2.418299433957777
0.9801748866814372
0.6134212118214556
0.6824262366912127
0.5995686889057115
0.6377371968448959
1.7665508515479482
1.7251883216014254
0.3213039452712596
0.6943571867401992
0.09816666759543781
2.5599055938491673
1.3044508969678608
0.11175099590407082
0.5379490741041771
2.106778978924513
1.6405565727052667
0.1466488135895705
1.0136759642723014
1.565386667221595
0.7281139741685313
0.2525707580333665
2.5876373596231996
0.8602216355282023
0.574891250597175
0.5689590690430034
1.0720852702020307
0.2843955969476902
1.713992440383083
1.7693040163882379
0.616307467180258
0.4201314853374254
0.6995422986249684
1.291509876597334
1.3104785064997995
0.6751309732583685
0.6786470162033896
1.6681757308676222
1.6721052294302094
0.15249945255563696
0.937091592416511
1.4320818775319082
0.8202564209633366
0.24691234549954133
2.637287272947849
0.7398152637137362
0.5822652540479473
0.42395515309805054
1.1638388476705848
0.09473090004264453
2.1741548893401164
1.7951487979126088
0.34424474535236893
0.07746270024346094
0.40457670262955014
2.539621570318889
0.5166444277635261
0.6944464432792277
1.574197703319191
1.7444732559109857
0.14213020801853998
0.8649200533133038
1.3147308256321038
0.8620562632413674
0.33728852873720755
2.6503001511467614
0.5575012372665702
0.6373677044805411
0.30880057176502246
0.9987580804059966
0.4494967302724501
2.265191531977188
1.3868393792601905
0.24324052195715154
0.2554820198088801
0.1801990795384303
2.5653642670025776
0.422339242298027
0.7917707614675468
1.4707749325262849
1.8524203844436817
0.07719009108751032
0.7940287436323171
1.2167501046014575
0.8788208073947691
0.5034196630910768
2.7012756587689286
0.22318071149982446
0.7117087519677886
0.2844883163333182
0.7618260061942137
1.0079135400454238
2.3920102676283768
0.6118723957043186
0.3271062362899404
0.00805365258988568
2.4764565071177764
0.34130347753533635
0.9212111047479781
1.3070610678484185
1.9438767713642053
0.09653948633282783
0.627298984015831
1.0935070739482942
0.9366230387682231
0.7357369293504612
2.53392661642624
0.35524488615262656
0.4301216025980106
0.3215834528866837
0.584260511522109
1.8218113157840223
2.229882983925236
0.20225924120363786
0.08883762949858948
0.5396504546720506
2.1197575807248654
0.2739844820376137
1.1749017809744946
1.0443666343986295
1.9298464853423365
0.45147603870743996
0.23178329870566994
0.9173314384970734
1.0962150880383568
1.0640727976209667
1.9044493615152442
0.7420947378692944
0.45831720431227224
0.10132795273283317
0.31767827690286593
3.2601282365984514
1.2278644866150323
0.06663107490024962
0.06386674064540736
2.1919919290987986
0.21611962588172118
1.4285936753115447
0.7553795950233543
1.7715743683871545
0.7218540820734052
0.32865090879387177
0.398603966417194
1.2873893553748395
1.6606710842051615
1.205920670626855
0.7029594020339204
0.7650560781041101
0.11328797173393444
0.8493291162905007
3.6064674608221337
0.10555111215277796
0.20595400683522178
0.1205496583279478
1.6969421596145597
0.17917569988382415
1.8968834122622238
0.4181893677119778
1.5785409541067277
0.7504972869592834
0.6599037897207327
0.33742502272523905
1.1461649864674262
2.480494112784169
0.4425821549809095
0.6469439376080652
0.8342803379330849
0.208460273608782
2.0081754992675065
2.033377527460804
0.013668222166739736
0.9061871300597295
1.0304675875855638
0.1360953600712046
2.5904867702200454
0.008113618736283308
1.4313928769629984
0.7445223190565676
0.588249215127587
1.0552446776039284
0.528438259305785
2.7108509221601906
0.5326657957748745
0.08945996366047412
0.5849246876442885
0.6929082376141673
3.1157071361083086
0.42776132899790653
0.11787549789634622
2.4942906826156994
0.42830239502495226
0.11031559554411775
3.102785992357045
0.4929592059132209
0.7713028504784271
0.6998582712025379
0.551191817885611
1.8501256065080647
0.05324590489584213
2.1977919159705257
0.40389920784422817
0.676871771434763
0.7849600002219369
0.37895579726016887
2.487370301709327
0.3176855505624573
1.4330493891605462
0.1348590827786186
0.09731994667915261
3.539873714367142
1.034689375998902
0.02042105086516932
0.7608547848413871
0.41296811010176665
2.1732793650770126
0.7083762777340751
1.3234811204269414
0.17489791387369608
0.731383815756041
1.8400667802141226
0.4567061699059533
1.5076837134980856
0.7266900105243538
1.2162029435175374
0.17971632995028483
0.7479654180995662
2.616660916888603
0.6395782827263872
0.937144386367954
0.16585138218002252
0.07557294292535714
2.960110051623192
1.4686126284294594
0.332117322796664
0.05945049235534751
0.679542455958245
2.2152851411214924
1.130057685650628
0.7978888450344288
0.7298028764605853
0.24180168199717075
1.554838140725163
2.143602690304849
0.21450222172070804
1.0951077939753944
0.10944530069691091
0.8376457997740986
2.4685478566867496
1.0961667883354032
0.3378904074043866
0.43943923845343336
0.2741175791570656
2.658130002304887
0.49459629932448745
1.1968083289328648
0.33215048352072063
0.3275544315193609
2.422621712556472
1.4175680765788823
0.28028224496641807
0.8972797127942699
0.0756883745226539
1.8547353009547891
1.9004648736524543
0.4763939800334812
0.4699174277676601
0.21020408772540125
2.881346852680499
0.3722397992030309
1.109634201196595
0.08020192971487733
0.3950517728779745
3.172552346035974
0.45614077035049216
0.8313768558719073
0.353804034931084
0.22182780601790608
2.978027471413603
1.1227659112780035
0.21953572194612544
0.6648622676978996
0.04124624398296649
2.8265885844782055
1.260816031603604
0.26722648140837807
0.459461399529638
0.1341349552899574
3.2051013670924977
0.6161065316672409
0.6320664556665381
0.1774992252599627
0.20980452766020535
3.6102549113501983
0.9223350273412252
0.022116954298140364
0.26145780955831954
2.476918739548491
1.5364651223324255
0.6258417742873822
0.15963089147705972
0.16194079432888187
2.926983053811093
1.3118583454680606
0.39759633336286115
0.22996895371219708
0.10350841530791124
3.091788355237403
1.100468653916714
0.38847298794503987
0.07991735463934177
1.8501879749369186
1.607200519758207
0.9636192783020356
0.44257428892307726
0.0876755171996252
2.1880744067933424
1.4052771251405367
0.5749782093091831
0.35039566137617056
2.141166941800984
1.1412733231019725
0.663807279508269
0.4583121055701452
0.9564973466366713
1.657102101544882
1.1280697004263285
0.7440795503370046
0.5032150326909653
1.1381798562407852
1.4937967941701367
0.8560462953673328
0.6121016364723738
1.4462354232805783
1.1867673551167475
1.0401724912356942
0.8397440341029725
0.03962456505966587
1.7182968742786064
1.2777832361094323
0.8024588340365999
0.7907320840824033
1.3130470087345973
1.0751185024002876
0.8637224244968472
0.796117136374196
1.442554679787788
1.3033828022900442
0.3306323558821118
0.8919833314184709
0.9111140481093679
1.5002305972601058
1.1760747084348675
0.2611345099623726
1.3375686323012075
1.4393812219866826
1.1027140103900528
0.19924368578746723
1.6939335184210242
1.2996214813962157
0.18047069967988513
1.3094343665399195
1.6170407738567842
1.0332577611796057
0.2421866191040944
1.2190852396756866
1.6287270555717488
1.0065455047932839
0.41805082947579636
1.3596337373183767
1.0590811885726144
0.6486459973122864
0.9910956553192616
1.6243947559637524
0.8141414458340246
0.7174585957080649
0.8571888527769914
1.4476391900016943
0.6585117734265696
1.4486167584367338
0.6258941852401837
1.0067390324371188
0.6312498329418118
1.6310786404606195
0.5502018771854161
1.1641107241707342
0.44518060852651353
1.5887411437436716
0.38758107943650844
1.5200590987803897
0.3696018915037868
1.3943128740615849
0.22190412840601065
1.6436274479951578
0.15492699129748333
1.5584393761806719
1.667903645749599
0.015418398503860188
1.641089064140626
0.05641641229195364
1.6336044104616476
0.2401069445754663
1.4986335904740162
0.10156139430300924
1.5731815214764395
1.635812534003015
0.27969782373808316
1.3397111026723563
0.19929937855342178
1.5437028501147938
1.5192208813913524
0.28769963807455884
1.3382828391915895
1.5428636460716854
0.5910972990497592
0.9627161969782011
0.45364321933765994
1.4466716026912971
1.3782065618753454
0.5182013766462432
1.0636674255915795
1.2622582437623797
1.166884235361494
0.5612484109277044
1.135017007205216
1.2411110080737162
0.7692083029899065
0.9807699600157964
1.1169027279346886
1.1298674312038
0.7950448651337517
0.8356852669326008
0.9200781642655983
1.605376082491605
0.8073650057903593
0.8969545326117152
1.0497622334038312
0.7343869287301921
0.83273581963073
1.7907627035584737
0.633468030061335
0.7108962324440381
1.4610362091276596
0.6399078580324031
1.6261279777972995
0.5608933705084193
0.6503465968408759
1.4173699092811578
0.5122814526169823
1.6649792303199304
0.5272327344533068
1.164288392375087
0.4554394591669386
1.5640785207845034
0.3356054157048438
1.4370360926371224
1.4749456578614524
0.2301130254710202
1.1273276376821273
