1.6889184260604848
0.1536084089364356
1.9719786772156875
0.44982118478335764
0.2179871271871116
0.18094716548397988
4.027445266885866
0.19695444710368742
0.08675647483239785
2.8737008656934697
1.0059086574027092
0.5848852826809723
0.9232405302427305
0.15631766332306324
0.14744495563350823
4.299546386496901
0.27661167440977036
0.07152110297407634
0.3558970430636419
1.9023577726369518
1.2278320219597112
1.037563267089568
1.0929369892148524
0.8951590533459193
0.14303032082237596
0.20945791582525805
0.23659966009556602
4.251006742301977
0.06813613018901411
0.2386686432762473
1.1259249113247423
0.7042026009148324
0.047450823145604594
1.7158095454672107
1.2983558001104576
1.1255765846972228
1.3350143528582101
0.1747609334661728
0.9604315975174376
0.6844998386739256
0.24510167428810076
0.3312683715288974
3.820515817876945
0.20609076951363306
0.44076019365575064
0.7192417221876208
0.7784559078884059
1.4001055625274486
0.28533055704605315
0.44394000207435286
1.470253586360134
1.4158110697754607
1.142797529255574
0.8412074691794881
1.1604326471599435
0.5628810082778768
0.5793270179019291
0.9381514338082346
0.46957312807748636
0.46529449661342903
2.4356473607876
1.1928166611294733
0.5202089155488827
0.9912216025271965
0.7464486801487994
0.799456590820459
1.1152487579206969
0.7619363283420669
0.48040578892264335
0.825313516053637
1.0430246292675025
1.7434234108703606
1.1490300456103912
0.14102204189217343
1.9765007831614627
1.127003228913866
0.4319571613876513
0.5611105455563583
1.0375119949718843
1.3338443662430217
0.7660515657598046
0.19260401254200685
2.2898560544996656
0.234910101857264
1.6441018718037312
0.15421149852866078
1.4393502949345796
0.5350845492205615
0.8709195142067102
1.0676368633662319
0.2647491976305607
1.3922608222114916
1.1057100590569238
0.5675167643668143
1.801003973464435
0.22707784514293528
1.802941601437425
0.13421669226502667
0.9160512876755897
2.4211012820165156
0.2675450959987058
0.9913467577989674
0.6028789477892911
0.7956256924589469
1.238228736213346
1.4150153268612955
0.7481839832421437
0.5676913154518003
0.9986266761533162
2.1119060781321046
0.1015939028666442
1.1156873895508297
1.8605988500448747
0.4942224285689462
1.2497919730768385
0.9034917515023515
0.9569417529849858
0.06762732623512326
1.6248396750646876
1.9715600120548082
0.06947832710731656
1.0311874066198263
0.8484558437775037
1.3127008033196075
1.23005331430953
0.8739615700686009
0.44818932359748176
1.0112341289145337
2.164844127004494
0.8008486161038557
0.4989640511486214
0.7773159426114475
1.3711500330672266
1.3275805461425716
0.7433630770600148
0.2409372178875059
1.722299238925545
1.9844350465393903
0.39862024784378647
0.006360601417977446
1.7561823684401452
0.9781306013994813
0.8444040722005965
2.0961812809765625
0.2983431093607672
0.7535046235957967
1.629246143238517
0.5930943681200874
0.9225421947158208
1.8378537906122652
0.18961805415489852
1.483793158302552
0.5663030051859864
0.09557958803872339
2.02122932575846
1.5075487294178926
0.5143705994376196
0.8020178363429675
1.41584768310713
0.6810807870529937
1.1483596164041934
2.2357326861831113
0.10355746366038864
0.1511716537379888
2.0794291534922142
1.3896013254846604
1.0502352634946668
0.5178572173302975
0.149486102211154
2.1624483259781457
1.6191485430811334
0.09722962892602484
1.40116565941351
1.443476652312895
0.6217179231983849
0.06659041054327022
1.728307168884524
1.985996408997582
0.6361538611361691
0.8335942639717782
0.22453987765467015
0.454085124678221
1.8718893467320639
1.5404862474188983
0.5382009311088504
0.5985949621631718
1.3355537669640594
1.8991414561481577
0.3889917792379402
0.9603597707559439
0.5956551158403227
0.8489429395395921
0.3413550085135074
1.8599503013880512
1.3101555034876924
0.48392175506589286
1.762133220236181
0.3446928998383571
0.7435363167252632
1.4907038226376828
0.23228832597946003
2.5626819938178493
0.06292927719688603
0.18957893245916616
1.6102415289415877
0.8699656736528264
1.6873204000649176
1.4799622298155608
0.023944135512955027
0.0691691911296282
0.7082950281501037
2.5129523659264033
1.287554779040143
0.31887464686852807
0.830002071720906
0.5843139643539336
1.4192594225924138
1.0166104826200337
1.3684034767289492
0.4587345448406029
0.5231814689744837
0.8425588729805356
1.3222484536941204
1.7775480626217275
0.8048671752853234
0.3467258279394864
0.8316190972616978
2.4123188214511853
0.12161885596191359
0.9712492404625662
0.8345414855386827
1.046441523505793
0.8803654196430406
2.158961814028006
0.11859131231388124
0.7939280583550368
0.7310206317568678
0.9017357599318687
1.2797594324842188
0.8712239158752465
1.6940773651458134
0.46508444021844586
0.3716862895745387
1.9333303047816743
1.2592859632979974
1.1313122934008395
0.47793735931188625
0.062378712934788104
0.2474330151808205
0.7693496522051064
3.3941334182267786
0.43445375615567844
0.21890886815594363
0.16269155159839824
0.08483332500996638
3.549495142422794
0.5052420972834544
0.3147416968776441
1.5166251821608017
0.7241318321195563
1.752983020970719
0.6715431125220003
0.3857587607246504
2.289091609026783
0.7665943977003915
0.3002291583877073
2.0526455421024394
1.301234540604142
0.25116401676883016
0.3301963446017194
3.467347501142334
0.18489366244168293
0.4090536403052179
1.0169631167896154
1.1604993684632978
1.7114263243190684
0.6882373484545685
0.15999780207104697
1.756110768808756
1.5528556094160681
0.7296762544075367
0.12376735047841676
2.1644073487775097
0.5629473962851581
0.5141376453817804
3.1077189841280184
0.2671134486925744
0.37309539272311437
1.220645297806108
0.5447430453403675
0.18380075355226674
3.7674244399050014
0.26534069405512434
0.05912309473386239
1.7802660627280573
0.7917858839850084
1.3025718259376997
1.6477109221133661
0.257387213450772
0.36839012771104707
2.5448422880877013
1.41735238330271
0.08408780312115537
0.4245732160101353
3.1853049853773387
0.7626405406441328
0.33849399549209236
1.3146402060241513
0.25350699013836475
0.6666061206217245
0.37048039570810243
2.5489966110165785
1.0592815929922461
0.31917689232288265
1.0200978235317246
1.214713313382221
0.8584264771959362
0.6372661142615791
2.258465220211877
0.5998735554554272
0.828361867908002
0.010424786545758048
0.6147689193637701
1.9239590915113973
0.764128986719221
1.1752922465814837
0.3023978053114564
2.423811757675834
0.6139504828146598
0.14981302267016935
1.7630278807398112
1.531340253713813
0.3485592021049412
0.1840567546434199
1.1352365020277155
0.5858507666570933
1.5081880788976778
1.1466255361227722
1.1281566184665028
1.090135124819212
0.597875819881168
0.8586882822670191
0.012166343510606184
2.546693697900835
1.351838290964114
0.21230669474788852
0.40263684926708837
3.2228454885285793
0.6462455877449664
0.12104923453708921
1.9426800895219531
0.2848639433192452
0.2827071235206519
2.060940446584542
2.4649607491232377
0.026709331223992966
0.1452860534751822
0.11670010428287267
0.1702295068418277
1.4164444918847134
2.5847910218246026
0.7300147016266507
0.2353239045253219
0.1947088972929953
0.44552970845362383
0.7299195777883017
2.860879915482941
0.42817378563785785
0.32790954839284286
2.5606030711516605
0.41899923253675
0.7150998029278339
0.439888854771869
1.578056950767348
1.9711285045655609
0.21104437222233816
1.2008104288663835
0.26244520674899624
0.6384112535462158
1.6492093392109761
1.8488956654013036
0.4790380575924843
0.4804343450991618
0.6461342159508312
0.5318495274102915
1.4013934934192809
1.6444390965205968
0.9840486506361837
0.4532661038462387
0.8171493394511725
1.1975290210820837
1.5977064442498743
0.03810774551546703
2.2390817328319126
0.7119442891364527
0.19999166574103144
1.9580286132014588
0.4481872747824847
1.0645221089857437
0.5098116398172493
1.997447589170192
0.43852269799188603
0.13522174767257913
1.861800670163215
0.6097603538768195
2.1251403972894662
0.2917851991155356
0.35973479974764644
0.9250138093693381
0.2111781301953144
1.848203984040284
1.0195524158667397
1.3358539010721662
0.7945000828579205
0.5057369957469153
1.193604037340519
0.5452571217443128
0.7825320969368517
0.4751475831727177
2.199590903487914
1.176617678278069
0.6120769334062945
0.4025640669054459
1.1967806344364982
0.019574057873866867
2.896625609116651
0.4197545968995663
0.5041329155627042
0.5434488153646538
1.1049172697470198
0.38665272263666456
1.9478995881554035
0.873571713863083
0.8791104318420961
1.2396699750312166
0.4354043686685071
1.2701604396005604
0.43598750074814474
2.2258693702096832
0.16149045317237626
0.37345272780233046
0.732328202594838
3.222371874083112
0.6098071408815623
0.029096850303181366
0.7270608067865728
1.2906059598053548
1.0234712006479034
0.7572303744972989
0.10881642406473702
1.1096254705718946
0.34493734177221314
3.066748602301995
0.6113880525256549
0.04806469093181839
0.35338759240557827
0.5519222658286427
0.2876619677330783
1.7550191155005161
0.6207168829493642
1.4609926547789274
0.42655035438396316
1.8429566166029088
0.43492554042385495
0.9968871675030151
0.2077688373971249
0.3559298934918569
2.15172801549102
1.8060599861731803
0.5962396916213336
0.032100480723544336
1.6075707373254786
1.0245883863890113
0.006548454410117851
1.5152169415088514
1.0373861679928276
1.3506996669291949
1.2265182021367433
0.9880322484226396
0.06716213041888186
0.5300741056259602
1.2437102209249316
2.459807857650658
0.07597537842975542
0.5160751795150756
1.9705353733421118
0.09327737614867807
1.102950664844326
1.9943116646368333
0.974995151687789
0.20695867536017368
1.9427417857596652
1.0290154001517666
0.37047479971241176
0.7303310344594923
1.8485857688794052
1.478220510990658
0.7381853962326931
0.10052407307211143
1.4128631229989193
1.3179105263860682
0.5469145409058223
0.20629530971408375
2.32402677952148
0.9041426214816596
0.7938123335773378
1.124589943953936
0.26243654160362995
1.4219392778095181
1.8492636540160057
1.0939938877975917
0.03320294447463068
0.22757841187147587
2.2782223704831623
0.7997902013142685
1.639780168043325
0.25837744769667953
0.2785067694973882
0.3689352683824306
2.2502444395539807
0.2681725722894617
1.0751942970423927
0.4515190170884016
1.4138626295570704
1.7954826935376953
0.08621220059056138
1.794473964571846
0.8068293384445997
0.620747935819296
1.3829843301944151
1.2474034670425012
0.3234784421944202
0.3331615848236928
1.3051466287591957
2.2105641156232934
0.14657507814879064
0.9391023163104101
1.5112150788755647
1.1281380049273864
0.5871361176936088
1.8157997812100444
0.36341818696923267
0.1948039619848005
2.947786261640351
0.12582465513328567
1.0197405815349516
2.4359847184084944
0.2619725084582471
0.19127030713132484
0.2537906561785592
2.1162158353991556
1.4660555918443872
0.4114514625984637
0.7354690206339997
1.7868020874440715
1.605568414899718
0.08450215532465814
0.6639610337519387
1.1687484056132231
1.925970246918268
0.4715524418207116
1.1655637895416624
0.7253415047518907
0.638766573505554
1.6413320109781528
0.9071497655787281
0.9559275621404479
0.9880600501414069
0.050222392284631996
1.6677184905438778
2.4134953364605582
0.26473933199427013
0.19030538391650167
3.4342626077950436
0.45449590085735214
0.3349126540715791
0.6044899085899176
0.5133567639364703
2.2090123117942384
0.08938845423593733
1.7225981786211162
0.7139613550967071
0.6754742936127524
0.1832564262508059
1.0684811324556378
1.5457218374225128
0.877670978968227
2.0366961736477722
0.027128994968641133
0.18822496520597273
1.0277267813260254
1.1933369092107797
0.7890035192530632
1.1450172897984758
1.5038852919382637
1.2009375113613097
0.424116881350076
0.9169470902595958
0.20490265364262503
1.168531840515887
1.4675097806282302
1.4957417569466027
0.2870205713786241
1.28875472730984
0.01913935129825718
1.1520516703461685
0.5525376714599097
2.5204804852930884
0.044848414446162534
0.7928116617665605
1.0779831319738324
0.25752411697119737
2.3621944807259987
1.3337014473045476
0.20191670701012382
0.8288558635021459
2.5972397562845195
0.21233698051381944
0.20986849058357157
0.8657732876929843
2.214741985638402
0.9753262404061266
0.31699283060325245
0.8062308347169351
2.75049794032179
0.19593920775581622
0.9344506848816576
0.735949387851882
1.344864184601228
0.3414763334781799
0.5361610706494396
1.2994367885086868
1.7471023674813813
0.9176323715304209
0.7109167264041993
0.9662342504343633
0.5452088341871227
1.3292839353291719
1.2271567928540532
0.4759665804368211
1.7831605913751813
0.9311862328961925
0.49548089061790757
0.7775581386242563
2.332789385977287
0.4334638676814454
0.7436954274919655
0.05267638414283867
0.7682069804957538
2.351692030623134
0.7599604559779745
0.5737527294966852
2.2186524878711507
0.440628948481847
0.491263496830546
0.9481168792464316
1.7149188431209117
0.45749557843339
1.238449959291572
0.7539341360130657
1.4975001729239725
0.10493772369343862
1.955813752513293
0.9888982066294959
0.38241318901364674
0.4046072251372713
2.436916969155522
0.5675179716293726
0.26709718914465386
1.7653845384352387
1.3694733895540034
1.1662420210055897
0.40268249541586054
0.5959568314434521
1.8812470124622986
0.9604033918167013
0.7724258988800163
0.7000416427887303
0.9552572311449268
0.9273742931068072
0.5483171289939147
2.1604691713412234
0.8023228148665275
0.5520324124645851
0.2977866321302061
2.0078746858695498
1.6019537824681385
0.2977476647895794
0.9444569719785751
1.7878441848656204
0.8821034066083334
0.9082681762308636
0.24790305705941196
0.6656227733805664
2.8133253583501903
0.3864271515098779
0.14225622591833287
1.399991125802471
1.0517683646176728
1.0072014761025092
1.4095500996475097
1.2837878454668765
0.5187385077014635
0.6399511824908152
1.0496736986212634
0.9003292055811023
1.0877049328937842
1.4259674021616229
0.35649576343358746
1.3171361482755892
0.1943764024093827
2.3245570493624923
0.5825837601019938
0.6840699608291257
1.4639175523276369
0.07044097454405215
0.4996372845394648
2.294256738565368
1.1772651616813419
0.4365991912472319
0.7884154318964416
0.9968476239402414
1.1179246177004798
1.9590282720206185
0.20122946439382752
0.96048532730244
1.5651231032548336
0.29852586738647985
1.143030399387754
0.9824034434666513
0.9475123354711187
2.2308019310991516
0.0527053972414339
0.6063441003586378
2.625126699172912
0.8752307771620853
0.06475179890844751
0.28952419330178003
2.006041098227557
1.7629542724655798
0.4980036337723084
0.8101428349707196
0.6879452636233313
1.2587790137694834
1.2030454437740787
0.8456897676890414
0.734057088562668
0.9318076745918056
1.3974366837311132
0.5118977858615514
2.096521248895334
0.0693107333317659
0.9558115070781643
0.9673071712167728
1.1082839797068516
0.37286728381150647
1.3243956034243378
0.938351050174776
1.659247930609617
0.5534511519112296
0.9717855180738573
0.16645142626491738
1.6186567432169914
1.9834579750958905
0.18824862347516422
0.5346759439860174
1.0496496102848187
1.1796640095976232
1.685388476730409
0.7089771740508501
0.5531171718553476
1.458339421118479
0.35849376850492015
1.2402254811715292
1.3121328419471705
0.7064653333563705
1.3845819123816445
1.1356116038479722
0.6733433706624417
1.0469727150726944
0.9306647737915101
1.2841110869530294
0.5955172742731379
1.270595682141667
0.4182882713824027
0.18977821448578538
1.4236241026164982
1.947222008317042
0.7366283256394327
0.7871693603555463
1.7578784721616294
0.46852175215637193
0.16980777545207607
1.23545561930646
0.5732701094853053
1.6871609739001303
0.5150193798365057
1.3247142385445405
0.7006781082934256
1.250882323471928
0.8086534717568237
1.032730098817735
1.699315434503446
0.2686888998568738
0.890991164795686
2.339362366741312
0.190589446007241
0.26789057668301924
1.401707472993859
1.604276495409212
0.6689705074118023
1.1374227268909816
0.6337143892392072
1.278693966274556
1.1900636723726379
1.328273177498246
0.457777153286266
0.6627038717246102
1.2432960473565293
0.973433344333246
0.9616476982002
1.6332057903380235
1.1656621158299139
0.07067920318750691
0.23874480037206325
1.0789671524762408
2.0252103144255877
0.41431272127981916
1.426395996761742
0.4616909224142269
1.050711546348166
1.2081838521547534
0.5335047781152249
1.900420298405299
0.618205395825675
0.6554132376134134
1.2108197041144966
1.1267311515104006
1.0623190916345708
0.5607344003706123
0.8936765659209029
1.959202152285233
0.9418111340609272
0.4509015207156975
0.5390407281104973
2.4710111833070103
0.8822407663955472
0.5533020330583773
0.4160112576172748
1.1701933433675882
0.1801844974194504
1.343242045745753
1.3435770285615043
1.2538673106858087
0.6897645511973424
1.0178677572021886
0.6738536707885721
1.3902606047365664
0.48414524968215866
1.0799561371195916
1.8241444608727158
1.107754028564171
0.3190585531086441
0.3536260144260612
1.5879168585889853
1.9892860992427892
0.6757247090322827
0.12529500184167014
0.9727142207969728
2.1014433985514396
1.2917076328361627
0.24136476261893727
0.8949055530637717
0.6176458308185317
0.3920621784590642
3.2009179941741297
0.19751603426514
0.5141058787591677
0.4613162064357754
0.8654466216464279
1.2247898366503565
1.9324899140372862
0.3579984289686847
0.8958865459070393
2.165818453378355
0.48035651863684603
0.031719609220106734
2.7461632678401773
0.2056562327988351
0.7941838081343172
2.2725655921819987
0.4439304860922084
0.7001233674802282
0.8005316738394039
1.7438853090020818
0.7723497492114983
1.076589716736352
0.4720077753272409
0.7961404927968316
1.2797748475307409
1.4827708779192068
0.6646539233774864
1.464567009169386
0.8011503172330849
0.5389684924073842
0.7447173989170393
0.29897474353467074
1.5488752309377074
0.5902616221090298
1.0258403223263826
1.4436129383963057
1.4908946432078944
0.46912885209542216
0.4167246659565636
1.4730385468913023
0.8526723792838206
1.1975540111939997
1.4476200625758568
0.9155691070140412
0.3034261862533287
0.9007750800053473
0.8855645759918135
1.2926210256551383
0.6248551343209353
1.493576527382316
0.6716837677740636
1.258301457005209
0.7661043402667379
1.05148915893525
1.693122304395269
0.44873503943224485
0.3115850324877563
1.7163356051207503
1.0973792269477973
1.2504498586083648
1.1241605758192583
0.2929914442962126
0.4687024959397828
0.882629850269309
1.9815418534506344
0.5550708260658841
1.509244066079527
0.36409607362213664
0.45612767863259907
2.7060426091285787
0.06574703374538135
1.2503205295927362
0.17948900770804946
0.733802318770734
1.4013047124129896
0.828471881884253
1.5997404665288106
0.5058012853238567
0.9964427721900323
1.6222310148704848
0.7935893688776251
0.12069284967830857
2.326957910646379
0.748455206812416
0.7560511720152655
1.9821788205171018
0.006285144152439024
0.5374505987516124
2.696650081343504
0.2982326322268215
0.7381946323371463
1.7716194162006715
0.8442137198521004
0.43537182754811554
2.350142920080412
0.5224512593822065
0.6086520191816391
1.3698045353415098
0.696990520461251
0.98485671358714
1.3429537474537037
0.6335439986548224
1.0398978395089056
1.3996077391402788
1.0023448173544518
0.8162843733002223
1.2162866645968697
1.2276328592124062
0.5912870187773573
0.3896861946690925
0.5642154894372315
1.7555868387024978
1.161028832471191
0.4586422710105805
1.5460255338642752
1.4424753622016055
0.6053465914896625
0.9013430264006057
0.48102341229642365
0.4244405389786227
1.3888879934871958
2.0520297884618555
1.0376728617911468
0.1304824011994271
0.35717081870046574
1.656597830370214
0.6544167910766345
0.7654126187794453
2.5750418307904073
0.5157718183637553
0.297174818098138
1.0233601147330147
2.293018157077083
0.9225938159702933
0.07399393767415259
1.0877275985315897
0.8220527035536516
1.3688524230022576
1.362033336008394
0.4663788685493781
1.304529611668206
1.0269852243586348
0.9687712265367562
0.06124287572384834
2.113660958497274
0.8092529475868162
0.6376061305199682
2.5332957234873366
0.1862283083010478
0.1857287856321881
2.2328393518733325
0.7593693683416584
0.830092215954356
0.5354428201927147
1.3840221827653392
1.346814764918552
1.418348928013312
0.3703340850693564
0.43745201316933424
1.9577030666655253
0.1953274837632676
0.9020747014718521
1.6855302958100158
0.9697924749506694
1.3189445388341061
0.5838547325659095
0.14157080263774235
2.789838311519473
0.01918879006119455
0.9387948400859665
1.1133556625813803
1.233904118756404
1.0279227205788932
0.3347842129846603
2.558261959391784
0.353187067284035
0.2365112302221003
1.1010055874911637
1.445383836154897
0.3511856136402425
2.235753791884081
0.5715884996063769
0.6237407958498536
0.12978718419003957
2.231810437670579
0.9228166139714977
0.8233124627810154
0.8031947503602929
0.5816026957770399
0.8870917776703572
0.8181958815630271
2.3411197894402123
0.6103676291949817
0.33833716144526654
1.7318657368859771
0.7426643132402453
0.782802330854854
1.8057645670180376
0.2795810772283715
1.1630570353064114
0.4530490125714019
1.1159328565510758
1.2664114829293058
1.5683203168778888
0.3959033365694672
1.2065440416575546
0.5377454887901556
0.452685912639783
2.1828371699342632
1.6662899588908948
0.24486399087958
0.13149068390129626
0.6630650488274806
0.3441530086745582
1.5685922878538814
1.1710372504014748
1.1185455548522731
1.1051928643356652
1.1283555082194843
0.9161074862091098
0.11524101430150752
0.11645505838377711
3.324505455710925
0.4927397480996512
0.5240081689281758
1.3828383111080016
1.1593896343755605
0.9535416188149893
0.6292139578211138
0.47531071000559105
2.4505563253785585
0.283623573333605
1.114842481065826
0.04198521588677924
1.8026030821036436
1.9404570285768368
0.24822601914069106
0.4914655578049245
1.0451586256273937
0.4356647595046329
1.8780357845771136
0.26818513571036634
1.6099657811640289
0.3665645021803795
1.6156766013161814
0.5503916153654886
0.6494398462048003
1.81052469266962
0.8591914270809313
0.7771312011279901
0.28645420543096217
1.8599710486126342
0.8747169966839944
0.9831145720426353
0.9732161866684133
1.059131141589026
1.0656867967999102
0.3430416810288682
1.7929670146903076
1.399883300801341
0.19912954556242024
1.0264188741917448
1.7464430373299185
0.647728020099172
0.5411668249989796
2.6311712193561196
0.10218938767744584
0.8288676925996241
0.7794182631127218
0.8988790039454276
1.0340681231808424
1.393892100734816
0.9762389903273662
1.1415159642588304
0.5302521321217901
1.0851124919987278
1.1159314753561307
1.0072911447561983
0.8311820111636231
1.016466529936263
1.517584472919974
0.685964814585663
0.2808558942474261
2.4866509695297347
0.4624710617060532
0.7096688024224859
1.338580315758174
1.1402238830157265
0.9642700750191695
0.844836125956303
0.47392905811922353
1.5504013383792308
0.3559685244403925
1.4607120967124403
1.2820988041890071
0.24685626019877224
2.2240449953842103
0.0929482619324028
1.3967354385580308
0.9139208180673232
0.15004515757016676
0.8622685819178527
1.5428994250509904
1.2581022038202256
0.5708702911270486
1.3535314024346294
1.5701526120394635
0.35085800525001737
0.42615892004272915
2.3948042297085244
0.4558291542628069
0.7480599126549993
1.1494656005883446
1.3921149868669918
0.33529019624768147
2.0575257511027454
0.4717418152333843
0.3601809252002297
1.874528702513369
1.5527065629425623
0.08057443384097995
1.615336158170537
0.3664674938795556
1.4777519391399647
1.3404976965568818
0.006927753746410435
1.907958476260351
1.7164425160871508
0.3742052320736878
0.18601794339556885
1.5293153656526632
2.073720435716875
0.6999951476347485
0.3314946305986156
0.4014073649681421
1.7224283930923971
1.7530536450210488
0.22973359850669658
1.1612877152426022
1.313568312848039
0.5584661471487641
1.7622789609657088
0.67028819863631
0.5468168930505808
1.808348551765596
0.9150215850354038
0.4889728327208047
1.9922881144407913
0.2899449708051288
0.23129740970917603
3.3499612683374234
0.8279606981926164
0.2221321140937213
0.16449829178785957
1.5575920533737746
2.48350013177692
0.5666753858564959
0.06306349556241651
0.9802541202262334
1.9005494107911762
1.1503857531007693
0.5273116309805854
0.4558096511451948
1.1348670538008967
1.787021180529021
1.1231556062381445
0.2859672494259606
1.3504129269886376
1.0761001473236522
0.7485484159033442
1.177903408346426
0.548695779296912
1.6110068449811206
0.7354218098475243
0.9154400145137355
2.281314398660636
0.0979349417508664
0.4163000623394838
1.299799722221619
0.8047633889594616
0.5851543889744943
1.6808368638713742
0.7512901017749231
1.5493782185180007
0.2352804945795819
1.1476495462181673
0.9612159466163932
0.9581644002184918
1.1465924141466093
1.10890707749644
1.1634061776946958
0.1545839364478876
1.7460111625441637
0.5832075072610636
0.9276993978002163
1.3414475858313233
1.0352341008930133
0.22570162127068974
2.155085664315553
0.8065065535833709
0.784850007316059
1.1362628479641774
0.29577912535790546
1.5761489734654497
1.027044711798753
1.1658927528379652
0.04378287170857567
2.1560572301249907
0.5320043451135609
0.20660823610621937
3.1242608077313414
0.8790816051747038
0.087808103305053
0.792700529293971
0.5228149604192132
1.5949673374670468
0.892821909359739
1.2017546298104775
0.5759101791221859
1.1975210446268658
1.5885744954115564
0.3947640602043577
1.4921583951883994
0.646763977340195
0.6731937578515814
1.3974934688790555
0.9632112726094307
1.025478248026693
1.223323034165409
0.4266337904389053
1.5775557535249716
1.1061441736805326
0.014130043681826063
1.8356667879163735
1.575847804684545
0.962562176872494
0.18252189200839639
1.3421481757751599
0.61913368782149
0.08959590241896259
1.2122149483795837
0.6878415679912547
1.3031046332299137
1.067505038955987
1.3095130084675937
1.0087674606364512
0.6014651769751146
1.0107734157088533
1.8062732155537085
0.19125724934766855
1.321178446039457
0.583408175132561
0.7575587814712507
0.5769270623176853
0.8629038705660742
2.1827640427516393
0.7094501307757974
0.9103714143030749
0.798527249131053
0.8837755976859947
0.5036210415773696
0.9158532219927739
1.6740878298365778
1.5623895170844557
0.36189615173755546
0.3751288306100847
1.9229992852375544
1.6221647843976668
0.11312927177887847
0.9010079509063037
2.9615522674980794
0.2675296684356175
0.014926173943831169
1.694363212305639
2.5017120444288086
0.6103052040372623
0.13329156511789994
0.44816528211504547
2.3865767613846702
1.2322782236779144
0.304998333998879
1.481490470151975
0.8447213305911155
0.18320264948810147
2.04842629244335
0.7069517226260751
1.0834233649073506
0.7252790801281879
1.1790159197718721
0.38051562331795447
2.316648847262057
0.481043793229915
0.415706320083831
1.0495104051812314
0.3208394490487485
2.3013995421287063
0.923854014308269
0.25740998310212465
2.194616645390042
0.34480903238642896
0.920725205980298
1.2494537452943644
0.5072359083852139
1.2090871240366778
1.382419716083597
0.6078551410560455
1.2818678341497851
1.779394603559451
0.14658526938733812
0.9235710511403643
1.2646762654025787
1.252392989485824
0.886139734407281
0.34747717438488934
1.0001091729922857
0.8320367670368026
2.123181903384674
0.5409461063935573
0.7060475308805509
0.09951719588362022
1.8533268878184954
1.5908839995449182
0.2030797487917265
1.7596195127088639
0.782808399153701
0.27591515534728134
1.8263670608112503
2.055299263367147
0.29173645706383167
0.02464719608402624
2.078305144247984
1.6494946915278126
0.6402533141468097
0.22745630820391435
1.7658317851247913
0.6024572945080208
1.5028145806061748
0.8225354174139671
0.90137501031693
0.5430689942089407
2.123804219672001
0.3324539793374682
0.23848025906255396
2.805203155855555
1.409115682398036
0.09173015022694986
0.1912998077377967
0.317829739958298
2.5546210437456423
1.3420929541590494
0.31448656166910427
0.6605637150254545
1.2175314643559243
1.7328904262405913
0.5382732940222195
1.481894326350976
0.5873005939671833
0.21106369263657995
0.44249393089436806
2.5171791532880277
0.4830336217812035
1.0406764323103022
1.2180521831232318
0.9729240112343692
0.7856477483570683
0.8573269786941118
0.48161264414463617
2.530889967941004
0.43872748028825664
0.49034902491773275
1.5624015705601353
0.7478953202698696
0.9070965264451109
1.839958981589667
0.5035481400546018
0.34822504336203824
1.4738870678516132
1.061559157549491
1.590463359306629
0.05834734295793147
0.9783084648766982
2.6421808756309346
0.5880048520487271
0.41568611185009996
0.2690752879435556
1.399828745721919
1.2233435094507512
1.5529097104454364
0.5574167448270834
1.1292079654156024
0.351747747529708
0.5946469258517681
0.116730307701722
1.5112736302076037
1.4967128481950278
1.2752206058647153
0.837522319218947
0.29207901379255974
1.2195354318394354
1.1978160940640281
0.03194866045665683
2.2256865318258
0.29987695332026426
1.0300636817262774
0.3781568535793262
1.4522466393695694
0.5746972360928556
1.673386160352992
0.04433946701637756
1.8235624634364898
0.15462633935711936
1.26585459914324
1.2804860141327015
0.6871381667031883
0.8067167558364815
1.4720472977795234
1.3988774630828327
0.6407043357315434
0.7397424735301072
1.2500315376042055
0.15394900367334446
0.5608720308183184
1.943148933816936
1.037866834562823
1.0079021960827212
0.5649951269995283
1.910501631335148
0.06703752896141732
1.1654399647615952
0.23012827934482663
0.9634674008612241
2.3091179180727672
0.706810542917678
0.7473363044689365
0.6052149927546142
0.5675926118169866
1.7491866484883107
1.158894179592793
0.9124053542126813
0.4205488666575933
0.9341040512922949
0.9051421897414301
2.249597919831616
0.4577528615476086
0.5676899897334617
2.287572075501447
0.1895079228111347
0.00781910285255787
1.317694815613232
2.228264007732756
1.2205617640099147
0.18755677076125993
0.49272327388417086
0.7294610982340288
2.2024850422545597
0.6861462747966127
0.3428759604190468
2.33605807425278
0.19622613136512926
0.8086547493273571
0.1924914565526089
2.2607943039940177
0.6697808589353411
1.0995433917130029
1.2832943860051274
0.2948932406261509
0.8386979546961173
1.4805995983098765
0.8804602247379331
0.7380219311446085
2.3510911386114537
0.22268004107457665
0.32119990477537114
1.945852634577803
0.37713330104445003
1.6627170600671506
0.744949628465302
0.8541454949860434
0.46214029743701707
2.1032300332599827
1.3073096557455446
0.042396149590107714
0.6535729118784239
2.1598455538312935
0.3437588245101683
1.5178027677472294
0.03172747789702502
1.4098226375183738
1.4508892394164106
0.3603306244866052
2.291875282015496
0.14909640900034024
0.27875717558084234
3.0096467404795426
0.7298179109496823
0.3609195212895554
1.6220388446791352
1.4178538527590812
0.5978434650242939
0.0377780070165581
2.193175740425237
0.5913014189299963
0.5718886455777531
0.9600409868092717
2.7649571266072437
0.06931443753421761
0.575534472823263
1.2686402991643566
1.174183484711069
1.8117744386762407
0.09209720040749374
0.33438520420775997
2.032574873289745
0.9173032095067536
0.969743025751578
1.2774390377149862
0.8168245629567648
0.4107927513077964
1.499206469433045
1.0339357252645205
1.016974160328971
0.6674631401837081
1.1491775184507427
0.4019035542965382
1.1238509439965005
1.9412454510154005
0.8533739678354222
1.008927630940654
0.2866588663446626
0.42414407612144955
1.5938084686884637
1.4071928019691617
0.3896554665118109
1.3550264040929376
1.0823302721233297
1.2900957197974448
0.9065075493416354
0.4623402094009854
0.013180341053524324
2.7222928921765184
0.8666583769455305
0.3699141828404747
1.762023295746495
1.0128512042022273
0.592711163636723
1.631776374194917
1.0776018744309424
0.26148924759744124
0.9783611744143916
1.2884686179061005
1.0980496968375875
0.3865333655763346
1.9094808896491846
0.26556343309386793
1.8495942688559412
0.8536055620099265
0.06392538780597645
0.7568789582532242
1.87448384807875
1.143223067178731
0.6863932042446399
0.5898709065467281
1.0858409161484543
1.7089963522058422
0.7375794124989855
0.9960554015655723
0.31468999919805457
0.8360193222411767
1.4226412083830404
2.0050455300824415
0.2258225723781075
0.7597953490147741
2.045550657454072
0.410628968242131
0.639408447438586
0.6709994722756359
2.2403077914020546
1.01924434493163
0.3139464388727579
0.9622913755829711
1.9324339672151647
0.15088956091135414
0.9165163556079042
1.7584123817318265
0.6345941421941491
1.0987960249021944
0.9305329606640556
0.499351072461308
1.628712659840823
0.7660926804453992
1.3689220465272975
0.457096999905526
1.4383702508591083
0.650125298044023
1.207824159906345
0.511617303282855
0.5975605939861245
2.252982142594337
1.3874321565155976
0.11708701218986291
0.543799083007343
0.6738142271195329
2.9367498151837284
0.3325554474552269
0.3101665908671186
0.940657925837028
0.8195111852668387
1.5500896963539363
0.6143377778263243
1.6165208079509823
0.9893376446017313
0.2512879757820035
1.6278097171621329
0.5670192428661914
1.253659842518755
0.9427494694374609
0.9839288779973615
1.1039267829236614
0.698933598929613
1.3444703818150365
0.9008027348384466
0.8537166764433193
1.5402277031420966
1.1811718969138456
0.08758541924935907
1.1209970058743128
1.2247232835763566
0.8888754684443148
0.698365766903707
2.282689345941884
0.391889664247524
0.19005970677872097
0.631061117016048
2.0517655511939825
1.0423815984271916
1.0062225777379146
0.2914345056140114
1.8903759229763666
1.101967045848995
0.17094742676277264
2.100206132722199
0.6417519701696512
0.021595866963230955
2.354757929692487
1.4849154983093724
0.6849923408435887
0.3354514687246227
0.23312512151256073
1.4570795439663373
1.6170415585358924
0.21492697768111071
1.3691820781910817
1.986921750079225
0.05022527420049822
1.4069597937866642
1.318613399908521
0.7061018489041655
0.9491472531885415
0.9306761364368481
0.6165612615935652
1.4552354986960723
1.6546538761659546
0.7114068204420987
0.30674119224538776
1.7448430658623337
0.563439830968591
0.08111370532037825
3.620232752859215
0.04242610778475392
0.6194676577282575
0.6737982518599244
1.181739667817515
0.8224201135884519
0.23957881966042766
1.7588799680997935
0.7607073501711437
1.5219393087339284
0.6097052300650404
0.4979106170717053
2.4773397078259287
0.9134166463999216
0.12318180512998787
1.0587640553631026
1.7032171076576335
0.5111654677024524
1.3459318090302397
0.7230879660244226
1.0116675206948624
1.1011774958268359
0.7253166912620814
1.29899350583032
1.3473919656005209
0.9744601938729336
0.7909773523578658
0.31948950745829224
1.1530814511764989
0.735337720295985
0.8498667511733778
1.8764529244073016
0.6009399193265393
0.7502611647187445
1.309396707953214
1.505788722858863
0.8662341317520117
0.5820791445665946
0.4987556558249674
1.0929751619443928
1.0894247079010624
1.1602407286401577
0.8761596769945021
1.4545449287701628
0.6212981118276978
1.683499755043355
0.005992664330944205
0.14699800156892867
2.9976591687042973
0.1117172007248215
1.610893736854959
0.29369101358357486
0.16349634874676575
1.189313016643134
2.9498349055047766
0.27280414939617337
0.4278105671376483
0.7698376368522576
1.3514998247421217
1.713897694804457
0.7496560597582169
0.269527370898289
1.1063876625547309
1.838767817167789
0.7872744133625422
0.3847200403526559
1.2931248188406623
1.4547147602261974
1.3532263787216565
0.7447065951920968
0.05330094673514654
0.6380088691035817
2.129615622540295
1.403504879592223
0.8044021037923438
0.1765221084861553
0.7201460029233588
0.32021567891858077
1.7233157510971921
1.8867415208801217
0.38298588792070976
0.8609503131045787
0.2886412777917212
1.637627265950832
1.338023562325287
0.7144312880144906
0.9422864666307899
0.682371135375025
1.8318836207183102
0.4362837043370346
0.6359731951488277
2.296497061879143
1.2060920495847192
0.179608662626238
0.5594162051877456
2.129381576105022
0.5151881708618123
1.388922420078905
0.2005035043146922
0.6075118535532161
0.3827489126833972
1.4108029714241797
1.9339917775704576
0.8207356009863698
0.47443275833275816
1.1939157636007864
0.3483842100715419
1.8186284649230118
0.9511622309369097
0.642342987277406
1.3938949016125082
1.6173106610929888
0.26124348167767564
0.30752323612672877
1.3104985505899576
2.3676668764484443
0.4508922972463826
0.6230468429841625
0.5652742999377537
0.9149183729384653
1.9821207571936268
0.9961936747510826
0.43513721511687914
1.0219676565679645
1.7482108158418572
0.3666628944174633
0.6546041159998777
1.4765165520787271
1.1128469138700536
0.755084686754585
1.277963252621013
1.3284028230885976
0.906883272955344
0.4010976180835031
1.1515879434141727
1.0528983079022325
0.8308516068076123
0.7586022308931367
1.6237683525640996
0.8389807139024082
0.9153603845964343
2.0089919835867875
0.26081815091741506
0.17872494573923306
0.5065260219064374
2.5411013168717345
1.189071132695132
0.47737862217561694
0.5112447822739913
0.8820493626224938
0.7126537654284442
1.6526751970973903
1.1837917155073172
0.5913985324337607
1.6951275151824592
0.39429314068516513
0.8754107989685702
0.14677242642268812
2.2133819681919853
0.8497460179274706
0.5190220521311577
1.424810270389519
1.5526737624036342
0.8731606850103802
0.22408479834945294
0.3104089074817701
0.7623445771744609
1.2384796187577183
1.9085260814665865
0.7721318632916523
0.7711604745252114
0.27445520155850783
1.3799470056240282
1.4366766024468896
0.12590559842692006
1.8322152394459237
1.539000093785222
0.15309322059584904
1.3560079424762803
0.5939138240768628
1.6385371312437518
1.4612188204744105
0.08857270234714891
0.8135384055176715
0.41864231809945196
1.6216296616778054
1.0929438349728762
1.398281528307006
0.5695959372763356
0.7790393816081859
0.7467271908550231
0.5826376544414188
0.9208287169186191
0.9885367953138811
1.936996475307298
0.3424102471624608
1.2112058888026977
0.9381321519855441
0.8391434505525931
1.7701213535661784
0.5219399682647308
0.20330522808574064
0.8151249798795517
2.4586656733620016
0.9351688675758132
0.3480623648943484
1.6517073765963386
0.11927621662950791
0.7882616993966446
2.5705604763317926
0.7197066752374819
0.3611146307409713
0.7955744960872053
1.4088948097392002
1.3125893331706282
0.6839932697560055
1.229163528659437
0.7200852447673766
1.5171313128473567
0.3170888229240865
0.675332088878242
1.9329945766465317
0.9452240232594791
0.8244805300771754
1.374337544866495
0.5772965734414651
1.2218448739734986
1.0256195924697482
0.5933533424880608
0.012379846327117673
3.0823287103959824
0.4236873876149721
0.5918529374657824
1.1702763957367006
1.1834959027486651
0.6610787396112157
1.0851081995681808
1.2356199443362657
1.0166114548712433
0.6697066651138178
0.699047335479931
0.8845193055246565
2.0653641341513493
0.9374623830384736
0.5308969994102382
1.0120871461932774
0.15589480462812133
1.61282921514237
0.7005416796133707
0.6361595681409388
2.8774548789644636
0.2403283027550454
0.5062308316117501
0.17019234735691563
1.7006186584929064
1.216872892008451
0.5278350884638926
1.4804359686621236
1.5996433665103011
0.5069576085818179
0.33406958604365194
0.9507174640542689
0.3030004171993237
2.269293732376612
0.8052055252843788
0.6930877751394274
1.6042295415427312
0.07146131606178273
1.4503643458095217
1.6684029548355128
0.6126299994214846
0.6495534449279824
1.980752826028972
0.8167776752796946
0.3933393715349338
0.9678225382509862
1.063733802714453
0.5137917448603381
1.5427808454265894
2.0432193112464265
0.4282366206077364
0.2607854088232811
0.8017526904158293
0.5709925102988542
0.37222932851802837
2.2654513350209666
0.4171108864229026
1.2903101519099236
1.3100947101799865
0.7320704415278375
0.5473319748207602
0.4700739730796332
1.9449163543809747
0.9460817735671285
1.3577849252803302
0.036492774187296476
1.3242974031614467
0.6139250177907172
0.8551492470646861
0.2366934542277008
2.2848401446185767
0.9135296919819622
0.8176633100003079
0.9672849250056622
0.22645775704062002
1.061493030463381
0.908135849262055
1.5674483778886932
0.09571928777785463
2.00843311737189
0.5755731833477387
0.882187956542711
2.1847727016127725
0.11540671794926001
0.35176948892406174
1.405665375965915
1.473729483466163
0.6270998368223298
1.4941812816779438
0.33499092092298904
0.5071614442904285
1.8923790465099646
1.9894255038038104
0.31802340550455543
0.06096078132723952
2.9733524219140945
0.9397006059128757
0.07513672304602947
1.5004748330539968
0.5605592460351733
0.5155723580290744
1.873434126023314
0.48936087029663
1.8710389570438613
0.7363372705977719
0.4116819719546498
0.49916510079485893
0.8158629745788617
1.624035235816509
0.9520373169243056
1.178171314087245
0.5465889070175969
2.055154981430527
0.320774893436414
0.04209304765442657
0.7831221395976822
2.507583762240123
0.661917128441904
0.8710739405308264
1.1855110931802586
0.12190806420777828
0.7443153141149055
3.4519158502817047
0.35515267513779364
0.2055866254863385
0.9132305307939627
1.4347594545689586
0.9198498704939031
1.0667878935680937
1.0971746369720896
0.5818909392101541
1.0882593765519517
0.034614815139247065
2.480642648371653
1.0590299931018405
0.4723151947909597
1.2656147094564703
0.5249759708243479
0.7290085235193984
2.695299613788891
0.5148670964853919
0.22131436350011155
0.5726251225714148
2.3083330689763604
0.5833714952178942
0.5999909238960948
1.2740740435577278
1.616817663850283
0.9283640654292761
0.5851852796427209
0.8797373465843482
0.3633994335771359
1.9191913081431684
1.2442913512078773
0.009231048331641489
2.728623449352355
0.3274511605760739
0.37636446960223435
0.3665180170708773
2.429991153160783
0.2338813345011772
1.6196164445230665
0.6952061671753968
0.37598788095869967
1.5880139585253892
0.8063133571229558
0.5498213662419278
1.9220675662375453
1.0167493298045909
0.18039384218154184
0.876655262584888
1.3230389930090272
1.6493456561244793
0.7729098532766636
0.7726344124813668
1.1140671008346488
0.9199848212849185
1.0907023126383637
0.5172016250767556
0.9736977303702078
1.9827212768268188
0.45531060721258065
0.8694101705552183
0.6088643337204938
1.9913405736377643
1.1211932187235834
0.3578923270876185
0.5995369347035765
1.0962155016837654
1.2408117923384128
1.2342471545432239
0.10573664394883069
0.8160540758137907
1.7009659153777306
1.7994929706578728
0.1426242065552841
1.337263373585468
0.09917516595167011
1.003323920877403
2.9473002998890565
0.22710427556759555
0.30970530146749137
1.0418855100665922
0.7326807535282814
2.000947164129173
0.7409334937387569
0.188780632033433
2.1939220157477144
0.9695076519851127
0.8187146099096204
1.147496736789885
0.11563830589274905
1.6245261105803346
1.6327261890032878
0.2386366208044556
1.1436714762288198
1.3883431702336317
1.2423599242588819
0.6944965435186758
0.39996668985259587
0.4397252767158405
1.9838516123945389
0.08491802295159728
1.6685188851701633
1.1477553611017712
1.1525618368779795
0.8266076544351446
0.25495712549996447
0.9638222562335035
0.38091266891918096
0.9290946059832464
1.3977882724095259
1.8899797942957772
0.647783733490949
0.1993962172515845
0.5476330634202299
0.5420824029601569
2.501740746539402
0.9611051692755811
0.6522470392420819
0.3947404505692101
1.1357509999768878
1.1801370084084648
1.1263122293627303
1.0522956954028242
0.5662694189182302
1.0795201186400984
1.2570273317905478
0.1853542621936439
1.4772701068141627
1.7510316583887828
0.17462789827668038
1.591624898998218
1.958319080116726
0.1140326573312999
0.5228646108977618
1.5541595357775595
1.6529986145720068
0.568611054434732
0.6907068390403587
1.4461402801098426
0.5258902571696247
0.17094034595911065
1.92432884953174
0.8078626347899477
1.3859181338718953
0.9365190337065495
0.5538431097332224
1.9721043536495617
0.70334034140704
0.20320328998621637
0.5039253054424068
0.6410278350062036
2.326209045344183
0.8473993060223062
0.030089271566007256
2.631472059337746
0.6085180733834065
0.9212352298486287
0.24877144310942506
1.28296683273298
1.1475548968570655
1.571011471355404
0.09763738026143243
0.30625319273874185
1.0243101172722853
1.1649242114985356
1.1363547202371311
1.4700464344583513
1.260008427871108
0.16938481947058237
0.4454934725195653
1.1269693484403638
1.3944489806452822
0.7862235128180409
1.6645297537694668
0.2739739799003813
1.278780329569143
0.9846029101007219
0.5427618952097082
1.3164509406295064
1.418281524551422
0.7795242874937888
1.3204721568195852
0.32700858489002366
0.40177173084264506
1.175142151740456
1.4154583475500708
1.0146761877922699
1.0139794231939239
0.8398101441732235
1.2191256556597863
0.896978874434729
0.8272153379741297
0.9867032966025224
1.227122755579192
0.723305378832831
1.9724615543030826
0.1033882721900622
0.8556555600347258
0.5433563139238723
0.9087703234409279
0.9847707565936366
1.5261438370484786
0.9569104525444551
0.9660149520127759
0.30548927025034417
1.4054332251175539
2.345694059815224
0.4333412050409139
0.01858038134144816
1.2363631663835437
1.8388948564682486
0.8152506820722858
0.5073519374024065
1.8113293085398559
0.4838185809889177
0.9023159726772501
2.0565575505364904
0.5134464957773707
0.6933864510414323
1.88472338821471
0.4790394178351338
0.674896332020033
1.3455103329060658
0.5552098030119746
1.3968983144738438
1.5822239148438322
0.7975341474184724
0.2543898396978499
1.0557837499372649
2.4503351092402568
0.33081871728810924
0.6297584635259007
1.8963090693400197
0.6059335087024642
0.47595608157630437
1.0607087776089412
2.7137432239101043
0.14651924889305518
0.30109634932166696
2.80564803602745
0.6674291011772404
0.411677448585554
2.309922034149375
0.5252622870991369
0.6475515652551579
0.9446181100344418
0.5037008457441711
2.11253409607477
0.9131935964411739
0.05043240340067108
2.1371267621784127
1.0496985058435355
1.156918956385916
0.4870623991521611
0.0641747105373974
1.6689006856432864
0.34921680945866895
0.6993882746742374
2.2118046067931694
0.8014780067332342
0.8534100978698104
0.6363025144992818
0.47850991071699034
2.4525252027359765
0.9334366696417141
0.22155437007509995
1.4367858842677206
0.5214789314953641
2.1235416395864113
0.2380459256571737
0.724786159803169
1.1586862936195623
1.2249925312443617
0.8694808057775044
1.3031802618880832
0.05740086648782469
1.851332040225727
0.23746551950715145
0.834735277505511
0.5595704406879254
0.91715246645479
2.28171453702208
0.48317471557783986
0.9086329512130933
1.6433242365280065
0.06021984621895523
1.2390856227698797
1.4332395981404278
1.060456951103512
0.7456215421494187
0.5668450190789477
0.4875588398393982
0.8723424191512122
0.8226331756242132
2.484248984081613
0.8457184203368731
0.14901214970023252
0.4943838186146286
0.7427903084543263
2.004751114759094
1.5063322658514198
0.12610727331350213
0.780326113996517
1.6413057545361331
1.0371108630347132
1.163733000739278
0.4955399408791578
0.9310190983603515
0.7779944498930969
1.3546490400365219
1.7964510946292915
0.3202338767264677
0.9235005323187965
1.5331861380441096
0.03065268915490113
1.7713161718105122
0.8159625404664282
0.08944132216780824
1.3969519974060463
2.205450824727263
0.8001923802196914
0.24537245809115904
1.7464623562635704
0.6406852914159457
0.7395389419999656
1.279752441875787
1.1406186547864658
1.5152664712418396
0.4941980187660044
0.4983376956732132
1.1063578664756113
0.32879053019398036
0.39108236275451036
2.8329861278078843
0.8950347550686876
0.6463338810307184
0.16049161526552905
1.9430005222717992
0.933737584493913
0.30632535348708817
1.305436108121193
1.39531204251259
0.7330704069524979
0.6207596802297664
1.844730441655948
1.2351140687225821
0.46828078928554673
1.3324323136988463
0.36477612941826615
0.7946820107130004
1.8370033171635811
0.02566731992073032
1.4715383315196253
0.943823343764373
1.2846505521663232
0.39161209008767545
1.4218834671632479
0.9056792517985293
1.4078966369653616
0.33152291565884245
0.31407110371126007
2.19171289164637
1.5055867717136315
0.15173073192097172
1.4257283570809993
0.5115937447448893
1.803607445302855
0.2849868260723729
0.7440850651413603
0.8547076912345822
1.9065598926736746
0.23846014737546992
1.1990933275645177
1.0077916372765807
1.0003552847637545
0.6021956317135081
1.5102637227656361
1.4432231391890298
0.9217441861364214
0.39296338126574976
0.018344743579319662
2.860747549483081
0.21444760988887623
0.8228413605527402
1.1571314018702845
0.7727395047137171
1.47130574599717
0.40435192376597795
1.8257049289065699
0.7625960555937228
0.2382337004613077
2.2211730211894536
1.2473191975935123
0.16922556748211967
1.283343686700956
1.4330942976570438
0.7071432233200068
1.3316081206727837
0.6279011705638102
0.9884887616906006
0.7282348292925769
1.2945119551786435
0.36851728657957694
1.335357288460395
0.9608435199901568
1.0473464265443855
1.2687261431172114
1.0956812726234213
1.0879947053314711
0.10074192280951622
1.9777230280542721
0.4726413226099795
0.37514816778669074
0.557366864777788
1.9499616040271133
1.451236201441389
0.5192309944286614
1.2639098927509744
0.15412764941978652
0.6764841706098702
1.0530362011879377
2.521195818309546
0.00786011016945289
0.7878289353108165
0.030161241514242945
1.9705261566315178
1.582087995116319
0.6835627911446349
0.1882070713339501
1.446120733408098
2.5237283756673463
0.15869848876516776
0.17245263379416673
3.0943962967700145
0.6010797867617347
0.6733498868875709
1.9798217988095113
0.2035347423456994
0.14057727584536922
1.2549822026194764
1.6051249640927165
1.0741366287925236
0.2917949915101413
2.212532268700158
0.26960630090029364
0.6076700532816012
1.5181390944891062
0.8915164253870409
1.9882614632549982
0.31775435226443366
0.20187912339013145
0.3696421639443816
2.0265283567212524
1.0014198603601039
1.362343021740516
0.38239115048390315
0.6564490526917086
0.5540255950877914
0.45855497136039847
1.9953773506939263
1.8573580356003152
0.45810484810433405
0.1743146949978606
1.0229257754284453
0.9272756556916774
0.8912366887582943
1.8488241543994366
1.391369471536946
0.01647760647404819
0.6522027995612345
1.7447489941494188
0.12482094267249444
1.4413214784600556
2.469755059364516
0.4179656400220992
0.12378917974081802
0.9759593982707427
1.2289870055656928
1.5112735815910434
0.9873716694498337
0.888120638189803
0.6638668003259265
0.7676655404598232
1.79896927635559
0.07128010739819804
1.1154650224304778
0.2486896066731613
2.0026625419891038
1.1262477740689267
0.6566004761901606
0.7010103540477108
2.147434435089329
0.8752244320174036
0.029815886272988767
0.8097910020071889
2.5421062213083796
0.6352579544706574
0.9541574375969797
0.015928881110655234
0.6370296467059484
1.0233928932641014
1.7194961335642118
1.296986543219359
0.6815578074197369
0.5475734126638256
1.3705529148852968
0.9545186813716481
0.7019362729979556
1.4379244107072682
1.3687547532153694
0.2599674732107757
0.7154696939217436
1.4332306182430303
1.6046965901092811
0.2616896601477338
1.4855416767847844
0.38612531380297926
1.0278035252570061
1.2337399498211743
0.8783284049395474
0.7902792673513539
1.4214249495981672
1.1009549606665414
1.1851062110774402
0.12790802800241738
1.2968954773418004
1.3603769272833017
1.07792435970572
0.6143132845671441
0.5740410847195739
2.320806887163948
1.0439122900471345
0.1111073395130557
1.6508670424487764
0.794727121672267
0.32411605982314695
2.948086284638896
0.0635228691988968
0.6267031274139581
0.8260575261516343
0.7750974346620391
1.5653658634981429
1.3899509744976852
1.017529013563927
0.2633147678789286
0.5732746562908705
0.8003037197575149
2.325664779219985
0.13099496417528625
1.3681706941240555
1.6646959528665473
0.010193121444555652
1.2209864396111423
1.7482798670310422
0.2331834530181522
0.7769397148554332
1.7509454920761582
0.3640623712209937
1.5689744348911197
1.075090800064846
0.3611722598070298
2.4235484750939933
0.44749319951233446
0.4698601998202246
1.08736142225597
1.9453366823480274
0.2849190391642565
0.3594041643245206
0.653052857674933
1.9722266870393297
0.687520421670881
0.9475230197061644
0.9051105277861322
0.9227224328229849
2.207431785677533
0.3030642771430994
0.5178845345415118
1.962068536532676
1.0132632966072839
0.5619456890145161
0.11140524460893583
1.2730843033708414
1.156300601004811
1.6714911593572572
1.0164431371523088
0.4571438694332934
0.1735655218166081
0.2856182358715923
1.394916855432487
1.8064813240557707
0.8209108017562091
0.9503113994731202
0.5034166014239247
1.6526752160483673
0.24887364577920146
1.2288513804670176
1.463573689119367
0.4178393329564961
1.0241499039570474
1.4496899965572971
1.3183567016516078
1.04697351414944
0.28497499226343526
0.21911102797016802
1.9266941255452588
0.99762944601331
0.8028129353913889
1.0840311028886396
0.5635323829527503
2.202502274523916
0.3767452801230016
0.5145119000409903
1.1195167361242107
1.4804314294531262
0.17643786244945756
2.270899560254244
0.40675096145185746
0.8980081160371327
0.591890826951599
1.5133990698692859
0.09701262628707842
0.7989305581608906
1.7664435771897944
0.767212321092843
0.8872883058573974
1.4574739262591296
0.8603956630261469
0.33259221803922123
2.050031515685143
1.3156146733640384
0.07163585093677237
1.3555025026889391
2.245509026982131
0.2835860535598991
1.0433590222122058
0.967023781337474
0.4197852713244261
1.1422610982709072
1.2812559178299776
0.46469978015898566
1.484995981549393
1.5141358016822055
0.1376082015556195
1.310297127834658
0.6142520165755326
1.3774927889789688
1.3539634946341526
0.6300550005103798
1.6710544877260134
0.16401309225829924
0.522630616411537
1.1087857855327021
1.3917948538765177
1.5332698223089316
0.7730204893590337
0.10524968142291521
1.433153332751577
1.2120543601929967
1.0919859169601058
0.48784351900136863
2.0692713292310665
0.8957297249069055
0.08220517865523642
1.2049236030453732
0.27508004294765465
1.3418685910137156
1.1333298496942965
0.8364627761263038
1.7606714178178935
0.29719670997662256
0.893456122132901
2.0905929695488488
0.8050803847408436
0.5100052415108357
1.1749295749586508
0.38756076309908405
1.2171081036490858
1.8020960026559292
0.2719402768752453
1.0907583269725287
0.8517779496338097
1.5881368142272245
0.3975014171954776
0.7495479445468757
0.9454033501434734
2.0202227390403618
0.4094217198486941
1.4725409541604206
0.3319377036375736
0.43087295585025825
1.7181389802538896
1.1296866199721691
0.17999952682026418
0.9692798427686181
2.04234502416787
1.1485266151195235
0.4302533763025577
1.1574898029306009
1.1925645887698595
0.8403320339723509
0.11988976328420575
1.6408638817847028
1.6222909479393082
0.9970339792159506
0.062781285616415
1.5779166438199455
1.0985659036550084
1.1149525805205072
0.016427547722111788
1.7261108211748002
0.9860442346657308
0.7019479438517306
1.689900296921331
0.8067736925583205
0.3737472347692637
2.5633201975773385
0.7195357812122628
0.03902762075838253
1.157881394079051
1.2892010059304133
1.4959422482570812
0.4185302117560365
1.2791906914687972
0.7701517787909633
1.5045422311925398
0.2648497076894128
0.8356005002770935
2.5630232735900043
0.2729559243698523
0.5841261596403131
2.761077193309699
0.18561392602983354
0.46346272701622765
1.9491945985935641
0.45664135265599576
1.293151242865121
1.8152013163289664
0.12279555956456684
1.2124710758927733
0.9486305616657321
0.36575922729442467
1.5973315974925697
1.776073235733854
0.2740281524340028
1.392587088733006
0.6310844928258007
1.1709518715721836
0.18287719969565042
0.6196292698170426
2.493022423905306
0.8185230934327232
0.7864420078666037
0.6017424728869792
0.7239981445422106
0.9744626850663842
0.8892936569218459
1.9680803823159791
1.1926128719505567
0.1779056786583272
0.5003167258681925
1.9356860041999908
0.17778240865370443
1.0165566954694978
1.9154583391058393
0.6573177973859831
1.3025518034956636
0.4363558826335137
0.8739418527197907
1.0980308659285882
0.829898437398433
1.777689491433992
1.1333407935389352
0.07129587471104228
1.126824583314527
1.7041850623527541
0.720172085205709
1.3926862553388137
0.6700788450568204
0.02237859808567434
1.425729592556896
0.9409279912701086
1.3465073893532296
1.530070006460382
0.3393431201277105
0.46950779835753353
2.6906215335262673
0.454297469229986
0.8487002868664555
0.9683381023882314
0.6169773670458615
0.18530661296852607
1.9458168449734328
0.6935626045701756
1.3853544173951255
1.387432939290479
0.26540074989177237
0.8451398493500221
0.984047484530667
1.113239596767384
1.9360125056759263
0.49552350398431877
0.3169646363222819
0.8804761645418958
1.4103774209916373
0.9913093441327341
0.5046844862389191
2.2746135302003836
0.5263410423297661
0.38419416500255626
2.3353654203400307
1.2866542643832224
0.03723468027467249
0.9786963076027483
0.6922286708830183
1.9207310614656146
0.6914489365748482
0.4098568823694336
1.173859595535656
1.8588911882220271
0.5576565499667226
0.7025415511765707
1.3048311974665026
1.8479378925211176
0.4188599627247921
0.2897681981510011
1.6874695505110575
1.992692677935123
0.40909028387764046
0.5951227975467503
1.15313120489712
0.38631112622518105
2.181332234226706
0.9994060121477318
0.1216147565522903
1.4252636805742243
0.807191299003639
1.5825753758667611
0.9902242960230137
0.43949244922575714
1.3071984568238477
1.0200226282154383
1.1647428988751956
0.6074619962391604
1.0407755886254622
1.1666829108681878
0.5901780988304137
1.6647370020511978
1.0386159024837818
0.5929850703691305
0.7275141821723977
1.0018854693855248
1.870292810920761
0.2649558816755019
1.246450072965422
1.5488624339088664
0.5735151663977619
1.0152452024359941
0.6459209539602498
0.47097333500806
1.630139289989082
1.658493762389576
0.6630665248689769
0.3145956291375235
2.194536321411128
0.2993570402037169
1.0842033152470256
1.2615837894726434
0.6793016926032822
1.5087658437353553
1.0313577518987318
0.3196868083602102
0.8823066214145489
1.145719557850747
0.7390030794501868
1.4872966648276864
1.213090480325857
0.7259830261561905
1.0048015518828803
0.8562668020295539
1.5367511756696715
0.23036071986575193
1.385791067838761
1.3981137509270323
0.7398150891700551
0.38465692283103103
0.5410779341195675
1.8989465053754615
1.007795972448369
1.064279699138683
0.3023254308713258
1.320870997352726
0.4651449115135832
1.7926591223485586
0.9689023272736748
0.7635505435755756
1.301314802007156
0.7505702669025086
0.3671281396419808
1.6590938591986686
0.20737618164154728
1.2983241106594408
1.6736447257933422
0.3386920054126999
0.8882293735535288
2.531041390699431
0.7124767033245722
0.18381081472072355
1.0028318135319831
1.227844734603556
1.7939644074785068
0.37190984616410105
0.4549050019358411
2.145052687215281
0.672155369185222
1.0854031035618628
0.49591802058589135
0.8253083718868962
2.0385758681722925
0.21062156336088236
1.425134719405471
1.2456862070695014
0.24602961600294185
1.8485324170021045
1.5427495180930353
0.17325189233140356
0.690037790488092
0.4635273342938269
1.3472804070424824
1.9785988147244533
0.4865463463251985
1.0058093330459432
0.3515084097124913
1.4306360178108215
0.40890267576163764
1.840133938698912
0.9280669243552585
0.359484133325216
1.7401420349739498
0.3986582776594958
1.1111985472452615
1.2212472446314644
0.5664862458307046
0.7291846629221391
2.871248520480633
0.25692374646826427
0.27727914515511953
2.4213458396643763
1.1520427397223099
0.14069910907656302
1.69868371304101
1.3724752344265105
0.6790896153153535
0.1622930763340064
1.4005613279398412
1.6764529315590795
0.416230292516179
0.6732504445000749
2.617483744419745
0.1997308009583252
0.8427068092101356
0.5847460180041766
2.389113357898548
0.5734320327626287
0.26508884245063463
1.4888992480154764
0.46234275258946667
0.9896498754858569
0.6011145100977877
1.2857169429937245
1.0552946337485711
1.1895705696561854
0.42569772195090927
1.7310636594409177
1.1866117129383476
0.571855516742691
1.0090306614579112
1.5436347470356697
0.45984872191957465
0.47196178419068174
0.9991266273821231
2.079816312444334
0.20231811343799502
1.096414817083532
1.320921930971422
0.7665826322148159
0.957180926112705
2.4053322096809717
0.0314729480818147
0.14819493940838072
3.0985489409780946
1.1662666575286282
0.3082143420377995
0.8285606749971958
0.6917689687736966
0.726126600627912
2.3355235272157517
0.39295099031881814
0.5699837257738434
1.5843713477054662
1.735224463275467
0.5668658029822167
0.010365450910546371
2.4001840704995
1.2772967757238138
0.5378755392933369
0.6024025062508459
1.4076196229984468
0.7628878535742954
0.40884463502361484
1.9179581749363435
1.686994749665485
0.22157279070094882
0.7410595204427202
0.8966147749967688
2.320285329115719
0.2826190474951094
0.6290678341209985
2.081925022449822
0.548817122004148
0.6465801990930115
0.556781346020139
1.3539062601811194
0.9269277826712884
0.7647628711140207
2.3814202592482654
0.13830894296654478
0.7845273553899936
0.5217652549318452
1.2933591180069115
2.1361680002115775
0.08807225754907858
0.972360682544967
1.050990322562888
1.0087319430574875
0.4630937948574064
0.9850059360851244
1.0737997690894994
1.3678267375137354
0.4890311146135681
2.007858712691347
0.42911107505156504
0.7161066585676641
1.0181602154654898
1.6727710411687313
0.4623238322240663
0.4169120494490571
0.3605207192389367
3.3098347905931735
0.10074541256231295
0.38384542192467613
0.8832840678257919
2.218263540985193
1.1598611763901558
0.19257243629143325
0.657347465745383
2.665772389649275
1.0214307765030286
0.138382664633416
1.6431039357156398
0.15177435200837613
0.18736859129681904
1.9714421050702589
1.8785377365597795
0.2871799537152922
0.5244492818293137
2.073801663801882
1.181492852430811
0.302704070601085
1.808851542433481
1.5102590246248704
0.09722901060781515
0.6424902701384686
0.7683188035422005
1.6526002727202291
1.516455849573738
0.26086081985604176
0.7589463451635938
1.1324311246521257
1.8777734307520406
0.10500421490006943
1.1623259397797823
1.8656029471349866
0.8845170825993569
0.7703593044323596
0.45638704231157334
0.3944700175204569
1.4222387600497202
2.5045577512022543
0.22095868531457075
0.2538688753890187
1.7934867295629755
0.7704054623128882
1.3243806524723178
0.9289486935834965
0.6937022805868533
1.9759174803345458
0.18263149746659002
0.9399814412437549
1.305341445184953
0.3267854402585341
1.6802414168977964
1.141032540876114
0.4445159796658019
1.648468734591845
1.0563049572428984
0.09090776228215093
2.3958216141331663
0.03838981391772465
1.545937337144788
0.7094864720799346
0.39442399889363383
0.7716010236177265
0.9066527732189044
1.676206412775876
0.1693725543335738
1.749386039670817
1.0792677782540192
0.8849466742987877
0.14890513383298098
1.7185223659645217
1.5947633816079498
0.23464045224410862
1.2350850966830906
1.341795623358092
1.0041734844489927
0.591874898095204
0.8608632077153829
1.733818919637379
0.7941345028408081
0.5068758863864782
1.062118671576181
1.4929573500865263
1.1184915011195957
0.8973570800085183
1.0391227786584967
0.7910634722872042
0.4271604991881971
0.8604802916890554
2.3616782660197235
0.3161002570649774
0.7727103708299734
0.6792537179573049
1.5410789352612062
0.9474594008857113
0.7480635015685442
1.6024550018394017
0.9193483692789238
0.5546214668497462
1.8370445005102989
0.7259823836665198
0.33324947512179043
1.265152541213615
0.39784546197840354
1.592573228101123
1.1842504995047807
0.7884182128361111
1.0557885378352845
1.4650072239558791
0.015654269956159792
1.5897228309630826
2.0340125857700015
0.10560592564297377
0.9168836733814726
2.1818297064769316
0.2865906963646657
0.5957307238383938
2.116602699611072
0.5473968128847347
1.0761081316447572
1.2275324994733776
0.7737905670931351
0.5629109347156035
1.6153524730785154
1.794071783564083
0.245233373686239
0.8023318509856299
0.2564807423708933
0.8418747082822813
1.5849816506990038
0.9823614210463868
1.0895405395227178
1.143232592037915
1.0353889771767806
0.6043788803444394
0.7229376212053287
0.6243675693166089
2.437112016423749
0.5451829168542729
0.47296588630786435
1.1957712945044239
0.969103074108569
1.2926268432631465
1.4651134145630191
0.2862987095414993
0.5502483908473982
2.358497677704041
0.6614970872603733
0.7698951792763379
1.3451592756263064
1.3631028638895892
0.5144397004715746
0.30585924103608125
0.7628525742757608
2.1338013767202106
0.08360362067269811
1.1956798333574539
1.6837734285429167
1.0904083567020857
0.25433411556618507
1.57538288859748
1.071485868227078
0.7980152832547335
1.2792384741782579
0.46639575182925813
1.0291757514645856
0.49507052968504955
1.343267253004161
0.8949167083420256
1.0446185812011182
1.7799615292859592
0.5792800002314997
0.771199444495947
0.3392624333875302
1.6744296143804107
0.720660140923057
1.0061104568573986
1.0589733141175064
1.0837596751856464
0.5443196648840698
1.5361040848266796
0.5893659440685551
1.0322668077057588
1.0087548959548243
0.9407749484740379
1.9529680944059462
0.5503241920868497
0.339948552089569
2.0237720888376267
0.24020157958063046
0.8289179287814978
0.4152267750670281
2.8906927348009686
0.10539729282094587
0.2278644309961738
3.4761388029557367
0.8247985989540184
0.12465901404103363
0.8887217241378261
2.578761923964655
0.4914828375338988
0.7436178437333264
0.7339535182021034
0.12215587335135131
1.3524235287025064
1.2848362188898526
1.3418194474527205
0.8826419605120956
0.24235728037838178
1.5365891685193924
2.038690905810633
0.21228460343668068
1.1998227787849156
1.27243767055146
0.1721307001306078
1.2119099319844482
0.6180880159122036
1.424417509478271
0.4508388938622962
0.8426851823377286
2.3656681780205653
0.48366395349280095
0.45927907722458705
2.6686789189906297
0.1540418110780596
1.003967303346147
0.08885387318198307
1.377468596603946
2.0793170500741827
0.4316393304846102
0.15941203202798712
1.2373515691690875
0.07181154380661743
2.8228369282756764
0.6267100495026835
0.4769317579387264
1.4942861482570307
0.1396749689461362
1.24445752812907
1.066945520360889
2.0575223341964777
0.13472525836688534
0.04968290978387328
2.7924510784075394
0.413075591129127
0.5762517532095244
0.8169701031093886
3.069609214503237
0.04919390956659745
0.38218818782505104
1.7602411798786117
1.4021338214536423
0.34963384168876027
0.5802182352637973
2.2979646637681372
0.3212040618264485
0.8165783822402176
1.3330890279179142
1.3980914039714611
0.9456559849047069
0.4644755874333409
1.3205070797697953
1.0549125551336096
0.9726449600972343
1.8506579811580477
0.09921937211399147
0.07552340086045928
3.427905165674227
0.320230587237538
0.6779497297428609
0.19651412728338113
1.3379650455637209
2.384000231499599
0.08842733493344031
1.4342697227054326
0.1519545029500103
0.734813435929524
1.8719061595344995
1.0328682803712672
0.43511566896619014
0.8000020336928176
1.7511907163195182
0.7173285482270136
0.8547580979866939
1.140792175827198
1.6359646983510165
0.9804237204049974
0.2394710875472936
0.7334542402521785
0.4235992296857542
1.834069956782648
1.6149414643406044
0.535945776863387
0.3466055670794501
0.7297688160472484
3.0523739587935297
0.31362096828144614
0.3871544122257475
1.2559865895491535
1.1513035738509072
0.7277047566043551
1.3887899110718414
0.7598781747755123
1.5894401490413195
0.6863915219722111
0.43816004081533055
0.7488015443102254
0.11922108958550505
3.263183726975857
0.546676020803073
0.4322517255707494
0.5127652148993548
1.076885385749104
0.6482916070606968
1.1854097826963144
0.7757301723429946
1.2322173256273803
1.8208348798792886
0.6785736706423001
0.13107231510819864
1.4880292156092898
0.045699502014568516
2.525627525840139
0.05910047666507888
0.8245108191683264
1.4713319883809264
0.32950790181326667
1.9723445309367207
1.0006112797803917
0.2825230829704758
1.2511148178191054
0.624877844684871
2.0027529981569443
0.20062764593644522
1.4388658359203501
0.0615079858679803
0.8076332565861372
2.8008445798220576
0.3989432408646356
0.3645531011172513
1.1789633737211307
2.081089839063568
0.6713607305870651
0.12856518292578417
2.4876951879577267
0.7652035060583194
0.8020082768811173
1.091958758479968
0.7322052971059833
0.10568323131540061
1.3631180480218592
1.2227680036197903
0.9086410178825303
1.362474174627896
1.2224654974851425
0.9606870315585743
0.09101133316028366
0.6059143959096019
1.499726095639984
0.7394091535427938
1.335572017145273
0.8390108856017178
1.6635826296586433
0.7211147823261403
0.2208146885424604
0.4367478069939826
1.3418098063518515
2.4463442883996063
0.469729318557178
0.3979195165649227
2.1848751150378396
0.22238764680101278
0.11149668026063908
1.9021345383969819
0.4950979390026779
1.3201714814470837
1.9007118671573415
0.4157698551653894
0.6268861163740632
0.7036142772354069
2.414103612420564
0.40533594898636294
0.4061153087697996
1.6937053431673628
0.3833899905477866
1.560649354700908
1.0650313950076875
0.4435773020775957
1.8035732352421279
0.05853669798847884
1.8253517490966902
0.42954527603843456
1.1732823712554514
0.1603098320964145
0.8598416174111888
2.655294535951938
0.7577237663007196
0.1152290902118285
1.250556063581672
1.685743757743143
0.6366437839844652
0.5907651680045605
2.3411070376104477
0.6899815748345101
0.7369329461490258
0.7457542180718779
0.2834427708611592
0.8736463433137691
1.4087475562057539
0.9221139103922202
1.555538646596698
0.7875693003524264
1.2344419376685483
0.05350509142347604
0.06226495852343693
1.724999818293007
0.7721052932858318
1.4025543913458833
0.8156199875945719
1.4212205172436876
0.7863819645099379
0.6011489571356692
0.15301420296863322
1.6310083278614924
2.3662779956008992
0.41963901878233084
0.3616827594492432
1.2588507425403026
0.10303068666278534
1.8024856217518914
0.4999677239541117
1.168513900231577
1.9626810114133795
0.575007570664933
0.3461490073928901
1.238131798249532
2.1178245675064065
0.5278727347443144
0.23358188282545753
1.9270989815504287
0.32359363416175363
1.3313752006871356
1.340318259572965
0.28777569801046776
1.8627935201483943
0.1266264169837068
1.7429593532242542
0.6483689644641614
0.7464428255630173
0.38873561628305436
0.9120907870986278
2.109869588912319
0.6040129679104039
0.7782307736741219
1.4361149878870023
0.7289024032844003
0.5559331549017309
2.356396956810447
0.615853143667425
0.771598711473428
0.8906404761691091
0.25818424922093486
0.5720810993042578
1.7470564354991103
0.7579015053063459
1.5361902099142746
0.8825821337337857
0.9862767620058748
0.4185336085169687
0.2794088712121792
1.330408002226365
0.8007566303261896
1.5632736540606114
0.7463008002516816
1.268472454209971
0.4490559251137478
0.7034235734764036
1.2076908645252764
2.3423175238255647
0.37195928903802933
0.3004768425877598
1.03965781034813
0.41171037544303674
1.8199432542570104
0.5845707605748258
1.0026720165445129
2.0595287372836393
0.4158956115289741
0.492945391250339
1.6386504717558847
1.620978757888906
0.5247197913518166
0.20465889047473085
2.1554094545598206
0.21174358187531164
1.210827391047588
1.729792450557926
0.03412039979637704
1.5059006939182216
2.1774631343715414
0.5035946659547199
0.3466913175498613
0.5228278037449331
0.9785424802082995
2.2360877262133085
0.5575164097580387
0.5567362021046054
1.717973528858612
0.8748133692989762
0.18568543569223428
2.6818283633213844
0.5614025784000215
0.721379388714271
1.1110558533977422
0.16683478161715318
0.3992681739133975
2.171629110751428
0.5565756467991009
1.3154327856289028
1.1788549056485582
0.7825599811230233
0.7818492949987798
0.8564429330201864
0.767536894660926
1.7187997248736546
0.6361937167270297
1.2276319800263829
0.33682885550284536
0.9166886762872744
0.7199647253820879
2.72295806891008
0.30565642014963484
0.2603147420317834
0.9283754770757342
0.5959004080181658
1.8255251685570992
0.7007471967330915
0.8238792874087799
2.0147506092951626
0.2619880264764031
0.8238895349503035
1.7544631185644166
0.8544071401783339
0.6478250468886229
1.8201312139544186
0.07310233606464507
1.1391426414674568
2.007666537159812
0.1247944464457251
1.0164704710843036
2.6559782950005677
0.645923741228381
0.14772797730811707
0.5323434482421513
1.035943011616555
2.4304226618816553
0.5328758430328938
0.3092824626130635
2.042721039769999
0.7340476195993672
0.273785397669336
2.8085668751649893
0.4861618001887183
0.6517279002385413
0.6408662706603844
0.35083129365584703
2.3453721883334104
0.39623240276979504
0.9799825326164137
1.6109279065631021
0.8541012754066545
0.826813639914341
0.6576069312323678
0.8035208878453151
1.860549653586296
0.48242498868566863
1.2478084602357025
0.273501869907572
1.0586912043153553
0.19184279813091812
3.160324658638211
0.22374606925168825
0.24462585001584827
0.7342995033738291
0.5433012064106298
2.073645586728779
0.5911261310955234
1.2841948040034508
0.5196363490806868
0.9826123022940375
1.7335364497050476
0.6476116038118788
0.6513939280202002
1.9476321170031563
0.06026055977237662
1.0895713309026347
2.3323393447101033
0.20451100097900213
0.5140046580104424
3.1393095809596994
0.786682721121762
0.08005810896887167
0.44886629670228584
1.078899587067268
1.876637454688467
0.49746449701204254
1.4688853229666328
0.3744859395831066
0.6732621513281234
2.7411868902026857
0.414444175413015
0.6345399567118768
0.7323860665733198
0.3060317339890297
2.6703358851331007
0.3180429961309418
0.6147949890832839
2.0377836707454957
0.9621742724580425
0.7979871669369131
0.49251702352037946
0.8565448411394359
1.98543601218935
0.24004242324312872
1.3056870788033859
0.9922843548732981
0.22099912627364504
3.1978336700656613
0.14091396151922078
0.24752112171805077
0.8118551894004647
0.5258961087941498
2.260203772596244
0.4594128227800183
1.0484642683075662
0.8052377651117029
1.0805297923234225
1.684383270958094
0.48356810648987464
0.6550637070556854
1.9529748895319432
0.1700110042649914
1.014141512289999
1.5360665182609388
0.05895012518382182
2.6334132020020284
0.8995408002838694
0.08233274700606823
0.3151267403277568
1.1696212038915323
1.96043312657893
0.3722009358530605
1.5299294805065997
0.15491872695264608
0.9593352077623672
2.6729599866595133
0.37028485217036944
0.6230376468193746
0.8038834715096697
0.3235368706002535
1.8616563966191373
0.21893580951877098
1.8938439069692876
1.0093871749350167
0.690124438748178
0.35514451504084493
0.9210631490896286
2.0868942726565494
0.12299061540861696
1.3843584378605645
0.8134037494734461
0.45393663892198977
3.1613859537722466
0.09465927945460562
0.24062043910508732
0.9382663684634094
0.46066781669498696
1.9741538326158654
0.2626156268060711
1.4346486995225607
1.0791686955542548
1.3281008723468957
0.3372614048076994
0.6675037590708769
1.951388989435425
0.265328252562012
1.0260367392122631
1.41368694604642
0.12753204870944404
2.610742473250837
0.9333236370408868
0.12978464747027
0.15614695716067356
1.2589556624703317
2.0407198520425434
0.1901304958414558
1.0910545762021981
1.1085521456036207
1.9179672572572213
0.34376556765610256
0.6334406375514378
0.8421773943784395
0.3947817349378229
1.8542387992683236
0.054870080417727424
2.0053255504141396
1.1109582111870637
0.6468045877359875
0.24001598821989617
0.9930037769438463
2.1631115926335345
0.019242246940661522
0.8836789184090369
1.2823722258803512
2.4500562569136535
0.07662679193522555
0.204377653917302
1.089647627840933
0.36800881683053227
1.9987517415003424
0.13146124112691954
1.5101657585370334
1.1513848865690148
1.3096794127957674
0.20543751109235814
0.6880005550283735
1.9612933905028327
0.30961371468119653
0.618701395115519
1.3692353272241005
2.2152352806605813
0.6759934353562672
0.19397561851352182
0.01749787986941905
1.324633461122848
2.1103565229558963
0.09354334472230888
1.1728024745975796
1.1516862391601088
1.8103032535486063
0.33692698381212727
0.6717848906325256
0.8451740995731423
0.28216307305821847
1.5479691080744764
1.9392648222609874
0.8082383513493134
0.5976091030114083
0.14466503711841494
1.0537515343592725
2.1537067235175984
0.046010230832454
0.918774802902817
1.284528316710258
2.3953265625794566
0.10577640677221403
0.13619314559241144
1.2521676495393212
0.1521215139171534
1.660630634093279
1.5675517753126984
0.8281962434177488
1.2700061603394321
0.08708051935470247
0.7162430266847257
1.9887481626900554
0.3335967809478047
0.6538839064329042
1.361240149635119
2.2128421357924366
0.6410635641381329
0.14572978168163334
0.20216906923884762
0.7289462929122751
1.6481954846997864
1.1585791053051375
0.8732609402417177
1.691728818571786
0.337035433411356
0.7377077865928067
0.8166638766427863
0.33944433927941203
1.5125190969050144
1.9317816354746766
0.8528923505207867
0.5357089890802271
0.060984014005640415
0.7557187296505996
1.6175820397674774
0.8744014051468612
0.994681688570754
2.340383382923885
0.1629158752404878
0.0368139164937668
1.4177870658737646
0.06767899390271297
1.6679745903353707
1.5955068348371886
0.8432675261981818
1.2331754255720775
0.016931667661633495
0.5626121426811943
1.6120796160514133
0.650398988329223
1.136810089862568
2.2273724272522486
0.5791497113097255
0.10642368928945976
0.39717686508941824
0.6066720069436525
1.65693442356531
1.2052679402104904
0.8760146924077487
1.4447642544955543
0.3115155604976602
1.0765673728038345
0.3802765585417036
1.339379657440114
1.9440037892640394
0.8881727727389654
0.447210406588541
0.00893243104079237
0.7793635602933425
1.6430234550163283
0.9109370046852252
0.9835211979407402
1.9117746743494273
0.17850644676897762
0.8917326265833957
0.01972522076350597
1.6570472736358763
1.6488734138418204
0.8450586492014077
1.118007494992327
0.1028541327456694
0.49431924576325914
1.625437015820112
0.6505960590983756
1.1070506231775157
2.522844887111444
0.054262515426706376
0.3401862363947277
0.4838167783914305
1.6641971573879077
1.2626439462078312
0.871680051300066
1.3569126100444477
0.31734305796269174
1.1197639051098647
0.3796279669964138
1.243558976819876
2.7935798713384488
0.21060738632901457
0.039753767696284865
0.7613740086522761
1.6521173826450106
0.9577902931272572
0.97070495183616
1.83706173155966
0.17317044872098505
0.9305807957159363
0.08742554622619679
1.390538275727498
2.4930172065914418
0.6893633971313855
0.11608842414445962
0.4440226710207205
1.6368420004454574
0.7059310772174988
1.0869346997187128
2.419106015018766
0.038531193891971155
0.45901517318411
0.2901552134744713
1.315854646755623
2.089522648387055
0.9624783155214156
0.24051284689818758
1.1635329012076705
0.4318342676184175
1.2171836932445381
2.832838304904042
0.09985832482475243
0.06719109048804711
0.5693381856325773
1.1667129241379157
1.8617249986105033
1.3767601681874952
0.13397433398837094
0.9703979774611148
0.15745998136121572
1.3587481855889016
2.5224021149817544
0.5997454774466685
0.1560550027434471
0.29772967895094554
1.0218462759558935
1.7779266398081237
1.850250336304868
0.02377544791229033
0.5811498659793597
0.19901555031397236
1.3484999331643148
2.155328676050795
0.8824215854403624
0.19971765370741865
0.7499270267514195
1.6150935213285125
2.333023565487314
0.015701327029669268
0.0703895169841078
0.5764289686749643
1.20103008308702
1.8932738213571494
1.3006237186656089
0.10589152753513453
0.642254118646447
1.5003183039114254
2.167227353775015
0.48091966273129694
0.18830396258215817
0.28776263276507147
1.0510404154586022
1.8156141883199286
1.7247789425779632
0.01537199391603445
0.5364373321638276
1.3766812497936411
1.9900151060359148
0.8001030691827904
0.21027258077105895
0.786248099300431
1.6234037367307246
2.07742692407572
0.07170697486081964
0.36293750000304237
1.2292390666952973
1.922594812301935
1.2213352140643707
0.11197458143658195
0.6296723947323402
1.4810898777751036
2.4205732778558167
0.154437929840345
0.17982595472755405
1.0808752995539814
1.850792552036155
1.6502666552022203
0.01621715115906831
0.49267937164052444
1.3399288310037423
2.3365797906821673
0.179632512154974
0.606682809692181
1.6502145742434313
2.0041162397063936
0.07680343009987942
0.31212272632122307
1.2273303187440148
2.7288037035537984
0.09901871963248152
0.5028580093275938
1.5070421439537385
2.3486609879820928
0.16632914940327062
0.14418601894018615
1.1063531425118966
3.1616300035816356
0.017076295121639443
0.40657879542823944
1.3661568090622185
2.267516172768708
0.14846257122360113
0.6240752624138818
3.372000344168084
0.06614634023483283
0.26752696934605824
1.2558975599575186
2.659510971291513
0.08047682353941775
0.5126586800561382
3.6795188858612424
0.15030942395204913
0.1281392883951272
1.1356538840363244
3.0966763583874313
0.016550389474420356
0.4117508274631109
3.3498800695123956
0.14820954141666
0.5476787590346984
3.3123150699092223
0.04335885924738909
0.2807829207012147
3.645669307672607
0.08484721128680302
0.46092696434524927
3.6209359849085723
0.0992217701507146
0.1400099625902333
3.939316430668186
0.022245689450398072
0.3786428433255664
2.0771631159777026
0.15808348511613857
2.411924440838646
0.03857698914844789
0.2697052960488867
2.1871829002744945
0.09250904212667932
2.44618330649547
0.0968288029080298
0.14158998917582688
2.2864617789301582
0.028952644839420314
1.6766709778266402
0.16932331415784113
1.581029647786108
0.03250282260705472
1.6683129197422124
0.10239213359240222
1.6042948957805265
0.09317971191911813
1.6408969755734746
0.02550660816607762
1.6334716712340054
1.691489277630327
0.013087968033115856
1.6116463167361799
1.6705781049270605
0.04485543900435829
1.205960913408528
1.2383282846189518
1.0212936628342402
0.9807438045094781
