0.5312605439299201
0.554948258833521
1.9763766630005601
0.72714383248557
0.702028942160896
0.9471933662685625
1.398448803209612
0.8531777023296575
0.88649736690854
1.13703693328071
1.182228006461907
0.545580855284212
1.042450496203316
1.0916886601381193
1.130832621864707
1.2736261655898102
0.7281475174461183
0.8409778848221151
0.5036194037924723
1.2259485355964812
1.294490113414097
1.273933202465572
0.7529708485983828
0.8563396823296244
0.7505001886896536
1.3229620292887998
0.2949707325091385
1.4143610585427875
1.5674515879172595
0.7690177767355537
0.8355854282862268
0.7784603614552401
1.3193878081781043
0.45817401706783867
1.576792001108928
0.0967136100401777
1.6671206022987444
1.0607337798209815
0.8280268790234124
0.7959835924384469
1.3031083074365117
0.48202575896639277
1.5557518141626596
0.14087964112985807
2.0165911241158554
0.20874869941342877
0.8881559990471488
1.234776531858998
0.8317625068245452
1.294167890121216
0.4965883440901025
1.5398391846446013
0.1604644089698444
2.0312766452316295
0.18708018558508016
0.9225412830731184
1.920439696189888
0.5622701719475677
0.38089086542124745
1.6152972404918744
0.5559930499756048
1.5303324612858116
0.17195346538919326
2.0589937741811966
0.17170712922990608
0.8617622914396633
2.0671445936823276
0.5457617681557375
0.34895181793103497
2.4955847614961333
0.5638127170898978
0.39070501712135136
1.6920713227162434
0.19238831633329467
2.2444397643360974
0.16381642537518884
0.7517414018136827
2.3068819925719732
0.5350146399430734
0.27749074912614896
2.6005366946014514
0.5288777166110752
0.411100722110691
2.289472098957686
0.1857518580380167
1.1636558518513833
1.9970047224801093
0.17084027927615195
0.7271250651573341
2.6682631319985273
0.5310122154280795
0.1624966197929887
2.7565037135916213
0.4685197050958466
0.45942724156404957
2.2970160712344647
0.15526257535609192
1.189465922958663
2.139670245108331
0.21420867885416864
0.5041549482086466
1.9745496705190781
1.2969903868687782
0.5810523557689609
0.0019485584509253708
2.9721865937560987
0.3770807489328973
0.5394754147484326
2.2965783693164927
0.104914289519146
1.2415302755666586
2.339572860608201
0.24136180199200433
0.0841674992920537
2.67454240070638
1.2724277649607818
0.3480991287404433
0.31568340409612816
3.425557338197679
0.18611559381804488
0.2480892493404436
1.152495656900865
2.2843714169883342
0.03616927346855048
1.3987638144180659
2.1354933054762375
0.1128581425827438
0.322569300164965
2.9388624439643833
1.1251323949432672
0.07886617593645825
0.7384373866070157
3.633452924621412
0.139513202820584
0.07773205450323745
1.4906197850760576
2.6714557795929057
0.10112003058514668
0.6857759346623598
1.4524115576093592
1.2250794289334177
0.693469771964243
0.43606884799053175
2.5809335885030458
0.6468028716962788
0.26221611050038107
0.9313032766946121
3.2594699739726423
0.11763005154886291
0.07748019422477985
1.617656670428542
2.3607495689065114
0.27232926090067733
0.8613675991801765
1.4005471376440057
0.1282109872141549
1.5454154697644802
0.6393817209488699
1.8777915443217845
0.8167021919677232
0.07090796366248374
0.9088830848159201
1.000321843441817
2.416580707075173
0.5569789702092502
0.030483182768506346
1.5227071478888905
2.049986348814453
0.5955810341047515
0.936760881935033
0.13271701715252093
1.1583275945864056
1.5145939693821515
0.7706079412611488
1.666290296727847
0.2556457611657075
0.7884580708460309
0.8496670848824615
1.0413819853272621
1.8560264870487067
1.1249318447919974
0.26869985027359694
0.05618707324590058
1.7770672263809768
1.9968942962573475
0.7229563662301547
0.25994940144199885
1.1107179357949364
1.1894151630378669
1.2627360125915243
0.9834769301764935
0.6614291985304908
1.4761316671971108
0.7596846122064481
0.6238136934564037
1.1827370402005963
1.1434975990050045
1.9761697499954223
0.1065384630535776
0.19242972351773147
2.519513090621097
1.1023004595070307
0.24265220661752657
1.880615501428255
1.3720905978653077
0.1578076158245397
1.1986050285731242
1.3511015201186196
0.8426991308587847
0.5047732451077066
2.2537640078684302
0.6568313360721977
0.39998823225667673
1.395588263754258
0.23725496160790455
2.793086927880198
0.11506550812873051
0.27514109288054683
1.6009155135779776
0.8414054435409055
0.5191839852155631
2.1905385013392036
1.212273016799301
0.19941231260652562
1.5762008500954268
0.45147396609238455
0.25350252282185504
1.7096513965944224
2.229740068870235
0.6665806256982097
0.05830467469097459
0.11487025105755685
1.2360534201698556
0.9000499249594033
2.143890642184137
0.7670772732940226
0.37424401816848496
0.4229562300447537
1.3288220740600705
0.24373916553751646
2.366110906749923
1.3259503745177694
0.18582188473031588
0.48689765693413506
1.0716631974036417
0.08044086848505858
2.0545258280346688
2.2028645947925822
0.11768044840166038
0.7008258932768763
0.21166184112723366
0.061275863855589606
2.0173777042282155
0.019177668944066428
2.4098978231530452
0.9163736282630255
0.2537969610235434
0.4358144992536195
0.9618464900667443
0.7248904298118038
1.8275067278624972
0.5357637125436061
1.8185313632559752
0.366321680400223
0.07009424867657459
0.8909115044665763
2.068150650632275
1.021768798780694
1.228953929117872
0.2992089650728815
0.1269232881087656
1.0915843649249983
0.11822256847741183
1.6888431354769775
2.033113548699293
0.5534766419745476
0.7177906478406264
0.4354660171147284
2.116505864527011
0.364756128456357
0.15688136118157042
2.4659408687393016
1.2787439427270766
0.6574690271765313
0.4888202971199761
1.1148172334350475
1.4377782140478519
0.8401930842110464
0.887721876227806
0.0902525000770182
2.1668589380759227
1.2443473505394373
0.6344078819338916
0.22984211074430383
1.732081072760029
1.0310363866157384
1.2019054754216432
0.7265040935042931
1.0379025318575608
0.4872618359973091
1.2469823777728444
0.33849693600753306
1.6929167060144739
0.8727583515912894
1.4516626040809477
0.4244253187249046
0.8640500905202382
0.8672685313186143
0.3219696502426215
1.4289741328383438
0.7972753719595763
1.1518570447747816
1.8061712320982841
0.7488309845662963
0.35492838189056325
0.852826491337125
1.8481544247383879
0.6027387736765337
0.4653620233770101
1.174222385433849
2.006456951669875
0.4232606697835175
1.3821926407932361
0.19127764346124296
0.8138189113213999
0.49105630641881737
1.3878446900495869
1.069808718354202
1.4811420759354503
0.633079588598475
0.6601699085043932
1.8045675413207665
0.1577431957131518
1.003983303642004
1.5412791412746352
1.5252900195032626
0.5720566750733133
0.4044170878722127
0.5794346545052462
1.7206950070121967
1.521272378682956
0.10340169244391269
1.44099924129015
2.1161873508809697
0.4982385491780527
0.13787453894002455
2.380876954661806
0.2365310678298934
0.665305198295091
1.2053003172145167
1.1486254542339989
1.622373084070553
0.9159217377510314
0.46475762369263046
0.36657591601770895
1.0370595414639405
1.347987397650108
0.43411022729884274
1.2855871215628651
2.069818501172656
0.8426209048966612
0.0468601828645433
0.8667722329274472
0.7057415568209351
1.8027564125712672
0.7994003748836209
0.439319578002539
2.6835248595803263
0.09201155650686595
0.7112189411590506
1.4549347923878533
0.6345495097950116
1.0685339026761365
1.0549359458416672
1.2834293499593012
1.1717517447059296
0.47688687252190154
1.312868448356855
0.5424578882931053
1.342894381583137
1.832458748625514
0.15273822948817034
0.03546155205720738
4.374645592075457
0.11809833528437969
0.212672041593586
1.7127053166630584
0.7347673225435609
0.48433308298873107
1.5359073884633523
1.483543834664292
0.24673600800249465
1.9178236700852627
0.5029012490104027
0.8510199678075956
0.8489487103274422
1.510565952099382
0.2493949181828114
1.2580085973742556
1.3482942624948961
0.9830233713384886
1.1349258565742624
0.3188911557997289
1.2836990917267828
0.6536189700747955
1.800773544725644
0.6324878223165425
0.1421409228740544
2.497176084382704
1.1964609936599229
0.512481061269912
0.815814094341857
0.7432719878414696
1.288485287576756
0.34165681705979034
0.7783415211180487
1.882111496996972
1.5375351030285622
0.45621597535770636
0.5612101519443903
0.9107887314913405
1.1305884590115527
1.8659904702823802
0.3354887536808599
0.2858351946700781
2.066653696106306
1.3864268500916082
0.6339344980661062
0.6930756571769556
1.2398137332485155
1.2988875669110556
0.8505383551279905
0.6424368816512898
1.0343017723705485
0.1399464727898757
2.632471023216402
0.5492237724999774
0.9445968497346388
0.3691927768878909
0.23966141722754467
2.5855593927908047
0.3624236707326362
0.4273158306478691
2.5986274621011183
0.0754403110790137
1.2958699719992284
0.5566203956395998
1.3303898664753726
1.3314563015946197
0.9795972877338229
0.36507597246958473
0.23682143317712684
1.0290017477128135
2.6318884355647945
0.7458890235669292
0.20735069886375923
0.9788989184882262
1.9873149800170966
1.0284202997662963
0.28428003853775585
1.4145136889261873
1.0992306638875629
0.8474350417433502
0.3611703720297216
1.962602641699249
1.064994285567971
0.745209039682244
0.6320074749104476
1.5496481094235564
0.5968084202668639
0.5715472004945796
2.340157141079834
0.36044830549424783
0.920645154096404
0.9692210698311219
1.3654311264299603
0.7742962876324676
1.209203455335653
1.0575896007648173
0.5217770602724021
0.6999825107709755
0.6733531625820285
1.2003147646529395
2.1305256707577356
0.024394124733556108
1.1865429140916917
1.1591898192926533
0.8960911564222576
0.7062776633306169
1.9011714739972867
0.9287432792227629
0.2191679357437483
1.128891514335978
1.5645933660806073
0.9152753349155462
0.8491627783197343
0.935515666866288
0.8911760992114249
0.9026073046262506
1.196315831567178
1.9735743357001856
0.251605949414388
0.3255449160866132
1.5126057474903665
1.7262440355014625
0.43475069515936016
0.8393581879099297
1.7666648261667746
1.1778269538008668
0.46111714315895025
0.24943533835678702
1.5271427251193208
1.7317367459959911
1.3077391862962648
0.13274251039612844
0.12912840256726318
2.1022296661326805
0.8970496110178303
0.890164813634508
1.4627015763075997
1.0337415545902802
0.522742323186099
0.9085504744219769
1.3080984676990217
0.7701158277829857
1.1800783210560215
1.616282825811486
0.07123699549631216
1.6741323262974828
0.7650809172312509
0.08576519095331733
2.880329025631377
0.6712736742356539
0.3333224921246443
1.5988762054839027
2.065970527647998
0.18095353727509786
0.1480348398080664
2.184756689769043
0.8238667329182707
1.3351250189505919
0.17562744225276597
0.964984659038514
1.423263097553131
1.6737937080302292
0.7836156346198835
0.18074389617513728
0.24907953376966724
1.5213011945010044
1.3704634874234911
1.4166124438464431
0.41821398377259306
0.6335722519228738
2.02827221605717
0.031329938176987565
1.6440200118376644
0.18475175124108417
1.1138831929561677
1.6173505826204728
1.2003626692268312
0.5729897922007946
0.40520858799455073
1.5676431258904377
0.8796929240202987
0.9643692286933016
0.910839359337272
1.675470980425814
0.11747094310329542
1.4802471978637823
1.5482807053027328
0.07969682720167301
1.9679828887690607
0.6043233340062154
0.5776350547262018
2.2861695045691
0.1841680075668614
0.716552804524564
1.9694407139914591
0.4659681275535741
0.7401134085716191
2.5565835616242016
0.06009270093990398
0.7499099500632045
1.9580334031374118
1.0684326123436754
0.6747417675573113
0.4487857568092684
2.1692434835000705
0.4428591842843841
0.734481231593692
1.2601305350382832
0.5384753857763721
1.5075180682457734
1.7895090965048406
0.43554775136842727
0.5697318602708331
0.23085189613293783
1.194884214577901
1.0107662077623818
1.7130495247918416
0.6164840755204262
1.4558322271614204
0.25423839335745596
0.17926408775050767
0.20508026119526584
2.255100786139867
1.1779607720782135
0.8509218869671322
0.8218216476096792
0.5927370512285818
2.2712518029491293
0.5281941009092844
0.4041766811151929
0.31722404889445005
1.3511036397049858
2.3574356449006917
0.3627986573307459
0.537382233705524
1.2306213089204956
2.0351564487545044
0.4478306487029426
0.41453194943430943
1.6099587695080815
1.6473817451288921
0.7306357487272316
0.22794614329664248
1.2313453527596414
1.9203514867174931
0.31803087846688854
0.459958131684901
2.6080107045284446
0.7829799546143786
0.6193109666190395
0.5914814856261066
1.628970872676098
0.46917004725699724
1.3004866224772995
1.1749768245475953
1.235432459591363
0.3160782009938723
0.8164490741272875
1.8647346774730635
0.7691550376683783
0.9978542342157098
0.04988839394042542
1.6367422098296125
1.7173980675068468
1.1178585644739096
0.12257257233040668
0.31645973115708903
0.18679495448921077
2.6255174072547396
0.7323935074629956
0.8904634732136804
0.8398738502019776
0.8615923329728499
1.813430495052567
1.1289928457324803
0.11104654734941477
0.4035866641636774
1.7784621413151762
1.3297336610035306
0.9484603854703182
0.579029012790795
0.6855035964728166
1.9221081385743135
0.23260097508926614
1.4654857321315382
1.0425697029142729
0.7184080066976629
1.3857221897376364
0.9241996459289314
0.8898662063662294
0.9837713560944629
0.23013184579934975
1.6051549739609439
1.812458488484501
0.6785077276912003
0.5383465964503424
0.6322818614469116
1.3791023064996217
1.4096211350171934
0.8822095378383612
0.7021960826074904
0.3860373968742809
2.161883205446819
1.5101030375400544
0.2759806717403552
0.3533616834952133
0.9386493875407821
1.0869923656069191
1.3876992366564496
1.7082607037777036
0.19551736404337425
0.5849351055921224
1.0484014556462131
2.126003994422279
0.5138627637625564
0.49581166872768906
1.3678464607701764
0.8687157249614361
1.5994412265013633
0.28784069184113165
1.3024221485584255
1.6649786283532795
0.2660745640030339
0.43614479513747595
1.1409558323519622
2.0059054240926204
0.9470198706193617
0.4614031536160519
1.0676937965846052
1.5712594431399973
0.16746481043992492
1.3159516870480628
1.5136727400348426
1.2746206277220757
0.3006901468786184
0.3842712426164638
1.5692456961996288
0.6902217915625545
1.6723241536587496
1.1024601223935149
0.2066157690819169
1.0504179410286751
1.1722811916402531
1.8547537158741152
0.5715889451235493
0.4521925189974618
0.4258884986836231
1.3362818574411166
1.2758143624613207
1.233589442612742
0.9997997508214171
0.2974936700198347
1.5808802537282505
1.357134074061182
0.9315932855265171
0.06946446315067824
1.8304642100391502
1.3649361961304802
0.013580168977941749
2.2207049990720065
0.29133612290499794
0.8783009985657158
1.0239287462042441
0.46229654456612557
1.689390709024037
1.2044421205532663
1.0768609706250174
0.5326979919864618
0.6331907113874667
2.4592955193306603
0.0180190264555245
0.5145175620440743
3.3030911572287063
0.7442201255582418
0.2714504876589862
0.2816336951663726
0.4694928541336652
0.8116092770621974
1.016938957462768
1.2561801395380667
1.4445435634331578
0.3359180061914333
1.229822712398991
1.6524747985060473
0.6756972803202461
0.8081721125689509
1.2191063261228112
0.9435760189444703
0.833845640955535
0.8438288581271894
1.3660780642052857
1.0487388813250083
0.6879048010845825
1.9960664079074197
0.22330186135168434
0.5155472432645423
1.547391136418786
0.9755853331618615
1.0335058368495764
0.872412564243991
0.8710546133209721
1.4866695614918244
0.47928399566864793
1.2667713993548064
1.1616847506264245
0.8949367534880329
0.3594707828506209
1.786483036656042
1.0941939843577781
0.9555975875639572
0.11033059003705922
1.6089494405134508
0.8976220401974205
1.3658945047557849
0.42964435507557647
1.3585730246838807
1.4313157828233232
0.5062913056163058
0.45777629512585133
1.102918341086171
0.34644537982843265
2.5936547299705928
0.699325731722553
0.1612611238003029
1.6980266815146243
0.7499827135419048
1.527460841171927
0.612727250275766
0.8014486848741695
0.9332737826499029
0.9739084848832982
0.5318772303985491
2.5572096158092523
0.4905942931113939
0.4240276086315913
0.7358313132346734
0.772897982784884
1.2712840576742352
1.7043688103564314
0.8092926435735682
0.27869548535970295
1.6557073098251782
0.4068013911598359
1.4939132764765548
1.2392518318831105
0.5660992729042469
1.2659649569162468
0.45568873456364994
0.9259824596978904
0.8033552832259034
1.8148702024111447
1.0317279542602666
0.5423803004769451
1.1744219002269558
1.412054387717977
0.18330641411618884
0.7552888153193303
2.204569332644161
1.444804580035916
0.15676602676496268
1.0744940141175425
0.9558577113635381
0.10512735307844094
1.1214258276299227
0.7393027984771214
2.0212326336443476
0.8083921149116754
0.7192229919848582
0.043874354291074356
1.6763922694816196
1.6254958078056598
0.7566115189514239
0.4914673422337089
1.3906835567738658
1.261372971120054
0.7789610856099031
1.511457090552652
0.5413985124284436
0.5137072771765678
0.8904884315660349
1.7080892396095397
0.7079269930433918
1.442729106580202
0.04774648793873691
1.7053814145039898
1.3020049117594716
0.3356244595166417
0.39331761529133813
1.3839123599753544
0.29344513903764574
1.9819664744214323
1.419229108783598
0.35851103263332074
0.7746359656956447
1.6352765668287097
0.7051446056375006
1.074477725301149
1.2431258705461405
0.48426997750591544
1.4248067478829762
0.7055426281647886
0.9377935072574577
1.6814891373652916
0.7780625077448533
0.789467820875938
0.8530852217944879
1.3152097876002822
0.4157369650988467
1.3671308506694348
1.0349086427632586
0.8196732589872892
0.8480886190214868
1.3427300605454768
0.9685123384125895
1.096040794292444
0.6078543262930195
1.1070999797733723
1.4625931035795898
0.44407160991325756
1.461646485355793
0.8410557774584368
0.8716050189907738
1.4230948070805194
0.7795649019856017
1.1010113168306617
0.20886302283258795
1.1034526240469407
1.660985183973093
1.5016442559584386
0.18999621304967773
0.7647584610141283
0.9105947842760851
1.055947107071639
1.1306859551547095
1.2223193370395342
0.643702674193258
0.7831998348373923
1.8892803935639455
0.35906307489864436
1.2415492584859165
1.122407978262157
0.35651314306415854
1.5970472641014628
1.766261068961054
0.6371337723245168
0.3678278105190604
1.4094110772064214
0.026010212828549206
1.0769787760076432
0.699606663667279
1.7405140959157082
1.8403344574116736
0.07814892784434321
0.15125894453438732
3.8884438638086203
0.12971532167839678
0.355831503882031
1.1509872482525108
2.009556520231947
0.7117610898301339
0.5167968136199317
1.2777773290165633
0.5565664156331676
1.2421619563291806
1.8756215807543375
0.8795588032298559
0.0780742958160607
1.6644629524557781
1.0685237235225358
0.5284396723087629
1.5618538338171113
1.4245145178744403
0.5288147451489972
0.1351707256326867
2.0608803314092845
1.0457909327730175
0.7439835608541476
0.40507996678015845
2.411659998097517
0.4495116433136718
0.6319545767860995
0.9554452552370122
0.8957863782586665
1.5476353145787758
1.1405764751851553
0.8547461000690385
0.40969122171727246
1.0587150823652598
0.29141937603942497
3.0267493687199956
0.3354097233146706
0.192933632943843
0.5320694082700398
1.493089268371557
1.7595653127872832
0.5253147210073371
1.1073453584009971
1.2182195649180494
0.3135198199910326
0.9595205338556171
2.0572615707776185
0.7826250916099634
0.37839683310847094
0.6172958868755386
1.366197553348717
2.25349035383105
0.5093752456647131
0.051722959844660396
1.816368815250136
1.653866664279693
0.7557947375147349
0.37841670185533344
1.6039730980806752
0.6093414419418867
1.2703666344507438
0.7985007573386772
0.5264667061342575
1.8893035736460277
1.0062965355386924
0.9810988895751193
0.7297127419553617
0.67768021679576
0.8258952317060212
1.1165679405125473
0.845345667313252
0.8007046172043439
1.9671084655401503
0.674216850690097
0.38111332836952716
1.503937027462155
1.3267750631826318
0.8273306980322362
0.546022978767114
2.0969892389903926
0.32286598456726434
1.3480168625395206
0.1414947176582466
0.380752009139232
2.4011997821667355
0.9167984809284242
0.8080438247230121
0.7267776691225557
1.4166130298806636
1.2343362139245748
0.3273336409873858
0.7200964357582618
2.726927211036842
0.6543372121575396
0.04372977890989615
1.765929373917171
1.2945729392059706
0.9553521943717789
0.6632953628347975
1.2161518049637414
0.7972140264263637
0.5259308141372611
2.0252534286146875
1.1861834713474173
0.3729940975670951
0.9285381373496294
1.445741466272612
0.8463450412144532
0.9732956242615186
1.2061228424681099
1.268993670172871
0.3305026636772994
1.2186990052918656
1.4567997306585323
0.24927102340399704
1.0483990661695926
1.2805192381096406
1.1427101824295514
1.4465966817858342
0.7199107880077052
0.061161740120767076
1.1883855362860172
1.2362916388525327
1.4737452845550378
0.5125123377217524
1.261359343635531
0.8891167188716926
1.1781998164762328
0.7541816557316277
0.5195396449557244
0.5388960424505841
2.6351418820046186
0.7919426337720459
0.437239425238546
0.400474386753016
1.9473646645911546
1.5020734648627816
0.35633683947955547
0.9317496227028623
1.786418292244509
0.42281604352730356
1.1451065206220643
0.28769638714879997
1.101881731721127
1.9809179567635256
0.45673029946521204
1.0240463614822095
0.6065723203549527
2.2383201174247502
0.25614914795234245
0.3233396180620955
1.7346378807314058
1.6310194226378458
0.2616071499423134
1.2618329440612293
1.3581602889873987
0.9238023513244382
0.614723220384519
1.5654859813604407
0.13643454658649162
1.2085828405518175
0.8677924004266407
1.2681351160395555
1.1722801830866638
0.8959027979762622
1.1469914518442703
0.8223487254057931
0.49330628229824885
0.9685917595503014
1.8675571614294606
0.17491553845039357
1.8201922626694325
0.5393968625875816
0.6609942856733665
1.4821419662396027
0.4460049518499786
1.041148693107415
1.3656753047589374
1.7489687027107141
0.049966476885891085
1.1300903739608386
0.4688081414697554
0.6040765920877472
2.4724170759153252
0.6540037421158901
0.6936324639878206
0.7055358405960672
1.4580020635410014
0.5894224995521287
1.4430242923373284
1.0305722131475026
0.5541623905558458
1.2992691678323738
1.16083418347304
0.6313534380900173
1.0988853856751817
1.528868406722332
0.6263053013482178
0.4895785204899088
2.1292125235760557
0.40085088535550933
1.2898225657650402
0.5167389823630083
0.9618731481755085
1.1449658780618215
0.8739193239825693
1.1133260710494883
1.540590636627183
0.5097589335121363
0.8414423552106322
0.6672224653247869
1.1818066800560119
1.7728230444498616
0.9637237159095405
0.21065972911723188
1.762375538533288
0.45499189555949326
0.6531289075892196
2.016984339485432
0.5745725174278641
1.3641635868839384
0.4578364891400339
0.14142491474541483
2.4091912033908636
0.9415613028156276
0.9948037756763347
0.9946075553497907
0.32193992637808255
0.7303061392253176
1.2901287338416356
0.6552656621795925
1.8785327519353552
1.0594520483386973
0.1826169204294912
1.6675403615259143
0.37062533839836204
1.3083410002738818
0.2997790346346812
1.260886493131972
1.0858139061131222
1.6903668920130768
0.5926644314484025
0.5544601388360378
0.6877845702823727
0.9093108408416478
1.341766642481962
1.5431229900045258
0.584478472791553
0.7443273345092559
1.428269696278169
0.6612873212135811
0.9277189293168615
1.0654340161484401
1.5005325819144384
0.8491122866881543
0.8635480175658662
0.07388025780596644
1.9700473749397514
1.6689015396082216
0.46866272350264476
0.30129224954472206
1.6374121933209014
1.280200562598967
1.1796988471696102
0.49592588253908354
1.074770426266879
0.22366195450947188
1.512929838999259
0.9376675022596653
0.8603512609805133
1.3652597200308465
1.0671105149717937
0.3667312531986588
1.7045228798125587
1.3804513426463554
0.5599124552361274
0.25178542038005425
1.7438194290530802
1.109849318693896
1.5833941036023635
0.20956585269304526
0.1338654877943729
1.7906278527956636
1.1791960182405745
0.9736813636574441
0.8183151541453527
1.4083788985959018
0.90590640585568
1.0480372593467662
0.3583986109639286
1.6332724436500823
0.7417486776922336
0.5237515656308995
2.086806948809712
0.397936075285425
0.29267597866839784
2.283960746336377
0.2434839296972384
1.6374003110849977
0.34769228206281316
0.9732173624698808
0.6130300843936937
1.58628174659026
0.9902433922521463
1.2008243274871633
0.11338741794303502
1.1639397871694135
1.8197377361095834
1.157498032547564
0.17808688206872725
0.8028387616454352
1.6987283753199216
1.3125296617791353
0.876173554580162
0.5633324920356599
0.8847691471619266
0.581136814431809
1.4708097183255673
1.2611706614092912
0.6280708020679121
1.306824639092606
1.3390949576368079
0.06714051163041469
1.559952730974253
1.2155918785388784
0.8937709064994543
0.696218226431574
1.078847401997773
1.2438627660685924
0.8742940326978644
0.46693079716867497
1.7534778210405828
0.9764642380394188
0.9890727837126189
0.39333279982901515
2.3234921267434645
0.6154562108694672
0.15739569322440297
0.38578893121210284
0.8909013554755741
1.6316398538061891
1.1786184125037167
0.7119412242945595
1.091794491229168
1.5169377423282184
0.35902560194433525
1.379369396723636
0.3928861405558988
0.6397172512881514
1.817233089110619
1.6048166946029463
0.26061621859086087
1.0647562114946947
1.3612965433555604
0.4024746741212882
0.9986626953918413
1.630871357612754
0.6023229443294407
1.3940639193622941
0.9219326273168814
0.3683466713414671
2.127839613586937
0.39655338269367607
0.8084110530697256
1.4818938196350704
1.10311827468763
0.6682555302572253
1.2045170141038388
0.2761434077039815
1.1652689869175445
1.5404147441424862
1.1764662145642708
0.7670485177559436
0.5912268661947426
1.3715035928323829
0.39493383093809986
1.3293438464844245
1.5684507359480264
0.4479325696918801
1.2853084982658602
1.1402134701460782
0.535294568480368
1.2823175934903859
0.8550819315683424
1.2233346559809584
0.990261198278274
0.6466279977435331
1.523937432138803
1.3442594356013031
0.6157841760412222
0.3235115354251047
0.7995182780294288
2.1015314202737643
0.9758673531053929
0.5545198594732141
0.7805796413253377
0.42420806403263855
1.7959855489753709
1.6919892516913586
0.707649561707295
0.2731741230763053
0.42542511348044515
2.089393600079012
0.814289578293106
0.9295841828487812
0.7199711200798478
1.0591001160955051
1.5742016094618208
1.1714031874632647
0.44933291844102946
0.7225984661145305
1.0860950253699422
0.6695338399567071
2.2108332100664954
0.30723952229382
0.538752263847987
2.041708192324226
1.2969395844888352
0.16949532621959848
1.719265429467039
0.7879660677280881
0.161794894473699
2.6144363828787722
0.31654804898137895
0.6142532774773788
2.7099363679547874
0.2766616686776136
0.344021129580868
2.3142701015546443
1.1738635075159423
0.4269354916307786
1.0327415380232439
2.1058922871907693
0.33032849901567324
0.3080580914165748
1.6228503277942665
1.4067835215611935
0.7429857535069043
0.9154942334148249
0.9526445389379253
1.644906025664922
0.07600180558208512
1.3459899603251932
1.650563207198261
0.7826775171157931
0.5606533002218519
1.1656720469019
1.3537406800088887
0.9135965649457939
0.5518876073949919
1.177744085218964
0.80610445570051
1.80736508200999
0.623916156112961
0.7736229526929368
0.5634802332154101
0.8309782093699541
2.125720358091527
0.4226690645273273
0.830986674302272
0.9379669751907295
2.3788541788130537
0.2234423166905582
0.0612798356473279
2.295195114577398
1.4257407077633
0.5660876832489514
0.8395666471776672
0.686935039405837
1.9380737469576894
0.3439081002523507
0.8600009559957833
1.7459582362588588
0.9259074528533769
0.8398558652257515
0.8540216732959099
0.7112566591111239
1.3428467880716703
0.9212608339722237
0.6918538620655357
1.8556788380991365
0.767982017541647
0.8460770719292785
0.42853413160892595
1.424452844314791
0.3233858202444011
1.5515177526266548
0.3952820672359916
1.8062562913772022
0.7131901936321127
0.2481307970138204
2.4506634663175864
0.11044484081061316
1.1893684572211718
1.184930811961733
0.7796898005120244
0.6827372715428903
2.1960603398007335
0.8857846334167775
0.11476457169098349
0.5836390569501005
2.3056752404861474
0.37854596995347134
1.2296707337598942
1.9961969849151093
0.08269417524091835
0.658615537565879
1.4741941385991284
1.0127587798142357
1.170236254972697
0.9947225693264321
0.12314990449891802
2.1061637280199763
1.1829073819928
0.7771225065133625
0.06629334637609387
1.7957038938845238
0.2849646197165938
1.5085275843937234
1.1245374535518762
0.5765185511436154
1.4456481207274559
0.9220965966064887
0.482488405308716
1.5860776088017754
1.326912786091443
0.654066060269948
0.8123743532619033
1.1620976766854945
0.6931369507680297
1.8662734359071635
0.32260494999521877
0.645677323928057
2.355326101195841
0.354786320559714
0.9175133949652254
2.084503523944128
0.49991566086949835
0.20272150488807242
1.12686491486699
1.8678483956454046
0.8837945994578779
0.7174962251775987
0.8886566214547749
1.437017633474649
0.6331986868465367
0.9167773428669366
2.1328953159446087
0.5812789532334872
0.3636098407764322
0.8436666914030483
1.4484167269520791
1.2031923811736844
0.9798023248307498
0.4362713685278475
1.4711130207248897
1.6739964907379243
0.542549805608708
0.2828058926771859
1.0218371639095054
2.03325258273813
0.347094161746611
1.7763053974975513
0.11981143903450263
0.48507921915472674
0.737071076409121
2.4926094140084865
0.7090668870976864
0.5659173809514415
0.2213984640063347
1.8453546429216894
0.7085546718493267
1.0524512528583894
1.1143857292713613
1.8301353615281797
0.13120872067072592
0.2970244785654019
2.949583398066284
0.11710477001659195
0.952656184311737
0.8993960900093759
1.1840752172599378
0.8869245790343221
0.5558641020013851
2.4805650856770214
0.22272601779231072
0.8047865085622891
1.3906761938714138
0.07927417665837033
1.9549967288558088
0.846844942063451
0.5668961584152215
1.8293659573696486
0.9164893086592331
0.5099261426238932
0.6087662529828008
1.9792474141960512
0.6123314145806057
1.1789371507780269
0.7973759589360779
1.7023815411340477
0.10902896677378353
0.6776093642958808
0.3825833641116857
0.9034390821448054
1.0985966246130066
1.8907942253297827
0.3269325216900621
1.0162817545219551
2.0374589923270285
0.24373022080413015
0.6944374601577228
2.3522603120536383
0.6775687118559703
0.35495925871480083
2.3246950517414637
0.7481564648783126
0.02432353684146875
2.3990355546685582
0.42884140649168484
0.9811948497318449
1.844904554076251
0.4788462118523434
0.5638709989681401
0.8569381633911649
1.376094999439697
1.295458406326667
0.7116298829481451
1.4503803395471124
0.10757139755351748
1.3286621424120415
1.3657717586068985
1.0493572132701905
0.7574390939816714
0.8956704766903544
0.3539129892704358
1.0153692199217659
2.1439838660067245
0.49747765745513817
1.3005269842621432
0.49835971372072657
0.827735797914706
0.15580119648443613
1.2672836237222789
1.7893381539615987
0.5963223316454562
1.2493694125291694
0.8233818314227253
0.7746171373469588
1.1295262608979657
0.7128649061914234
1.4526684056669357
0.612280165359935
2.0145485640823844
0.12632826082524617
0.36766892412824936
0.6008136899892285
2.219443978353563
0.2537107919169996
1.2139564636324163
0.8293162324843377
0.7544778287155777
2.1001698557953867
0.44135448864171345
0.7647317067418524
1.2506625385761456
1.2842685404408092
0.6482943756089709
0.9554056274431042
0.8207434362087942
0.9626414551218093
1.6048281378204767
1.1730937802764294
0.38324469289418595
1.0584039176179243
0.7917426513327437
1.0296191215585557
1.0817471492694088
1.6578226680865162
0.6494428296919053
0.34646963468794373
2.322221510831257
0.27015341630711726
0.722602417015322
0.6474625002593698
2.2987485228633977
0.2871739387129733
0.7340907766789087
1.4236480253295487
1.4832584195854632
0.22219234824219058
1.104223556369494
2.3007351115315893
0.7873302168991155
0.14882982733816147
0.6937562138894593
0.8900272422196679
1.144575510540547
1.5298295804915258
1.0383785194415338
0.5808094366912561
0.4951308101716606
1.491146740354411
1.934510987510109
0.5397509782568853
0.46768759198240395
0.5046505173210171
3.305536248677009
0.04379756083716418
0.19238604954112462
1.9582509924031781
1.3284515241383772
0.8975149740611199
0.8210735962757718
0.9260617116480474
0.5876697251491138
1.4888019982739473
1.0956073399664727
0.4949985841959956
1.4631710111049523
1.9868855491411104
0.18838929571791507
0.48599459955332763
1.352465947206621
1.0391038215203607
1.227412072113124
0.7613698540502529
1.7429234879414899
0.05363882324266936
0.5941690048838285
1.247625816851977
1.0564031145257515
2.3026241373222684
0.13858072590128237
0.0738131403314595
2.3011176810063083
1.2900831957728
0.8005964970026929
0.12952440915765115
1.5218387076779503
1.9319393217173764
0.7419208084555428
0.5400060280349572
0.6035685412479194
1.4960985115683985
0.7744957290477096
0.8620597628542425
1.7451788166161213
0.8824979289866526
0.8028357018634725
0.5486908072850579
0.6931653778842172
1.172928263030644
1.0190607957213762
1.2655154706368725
0.28447435609543803
2.098643233096478
0.41916863640066504
0.9752275083255879
1.4254309351385515
0.488173970661466
1.506822344895704
0.5679301907743367
0.3469762615263449
1.4210705991068584
2.2134536526837896
0.5120000601740359
0.2668639973225973
1.7234785557064487
1.1208974774534615
0.6845485578135683
1.1488430380619128
1.7231628630208708
0.272143349731644
0.9270482750277919
1.0531402204113338
0.9176288886828935
1.520219459498998
0.8950237646696786
0.49761482301355336
1.3887157964956731
1.0722539851376756
0.8866618198880142
0.8712269272363222
0.905296355732843
1.1942990265359978
1.7153714725617943
0.13219230862472353
1.052797451386228
1.660599779751511
0.3026575621949504
1.7692677442736895
0.42793811856653274
0.5261235996938773
2.9741430343582085
0.30106863566333586
0.38074980633599426
1.1740228099946588
1.533455252924816
1.4854081542215856
0.17876124683400418
0.8162481425336847
2.232235479741495
0.7318018554677375
0.14211284155757875
1.6642844181065113
1.0506478269242359
0.9719908817662053
1.4734498035744732
0.4676020565303687
0.9712646268943935
0.8544998398532879
1.2430775820472104
1.6084002727956952
0.6883894060884275
0.33062018308173335
1.3705625555676462
0.5882558854675034
1.2155739771017964
0.30173379356803354
1.4283670377995716
1.0119178579216934
1.1379753304136917
1.4668747434728606
0.20533705448607842
1.501457051444041
0.8082324494399368
0.6645220171160179
1.47982146051755
0.800803043190755
0.8367209860322724
1.5849534891202295
1.1132973209461563
0.13116291572936406
1.895239745877798
0.9374086549081138
0.27107437924646366
0.7325533720567994
2.388017704966782
0.7093192260827704
0.7827190311220358
1.4812581508866087
0.26543606018445104
1.1106954338195332
1.1896712260800044
0.1721212767815216
2.2025398059255186
0.7950960928677125
0.7296534107460636
1.6086681094468527
0.2116178625377536
1.020386685724655
2.2450915608945077
0.674399609203909
0.32097650527890537
1.8320060421633353
0.6310382747448484
0.4165519388888732
1.1219523229608874
2.5275295431508464
0.07236427514332049
0.5741126618257777
1.7009367892098326
1.3025642626131304
0.6146705482187604
1.5926860751461949
0.7086086771196817
0.41169209941711327
1.9732251087643178
0.048053359761949806
1.040828576931176
0.35557180142425515
1.7082263191831453
1.0747255195873247
1.1425586985084086
0.5016756329734209
1.3428777581345488
0.7412413125814074
0.8088518907471012
1.4751637183846484
0.956475624778365
0.9606093495374765
0.6388040202042286
0.6068835994230496
1.4002978724960622
1.8362077380666886
0.5248297859149831
0.6436838074079719
1.136112077233281
0.8421432192110976
0.4873775520528761
1.9216047699114547
1.5862183141704052
0.4317601498086046
0.14786877110845445
1.5272113925001165
1.4171823773660737
1.1513478881543207
1.2459360840363383
0.2526183257879899
0.12544125604891063
0.24025175903554058
1.9101705994495053
1.4428134013217224
0.8155345770262574
0.697638708765731
1.1518159798613836
1.6627091680831703
0.6271020792619967
0.17564007486532127
2.2060206040153982
1.395462170672383
0.20589580577922312
0.7216655900962015
0.8898605028957621
1.3830963333052726
1.1569367879872094
1.3837140701907191
0.5893086706946635
0.4943928593167297
1.8820774885876776
1.1200191521650489
0.5454638703033808
0.05151082725909312
1.5679073670103783
0.6333081612563117
1.6810887570579491
0.3276015084461781
0.591052059371485
2.293410655212281
1.120249834169821
0.44866952117237136
1.3214711600081224
0.8969770427246697
0.20234733217905085
1.1519239851881915
1.9562759222858466
1.068755722501118
0.5114232450865764
0.544312334295059
2.254435693048867
0.877122155888038
0.14598856653088774
0.7002581674687152
2.488675395432159
0.47662314454920507
1.2512482791855597
0.050622321049037834
1.1589403019311024
1.6471667681513955
0.37819676524634066
0.8108496978830672
1.180367489655815
2.154632820369113
0.4491740011197635
0.42456238587601786
1.345947290420691
1.8559102483701613
0.23418284278928939
0.49743568573139335
1.2867434904045696
0.4008784372880848
2.0081600642980137
0.6514029516960785
1.042292343796207
0.6569585623016349
1.7517215519509548
0.31262298210689304
0.9536198499631507
0.3307185139572048
0.7356481196430491
0.9319405843247578
2.600896999288705
0.4025223834906215
0.415043184452395
1.9469689512045112
0.20993203448514508
0.9239110206350449
0.8376062583436223
0.342359274799068
1.8096978462853572
0.8257638112277601
1.3625133216821084
1.2578934364016678
0.1029588772352582
1.2223573339435518
1.7032256571788518
0.34698796756870987
1.6161874863124912
0.010972764694255968
1.8856177122873101
0.287902655480547
0.4663682975364093
1.6956532557502522
1.2517806908463425
0.590740785259082
1.1019841866601467
1.1573285868870362
1.0617866080735332
0.1786208663806154
2.32320931882904
0.8687625826817029
0.36817087906475127
1.44240464616402
0.7095598660044113
1.3994085627845942
0.9270745318450838
0.7679477266436596
1.3976572750458622
0.783997799912877
0.8414464116074792
1.6927094325408423
0.12834555585170665
0.4121122501692372
3.8715010540990704
0.04664061269618046
0.21289971468396998
1.7406436898505837
0.8396842172214476
1.4031244031661225
1.4148999534848206
0.43975353442248327
0.524140203923785
1.3348091385122718
1.4031053168831362
0.794521215292458
0.8544672066901283
0.5706359477141717
1.500200430748963
0.9096788663447529
0.881072299680745
1.9106543668482083
0.9140235371627923
0.08906643691382198
0.10647468643705352
0.6689894462087833
3.439557307655825
0.3486909265262671
0.301350636354218
1.4329584242831777
0.4545786159830579
2.039494926120885
0.5602923503687017
0.58855609800444
1.9144115003059652
0.9748309101826489
0.5689141243736779
0.7951609673032589
0.7547834328271179
1.7636099532604248
0.6142340051913917
0.8832947226188231
1.6152535477627739
0.6614304486593596
1.3751328209545035
0.25233002914193003
0.8545808054511222
0.7267724791897995
2.2906798045434615
0.19721919657880482
0.7638738081184288
2.1395827638281917
0.38716760330340344
1.2554204825099127
0.06743241018680016
0.9967517211295343
1.471751270100036
1.4199120807660905
0.23210663408855498
1.7047723814467013
0.566104710193715
0.6969180381490488
1.4157448309084466
1.5722249397415535
1.0300488973630768
0.1549003318846908
0.7562698852956791
0.2787003664374711
1.7706010954407185
1.2360958072797483
0.2142213912714271
0.8749100229514983
1.8469289635034774
0.8849303895162034
1.4722435569916867
0.29717816809490905
0.3394035044074072
2.1909362035024307
0.9902648654056742
0.5361765828771292
1.4683616020546473
1.1368723376818146
0.13140180746057153
2.297834824482896
0.601396299723172
0.7414012280828495
1.5040841582647038
0.1515704570525247
1.5938366368852448
0.09984399569386729
1.4537575299183902
1.387653503670341
0.6858258742455441
0.7503374831938754
0.5898581697478991
1.7346880913971798
1.0263139900511509
0.5154757709696535
2.000819137600868
0.6441523883533719
0.6145374509067228
1.1618962754340354
1.5174094632388049
0.09143402327959882
1.3754516297383592
0.6222572277171909
1.398947523360361
1.4443410404140964
0.8449778513246978
0.33789313703443785
0.8756952654294015
1.4486457462788611
1.3104872142019701
0.2760874241502591
1.3823851414497406
1.266056640856721
1.1112709830430556
0.5447483169835217
0.9171664624087283
0.49168468291096606
1.7653976180788198
0.6907126881752148
1.1299315970076913
1.3870360580452095
0.5733152008152015
0.7910885949598719
2.152315007624795
0.2136243055752211
0.646288808298244
2.1696038642250732
0.633517179515044
0.9801334069543992
0.3301947740255952
0.9034845389825238
2.131355267334565
0.7807208425820228
0.7382764519340429
1.1394730415267948
0.25939952443612074
2.3455477683916297
0.13411540601825514
0.6096996908895973
0.3113337672064969
1.9427773382425324
1.259772773124782
0.581554546476891
1.988541847002569
0.20685446512414743
0.3435254273085512
2.1655652407406487
0.44154150945722664
0.5441077126565009
2.7862398545268348
0.3360400804986146
0.6710849483538751
0.5142174660947026
0.5949958143244707
2.330166489202959
0.738497586232956
0.8818303023307797
1.0903363165331357
0.548800644185832
1.0621259950239839
0.7195339827717454
1.1860854480833092
1.5648932472206354
0.3827559321933903
1.4716019946939873
0.6505466228907387
1.2175794202202885
1.0039456809617964
0.6518394615808426
1.470973153919086
0.11662278965530812
1.2565300771059928
1.6425237307410068
0.5227554192307077
1.2216781235056895
1.0929339701053176
0.3738619005145264
2.2413024952853418
0.6563496766455451
0.3376334468794959
1.3545705117544977
1.0059342381372862
0.8915960753986816
2.1374726661713863
0.12902125716703103
0.7560321332467556
0.413126577299766
1.0797315386406872
2.7286248083120426
0.025086502569276012
0.5472299018987644
1.1706849974160878
1.7557985003265584
0.966908915788543
0.6329475512688719
1.0281912017850332
0.3250903872651477
1.664918054004852
1.7115134793280657
0.4183100886013274
0.1720887491336427
1.4980340266612264
1.8029675121624655
0.8334166108717764
0.49113163037879476
1.3379978834088646
2.0198825802405254
0.1894585650922441
0.5039983677722277
2.173280624285491
0.7631681451516347
0.9284393389410532
0.16141681933995894
1.2385716374923252
1.2986779550843457
0.805061101329353
0.7096762184175335
1.9487698370653812
1.1483548187943693
0.174824988871133
0.8433751892840967
2.0003226487535524
0.5423747750395802
0.6337609152451311
2.473147313831358
0.5184803234420797
0.6422773020825027
1.1403871238707057
0.651157396645068
1.375559993684018
0.6704575946415894
1.8824600562654288
0.35530616587601366
0.4197053120226433
1.278728502978406
1.3491448680134555
0.1311391439171511
1.3387811021050176
2.2098923451573063
0.6801589241870181
0.17202921490905745
1.4761583289415168
0.6327740413752079
2.0317328548421845
0.4148572893977021
0.46473943199914913
2.0151605540914512
1.287184671398859
0.21512705723578318
1.4108328643430579
0.8890247648042849
0.7776172525087164
0.32543576390135914
2.2467409143301893
1.0209420123405677
0.3352278610284051
1.5833270383346876
0.8567686857741554
1.0543272472060001
1.266763646221006
0.41517482058530375
0.9932013079480604
1.619687703185531
0.7463071756383551
1.0348076314829453
0.38321388831507713
0.9392932890728433
2.2370651779120503
1.0469669990118495
0.1455123480517909
1.547418462273778
0.26846128303403055
0.9646315423458179
1.1756083214237028
1.5989945970281658
0.3680271119494656
1.1880043731964778
1.0322159854289226
0.5782365154923644
1.0733535067591844
1.5507467945380204
0.9147248918660476
0.6906941078521825
1.3696777103583948
0.9158198241992793
0.653476795852364
0.9876857141773187
0.9519942768199617
1.842684108494667
0.7576056750828252
0.6236226244041567
0.9306148310242857
1.2563221966962745
0.3852761532074553
1.2865815334708706
1.5238050211483611
0.8156592062976921
0.1114168328289898
3.356076951271706
0.09580696163729646
0.0288102850760486
2.10845950184251
0.2625984676745836
1.7198224428352236
0.6674505315483448
1.0642235636478703
1.4750872242764954
0.42319494056618506
1.0710290395611155
0.7424675878753291
0.7909094351211999
1.7575609050225958
0.38619743360157177
1.472702748819436
0.8037367128881229
0.3416183139624513
2.4847982673859708
0.24489409937101464
1.11965180561257
0.9843865590771926
0.7135541574940629
0.00809847885994191
1.4989762501463226
1.391224153925049
1.009594616063764
1.3489399776458082
0.3809180974737756
0.9741808503196351
2.390247564228048
0.1080568770243337
0.16215385078216982
1.334023350930393
2.4974350816035056
0.3092948279393491
0.8655622584264621
0.44434458759106177
1.520733164044138
0.4336489477177113
1.531298279663477
0.8564125327919088
1.0598144471913025
0.8317593450885218
0.5269207315677072
1.5878801262799318
0.7279172952897456
0.9586795981959919
1.5981073529150593
0.5994895853897234
1.1019913429057595
0.747502616038418
0.7983005959276406
2.0189917992483153
0.7907819871196519
0.5714552000993576
0.8490967513362284
0.8968774845463151
0.6836306683165118
1.4360812220008998
1.6432117602733654
0.12563858524543578
0.8647961889098871
1.9348179223454767
1.2923602326415375
0.558232414422527
0.4818247299359229
0.438901197800897
2.7230804878078647
0.0761571849293444
1.2539099796417024
1.3758883805337463
0.49999967033794285
0.617184099415174
0.26089061935010005
2.10147212568505
0.7980456813075268
0.7854406374882286
1.3740348314914723
1.1423659168614484
0.401579799179023
1.4285093211955415
0.6257537716322722
1.3671818608112323
1.3848030067120147
0.47384667085343624
1.1539390124330702
1.5186243438876108
0.24595329907011218
0.6404680694872362
2.517601032894074
0.06392636041366762
1.3705115415561815
0.6543378687000674
0.6287938517915773
1.3308841338790187
1.4653991430787543
0.7976356371107133
0.7545650054115437
1.1312823363021685
0.9747225126382448
1.3267856232400987
0.4991910649865403
0.8663616886235594
1.855281616755418
0.46771141931324534
1.4139915896517843
0.9827304322284761
0.2456235606792482
1.5724941796509146
0.6683819662070971
1.2997765927497082
1.1539512229205646
0.598730652105056
0.8437559883338084
1.0307827229189046
1.6140105630706045
0.10420698190910758
1.860370982987265
1.2459303297174438
0.339394022905852
0.5985865480275432
1.4547330865153223
1.6703532413498423
0.9786763453959203
0.374688256096115
0.8648787715672832
1.6726095624208122
0.6723620624191207
0.3414403541977527
2.025053761596152
1.5207840791846636
0.3559309086887743
0.03527711773804186
1.7901829563021527
1.3736980112865804
1.5161991097330605
0.2337532569965022
0.3275024851157473
1.4327625831733082
0.9285518594272459
1.373439455326705
0.8287957847333913
1.3603717889910023
0.2637298844107128
1.0011312795779932
2.386312495684403
0.17139074004701665
0.7528031455925352
2.285343948783108
0.10168458748199362
0.616070170822784
0.9418126318251594
0.9298628622453557
2.060753929664609
0.43718753166020646
1.1918497017181742
0.6242712313620555
0.7433683010230316
1.1294370821118747
0.4379516621745755
1.6857807949343728
0.6033071158690169
1.384195922410401
0.9228490979318988
0.6045104658901893
1.3779384452498422
0.5643502719637802
1.2503580950632995
1.4453375050936668
0.7770506270384444
0.8654189673029479
0.8961071496444438
0.07222830026787239
1.8680495923325817
0.9933100189308235
1.1085025389284804
1.506922558794885
0.2219512024497149
0.7233877008192964
1.273819762501568
1.119983358136975
1.1819420030789565
0.8912665538487436
0.9235062516286061
0.4649720872174037
0.4612652762850739
3.105136874307691
0.26586789062769106
0.5361915482227999
1.1383740244872511
1.1604219960222586
1.3470958238622635
0.5994507429088272
0.8064466739548971
0.6005631174433762
2.1983578908644112
0.8100400578231747
0.5675324455313077
0.978644182296612
1.5107128643901437
0.6646539355482746
0.986679736292354
0.768845548502906
1.0612427318703386
0.8434164947138428
0.4132668128856627
3.128563867226072
0.17865384572750168
0.17279232516523635
2.548762288407103
0.8906105204516945
1.0100759840205902
0.2146449287818354
0.4592765324019895
1.917929504641569
1.6769034659071425
0.44420647200614466
0.8859140927177293
0.7587472386978972
0.6569731862109397
1.6021577956658875
1.0359217093077433
1.107825792244443
0.5305228539495823
0.21638240884484103
2.9827386101792417
0.4731748963138784
0.8782167265722836
0.1699202887792987
0.2884192827070083
2.0102717777134687
1.1929341669312892
1.2112989004387367
0.40892704760529114
0.4094003127412314
2.5233568576499588
1.322628738256539
0.20838571046262885
0.07078979981294133
1.5153873624814957
1.5037340340579313
0.47237032842931953
1.5599474783971352
0.464038275720411
1.1607516009629524
1.391817060395001
1.274416412862923
0.4848306500060652
0.16380067653710265
1.9470766010047815
1.7102961741178158
0.555581808731676
0.6481075920374723
0.7584749949306365
0.6627612030762735
2.011409260958289
0.930826538655389
0.44645228343219234
1.8730133021875284
0.07628835186669698
1.142433969955765
1.3590380146874699
1.1920799220357237
0.6373410984596265
0.6410152365084927
1.4444980291993599
0.8923181340306091
1.2274655194723636
0.692802023436399
1.232093613178747
1.2583592579700391
0.4925948410031617
0.9522430582247283
0.24935644739309293
2.417766020928117
0.19705750681449086
1.3148814943148661
0.2298071679349145
0.9848338724125966
1.9603099118125247
0.5348580953335396
0.9916239948758625
1.4144947682473048
0.3173022144864451
0.9986857736663518
1.005672767981474
1.326146927079066
1.1860059445964415
0.7059868937364931
1.069080878220955
0.8061442066251094
1.6594926755691324
0.8909528004659182
0.3226153485478909
0.26752692565690817
2.5208483414886578
0.5081078842012869
1.1518936049100093
0.24641347317878967
1.4727489950949895
0.325971033126036
1.0056927402307758
1.2703331103186664
1.2872857782432094
1.2812534846286658
0.6698623073458259
0.5695968803651125
0.2858195288700538
1.201970091348796
2.169846353474672
0.6063751857371167
0.5850503936486747
1.1394539294802146
1.350691952954017
1.543976944643482
0.43272343277494474
0.18702090749908898
0.4396041196128915
2.162707352637932
1.141001692448054
0.7100922006784025
0.9841607825615751
0.7042995790211257
1.4533949168291858
0.7827576003398807
1.1759648743320275
1.1085821216308307
0.765220491007966
0.7342909109394583
0.6522233288452025
1.9845559871116065
0.6703023902522903
0.8916654235697533
1.6898382729391805
0.5536673742860732
0.4172543043586174
1.9583838855041158
0.5324001474350212
0.8201793349450159
0.3224400701498072
1.7490059912320854
0.7219577178178717
1.6916741601954244
0.2695098871901441
0.5584219105688248
1.5523746041152076
0.6648423027614839
1.5955225269973128
1.0010400480604906
1.0395156875953768
0.1868382344426778
0.6241029277529802
1.4218724779158296
2.1515567973958762
0.30494305137150834
0.56128088001402
1.1798895881848301
0.9485108401185101
0.9872503596758833
1.2069696026313286
0.6145697503051593
0.825530641315238
2.1739616603537506
0.9492549256629883
0.19919667992593149
1.2910497774744016
1.0862787635684081
1.3955112081863736
0.27065336051771094
1.0071602165879434
0.4100690499122537
2.3286705264562566
0.9380959000317133
0.3801551747466692
0.6890147069224739
1.3717026421717171
0.5063610951640497
2.2372783631097164
0.5308777883422781
0.4068748057953431
0.4836961267221962
1.3278549494231817
0.7253376628779322
1.231161845604505
1.2011367829668897
0.5148026709057343
1.9461078628931352
0.36015044267477087
1.2908283562292047
0.5234032108223361
0.5658187959554349
2.2182556753104707
0.3924168291152242
0.7280138211945711
1.222439840560112
1.2425188109764487
0.24650933545721398
1.861748159843745
0.4040216903889182
1.3683740951576546
0.7260954812358743
1.530131078166269
0.41029968028832386
0.40718760321059494
1.2861730710910961
0.8402457708397089
1.888306827793421
0.1544310342767493
1.3061651530862555
1.3372479680829776
0.7447017385455291
0.8281825006676242
0.8521697057457321
0.8531935400642825
1.250787506379442
1.3604246898866639
0.6340029947233203
0.8178763990198554
0.953670290075234
1.4558455269329873
1.3410363457918275
0.24049007986860524
0.6007585965397353
2.3581052314083926
0.7317200576742369
0.9561375438659251
0.8202110083825962
1.4174157713074502
0.22723274339792407
0.2173854181461106
2.650084365787743
0.8076780842257575
0.4812261469361683
1.0716218969387346
1.509172942704626
0.5830230888333369
1.3860130062470595
0.9339607082685837
0.8083866361555522
1.4031284124939232
0.6399391189293714
1.024027442894315
0.7648717361882063
1.1421111714658894
1.108348320131058
0.6944610601691702
1.3281520535806728
0.7540789939279772
1.8011971484650047
0.04564964465588038
1.0493216078622059
1.2164216358430853
1.2272104210588832
0.29737739209227165
1.1730486673880032
0.545358227930147
2.0164424283056723
0.6204215536727189
0.13869832185146547
2.797993046691398
0.8805187161802426
0.3939565780566855
0.4738805261489975
2.699064844554668
0.7658674162651363
0.1510976727335833
1.4768874755231547
1.6502585362236173
0.6407404660788136
0.9472589477411418
1.0834024413352787
0.3570338869966949
1.4000056146685276
0.8037291936962127
1.581328832562997
0.7304026353560612
0.9137246238333777
0.40862314885285106
1.2816873777873203
1.7364699825253238
0.7461486720442653
0.5642826346408117
0.5294298429559178
2.7482947241930438
0.2300053002854162
0.6361072288939327
1.8726041201721506
0.7427513344688326
1.1061654747360155
0.7472832143613929
0.42458869937871707
0.8660350442106731
2.4141292066504993
0.485449006988718
0.6863539543071298
0.8586198994889219
0.6634102744315458
1.6954881947479425
1.5262746596409054
0.33272321428323964
1.0248909406019588
0.608875936804129
1.6599177881232818
1.0953505283929141
0.04841910677112739
1.851553064209347
0.7894381761711186
0.9890242361482058
1.4050337956019026
0.7522386297246496
1.0127040662038043
0.21799404753551135
1.9472189382030278
0.4761644824338245
0.7535510950847008
1.3259690860329298
0.9244950355542211
1.3898116067328903
0.8884257591555765
0.9888073984450356
0.06442059954829663
1.7861415158082232
1.4449777267231
0.7301436540320485
0.7509072724948245
1.1965331055880029
1.5807987999740487
0.03968275700749796
0.7118395027986935
0.8314683582883403
1.1138238085440384
2.332129628645801
0.5049024093646983
0.21385400412894473
0.2384190228905338
2.157685855983736
1.962062190164929
0.27974888767164263
0.5797020814712123
0.7581510595624167
0.6787156661928267
1.8155420598287573
0.9445171868132478
1.221616889951542
0.5720018601512306
0.6095717909685009
1.076133835965286
0.9186559820469727
0.6270968368673712
2.131796682575183
0.7510814208956896
0.45210477375907465
1.175179069006377
1.5658698599723109
0.7057026446759962
0.5905039108808394
1.7459310359201765
1.4005164700422035
0.17265565612024247
1.1332391160590338
1.459678226910903
0.6713883024597788
1.2702215193295865
1.1207823044800231
0.8486696574491713
0.26652029974316016
1.9544113024540055
0.4674032950001521
1.0743882715038462
1.5454555761733229
0.4390543196110326
0.9290086585864592
2.1973839040791048
0.7210487276598128
0.0806561622167969
1.8793436307164533
0.6607608999500324
0.9708069730712874
0.6512804103907495
1.8306889553390953
0.4823032804105368
1.60359586020879
0.06769105859914094
0.5239850346072302
1.4671382041753727
1.5967513962511644
0.7371027756556652
0.34036275060964644
1.762361723596608
1.1697701117854782
0.5830005983772978
1.1941526035239176
1.2659577973366984
0.6423224693112705
1.321714491184289
0.6503820322249532
1.208658340091062
1.4407191182970072
0.42274558611159774
0.6776423394485617
2.4944392606202976
0.15282396227684994
0.8394169195348588
0.4615184179888403
2.0887429704255704
1.0412257945268624
0.4472052225516447
0.46203379260394745
1.9097680467761686
0.6629510991665691
1.0451022172614903
1.6389116788539644
0.5883407685243324
0.7060915831819284
1.2514836868491723
0.6329424844418434
1.322033335181711
1.8124537363066862
0.3205348520746724
0.7608747790659415
1.4781267429563247
0.6324772994537539
0.7651237745793189
0.7397144421496485
1.715410659464729
1.1503195645940647
1.000260380511566
0.17554847806645965
0.9608342135062865
1.98675512204296
0.36060388125122733
1.3590084094228596
1.0162635730647704
0.9280425190124538
0.6653768245888235
1.0749459917164874
0.8994156627328248
1.5660195334564624
0.9680984438877562
0.550634939000358
0.7801663560582625
1.2508990476876383
1.3868965543695757
0.7978259487902253
0.674662725500969
1.2787585075216201
0.4287404412808605
1.7447437574195075
1.0267959514673448
0.8336431361102513
0.9034083907824583
0.20469416793108405
1.816436515312121
0.33951659454595395
2.0761197348199114
0.3829634089529929
0.3339056175310651
1.8133508306644566
1.380150210110202
0.44095123718095514
1.3724182795666398
0.11612283548005578
1.3766505089509609
1.400895622114792
0.5196419877843051
1.5290527722500373
0.7673005379434161
0.8080402675467834
1.596826320873124
0.9735280696744376
0.49349037999352635
0.6003755559348682
1.5048253886544507
2.141946975413761
0.3039694095165167
0.22484854072933477
1.0062460759362422
2.887776040460309
0.3628596497664894
0.30771420073212336
0.9346485881656028
1.6350249418866898
1.0037747927686234
0.6621924071987302
1.2545642796897267
1.6691019314787852
0.30709301539714934
0.8695907352189115
0.9945060542733996
1.1404450471491971
1.2833881785653796
0.5298268811056879
1.5991233602370685
0.37186296981711264
1.3383551403807588
0.8786033411970732
0.674255070345758
1.6014281138461808
0.7964716277661147
0.625572202408808
1.4534271058190407
1.1570306345389263
0.678969875170299
1.2181747433819996
0.5853494386921656
1.449784467458004
0.14334825104640192
1.5546338256730137
0.8607412819039626
1.379176943863078
0.40611278519525557
1.4832348082459557
0.2900945247991056
0.7920532570913623
1.8599651753816588
0.8473139792866001
0.8348518976778458
0.931812519868478
1.279972968300948
0.16983501914971
2.1745969872863964
0.12713811162565303
1.1890475679259518
1.1119227868083619
0.5052856255003177
1.5249719166311488
1.332085994791923
0.6874987028226834
0.9610609798819798
0.8244843493505467
0.8881407371607222
1.2104169838722891
1.1383603948787953
0.8072382919261392
1.3599725049383646
0.38082436077234627
1.0895748708492425
1.5958364641443166
0.9681631177690605
0.4882322892081156
1.181091922148266
1.2943412120233675
0.3781767560756888
1.6681216113459651
0.8731797908032517
0.6420541329032884
1.6001579818386489
1.1831289656340587
0.4452650272467156
1.4214288163981936
0.457896639013934
1.1275035227533943
0.8234229446601703
0.8513269755765472
1.0173839379442033
1.864686159112905
0.4958669292224921
0.9640744955121693
1.348730055136673
0.36055996120216766
0.6891943984287898
1.0015165737665612
1.9745743934729933
1.012649100342383
0.42679163641782947
0.9617719231436012
1.5511833110482267
0.655366007955938
0.5745331690325988
1.0047422094521565
1.633180046630691
1.2272454170205898
0.29517388370808584
1.2605905263827195
0.8632088580254328
1.0712383028087669
0.9958888198056584
1.1270637906472663
0.9617204656010928
0.8078946987734603
1.3487319441309105
1.0841996620834151
0.6815447631011702
0.8800039490154195
1.593528375811478
0.3428744030299258
1.18777135427044
1.7471523486028673
0.5728728311110564
0.3464388616511236
1.840309718885151
1.1758492385179116
1.0842505406669234
0.1932582445688695
1.2701741453227624
0.8589637019077205
1.0331662117489828
0.6368343405682526
1.8979594774215587
0.8774458971692999
0.4357508538620677
1.9215892559030703
0.8591518982011942
0.33433342377132946
1.0261852404569742
0.9788267240944915
1.3387304126535062
1.6489293146446602
0.2293098783705582
0.5072679062590011
1.6757725115036695
0.7819878178594929
1.6655125584222519
0.3677588582763187
0.7987073012427091
1.6866195211999226
0.7747923268652163
0.8526446892221599
0.946669469948222
0.7920233975728108
1.6741851839643542
0.8070055777064378
0.5925800225355055
1.6562986535357387
0.7965081435091631
0.7685542755834622
0.6303052693260528
2.2085773223560534
0.4284088308811855
0.60140934780724
1.3948370353436812
0.9913400120880171
0.8958166629127217
1.6628193359448755
0.45392659874647096
1.1317927777835997
0.40134223206641306
1.092348443406622
0.8235537175010635
1.7281645177325555
0.8885205485393629
0.6826614126327987
0.7141474154565662
0.803417233209081
1.836362121427065
0.4461940236981048
0.957041385017508
1.6905028144828302
0.7467803499237526
0.7070069092514789
1.3474931656442652
1.4093355698051286
0.6010745686779055
0.7676959208248811
0.2833547343478573
1.6097017515919922
0.888847368932223
1.2167871277874713
1.3020287297905768
0.43745354333069025
1.0021264305721247
1.2034791227560613
1.537297299151651
0.4612160537263823
0.3672557353588327
2.1811442738700584
0.8867051447080839
0.6575007138383623
1.1436935018472285
1.460863687972146
0.49666541321112334
1.119546246725757
1.330149973253528
0.8033751889715156
0.6150049193614533
1.0657798545423653
1.5251178129392438
0.12883086578504843
1.8610605165491656
0.5487039693996044
1.0830400271122922
0.488020123540907
2.040412126938575
0.4459879795882665
0.3334965075229409
1.9674071942811109
1.6525081747315435
0.5199728121369308
0.30472668502159533
1.1237445971208562
1.74508662613616
1.0749033384255116
0.2725790383594756
0.9876424521170284
1.4206773178654801
1.3403723468462765
1.106257335804476
0.5102177534796893
0.4570263365492168
0.24377653957141934
2.316715915345807
1.1199532305279514
0.6159784006995435
0.91833006823075
1.4514981070567408
0.9710046740326501
1.1482638626777333
0.1162475206470371
0.5413296207747457
1.5491964849846562
1.676972736346115
0.799463872961483
0.4133515632523889
1.3769795439159633
1.395055553863465
0.49274926499361543
1.710936628880481
0.9065366178704688
0.11032856570668503
1.2767019729114295
1.6225498845806272
0.27274509370963806
2.019938579501916
0.8698350889549583
0.33750087343234186
1.2365372685463853
1.0838857853531652
0.9454045711033122
1.3035947137338668
1.0744490291645241
0.06046409266019378
2.1367494853640094
0.7492219690043304
0.7020128559922796
0.9009841146618344
1.1448506103666203
0.869059514006503
1.7790951541882931
0.5535831232911039
0.7674055556414607
1.256137101829744
0.650597910439419
0.3112971807771497
2.4534118893056656
0.1142057562832682
1.2963538001836423
1.153285241392703
0.4116780689284995
1.913727807230189
1.2112101878745334
0.18114901320828977
1.198779547297551
1.5685946640174722
0.36453817745341244
1.5048627362921811
0.45668130830090925
1.2602048841117655
1.3928851355188976
0.6922262088176305
1.010879493215976
1.3520371945734548
0.2411134468068398
1.5950743701491419
0.9244803500664112
0.4936973013889327
1.736769648965128
0.7379158168601705
0.6547187774623959
1.7311771424218492
0.7352160338066922
1.3618766717357431
0.4340246854032284
0.989004081113574
0.9033939914986298
0.5128850072141624
1.2071042169616146
1.0482846341351644
1.4518237436769443
0.977893004022951
0.48868314461176837
1.4824710377239774
0.6632708200689075
0.7320322532276239
1.6660485737283606
1.1883384952595482
0.26141306961074673
1.4025393701151656
0.5951860037360925
1.4954685560725052
0.5467647487000004
1.5631122092697998
0.2203382143274066
1.196225020827816
0.9959505786520677
0.9535412752525478
1.0025072062947742
1.5184832653601017
0.35828698082274346
1.1566769337309593
0.9468476413392263
0.8822626404311547
1.0058751831627162
1.4355524780073239
1.1104066114095952
0.6876551776849634
0.49130887054810857
1.041712546405847
0.8719058690704018
1.7967030735437557
0.7194930354769057
0.8858001017445934
1.1726048743237212
0.3260104565488758
1.4025911654956986
1.9819231674030031
0.26355866970936404
0.6744252418721972
1.318534382556727
0.599604536266581
1.5133020514580522
1.3354067799929648
0.7334281005691153
0.27525175965414145
1.7813051562552673
1.1641421996383334
0.7607398726905639
1.0618941418212458
0.5700315547321965
1.7651074676759142
0.41110800960424776
1.0909736582939324
1.1830281539496863
0.6130686072206536
0.8205171268144559
1.8485935502571866
1.2508219777795584
0.5203317451229224
0.3350514511631093
1.2124238442194641
0.8291052305834723
1.3159869938318474
0.6764674896690056
1.2549043738396328
1.262863267565045
1.1598574569537294
0.3876235858465166
1.0203298753269001
0.9338042656562153
0.848818985058499
0.6826324499231854
2.3565309963824883
0.4258065810489955
0.47976366241821955
1.964100689591162
0.8140537139986364
0.6534153965465103
1.4338804402311478
0.7384567175743961
1.0026271763813652
1.4729708445225198
1.0380454511969184
0.031606817366994076
1.266360741044343
2.5215112822117427
0.7511388994802265
0.07390187925055187
0.7710202731136289
1.6517363196186545
1.236496590525638
0.5568276419320828
1.8052446171734562
0.301972839360176
0.8310726191366994
0.38789358343148655
1.8091763026086565
0.903236697809723
1.1244540070872433
0.4772446297860569
1.286788779502206
1.2580723685392858
0.25405192182616704
2.1466703548950017
0.5169798804008238
0.42470345102718965
1.505687880824561
1.4825739249844971
1.0191416006254381
0.5267531141534761
0.6352587448879474
1.5607543063175366
1.4486047258783306
0.16379361957333255
1.7050855643949685
0.817457219005459
0.2441434943359952
2.2954929707288625
1.359889575087123
0.24783944396396726
0.9583458451263509
1.151936293222776
0.5504222671246515
1.2956288607770503
1.9777093403965385
0.4197715225053456
0.6120096085772797
0.8651176411346773
1.3986364306186134
1.1937222021799745
0.6713897433614121
1.1106724482293997
0.6571033594804032
1.3376621501465193
1.56432917508229
0.2494147186296596
0.9951423682295369
0.6516273431292797
1.876387661753582
0.9490951865131271
0.543458776578211
1.1632412124753226
1.2552800688744705
0.7635227707816613
0.42330474968802706
2.203973915380906
0.3647540636173288
0.8634703032958969
1.8091855344452423
0.8633088881935777
0.8678207191263247
0.34852833873604905
1.3480998590214661
0.8435219447824399
1.0409847763605307
0.7042931106612778
1.9023272794661437
0.3313441799032538
1.2738150922810882
0.5853698270877615
0.7009714974647266
0.8700657244107122
1.9707550265970704
0.42986904631291023
1.111955171768591
1.4301482375852095
0.328488869340397
0.8229185512825725
1.7873810450229812
1.324251549862534
0.2723054539419904
1.112943823456029
1.5792048356938155
1.1312650691320933
0.47110647019947705
0.7005750678705095
0.9853676023290452
0.537904957654291
1.7431375665902127
1.0463164454399032
1.2037491937523768
0.2084682637807066
1.116811144974525
2.1810337351608644
0.26056698506569165
0.44932171698320067
2.3910210959810394
0.6540887674633202
0.5494829849192108
2.563582611532334
0.4751531781981164
0.09867265529852459
1.9680427350544138
1.3613685593187586
0.8276089844210549
0.017450286451600714
2.4255893670340916
0.8000911202315104
0.4374308954673784
1.913318387500046
0.27224529585023893
1.0093078853203639
1.5336609941928327
0.9857023010605419
0.7014531786552312
1.293989348131795
0.46553988625986753
1.2953243126609206
0.6780908724676843
1.4187851087458248
1.2011957633871786
0.8976928198392933
0.6010498915501649
0.4256181003882085
1.8356802381127872
0.4143412610441514
1.2885522072558848
1.3564716771061747
1.0544016152383167
0.21502102677169438
1.5190534313475468
1.4217055588218184
0.31178609955383324
1.2521267006575953
1.431772928110174
0.8412602916060165
0.6044429706362067
1.603240285843462
0.2805790333568785
1.5336883771227308
1.1221828793002078
0.9060394321055099
0.4821545097879869
0.9318349701352489
2.5253830571638676
0.3829316504142111
0.2210358565966739
1.8883671341050938
0.8098742784116111
0.8370223954123825
1.4341141792847116
1.2523825420608876
0.7624357139850434
0.680437350310664
0.43337371939413577
1.8252469178110227
1.4010387454989548
0.39447724256141703
0.3215850888921923
2.599431087081549
0.6284089450311229
0.8293121214629082
0.7506663394543645
1.4102035434546727
1.263010324950475
0.5071115446563935
0.7226147042776689
0.8722943643771595
1.0345212779303266
1.4706122635168493
0.6301782026130965
1.004225221278289
1.8321222177726715
0.6430617876940136
0.5722038994946929
1.212731137809875
0.9788577386434597
1.2368217254953848
0.4360693448029138
1.1878038108859026
0.8016205039446468
1.878368718912655
0.31909351402365604
0.9424789972819435
0.6705741647906278
1.5524835644384811
0.37214127382484297
0.9819442429715775
0.7564260359131286
1.9492418746216411
0.36367299856883234
1.312180268063204
0.8533239656636337
0.5055445958817313
1.3858736258171218
0.556353955382529
1.2646550183153362
1.2869962113658446
1.2130673152151337
0.19510205568948832
1.385365253346349
1.2103748481843553
0.8788186803815067
0.7322574838325008
1.623108604017395
0.3698746085637553
1.1719957849659808
1.102594423793439
0.7395213900223053
1.874273415903795
0.4863075638575303
0.6222446125689927
1.0824466831922412
0.7884277888371194
1.706838229700891
0.42969990294753485
1.174122522763205
0.14620212175018288
2.2958484166615407
0.31108629798766685
0.7791608472043116
1.315692452093934
0.8258272053249276
1.497212612566329
0.8959078091347307
0.5386625717066972
1.094690006134388
1.2930961404240369
0.20886773180302537
2.069366994830731
0.7533221774373833
0.44489381646327963
2.171241201512118
0.6326650002586175
0.8853400013381834
0.3217044583450735
0.9490892281156472
0.9134516569108193
2.0756361795457607
0.5488088468293715
0.7802350969792556
0.8272340905929181
0.884052634961537
1.4781320248678114
0.5781236617830673
1.1656378346330787
0.5386535942634458
1.5572497905291742
0.478193408853266
1.2690856280600078
1.4767631388618803
0.5417252270897186
1.0222019907196547
1.218240457560207
0.9712707515084087
0.5346616863503845
0.630392185453396
2.4210863231424335
0.45708534347202945
0.7763549733497269
0.9174885763228247
1.545620840250047
0.9207375071109644
0.5022583460552861
1.8092700512432272
0.6450776272282105
0.3562943109786188
1.9743925798599393
1.1607798872339827
0.7584223266160671
0.5981772223581653
1.0721829772500455
1.2870646990041357
0.6999341247634955
1.454011251191481
0.6294252913183508
0.7118783695403649
2.1736422457833147
0.7767429855001211
0.387159251516158
1.0651224403290944
1.0688330454733264
1.0028367296511493
1.0444637034138593
1.3451977618016564
1.155040054186577
0.019233541334063107
1.4866458715757769
1.31283480590435
0.8156024972907859
1.2522110838288756
0.46313647348303216
1.1265538438543121
1.4492067684307364
0.6301062650450769
1.7041753630782612
0.3465722788960409
0.5637740836466371
1.70351084040761
0.7003450873958524
0.9847423498232983
0.8299729458223619
1.6427325639702397
0.9512396399878615
0.5566150316116807
1.5694301260470578
0.5746475980163461
0.8091484117114885
0.8071537060831065
0.9859179222576776
1.240424122697704
0.9073255734262838
1.688444068192521
0.29661436267947566
0.7985362933468848
1.5349792990182505
0.9108837225226747
1.0011898462022775
0.6025684952446528
1.1006008683248032
1.5966903898525755
1.0368216211620618
0.6278828509007932
0.9167936109810677
0.5894106816453827
1.2769872424329736
0.21137422127070316
1.9855320989091094
0.4900982141942703
1.0907816954463463
1.1455630721295464
1.0395200332032803
1.3389687726528634
0.1594205931161171
0.9057428793419791
1.1526759677957281
1.3205575688140665
0.670002451687449
1.4806758619134572
0.4712109434199824
1.5095662137869592
0.43323436385736597
0.9098776030547608
0.7216230299645688
1.2426253369014497
1.1752985360163604
1.2733418926222169
0.8675996690039566
0.568611293798162
0.9845364208737178
0.7954001093290478
0.9282517051312729
1.7799772994461303
1.0431379243730525
0.22549070982115363
1.8019206987764806
0.391783040460616
1.134476762049811
0.30745274941433537
1.7371962993698233
1.370875211394229
0.41051949884592365
1.0644557710699232
1.6122124748497357
0.25389384346372457
1.417686129349448
0.6621826771588899
1.1332886047572366
0.5398445588088154
1.4764753128526642
1.1170261146771838
1.2136365738929216
0.3675827822087526
1.238509582873322
0.8028225502285076
0.3052961454457872
1.834556041471353
1.485660958754371
0.37867996732007025
1.604127893705536
0.730897124651386
0.5881624010064594
0.6476067426119778
1.1596663893183163
1.0251791173510707
1.2074631494434902
1.589761924751105
0.40581510454939246
0.7826672714819035
0.8993213677105956
0.9237589033865957
1.2570976954888327
1.1144105345295403
1.1408956815229665
0.9377813660046483
0.7252005686702726
0.5266885397519498
1.5078154015322285
1.3167786974972564
0.4133004344227204
1.0564858228279588
1.5020940334479578
0.9834122957942601
1.1068267530853397
0.7313768980754711
0.05475142481553145
2.4991616529307645
0.16796361082644384
1.0134366919961915
2.1294233702681975
0.774038250366051
0.5414220463726616
0.1710700934129551
0.9620870229838037
1.4465783923772166
1.841282362263657
0.597115113006344
0.26018269199679
1.7221068686153544
0.22265404899985297
1.0378451051205753
0.22829585404951375
2.389650677614138
0.4982744933812252
0.7043877807145422
2.422116485826434
0.45239189860452467
0.289959090371859
0.3127612766729503
2.609606061218096
0.9529206279209383
0.29085198680360763
2.004593871444727
1.277876234378438
0.1627282485198584
0.9773574839818081
0.13108683480265512
1.8668734803136344
1.80773134820864
0.6867112701467687
0.40295612657019775
0.13533994255561427
1.2204444846478293
1.2744997137770806
1.4110149563733636
0.9312443119382141
0.3859964934202747
2.0797135696153424
0.7037275504016062
0.3431309641496857
0.8821732778588836
1.472053448684876
1.3688501235308064
0.6661110432444146
1.0712670618724403
1.3731324256354547
0.37155952407795767
0.4329487162396621
2.2606680392845373
1.402372745393177
0.6098287449177399
0.34556300939148565
0.20449568458699371
1.2623880433113353
0.3895835504697297
2.368521949517876
0.3043665540834594
0.8042020459460341
2.0820788545036812
0.6968748270554133
0.45264292199051304
0.7148168876246748
1.7995113725806986
0.34364420801984236
1.2985827506769239
1.5500921563589607
0.9276117585444988
0.5041766393612018
0.24783111065957916
2.4609674728437696
1.193744579471754
0.6487972928616832
0.36868593428692814
0.4912305109287679
0.6933275118156426
1.6067571684644295
1.7259203087982689
0.6248248359015965
0.05665828937272763
3.2642399659935366
0.5349092135674308
0.015400652286248553
0.6758856797407574
1.6763127039153227
1.28758536430702
1.0910249225671542
0.8892226818459978
0.6143944537203041
0.17186609018770999
2.604247037639439
1.0410936746563066
0.5924657373383192
0.48381145992648433
0.8242601246560934
0.41691107659796683
1.7096485557752585
1.614569633829451
0.4682175813186023
0.7377348638448998
1.2123188965604395
1.7042685696399411
0.275750452526034
0.6288462913193487
1.5174117552634097
1.3608535944061897
1.017466469103447
0.8540954213000953
0.6646269135497574
0.21071586461407085
2.6575882714254995
0.884678152077401
0.5771705498917379
0.5677521346190907
0.9728333341593945
0.06822210033298128
2.200454573049293
1.6977082954509481
0.2869503350874141
0.2864712791805026
2.8507000540951433
0.21681742590733166
0.6236444646737228
1.4531899827111567
1.441778846409389
0.9337955753775276
0.820828752848202
0.6952859536299875
0.30867154985104917
2.676936117705245
0.6928337204938336
0.6195802723694216
0.5553174515153183
0.9161225376745742
0.2443791934062672
2.4404027298081057
1.4288795398449106
0.0503914879787909
0.6143025460864654
2.8073450130938205
0.17534969803103687
0.7073220351068985
1.3750859122149437
1.545604537376436
0.8183584560677855
0.783193015912001
0.7274435322162293
0.45598350079409133
2.700778088960618
0.41018467859976987
0.7118784932252746
0.4488265584572629
0.7614150807222733
0.6886535267920315
2.30049913346897
0.6392388875340514
0.3506004081126201
2.3546688585155233
0.15605790864047014
0.811553273268797
1.2674969830920553
1.6929965286581081
0.6474108430217591
0.7339792209804508
0.7709962132803101
0.6730895767860269
2.7199329272921626
0.03217373815070039
0.8358538043434482
0.24994115565208722
0.6116556975723455
1.383158455934629
2.527308902247658
0.11614815293153055
0.2539629948957194
2.637404734466547
0.1420462711520319
0.9460053049515494
1.1153281923182115
1.9034412695964251
0.3939561257095949
0.6698618847977982
0.9054655486510488
0.8937509385414514
2.259414088055905
0.6972287128753497
0.32877805205741356
0.019496870271128345
0.6073451492947882
2.323586714351368
1.313567894622825
0.05847263614681241
1.8357440250609032
0.1285692013104873
1.1152578294927347
0.9063548861717077
2.191181110309728
0.028481605868562763
0.5927730690842342
1.1154175097749859
1.2365042082863338
1.662998180443981
0.8681287867908554
0.33985170757567057
0.3578640173202317
0.027121711168814736
3.5785167250309247
0.6056561671136684
0.14657512440621615
1.846760652193846
0.1072723419633721
1.4393876834946429
0.5789705078384785
2.1374802245617963
0.48136466941737405
0.12572876971841077
1.3049302388389377
1.8837172672244746
0.9742327075559318
0.8351186966093652
0.7230847202191318
0.031087410238042068
1.0798226665041517
2.429326322106258
0.39443318114293097
0.9600900028276569
0.07775269464473919
1.907130263686852
0.26495995248783455
1.863714970059549
0.6242754521037702
0.3706534739207855
1.0146278570913716
2.5867297342257323
0.2693710554156151
0.7184552197557725
0.733071501402154
0.3106247672229203
1.800587501997055
1.5103602054440821
0.7401033058248171
0.7046640220321077
0.045854024815995216
2.4550552112822577
0.09331106561842821
1.46995414099594
0.581966716370034
0.9367375311177839
0.4556306291374661
2.5941900409924097
0.5885074740352055
0.1719667435339867
0.3929283603309043
0.6321990099406385
2.761924153434886
1.0539540838417767
0.21514923680729228
0.04976383993972824
2.8717681392867758
0.5058747818247644
0.9016339648578434
0.47307908028737145
1.6863001757464604
0.05763311462232004
2.148414047850985
0.4120396760971455
0.642699354807293
0.753915978561367
0.35789906651098247
2.6587177438441323
1.287812230582768
0.07274061738164986
0.17084793631270614
3.042779108461567
0.980857379399819
0.43004348759138145
0.31543041002929656
2.2389528602236077
0.6371455293858456
1.3604444208835622
0.15502924362942366
0.47805135715506825
1.4153226297094443
2.109273079256049
0.7791750267654992
0.13028839814256635
0.667059572091316
2.575964411958846
1.404428008804073
0.06953767747131354
0.09028469598103912
3.016453195627218
1.2924051038235085
0.4410648137908867
0.09122855299731615
0.531690103707099
1.9586223286315811
1.8168360934595218
0.472457783427192
0.2051833339634595
1.2563857996377459
2.164866484074733
1.0185059667273846
0.0520673403900708
0.7134800775230911
2.5906300473785273
1.0863969254982644
0.2333787660869891
0.3082924301942815
2.5141265819537564
1.545153411218448
0.19628653339001167
0.2994206395897668
1.9536940947771781
1.7579364790314502
0.6253394201617746
0.06255499987721683
1.640188091171702
2.06903054453125
0.5099960406303378
0.45420323349329306
0.1618570469101588
3.063353303744546
1.1663734766050569
0.05136459394536578
0.34878096618500437
2.765683143027756
1.348165136191567
0.21014447719228962
0.19818647156705557
3.622805494100625
0.1269198082410503
0.4311002273952396
0.02186168585785064
3.4920133244870835
0.4377865128841471
0.27397388759851277
0.1485479754101965
3.428918587412264
0.893086499213869
0.06098589546456654
0.27252537635631463
3.6018934710036423
0.774403674371026
0.10754789820002607
0.21624510748137973
3.827130294771336
0.3573441351820858
0.23127515588287811
0.08686811257713957
3.9464309882457114
0.3645176848822617
0.004190942256250851
3.0537778178231343
1.133980088763371
0.2308159885476679
0.06661747610884834
3.4157937708765296
0.9493057958229721
0.13912763179395007
0.11209463206103815
3.5822020275052626
0.5259651405032304
0.17496746257621387
2.3242640556469563
1.1950026403399647
0.4578095098184812
0.2164301176482311
2.564553225595025
0.6743475410983352
0.3639868322931232
2.459884467841745
0.6706595459274817
0.3760996112122251
1.6675243792734402
1.2383434033594767
0.6783168642410933
0.4866092613124668
1.7896304532540088
0.8266484000040664
0.5580733243906547
1.9502766818522521
0.8529538319827192
0.6031847089315003
1.0479871981526472
1.0466269288795842
0.7732544527886263
1.4915092048905911
0.8619662744735285
0.6963089952248301
1.502461177405032
1.0598781539531619
0.8604944499507581
0.467008095993099
1.2223706628130226
1.0047180490998937
1.141306954194106
0.9975089348673025
0.8824914172933657
1.1220001777151667
1.0063341893743953
0.8603267942961884
1.1346237026562378
1.0345559848619041
0.8237142098918329
1.1430196401930945
1.0783276371148613
0.8377249642314519
1.1729576202714125
0.6448447997679769
1.268399357918398
1.221335292594094
0.4903560891870997
1.0212637745138242
1.6654319413741436
1.0725728497532887
0.32968682227168666
1.411977200532877
1.4179567919799079
0.2654192852940008
1.118620210434815
1.6649487894422075
1.1894548052200256
0.1276955969577287
1.1777302232600355
1.2615214282886695
0.9995045114976843
1.2334167339628175
1.2325441862003552
0.07385567250030653
1.193310477835308
1.1988500339572354
1.114235993610485
0.9250076326248475
0.9356553376353651
1.1058542468300896
0.897751341090442
1.2057300186200202
0.8533836593625063
0.8757150265475592
1.0375362771459422
0.7148650220720286
1.6652140957212258
0.6973269219350343
0.9279751373008037
0.662926379387919
1.5012804135824553
0.4721036632872843
1.3513035264075455
1.374998157564828
0.3437506404203229
1.0750599563790786
