0.537129743571789
0.542794636606174
1.9694307735900405
0.753139007938928
0.7036547148962681
0.9164761729175145
1.370653669931464
0.9017499328932591
0.9029904730056271
1.1328643213688987
1.1442463991433116
0.4766383051438181
1.125728080075863
1.1250827993059516
1.1495075417580574
1.2535830481414065
0.5193023444978279
0.9975951232212683
0.49911472993618344
1.2455856287135203
1.3866534882229273
1.2511480370209234
0.40402168389358956
1.2293433386737096
0.5871993283585227
1.2516180318292627
0.3788322506008108
1.5737642173194806
1.537505700186873
0.26694636720261666
1.382622385052364
0.4354363669553738
1.429653200652438
0.4265980651149602
1.3929190421957651
0.36064385582263986
1.6636924272316287
0.14444240955393964
1.5554457304790357
0.2511944003654697
1.521217087283134
0.2808770830272349
1.5224735161418392
0.2623145544084942
2.2969512730198494
0.0681046409367554
0.12437546827064808
2.398894061327882
0.027782328148275047
1.6452668762374871
0.10413035108676517
1.6815921253260981
0.1176803136131743
2.051102365322836
0.37134612604617345
0.07692156757357817
3.83944440108007
0.23649252728519216
0.008929853886591394
2.2918081054624597
0.10839073752021564
1.8366412205543436
0.052772570892226936
1.6771562558727124
0.8673759072382753
0.06013583015363328
2.82151261750178
0.5640779268463915
0.11718882919743381
3.142900295211402
0.3674790433954226
0.216021763958234
2.5490851243497916
0.25911930602836175
1.1997355762862032
1.3581809117794137
0.22360740059652084
1.8712285160135604
0.9549574384179375
0.2480298832227692
2.2580232063863988
0.678733437854255
0.3216853011530972
2.4471415674015624
0.7610677058070963
0.475630776051555
0.27879450195883826
2.217791502126327
0.46151034751543746
1.0810173634284634
1.4281918002334426
0.4057470816483759
1.4915445385689972
1.054909994869623
0.45285197069637967
2.0152255823540273
1.1162195186265778
0.05361670841237437
0.7695853126656921
2.3848293364282895
0.9503210700125013
0.5337921899803342
0.29013803467287774
2.090021658411771
0.6578304280792403
0.862619843310901
1.5110134217002635
0.7123722640708673
1.3211178860646906
0.4499546856465952
0.9593650391134585
0.890025885306662
1.7115146089950124
1.0350951022199624
0.20812730096644622
1.0257578139013555
1.8940750360902143
1.0846516177312895
0.3633283822327065
0.8216706535593308
1.7548191739864285
1.214411138643614
0.6152554393031464
0.19253672758793627
1.9415931766443975
1.1250002404482213
0.9806513796557328
0.4367188481647314
1.1426834766267662
1.1678971970960748
1.2456627476093842
0.9557993763482582
0.40429875330318193
1.446530912055119
1.4355974047326374
0.7791920890227879
0.8344182518632923
0.19361153300220224
1.4984617874536255
1.2743224521399816
1.4969430321339305
0.38385362697091724
0.15496892965405232
2.1863270538948893
1.407667041545724
0.6409545085678693
0.41824898770796587
1.5435999138148562
1.7978987534282724
0.3309828495616851
0.6748409475174065
1.1946325379573919
0.6976653756844043
1.765950834894589
0.8631658341638971
0.789814261367202
0.9524203054792538
0.15248186529471458
1.8846890805000844
0.7115417326274743
1.8384367191665059
0.07667639131995721
0.17432626485657365
2.7167410494008455
0.28946127782574627
1.4802408126192188
0.47331325856918277
0.4218283207531534
1.834180892964977
2.015035379739854
0.11594283219038538
0.49698009835430595
1.1134783319171382
0.9725805139094453
2.0931015952433922
0.32481494965893587
0.749440555434993
1.2885778618529649
0.5264371223260951
1.27475548326542
1.542800799189515
0.10326676775614972
2.4091534073675476
0.17611597772960097
0.15529763362670665
2.527322599106542
0.21440657514640285
1.8734451342508758
0.0430231274247962
0.38721633572512126
2.0372355749961737
1.817441150942351
0.5331537630176441
0.09883071274250375
1.6954861760819282
0.09032480655956432
1.2312252439389317
2.7551848785973716
0.23120693438970855
0.43925066498807624
1.3681080682019484
0.9418802528328313
0.8197292746813105
1.6638069049670992
0.6103099369707232
1.4204440522373434
0.19108337391234284
0.6653950378015514
2.733966813507625
0.10010987306777008
1.0930069976211831
1.6964249590540388
0.5490270293791275
0.026786207049260123
2.239859654134887
1.577083655959227
0.542927587656045
0.9138812960322267
0.6198926984903075
0.21564592587700943
1.473943254547446
2.358213055731197
0.5851418231211194
0.24879873577569867
0.9549385283045001
2.1222166016083026
0.5458056068859392
0.4550720814369065
1.7706373602204888
1.657095648210934
0.4745038718022918
0.21867116729589411
1.3899271914007432
2.2858505650403664
0.04841578569231616
1.2545098227928069
1.2731051992719107
0.509488826125045
0.560150339010416
1.9397210208179063
1.2638984379993383
0.6326306861529675
1.4070878033345466
0.18809786819636826
0.3920209226515497
0.16879360472673072
1.8092922528998319
1.9547697254894765
0.4973904588709951
0.8349903391839897
0.19100856368535973
2.476014550441974
0.09634880559691138
0.5768012883581171
1.8214317730941714
1.8854421137143167
0.2816447150032776
0.1877334058266539
1.906311329639177
2.377733474312107
0.17957082828560428
0.11855792130863273
2.205093625740919
0.9358393687252478
0.47615574529256854
1.1492463594323123
1.6374834638854288
1.003891199422728
0.7719001665949635
1.3905443241522624
0.0360934181153407
0.8266604861053303
0.41894305410361543
1.6314767450455576
1.8272293976148697
0.3903947373055493
1.0942844034219006
0.8981122375902927
0.5448456800724811
1.8252671174800266
0.5212360939392688
0.470653037803563
1.8312050309239314
1.4407065761258817
0.3127316874424859
1.075689698903411
1.3954608652465217
1.5265841007621184
0.3707332852888682
0.317230981393431
2.07739601522077
0.6431777008759526
0.4406674480325146
2.1258403008359577
1.5604503394225457
0.07119086689630268
0.9851568602461979
1.52030993588886
1.340357121320142
0.13014241926449516
0.9416529287327552
0.9865262697303924
1.313228826140288
1.625680813685656
0.28248070597789393
1.0143908615709687
1.1347173180823789
1.4154701078416554
0.30298935151720585
1.1725986637350452
0.18466096967988455
1.8166742653650467
1.6711341121430643
0.40223448846438287
0.2589746363350772
2.3706454663556644
1.0177606983901022
0.7546915585021206
0.6629205598064377
0.6556101719434202
1.9126246404795546
0.4024936901914617
0.41919920083799794
2.8225072159709406
1.0658049890654018
0.14830608816732485
0.7523877259489039
1.8120331724577894
1.2185536715575298
0.18127235742002046
1.3524395237771447
1.940817421443084
0.14658957094993522
1.206792806014363
1.9287234358910514
0.1251943577948367
1.1063280129859754
1.112484536683348
1.3857608684883054
1.015210261525128
0.6730613768525352
0.2648410314038353
1.9219224764770027
1.37432416214616
0.4268248362658418
0.31432442698763996
3.469078412946069
0.4749457467253831
0.05881874542289802
1.5340174030277391
1.366893137995618
0.3850090142239782
1.7503889801142432
0.2272108044886772
0.42741504548740217
3.446761546171477
0.4438648590395191
0.3929405386118422
0.2005469924635639
2.119857066653971
1.1184722649047163
0.23146060626226186
1.330932123749966
1.5094095420367917
0.9467269882450886
0.791846994149297
1.3525963208304381
0.23424806570423287
1.5730697232242379
0.525888091811505
0.7008608286955562
1.4975306966866682
1.934337698980219
0.24483498231832942
0.495102980200924
1.806826920282714
1.0138635016378317
0.5256283179555925
0.33928060134482385
3.2390099871234916
0.8525025012022929
0.006464936592201489
0.17856661797999684
1.7601433337556673
0.523175984547477
1.9610012418977638
0.10147728556389658
0.4201467430457379
2.1137361490494704
2.0536283586770767
0.24135257943238747
0.23611194217666798
0.7630953617222141
1.9699654411994068
0.9183630219680047
0.2814292864003932
1.3152204637652931
1.1528694006845723
1.82216892610126
0.33170515782294396
0.5852694181760215
0.9496100675061029
1.5294578306438482
0.1884167473751324
1.0824729293829312
1.4111589600129835
1.412032125675363
0.5075228717020015
1.443392096875509
0.11530131974688872
1.1495869375715266
0.6988854149829578
0.7010797943266608
0.3815160813661063
2.7230420326204454
0.876291616340563
0.544417384276324
0.430869623282573
1.0074345177882416
0.30601964767861023
1.8566630164856857
0.32267577782402534
0.3270928767326603
1.6213013468794328
2.523368531163139
0.26359536808301004
0.3914548457811829
1.1752128967336315
0.43770009511824054
1.4816922314073824
0.898540652717782
0.31683013941160104
1.3652867324850333
0.8629005139174138
2.3259335182886005
0.19987714802024772
0.21716798645806076
1.3178063814333194
1.0534389087256564
0.3108635200237483
1.583283010295132
1.2447239188443002
0.5422048276285935
1.4687660793107844
1.8848542972285658
0.26815943400137954
0.5474601482774517
0.1475926835599182
0.1992630281075418
0.7682235606676259
0.4157006538499726
2.696515888383473
0.871451128667645
0.41554516438737676
1.7359897437295522
0.33114112693846603
0.5561328379505066
1.9818832680545482
0.3621614493724319
0.10750327919603068
1.0543737334624563
3.0227193046662917
0.5153254633306714
0.14708007385744196
2.7848750414133017
0.6048085360413806
0.11752081944089578
2.0545779838382616
0.41623927187347276
0.21548146179214137
1.6076742247881772
0.6541209946935396
2.136965375777764
0.9356199795352536
0.03161608966112268
0.7249366041101147
1.0516327139372614
0.2817364490193521
1.9284716871396956
0.7139601619836817
0.5389268520120374
2.3468838989361056
0.23652928445505722
1.3385853396960758
0.9166209150764123
0.46714567861634104
1.356382662330559
0.96970991043871
0.021277558973879812
1.058309847455887
2.2079267998090293
0.9396455668605347
0.4495654790803446
1.885242438028574
0.6845979266870168
0.6673299943389039
0.6125488387209176
0.13813120026134282
0.2317755919665435
1.1632146735879274
1.2889639824674866
1.9116475545966907
0.18565182628947044
1.0765859974159466
1.4903999324140547
0.6999049393247622
1.001362091433364
0.20548097250914668
0.3396231370870816
3.359032575119089
0.0780393992759705
0.5520639436901853
2.751310509666505
0.07650298908955828
1.465948932184332
1.1227620502558642
0.1751279494140168
0.4367909260750058
1.6435682860617105
0.2912387325664468
1.2648888232284545
0.7014946495521507
1.7212785883561927
1.2466047234352648
0.5470589133029191
0.715666894971991
1.4808728897163934
0.468379056112825
0.147315070152425
1.8546076562818752
2.3082935319848015
0.07113280298567481
0.7437021950206961
1.3195631673223076
0.7601848195026106
1.5781292931925317
1.2638831080528736
0.6024075676495484
0.39750680344860606
0.46287321242711715
0.42748900551445324
2.0295812853019473
1.1994753143009147
0.7859065921362551
0.39145275608993557
2.399015176700774
1.073537944774537
0.04229901252839981
0.3383279610087856
0.6007776195604251
1.9511696653379216
1.3627786779734035
0.42053613411761526
0.6909215888894831
1.829608040805166
1.2059088323824818
0.24497783694720074
1.8074932988523822
1.2252903221669518
0.6868718010537772
0.12237871191380698
1.183432539062491
1.2731597961036902
0.294149267473693
1.8889268505966286
0.9553770099445565
0.8972113577476989
1.5487087285716783
0.1356350388842425
1.3355041319776657
0.07552933129880966
0.6329578312903716
0.6129948303052751
2.674382659266121
0.24896006253717692
0.7811333987621317
1.8868696516885055
0.5483644931092111
0.7543110089953242
1.1495744166952757
1.793834425703191
0.5265555640835339
0.550602375001097
0.7313947589984314
0.7295627108062052
2.9812863756053085
0.0640001890005939
0.5126778111586153
0.4948785313808355
0.7094521844606709
2.430028409360427
0.9807108012395392
0.2974333512980189
1.1984110777645636
0.8805696421295445
1.5557404815081572
0.6896059507061012
0.33607257571577376
0.7830972565639482
2.6104311927576984
0.604850833318265
0.5005705374983517
1.542952648984575
1.4189883182284868
0.28908767831194265
0.9136742553002014
1.2836526591148731
0.5303325279014353
0.8265270459039281
1.1244225252077888
2.281411119570373
0.09525636873675947
0.7430995751776337
2.45623494807645
0.17894247708768915
0.8204709616507373
0.5895639113180178
2.0130755203406983
0.1890208195487992
1.322091723805434
0.7986973502620213
1.2642170866436806
0.35019190715319376
1.1207017573865854
1.9768381686386
0.33402105576366603
1.1465519627640472
1.1863789516399965
0.5608939805081588
0.9502391838780431
1.0664958911740758
1.1382133713065066
1.4650844498245923
0.5233148317656183
1.036923436140153
1.0014724394968788
1.002192640903557
1.379385194141708
0.18488799270822978
1.1646386555905663
0.8116206717100127
1.6657958015945902
0.9261672266868662
0.671447492203794
1.1548216081932334
0.8921194783667242
0.16082835622497063
1.9010468098069193
1.2992741348035683
0.9171031444542845
0.4969130434004831
1.7407485325658827
0.6141583305969559
0.1109345609335374
2.949347226293883
0.4866872571259957
0.2937603974362926
0.6136718540924931
2.349522980544813
1.196975102548632
0.43698612321226166
0.5422625045884202
2.428849117119165
0.09337384767120782
1.1222082148964696
1.00003063486154
0.07426278012829719
3.011725916201134
0.18214637047214655
0.47334114203725175
1.3399763087863505
1.6545681505154524
0.9701329705160159
0.3358441354955184
1.0995430237696258
0.9349420591468635
1.6330123356724824
0.6265256799496691
1.1024059375722322
0.8219033919958467
0.4865758563148066
1.194799551103759
2.0928755587434904
0.40612629844180437
0.4920985773266654
0.894516986679734
2.9895432435758718
0.3156958155239582
0.039020048915216245
1.6170642323382434
1.0272017828714395
0.38909379487885465
2.5951178287692387
0.059005811037437544
0.9734907738947589
0.8771117876726479
0.7715138003753627
2.169200361531148
0.3028430352798887
0.335501478777561
2.461397285031848
1.098951139798382
0.3886583288270045
1.2221115600611405
0.7454679360330181
1.6833147855018293
0.4487203227755669
1.1240007198202946
0.38052448020480784
0.6725322937562387
1.500168501456033
2.054000513283533
0.4686612311630127
0.04349139052635067
2.5410701478182474
1.1907406339253366
0.14350088731998245
1.731081677018971
1.3319025948542071
0.08756299406333948
1.5856890745586463
1.945970433215559
0.49536471012161315
0.31182919145501653
1.508986497540058
0.7778921256195872
1.6163688963338285
0.6820726975960677
0.7912136120677276
1.4081567325144748
0.5552138103903251
0.672159899442813
2.46020214142711
0.14808814367868947
1.0113134889314324
0.6921302681779724
1.2216802418541388
1.2854602979156478
1.0383083257255639
0.20820651387687422
0.9918781419983507
1.9246776999348332
0.9184372397291743
0.8859945626362521
1.2379295100455592
0.025410611319180702
1.1106966567358187
2.323741878019212
0.8591728532551809
0.13478456206867181
1.1880092885821736
1.213259020882126
1.2149618721234714
1.155740165385548
0.6654713392405291
0.4192628205795213
1.9029211038488005
0.5732633177393691
1.15868546927978
1.0899613160532244
0.5699321268766435
1.3199883663601855
1.8097753917492188
0.670173708921851
0.2044794388928824
0.6669788040959889
2.2676655691045604
0.6829291408656987
0.8016796534109705
0.7370810629058255
1.8546040411877747
1.149574366377357
0.1726486160729323
0.5146850319232562
3.0893979034796306
0.5726073176432406
0.29864976986681224
0.6764055034655543
2.2749276486809675
0.8078407403467727
0.643487987064174
0.772380177379966
2.36630646998934
0.09088137618880625
0.46534541915993355
2.38080526827159
1.2715459085049787
0.6315733815123362
0.032837864830100344
0.7289260453537691
2.7830108658506503
0.8316064428233687
0.3882887196972178
1.0547491949960976
1.3323417500975216
0.7101032624978044
0.9303761882471531
1.4901082657911777
0.5817149479592391
1.1514873967363333
1.0761807021376066
0.4436471151609123
1.7750583554246575
0.2689554165614598
1.6687817141846584
0.45573662864552694
1.150420524627885
1.2969288780020383
0.48951075654310267
1.1219421433120946
0.5759537826925426
0.9034879708146937
1.8654728425669937
1.2090763366496942
0.7121610482271645
0.21093326523589537
0.41474644944488603
1.2643116397747762
1.1914745353694958
1.7633378406074514
0.06123962521059857
0.781150103646031
3.2103150466030472
0.13100466744444886
0.7897855924606563
0.435423105002201
0.09730801294079287
1.6035708945747706
0.9001189979789223
1.591387732606245
1.139842255000823
0.10475372798761179
1.5557444883884062
0.06116951109479683
1.5932619842650837
0.9750576174768687
1.0456803994763997
0.6025598959245777
0.8172497987703468
1.528518990495996
1.4997088815012416
0.6373520925107613
0.6034531232154322
0.3635847277553383
2.0885122450745492
1.0783938759757075
1.0311304563154011
0.04366706934222263
0.7974554612752165
2.3013509751919026
0.7741353127608851
0.7338085095435125
1.0511698644177998
0.42833075335265486
1.1730623999307812
1.614639651784369
0.9907322137372518
0.6499147870533859
1.6266650768085122
0.7369609925806041
0.3400552426582848
0.5147352756934849
1.0702566993634486
2.644653315896664
0.11037545496712914
0.625776728544228
2.3157124787988455
0.36242314127326497
1.1759210554855795
1.4272282957760274
0.9080592368698199
0.039411658500528336
0.1387366040440386
1.8054251499117915
2.152300861638899
0.6007336248918412
0.36741747830921895
1.932051269565462
0.47599821788691044
0.331086844295645
1.8008897414810807
1.6598491068066457
0.13129377339134657
1.127129050302136
0.9611369941310165
1.2972955025665718
1.5450319737688334
0.6916434840764374
0.17657291583701396
1.2560343337943651
1.3665181116309952
0.5946251428998345
2.1669647002664076
0.23008210919578856
0.20365218205190638
3.1528206001608328
0.2295391561759775
0.8181053740011085
1.0018411225300399
1.011762608389946
1.17351360959709
0.6394692818088028
1.3383486038271457
0.991967057359361
1.08710104436832
0.969006615358049
0.35461600598142534
0.929691433387706
2.8785865670080675
0.3992893160402936
0.2983902078987501
0.3933418066630528
0.9612853087879719
2.0757273496448576
0.9165423152989316
1.150389174250613
0.042372977332410404
0.18593993331430514
0.823633734501998
1.9315460878224946
0.7994355995517056
1.3923234870036987
1.1409047398487149
0.06877067456762667
0.6880400283035129
0.6384743914471704
1.6148555928311805
0.11117841523484909
2.0126295192796597
0.24514785194367225
1.0258169743143786
1.8110595916692678
1.036343310435914
0.3917905565999124
1.1794804832501933
1.2379658918360226
0.33793350329432187
1.1010071606592238
2.4977106334066144
0.14536955507624397
0.5685288450584467
0.6863572637605821
2.3519389408583398
0.848735482946582
0.38100168313437266
1.6164979531536805
0.422490566841721
0.7456290257797676
0.5773681195152132
1.6511854666703074
1.2183110132401038
0.631533693596467
1.7057988529517347
1.1793362136580903
0.030864503028341355
0.2604822037139534
4.058844762704687
0.4215070059876494
0.09325580101225506
0.5275587810654804
0.9402531565430171
1.371552132741406
0.2284826299733254
2.7523896011752007
0.4563311486997844
0.3386505935942845
0.27495684966998485
0.7713967844254651
1.7905159816433742
0.7371495521875172
1.207711260663029
0.35753079971511437
1.7164251060788889
1.1802924972675846
0.43319721512471043
1.6564118480119507
0.16881306184792697
1.6989469905272203
0.910264681732255
0.10303583219760627
0.9512461683303511
1.412336081126768
2.0005884230680415
0.35268808449566386
0.523875714511864
1.6991131984719918
0.050498527794303985
1.7025589714683604
1.213761781557241
0.5375242340189818
0.26372092240102263
3.0853289469530494
0.36561517554139245
0.6766380033876115
0.9276203778955352
0.5906380820379079
0.7109024412121834
0.43984303246337464
3.01427610559362
0.5953154669606566
0.08505744165966488
1.7628854261565194
0.7284051034959912
1.1722832212135066
0.32910117765605906
2.3373388670269417
0.8906389100171792
0.0444122359914218
1.747046195924503
0.8872833893061078
0.16516846355657983
1.6510100069287519
2.161354153117209
0.21338975947073885
1.2369502952233613
0.020838704760738538
0.558392227398984
1.4456093330635795
1.5698528122306175
0.45672834481045643
1.5156647892054913
0.15132809422911284
1.8578318522511217
0.22805731334945756
0.831077846102889
2.044492298617259
0.29824920622243406
1.288482501260637
0.8926987023713487
1.0130921293922648
0.6898993024964354
1.0924562938999993
1.1180755644058606
1.302565662131875
0.5519659038689023
1.4244557426387345
1.3021785458140496
0.04370995616440299
1.104450316911761
0.3914925793030928
1.4488951756524218
1.7405437605367606
0.6106101159497217
1.394844228261243
0.08991470051592201
0.5051224228064676
0.3419014262475055
1.751944072961
1.3884877854320155
0.5842019402919176
0.8331299927874483
1.5792620416460317
1.7026100434173603
0.30990131730745957
0.12286927173841945
1.274215042565213
2.3968389054155135
0.18045754774599285
0.7514341308188148
0.5583744928900493
1.0017716103021508
2.110555599906489
0.7312713900390383
1.0110776315361687
0.07833637115917709
1.8161548788979256
0.10402912441911355
0.2546557990673163
1.6199153235596744
0.6374596805899487
0.9178374390429572
2.142133404292977
0.44401023612125745
0.8744376277018407
1.492732924287548
0.5795112442776795
0.9885213341526988
1.0717978415119562
1.2423011715583918
0.4351581390434003
1.950089900456025
0.13679147814334658
0.5086466254246431
2.8011534047330997
1.1105584481323303
0.13298033376551918
0.7947058764278353
1.874652080718522
0.23625284222978715
1.8335112725048757
0.3499505466418743
0.7957488013863283
1.143235069659947
1.339756016569363
0.36427683585901754
2.4465821296242036
0.05830786202414675
0.307467470879414
2.047935525041995
0.5979122137566669
1.3261986759196196
1.2275512061509264
0.40713706220498525
1.337834875538384
0.759803321181725
1.413280096984899
0.3166914717089504
1.5434509459329644
0.2827280087647183
1.589699543201066
0.7814772994713414
0.09458420540798726
2.7757208961414293
0.5245909722666318
0.9648645589515226
0.2956496100722723
0.8698141234878508
0.8927622306505619
0.8013277525656882
0.46278942051759203
2.6513240169375236
0.5619831594188537
0.2683702309841146
2.1172903129333753
0.5376644506912021
1.4138807135589182
0.8718642612533831
0.49569758223238025
0.8299940334458048
1.127844985616403
0.5597419880142825
0.9008538263706937
2.012821613712818
0.225225805914586
1.2923501819535972
1.777825650281487
0.8176535041276637
0.22542838441700558
0.868300558013826
0.8570544518688095
1.9841130614308176
0.6583264070419423
0.030854559470204233
1.0792695457121848
1.9886636984470156
0.7593141949303435
1.1572182636885244
1.314183392549846
0.408489977522706
0.3252196007020396
0.4346230116692137
2.356763367916227
0.38157249478709016
1.3708540951640038
0.8802479849755572
0.8929225185527293
0.44194132132581176
2.1377752901577805
0.22557834653197845
0.6631460205948722
0.7265753561888493
1.993591572105356
0.9358383633235579
0.6708610005062144
1.126274534155515
0.36571172014264575
1.3676983254652075
1.472739579944635
0.6816754252538212
1.1774859976648615
0.19276771152270775
1.3438602941860947
1.69627306094455
1.1293807434612844
0.09299780327377066
1.2094284503187143
1.2116349880284512
0.9161380484638486
1.3520868461712037
0.9259107792263831
0.3007093984034287
2.122325927836468
0.4538619450575284
0.6869907421824173
2.371283443154434
0.12074326733248812
0.9315860350284315
2.5334628785909272
0.12343998092216656
0.7437405857924675
2.162916121265019
0.0048796728881826245
0.9210599465463981
2.354724642166335
0.08406552489198875
1.2490241963809685
1.4155930336197304
1.029708204292667
0.9543852892629214
0.4270496154521154
1.4624414674839763
0.8392732769517826
0.5997299348097468
0.30226169547498655
1.1436623404657849
2.785838268542441
0.2258734516859239
0.7342676594414398
1.1017710265846419
0.7351862456763587
0.9915802255444713
0.8585257419473169
0.4324235940475587
0.5370283422903671
1.9816906101499396
1.3530521561281201
0.8135419085208038
0.6185657731579111
0.03915849052558043
1.6771931301029313
1.398364613673184
1.4418800895118777
0.06406854968819782
1.0769061960638124
1.932680812564933
0.5199173806132888
0.32087209216100465
0.5071677802759829
1.2928423262176727
2.1676481805294094
0.6644378614515493
0.6583825985134065
1.2309805161537184
0.7104399635149914
0.6038722056920882
0.03742158550555938
1.5636268807138127
0.6094074374832925
1.1135782431776762
0.39095847982047244
1.6745705087440166
0.6986425568008328
1.7102218434187813
0.9810136413009539
0.04876757923322426
0.5508704906758171
1.9354089733956392
1.2681549091588755
0.8459439512600629
0.609288794429033
0.7114640449568974
1.292504482005058
1.5881261009076357
0.25069880751878476
1.61671027671876
0.9011110563065331
0.5377168084911685
1.0714769509533653
1.6208987515128184
1.1420571213315651
0.613214304165635
0.46823474429081136
1.5382881920264522
1.3355249751469285
0.3020644892862223
1.6601498473276348
0.5939154012134534
0.4799509943432246
1.0526052926166023
2.784682682774238
0.30358879633281477
0.36589101490537845
0.816789237680177
0.5719509445458553
1.973353136552093
0.19498569945024144
1.0873856852427803
0.842488394129335
1.8046049740101053
1.055985990254525
0.34359124593429885
0.18241827373986186
2.3966534282347656
0.8758109692870505
0.9085225425923167
1.0268809776270003
1.1041674707695404
0.9012108300026809
0.07622886175986493
1.6393387058645155
0.9535262652885341
0.7659541020520632
1.1901799866639795
1.2540667352299204
1.714113632333559
0.06585013100265504
0.2749203252500792
1.9109750471678475
1.414065976239188
0.006148691025452948
2.110822780608037
1.077879939424841
0.5923265918495708
0.6915828913637405
0.2987523819500852
2.477048930249497
1.1660804050922817
0.4146452231766441
0.6733720849527185
1.2821969297334177
1.2117788122108795
0.70214646323949
0.6174326670797992
1.9979890562355733
1.5521265122332792
0.019631728833742618
0.8429811164839454
0.16407320210515947
0.9884752164734418
3.182621369249043
0.4380772600827651
0.1132166805628864
0.2525052502547159
1.7089561798220478
1.9767961401220246
0.602638489171719
0.5691349410011177
0.9395604599934781
1.1596930178647942
1.2024560134167763
1.333853844646006
0.33196203572552
0.9156196391479284
0.6909033648008589
2.503573525369234
0.08836683801676797
0.5237430392506066
1.3770036887039911
1.2014934912581217
0.7943560693099275
1.2712739476067485
0.9482712851700966
1.4398394494796922
0.6051909989504105
0.11538098825754954
2.432302944785816
1.7294413968997677
0.022215874497464226
0.1425218617304881
3.8770715689131183
0.6723742467643171
0.15310108846300502
0.9673831305076434
1.1227792425434107
0.411717685017077
2.085757969493146
1.0294493803027236
0.7012603315820937
0.5946464985634464
0.6884655334705725
1.3197503280140133
1.1677258719763106
0.8781851699436742
0.7975450983034054
1.2021840614776043
1.5560704852588803
1.0033610436222467
0.2122884665970068
0.5248685313040081
1.3923138098729113
2.4777025427858725
0.3157068525097681
0.3150416375743887
0.3783643056333911
1.4657443028884203
1.4080987564924075
1.4747976371533427
0.10986097394151886
0.5717786998503684
2.1814678337433984
0.5377552897195327
1.6082864262492311
0.7644470170595261
0.09034880781249614
1.0267387799082408
1.4761791550263987
1.2885812617733798
1.3229651014810293
0.30859879933200013
0.335320173626511
2.2937119667317614
0.3715504782366834
0.8322367650734612
1.3645225591682888
1.063344581987597
1.241360234981223
0.31833853932167533
1.537981424432159
1.552225844396504
0.5833960513847654
0.43693327167833446
0.44109724955161683
2.135315589446946
0.7568549907200978
0.7805150654973809
0.06957873181872717
2.7328574646923047
1.4777618320057229
0.027280213337453493
0.6757379349770516
0.7145494915291688
0.18057710931742546
1.7555320048461687
2.3694620382791065
0.3265369854724216
0.34976798862331476
1.5022989006083292
0.3761522372444504
1.3286896086424862
1.208445760117924
1.1067223079660338
0.5005998044476908
1.9385144274350203
0.4223113091834097
0.26813877536402864
2.936979026795054
0.5264021554978122
0.37656955656730945
0.7628078219688097
2.3653338257938574
0.36162826220578087
1.1730322122623313
0.20071132058373842
1.3801455957672197
1.2218269520317473
0.6452708716499861
1.0434736408736167
0.7517484271177676
1.3720362563888078
1.2787294296114906
1.0236557943429205
0.1336747228789319
1.1891348758988358
1.4559534087419257
1.5612897932160252
0.08888530417098094
1.1736342612541608
1.4694900876205574
0.1363386818307493
1.424823291129576
1.933895797256722
0.9362734269949982
0.18794113862825967
0.7840429811366674
1.8127926023063128
1.3647315473096002
0.4212622999929792
0.5632173356545992
1.3435335531250678
0.13939729838404713
2.00734619404982
0.40868978662151373
1.5684956846162645
0.2973260966738316
0.753653002746854
1.960480615726058
1.0869105583255259
0.05263964359653818
1.589222484712493
0.7274096511808019
1.3706127062331825
1.1940969181801349
0.9322977675210887
0.32472344594712926
1.3530045474189683
0.8053225544703262
0.2791405749796693
1.8824632239444594
1.7143337432311603
0.6710016560780111
0.26294354678884296
1.0922717244179265
0.35410613417577297
2.1280451215787517
0.2820048588021442
1.21858365143452
1.34042241281516
1.1663450262939667
0.15180698333429082
0.8077323461593824
1.340649698779638
1.2164527479723066
0.54820988608404
1.2112722755134828
0.5800558742480063
0.9468218348518028
1.3030438219730125
2.0810483261859614
0.29392288869276006
0.24603795851180738
0.18961363497583167
2.1612446668542806
0.5147946914708332
0.9563211507236297
2.2476874625146017
0.28550639579297843
0.6416919816491948
0.18027238358815106
2.4349963796538
0.5604885289928166
1.1586541875860839
1.0628874235607895
0.10459642173321197
1.375484076364045
1.292203836328542
0.907477727957742
1.6021188385411063
0.46038077523135995
0.8363176396289677
0.6647107638800801
0.32985271603016925
2.920386916735194
0.7267982140314194
0.001867292944281631
2.0964252022084366
0.47177308253421396
0.9790911564461976
1.1846650027653047
1.2331303053121891
0.717900230395738
1.3467316040802093
0.4242267252696549
0.9223830442636423
1.7359660851800576
0.4686510049459899
1.2818962637859455
0.8789092108317289
0.8680108407651826
1.3877293138089166
0.8122694246738152
1.200954307584525
1.012447222529913
0.215309070370319
1.5209998723126343
1.7240013270111842
0.3509286779431295
1.3278163463337818
0.9243896384767951
1.001494897747502
0.2833666949160168
0.9015923693555222
1.8076720480407724
1.1173181289106606
0.6143686245282471
1.6214403632056222
0.8373670863365115
0.31962129754197177
0.19624364651313922
0.8282668263393613
1.7629267361260688
1.2167947394618797
0.7043671292070275
1.2687776310990673
0.3301442382680113
1.4859726284636798
0.5720129189433801
1.6049107919179808
0.2332676049138814
0.501830850865125
2.1712337420899686
1.7377318541883477
0.2993808410992973
0.22852735948085232
1.6290652967579518
1.5520440809015388
0.3643983027364453
1.3291520725112973
1.6109035369867533
0.34490346176696524
0.6669442296100353
1.737121519466478
1.6943981794126024
0.32515946040861726
0.48835810326874113
0.8457637692864772
1.1924385588919801
1.833920747152399
0.5836592422350018
0.8685312335243454
1.1398152517972102
0.4120668357546575
1.5095744555717374
1.497682591118502
0.42668468643183594
0.9400077664185911
1.489924574916889
1.0947519762365225
0.028221517150404028
1.859240728470817
1.1861708879026571
0.13188473560420008
1.8982302306766572
2.0496176972196607
0.08321130870568592
0.5954433272484176
1.5795847051840743
1.3101945725951407
0.8189823916748559
0.32323460285592515
1.8472652666819631
1.2496776323261687
0.4829424715832028
0.74582381833077
1.0652192241803877
2.1707154244722755
0.2755680881768325
0.5212497055373194
1.6714512557489436
1.3329445536619444
1.1958763598533877
0.1446615189896084
0.8666357872790803
1.3885732802008528
0.8433157914272811
0.5160830967913631
2.567218796805097
0.1898093178397269
0.7502940557993879
1.407469026633038
0.3326541323539237
1.9751662778395673
1.1410155751986424
0.39348053153516005
0.6753251951234011
1.080148109594148
1.0215588153665442
0.6812873352365697
1.3260337596037488
1.1312196909341234
1.4762831471743332
0.43442156219138695
0.5085007663427175
0.9793009987722375
1.6439493439542856
1.295320235528216
0.2449734360495569
1.0824363774932115
1.6684328136648725
1.0950970962235356
0.5371623166861492
0.7042077946358712
1.420422461738937
0.341598660479376
2.344545008598713
0.42035964224658195
0.41899180647411294
0.7288057425246027
1.8289349938136419
1.0548031658151376
1.099054719159007
0.7077024540745406
0.32578581262555434
1.0001168203643516
2.16746969152367
0.5127928811994773
0.6987192224195069
0.711949767081491
1.6617291850385432
1.1624023932653134
0.05688234237108595
1.8744928435906776
0.9594149583392332
1.0113015457463854
0.2201074544215335
1.293167874163254
2.135896605530709
0.5153144647356216
0.40104246131126026
1.9056106593304711
0.7044761072432838
1.1058814012402784
1.2348426796061822
0.40884709723615476
0.811848568843975
1.8146464857022975
0.7827956746056051
1.1714750366893196
0.8983157961137331
0.374713005955038
2.073075452284477
0.7182806208971109
0.9681390586297033
0.20952555140952958
0.32658605279393765
1.9400015137390891
2.4179171502965846
0.05113700290951803
0.12891202346230074
2.1175040737011237
0.6221127878656055
1.4953723041575566
0.10768078495518489
2.2319987041699423
0.1882207954900757
0.23486175339027426
0.3446536899152262
2.2210390239280056
1.9009562099522554
0.1905206221759752
0.20941188141486847
1.7739038886207208
1.3435454844525672
1.1504603328715555
0.23408215171394703
1.5079053204612678
1.0083151816716942
0.5347438197047668
1.5424928125668127
1.3210939532334056
1.0141583985821387
0.39462841650238045
0.6859492688541398
0.8098333276868107
0.9896213753750602
1.3934752460483875
1.0218721490360658
0.8409274302953927
0.9958563480354353
0.6576934823659571
1.4674268391148921
0.07769791688573982
2.5753842013513535
0.1469475334247644
0.5834072694657153
0.7542231709586493
1.784895030899453
0.15533796812037284
1.242932410245834
0.6940736522309179
1.4141788050377946
0.6058789572630615
1.0641550058100941
0.8103684811621596
1.6983824113640429
0.4661872361971742
0.8121414283693957
2.180162558088292
0.8859572098788684
0.2611963626834294
1.0043997711229808
1.781616074821514
0.6436784269100422
0.13836932072772154
2.7992521074937033
0.042970929624559125
0.9721887246813302
0.6182392788606648
1.3855470638444811
1.3988876713377056
0.576564614919154
0.8069481532122345
2.1651500044734684
0.5269252150266873
0.38524479348780954
1.6561996672584862
1.1530486186408175
0.6295664019967437
0.7280737777240303
1.7932112002973413
1.340991145004356
0.35215007589641795
0.8423236545642174
1.4985948262968063
0.6026302815173205
0.4989598885816627
2.0878197320251135
1.3748192647327417
0.40728253140259757
0.8328802545223575
0.46167605890455826
1.5915021539993617
0.7242001334897666
1.267146846576414
0.2776057366330306
1.305200721684084
1.190043750718724
1.394321149950508
0.8892165388898273
0.24829423379990714
1.4039957047038067
1.215157731264855
0.7992437861710348
0.6541943286351664
1.805135949752278
0.876198877342382
0.635870973713452
0.7548860697642631
2.0613119075893622
0.7351331611612267
0.37317380339788786
0.9395722560643371
1.6275861225880706
1.4405217091602338
0.44516657592388625
1.198788470907244
0.3232001287433572
0.6554210274933481
1.500918203855571
1.7367355191971259
0.1397484642536128
1.215911355142994
0.3723485779757299
2.349330810556746
0.14163688494744492
0.37184415445756797
2.076867904331254
1.0069339129929675
0.9702844230607041
0.6984535170552564
1.2402154147192912
1.0290950425665706
0.8587291910658595
0.3700964140165681
2.2065446215499276
0.2996383781023812
1.119495420708213
0.9499343357788923
0.5670303484588027
1.457237885146634
1.9622343876488368
0.2668548378853345
0.531260269703805
1.585884626897898
0.542655282616444
1.8062589013001025
1.104158387961086
0.09094474245512145
1.0702327266063338
2.014603614164191
0.6740537292015313
0.8533867900912036
0.41087844414668656
1.399659999852451
0.6852276591135177
1.1669531907833852
1.4764937490089824
0.13673975622177817
1.4644000655780154
1.3162831163340474
0.6810774251253235
1.1813112896033802
1.6073015653257912
0.1832985435817306
1.2682712337560815
0.406881800023179
1.3112318771564562
0.496497958365072
1.8697064588978214
1.1104861327615678
0.3584313450690884
0.9437809236857791
1.4715563484507188
0.03568673348638223
2.254190390686771
0.8576654028091852
0.340425603517015
1.4850919212725997
1.1302495088640891
1.2423657411916207
0.6401469252238362
0.11566327871277075
2.6341539513732903
0.7005309751801291
0.5742239473326113
1.2251158813970604
0.6841599850432912
0.8527158593265379
1.4378248976505745
1.0462981180978723
1.1666798823169722
0.5804667563248871
0.9544209487658825
1.6769405412479557
0.39697084080428424
1.1492727787634165
1.2328078826597981
0.8553983012091959
0.8273767696861001
1.4624867687710215
0.6096444488396823
0.915447740215136
1.4375915092676377
0.32957690990771404
2.272729060173332
0.41650950203355774
0.35311070442564646
0.377042812271303
1.650506004067568
1.6386096526437295
0.4824869085101566
0.9550503120912311
1.5096742506736163
0.46981016432314204
0.9927000813427673
1.8613416222178736
0.3897133540192203
0.9805754350457678
2.1900685487909897
0.27928890650219046
0.3398103043914986
2.406529607929187
0.24279137979199622
1.3119456313148827
1.1506305489708415
0.9427268370508297
0.40831754461741226
1.5153760512731442
1.2532596848913289
0.495761008422732
1.2645461944282812
0.9464054356739441
1.1454240510698848
0.666328557354856
1.1758381392643809
1.5188557850364983
0.6237710364610096
0.5199814207754224
1.9609327940722823
0.26207737225186895
0.9277802423914566
1.181746585283481
0.9683939500478222
1.1752964156907217
0.8828495635932285
1.4074871106578721
0.5890417303475661
0.9035233306089853
1.182378426799574
1.186681635557042
0.9098403603866274
0.7729113442356804
1.0838819147807572
1.3841881568417675
1.1140079155949625
0.30667680790269974
0.4371941158326043
1.7923502081850295
1.2709023653071394
0.8397630176946105
0.7912820793862836
1.010267366567868
1.0095000439272352
1.4481312029461748
1.0267879099385504
0.3241221608090703
0.7767872388677365
1.9677330696234145
0.7041208307217758
0.7130738442520334
1.4459132346776915
1.080430697378225
0.9914639970271807
0.5087379315910373
0.9481539229332417
1.5016007511682372
1.1378024668810442
0.813550112892438
0.7221456279845573
1.5636010668691667
1.085227749084049
0.2837889055702752
1.1720789084147623
0.5396612460803003
2.1468078042090304
0.5685614780385939
0.4335293269164758
0.9914072190742704
1.3550726092873646
1.1890222096514003
0.8029146209373902
0.9482047687553725
1.2485299933285294
0.7809017550813369
1.515388731837956
0.5402459090607076
0.4010368013632118
1.3932261163946236
1.2970601632129697
0.7159481460517634
1.364407152814301
0.8048464756444063
0.4680046172337535
2.2047689783288735
0.5870320443277015
0.8985279382962157
0.7794491322104753
1.307805368108833
0.38027706669457934
1.4339122866220648
1.2431212959509446
0.6597406261643383
1.1999043435177852
0.8232669600500829
0.7848388341207382
1.7470213363497262
0.9246453652130161
0.2504146490058048
1.501211531882467
0.8293234483574969
0.9414487752516931
1.3455209581982923
0.8608971767848917
0.7320517058428291
1.750886984734801
0.4001589261624791
0.7460244782612793
1.6608197773379514
0.9593111341951651
0.8931626389479279
0.5427718714922031
1.9869230901514239
0.16165255379110227
1.4836138493798263
0.9515867884492872
0.3331832221286992
1.9964137684762262
0.4754618775945163
0.9414557362403101
1.0332627467920228
1.1113240258959183
1.3039419327328525
0.3349200433332154
1.3913128196051179
0.8941352502084382
0.9833712624613898
1.0655647501176848
1.6985313314472372
0.4255074949617388
0.1858611813932545
2.04734400790574
1.627025627427675
0.23271443462869398
0.8006261930536945
2.103220924020455
0.5095014484518895
0.5975235870596314
1.4659288989275518
1.3561395323690277
0.568508211351573
1.3266365078571696
1.3512395765630307
0.3327742235039664
0.9314475976744239
1.187740120792068
1.5540507171870446
0.3891524543892999
1.2124789492047032
1.2429649680275403
0.5823213359195825
1.0911638579018743
1.2475543563914608
1.3896533843803758
0.258869169734499
1.0830357712492549
1.3798181359468578
0.4668934359649132
1.7702241783981654
0.8609656339127363
0.694010217698863
0.4229890532456586
1.4258608195648603
1.4395738840030015
0.6681926972236611
0.43182746324064614
2.0876972322033374
0.8515202817216048
0.8737199787825359
0.6814029279271812
1.0209548329502551
0.9873328915308535
1.617470826583975
0.47384005908813515
0.8658661922410379
0.4021999114209717
2.5851993042601666
0.6080683095265573
0.31733230292470116
1.231798665361694
0.9660626420260805
1.5208998913275449
0.12269939675019566
1.5481336679872775
1.2597544066860964
0.6594012094253703
1.0239870549923846
1.0733437962728805
1.363781854600394
0.5606887681195193
0.6621203798419372
1.629276037062224
1.4894291664728962
0.5105606731753378
0.37741288835334275
1.7442359702725225
1.123818501805873
0.8127922824853034
0.43182358537206494
2.2148248997888205
0.7097834025115659
0.31319816903659353
1.135689679840247
1.307309760939946
1.3230008779116338
0.6787961114664534
1.1109208978736378
1.0023039298123582
0.7873204801603155
1.0544874081011961
1.0888536142495806
0.910648651437891
1.4369609007988589
0.8150856368026694
0.7990686286989395
0.6478248042471483
1.260347958986543
0.7278505533211798
1.0039022868008265
1.2726861980406783
1.5495375007197176
0.13002836402300813
1.2988377563256464
0.7988248884569464
1.0312014239365168
1.339752979464722
1.0401610765168812
0.28491316563089353
1.7004844883401966
0.6560833535978249
0.8198370711879251
1.354810769675903
0.8612471165393828
1.3894824932913667
0.787850242407168
0.7450057699535981
1.4224272430654128
1.1430074925642715
0.3675779809475449
0.9882778268184793
1.23764531431183
0.7630411384157416
1.992001539073874
0.5592112445259548
0.2923082684968733
1.103358416125247
1.6572546350607797
0.6092094556972654
1.318423225017092
0.3966652454958022
1.2758126437635806
1.7849961557938592
0.2826978469790841
1.197152731589062
0.8529790269256801
1.0596947359553517
0.6316584698128892
1.6448190805664444
0.7862468616728167
0.7425171594791512
1.2328360515742904
1.0122998727559291
0.4585508190188911
1.4640150383086128
1.7275069232717801
0.27591144591152955
1.00595053184369
1.521871054286737
1.0953843816441555
0.12503754614556808
1.5941056099193258
0.8961160797078154
1.4929152048366539
0.4387934352588825
0.6513962315627436
0.8820967668922464
1.7599958609630362
0.6979470063447114
1.0627522390014743
0.6478337750480284
1.210648925280763
1.1389117542049052
0.4827284184385579
1.8351531362759341
0.4252488640478622
1.1600853470580168
1.1713461625618757
0.6201583189254208
1.738611512039945
0.6148338811530447
0.40145022907876216
1.0570968693627572
1.209153462738309
1.4998235376043005
1.0887189853500248
0.14194332531295586
1.484544458875267
1.2949100587683329
0.8720622164316778
0.6902706482998139
0.4290570808295848
1.880780090691438
1.0188870904590073
0.4718133315045077
1.5246944772239732
0.6303040181692462
1.5000964610763028
0.632088889255813
0.7972745135729511
1.3241808375271775
1.5889370562532066
0.4219196184366564
0.7053377962175411
1.1169671360079751
1.1333391584060546
1.2410547562054088
0.9671760724172093
0.8858257675778098
0.4557086239181913
1.433227574781108
1.5241292204125725
0.44452906613526194
1.6061607074829518
0.0799955081447724
0.5459507612227463
1.3448647469510664
1.5677218618997182
0.9042699308132381
0.7566186331152075
0.41424991842933123
1.7194029928688332
1.5177913689000009
0.4105342030260926
1.0339708204350682
1.119879235556965
1.1900216467938225
0.38350926073051506
1.3275523144559345
1.3105780939870204
0.94695895995154
0.6922780541089419
1.027575445309574
1.8007150253546789
0.44206093407998287
0.7200086605311237
1.305218939078806
1.4372922461469777
0.7028743612957612
0.2805785153411641
2.3743225075464816
0.8905192547213023
0.40236352734090725
0.817272827899332
0.5894960091085729
1.7573385976916553
1.2052837491824224
0.8583997915802891
1.042818753136201
0.39844993410448193
0.40801509058661717
1.8660661540770476
0.740259286373946
1.3418109704826655
0.3882734463595515
1.6619386483595828
0.30062198218749675
1.2247467631802853
0.83120257372288
1.1363801414058918
0.5468841667662699
1.9921308691462931
0.5805554566596283
0.4071028579956091
2.127803594949658
0.5945987882584304
0.47680780741455736
1.117901192178339
1.6154826217114495
1.2824282625324528
0.6011275047330688
0.4215426226689198
1.4657695175564092
0.4667468428989955
0.7586828558331118
3.087646569234538
0.2917297346165894
0.04061868274612181
1.7392931325042946
1.7116061685405604
0.37610223810730964
1.6186243396599047
0.5871046122653953
0.7849630696234149
0.7905291983867194
1.9177005684364001
0.7496672193759873
0.5995905641923938
0.6287533638342556
1.6892425978357957
0.5861558618047009
1.1837121627273857
1.7776016703509858
0.34179731159658117
0.48184868992047736
1.0678936384000521
1.6183133459689287
1.2839109141297727
0.5987717578896141
0.8812275039756595
0.7862186492605681
0.7348018178849299
1.82966050905331
1.1211816472995098
0.045877668031922024
1.3369651103653502
1.7815184288933663
0.8575231313708941
0.30673568127081347
1.5748065317470967
1.2970501141801518
1.0933460073343235
0.3507192448728049
0.989500247991244
1.601628703765906
1.0490267220333782
0.307085460885599
1.6915380671854545
1.113584660512433
0.4503203658809117
1.7635434396430394
0.5047437586922582
0.6821026348287491
1.9428157012597493
0.9146973927063545
0.36454181052010154
1.8087760410180562
0.1746288468272555
1.5789910379733387
1.5947505814137686
0.10412407623925296
0.7540468141920957
1.2346587814801349
1.6054690380207217
1.137217689116538
0.39509722593110386
0.49541341848841525
2.9861147804242107
0.5635061990175492
0.04408288176006398
1.9932180709743053
1.6392610285437246
0.30755442981729847
0.7415728580239898
2.203559834165046
1.1758145943049554
0.1942721182624525
0.540570708788104
1.6059713808457905
0.6007768959174163
2.4296449231981354
0.04739501058506892
0.10747230480761782
1.567121627568852
1.5922412550965712
0.9469509715139248
0.5496964196280152
1.9053401796384482
0.16385561493065837
1.0395298872185281
1.2543357132787487
1.3562464583198253
0.5427255349791071
0.48158736019274434
1.9613135858141517
0.858105846785728
0.2849497353865856
2.323848445338044
0.2741289968797604
1.2467764210771275
0.6653122415685534
0.7488094909927367
1.7450888644114235
0.3060169507727905
1.5729665212728505
0.4950681152367898
0.8531944798195619
1.2854949695664288
1.2038394866248396
1.2044470226517041
0.25043808454366906
1.4562288730117832
0.7039963690864696
0.8679020363941073
2.157634112383256
0.28819116303304243
0.773294254268242
0.259086064799627
2.0341775124378785
0.7925652263126709
0.667062973488574
1.080499433591222
1.6591710323130655
0.5696857525292885
1.0916589548568232
1.2784280047328935
0.5590566297197284
0.42030834178810866
1.9061492507891133
0.9317737370717255
1.2784099134227582
0.8537872439254692
0.17518296306918463
0.6263483514794832
1.7741557169426176
1.2830474128079759
1.0023598557552513
0.6506170815615926
0.35080429925031276
2.534337466034706
0.16462313964356304
0.8992722665956849
1.0628639597794431
1.3498536506972347
0.6348372470645363
0.8529808816282205
1.1934766945378
1.5060384923781105
0.518893955893289
0.7570876329364284
2.501269127845971
0.22246993508380414
0.4026609105131227
1.9942113381971776
0.9543901989239283
0.5181539165524569
1.4494042151505142
0.38013055307864196
1.3605789508093855
2.258153987436342
0.3181462332598236
0.3270754676959055
0.8238280030445698
1.2586246986286225
1.570632538687383
0.5653095729572766
1.2373761825427116
0.5378730750328611
1.5192384773907737
1.0700964275100802
0.337864918436308
1.576248826258895
0.6929114652743866
0.5364471823544545
1.891191421738114
1.8163042936198996
0.153082934915567
0.20157996448602508
2.1652928775554257
1.2431414897135131
0.7020672284588928
1.0488553298520231
0.6072527131080211
1.1343752940572596
0.6559630796705225
1.940676173093432
0.2849994344694745
0.768693909893192
2.53755105625109
0.34697638559951255
0.7102724767879576
0.2810706905632474
2.506799978349012
0.22024898936539183
0.5224951637808012
1.704236806984057
1.5009685562353348
0.7330531083908645
0.7227475740403437
0.32581857330091074
2.3168908627861082
1.0744531972246982
0.2721944361883004
1.2999915463832468
0.5714947917052102
1.2033276520649798
1.2957559870205602
1.3484090745267667
0.498149171069007
0.21275971624350473
2.5120390792105667
0.11881192461724602
1.0595252968024478
1.944550189795436
0.3003073259997116
1.2940964608477146
1.1836451497879947
0.574059495336394
0.912509210926401
2.037201446487578
0.015325773543382652
1.3982851498490683
1.5491344881633349
0.3411484781712122
0.8139767660143964
1.7334054267399006
1.2247036078718565
0.6883812080515588
0.5852750499855552
1.0933243853489043
1.397350733239044
1.0842775428703193
0.21676335406046277
1.8375910778528333
0.368601738843042
1.0431847748740972
1.7313194209835667
0.38325721870734725
1.6917600285653467
0.5227986542868066
0.8124266567761517
0.7012202278592612
0.5995555148449002
1.0921365916944048
2.326736430570955
0.7260261355813016
0.1702234221821764
0.8936034808557114
1.1556032127480969
0.8966922934636307
1.7532290191948692
0.5005697703318697
1.1219613507439974
0.19715130867731215
1.704067956072482
0.5265929161618939
0.8630546122421028
2.34437148840786
0.396815897830456
0.6843918841264034
1.0303797234595287
0.38633638001935056
1.4142928754435895
1.6151554709557645
0.9346817924473366
0.4597783530709739
0.593175889295829
2.0936269541515307
1.3457872067273497
0.5001173052897954
0.04951512744708329
0.9879395131480674
1.945801728363257
1.1252719722129936
0.6415206822693466
1.3141593223017327
0.7628842650323865
0.33648847871304666
2.3708056234781325
0.6044022392602231
0.27494580568349786
2.972715345966751
0.18881071529943957
0.326433220915081
0.6028605780071783
2.7622812040826252
0.6783342320192104
0.6531793781400029
0.505024784530162
0.8157835587418494
1.6441903029185607
0.9380322192777475
0.6731896568711975
0.9110963063609357
1.3368802070719126
1.707066049851326
0.38447739611760623
0.5772111349395923
2.1635338180594896
0.1955345310035028
0.8351351129723987
1.4149830269437094
0.94043303237756
1.0999434856161372
1.025590242659138
0.48348263296543753
2.127613528767505
0.07111959813027731
1.1027199898535995
0.95792161067013
0.8472046695006721
0.9860991540133993
1.8538596635149294
0.33218431309118684
0.8286318641473339
1.5897418638056222
1.4064001039356104
0.007196837493845744
1.53803964180414
0.944505165595172
1.0353502189246404
0.7105351114325492
0.9012577405555348
1.1965665992424073
1.0455451942218945
0.896633655952891
1.3578058532541355
0.7504064359487399
1.2442738084092166
0.5880809887273282
0.5290947913736536
1.8331506010187049
1.0703904163957059
0.7887703789131504
0.7302884378409348
1.8146821608868342
0.7421768449553433
0.2817886094569706
1.4122186378355188
2.1028192885679737
0.09153951872099653
0.9434420267116954
1.2477880859373724
1.0856622736743096
0.6009509872947855
2.2414318241329063
0.08798600764799316
0.591351559033287
2.2885411820124966
0.43025246378519716
1.511434113309816
0.5637530945402605
0.040826162244109745
1.7178529806414549
2.150808769728446
0.523144897929603
0.2941514734817264
1.5044104754156322
1.5738622559594666
0.949576993677578
0.2107715219306057
0.8827828449297244
1.472548936307247
2.0579180271113904
0.19124865485189982
0.3628109658224819
2.5926749738836437
0.4308115044666841
0.5192682349312816
1.8200279762645954
1.1436204751378778
0.6299804074192331
0.9116669789747844
2.084294978238899
0.592013552746537
0.2523342121096147
1.8388193015906078
0.9644340994706434
0.28014412006348055
0.5139619651012243
3.025397729662091
0.8939315237803088
0.051932836055825334
1.157443185574237
0.6860216925787926
1.4562388149336465
1.2930873217922503
1.1072237070344058
0.7705616811817719
0.22016188317288665
0.6516189654447818
2.1925620851764025
1.1194221757685712
0.6114598233703923
0.46658900045580465
1.7285837058723938
1.1179812558711804
0.623137928561398
0.8052620319712854
1.2679315406692115
1.106826434225331
1.3429175051409483
0.8229642015315266
0.20740397497791013
1.7136113178871646
1.7219974532121103
0.40688126023535925
0.1387824956604585
2.0827700289073383
1.5049768812620186
0.9198866476417266
0.405057585607486
0.26329983756582137
1.4907043025401037
0.9545740436212508
0.5823986746279108
2.177013702198563
0.6775685985887626
0.907076566316117
0.16754405969154568
0.8773785461084842
2.678923676154603
0.856685961472136
0.04072617851565383
0.7324012407847706
1.8882691463562686
1.5454728790262477
0.6075523242596131
0.05042439120150835
2.614276684834546
0.21546923511688096
0.9599181573133178
1.3769806018444426
0.5755398539614143
0.4175420073124372
2.2541929563683643
0.4748447216555612
1.1908871243360974
1.5816460394359977
0.414654018071573
0.8852144415663372
0.3351552526758908
0.5245195015057612
2.135470796369201
0.7903211841679203
0.7915987901156752
1.792568362511646
0.6546364625512439
0.9052018743303372
0.6195900445607573
0.41473221498203794
1.4582204595987598
1.9856809596464988
0.26425553341867764
0.37301416836459933
2.253361734422998
1.5936660426725575
0.2494071166526087
1.0992831401221075
0.9942819068243731
0.08309240389613343
1.5712668358792723
0.5561691470338559
1.704717954072208
0.6178145808763797
1.1137828439541448
1.0283331118467718
0.5375900434217804
1.9212089852823155
0.28198108721595955
1.1842806604849077
1.060665135724756
0.18869826958466632
1.284053741110236
1.2680302923233875
1.6897642551776662
0.37477182508136603
0.5288005160300873
0.4315151271577763
2.9893398107909497
0.2703297593923663
0.5047253901881031
1.1705647687865885
1.038817006631648
1.5311566706182147
1.2778707883132796
0.03448280906654504
0.78055350093302
0.7719391363339367
2.147290085731008
0.393625154683997
0.7482570114601749
2.1695206114548022
0.6511493055009068
0.5264599950139742
1.4983897860205442
1.413975497564747
0.36905942985953494
0.7064711930910573
2.9569477378805087
0.3446743857302522
0.07580108014970124
1.1558963046119517
2.8268260506591565
0.2150539441298009
0.2478179651685418
2.126546851149174
1.2469971518017104
0.9659303042897058
1.0170278118187102
0.304121193559176
0.11364192496986282
1.6099109728089058
2.24110129951413
0.631752471157901
0.17150812706452356
1.250851144258506
1.2323186763615481
1.0570765382356366
1.0750428506324317
1.731129740493956
0.22319118817769043
0.13698508833302472
0.9716483172727229
0.11986556128164409
3.1102130946877127
0.9625713075388364
0.11660753223436447
0.29559600084025733
0.7693001780774468
2.828701540963184
0.23530323769327466
0.6398628934823385
0.44787127713340835
2.078505727274576
0.548625718296174
1.1095700959521115
0.9272286146650297
0.8644342785831474
1.9340097429988634
0.21409661073021297
0.8067716231372913
0.9581642419881314
1.232352513530985
0.6635867825188685
0.9986649863460909
2.050128875098149
0.4601276873678453
0.7079027771348182
0.3122382214192391
1.7947555025537938
0.6867412956722453
1.1830513857934195
0.3434333326918001
2.307051467354748
0.1304306935535235
0.6474102553725639
2.1972955376944494
1.2057709320986858
0.12662905759597623
0.6330724943305343
1.8534996993484187
1.4076389121782262
0.3257521963485222
0.9823854634861379
1.9918497621843583
0.22840862553559843
1.1086482997788907
1.5320287761833216
0.963013445298309
0.48087022273707886
1.7783259836204517
1.026912130814288
0.08553613065184328
1.423131355649943
1.988650026785448
0.10354666571801696
1.2448894841997138
1.638996683776864
0.4189768511663241
1.3798995772310894
0.355915175591653
1.3184013044814438
0.921078938556873
1.1580757177335632
1.1000079149517314
0.8641923372773098
1.3938501593457209
0.33552048825693453
0.5576888164139125
1.9119814836241953
1.3329051904060318
0.8322488070145945
0.30162461211402763
0.2906197528167379
2.7055426578475004
0.7412373435907692
0.4155302218645932
1.8299605509947006
1.4115108506835732
0.5166835625437934
0.5806902168503028
1.4097555182333443
0.9430789034163767
0.7229244957109188
0.724354879452456
1.5507979961691385
0.6176008740755662
1.0091889162076315
2.071940769309592
0.8814324456171175
0.08130518090885563
0.29322411150086525
0.5294357475437772
2.6180619741894398
0.9760147183024416
0.6778268203586771
0.36561411798933
1.2503591349709742
1.0087019267918627
0.7395595224933253
1.3753558229823735
1.0285276970631236
0.6099560094978292
1.5791046952109855
0.565490751890084
0.9258855872540191
1.8127439836770276
0.8991981186164574
0.35832245238913873
2.00838009615408
0.46372563103618514
0.23359262388088903
1.861488399221219
1.0295492945789582
1.23997220170149
0.8372194629204183
0.6325495510126237
0.062101661072864245
2.0232053141896476
1.073056035701903
1.0574097645585339
0.5017569092178784
1.431074599067901
1.3319109508532874
0.8182755734477977
0.2409056600251342
1.2133073091721143
0.14970626079148033
1.4003468468060725
2.3085260731641144
0.027009855184389326
1.0093143819635004
1.8319507942874933
0.7086221231909415
0.3144054427465528
2.234124595388282
0.5983609301963017
1.1118849428648772
0.8172070027687828
0.7188186191449358
0.8366485716517924
1.5893088442445964
0.2155056031009207
1.8023544509484433
0.5949272962478512
0.47809674032799027
1.0634850638143811
2.152838267860185
0.25282032200138155
1.2154835722414077
1.6781192533992904
0.16865736512289478
1.3138235535010105
1.1163756019028312
0.4806327776229011
1.5314269950578123
1.1143828712471728
0.2767035034176132
1.6100123066324377
1.3621436801489093
0.1165145709464823
1.3845417288367168
1.782856561938777
0.4013052749418746
1.0574411286891026
0.9895597610990807
1.9814760645202214
0.024513140712839734
0.7333722940206965
0.23959950377128167
1.9100930122281026
0.8437392158886042
1.3241620950407278
0.07552762068488517
1.4543054395723922
1.0284436276716735
1.0475860979430986
0.6338678593483026
0.6207392531864552
1.580998890589348
1.7388828739434463
0.09317555769462506
1.4336365982648593
1.2787511206261197
0.5598351387072846
0.9411847291256028
0.6670381464285303
1.4813729566604885
1.729469840164662
0.2605736680148734
0.4759958289534056
1.4788254632431683
1.248580317221659
1.112827363502836
1.2026805098266613
0.6156867011637897
0.5278886415544667
0.8810511076830411
0.43207534647440304
2.2846503693335007
1.2116508276094364
0.06780981486911629
1.847381298105342
0.9873358388969203
0.3351148242387605
1.000991643669236
1.810168973816647
1.067042453303515
0.421592087216274
1.8242252166792272
0.5606821786588028
0.30665278498411325
1.1836726229205434
2.5318641090098244
0.37299622194764065
0.5138044091707676
0.7705307226924892
2.1735923775858312
0.32221221706997444
0.7137749715681441
1.0858551888375167
1.8271937540355103
1.0667991311393943
0.06984365626213614
1.2362649214027264
2.924672707272112
0.12374159459936686
0.04738193078375765
1.9804291304337729
1.6442553633861012
0.6152243790059109
1.1655665894671872
0.4017376308816877
1.1037138120392287
0.7081702945267556
1.1562276257831015
2.187670059670007
0.21170713306611763
0.8220380443223827
0.5608931528905999
0.06439273554333583
3.1275533013553054
0.5096074500079886
0.550234797704406
1.1391236011074473
0.9824742261815215
1.3374923198578248
1.1451172842546118
0.08760171526638166
1.8542397200431269
1.2810052177645246
0.49890386319634317
0.936983077453668
1.4842812735051298
0.826308380693896
0.8878553967053933
1.0801578940346694
0.8406844211662706
1.1711768628273207
1.3025373428987883
0.969921677217003
0.3246461282193478
1.0770751346663239
2.126292684048939
0.4697556895630767
0.6653353712649135
1.7392525347228167
1.2281246297520092
0.14201663872481146
0.7743120647563868
1.859994615055008
0.9777346346196428
1.0460297190748713
0.5494613362002682
1.5632579574661027
0.9953139332043816
0.3050482621011011
1.4778347776261074
0.9725961731968995
1.3835336637749758
0.6525225582166828
0.28520283050489303
0.8001290153846313
2.303319249948628
0.30782506446353497
1.4747626519685668
0.21119868645201068
0.8074388613931822
2.1201921697784574
0.9541438299880546
0.6458999930669583
1.1230228149617938
0.31456797606386233
0.9494544753316881
0.23875778183603397
2.363988879423576
1.3731844910169355
0.24880889633834985
0.4048287225759738
1.3060784963823195
1.6051925035867283
1.0291961779427827
0.3778849329007025
2.139553333146804
0.5598231683618744
0.39200172572331426
1.0519622080869218
1.337584580337967
1.3309316229410442
0.5036904244781384
0.8242136957580958
0.6342005252175781
1.589910871693169
1.5931923389905578
0.37640034847367965
0.867406532889981
1.7921884495509892
1.0324176086213963
0.5686715233553743
0.9729716051930939
0.7524818944313574
0.192691333608295
1.1922256784743588
1.515623721281323
1.5820902587262486
0.4559684896640241
0.20858802581326225
1.3263036157930197
2.342251923276401
0.4034154481598441
0.748500860303025
1.5102305658576864
0.8268482505808854
0.839045311031787
0.24809997007794182
1.7589119013148355
1.720156689638655
0.3022070066584301
0.6744439825738552
0.40740220403264793
2.603850499231688
0.25534850762999733
0.9862077592987613
1.5726157200881865
1.081589380973031
0.04846955804949493
0.7026534117816677
2.8878343812990113
0.22603242282497957
0.6997524088519514
0.915340924462577
0.8117877650973
2.0752456333505678
0.9731094112169478
0.3624511513424846
0.5958679788550719
1.853848330789903
1.3803129718209945
0.5161640187466227
0.6991440729964288
0.9961859688816267
0.5274042515821199
1.9013261229586362
0.49981421991040975
1.3335764019978935
0.775795884064825
0.6383414409225646
0.34050550135965557
2.7551988111129853
0.7161779986216692
0.3080298100264806
1.6603287533205842
1.6468815898642581
0.16339272430698962
0.9773753534567831
1.1639979256460589
1.1046680335670103
0.6271766024391024
1.2654847719150113
0.30669058922319015
1.8532546573280322
1.0140797437965756
0.8237057085116473
1.5813713376607577
0.15465285091003425
0.4065772998282222
2.1239617591201174
1.2166807215107516
0.7539170032555914
0.5963935536324094
0.05107660097432205
2.375532187972536
0.8797607503719791
0.7958085421600435
1.0229457400699424
1.1769288365426922
1.443500343316146
0.24931637184032035
1.0549993416639336
0.9374713297383135
0.45390962542465024
1.950638984132465
1.4914806592479068
0.3573231912058012
1.0133822525732672
0.5328275344349567
0.07689041494579846
1.969549970728061
1.3362754352140653
1.1117382539218301
0.2823023510382909
1.3204683960913473
0.6025733677446805
1.3156835274578838
0.6420012325204884
0.9315438178671573
2.179319771480976
0.25898437093490384
0.5683987589984703
1.6767273022192524
1.4445181292810156
0.27021074695919195
1.984647226483041
0.38558075484616783
0.09871775078679722
3.2182883526767463
0.7529597668259133
0.29620560188688416
0.568062232475084
0.7062621546835834
2.2057022594565012
0.7723491549140324
1.0488528956806864
0.30976493560917334
1.0290841897390648
1.8157448542552692
0.7039082510749504
0.668407817281377
0.34542513659644986
1.5608603282395856
1.4540576627226158
1.0287777005354863
1.2278279068155442
0.06557432678145478
0.0013363432634120609
1.6548403981852824
1.2775803886728812
1.457740926826302
0.6126017163881491
0.7792539215964207
1.43470985107148
0.3863560870063799
0.8361243745456085
2.3979429547268403
0.19851131046805126
0.6331914357631018
0.9375845627943474
1.8324657732524856
1.1527339277058333
0.21319455652906896
2.0604204910183928
0.3913977887413428
0.3159563233318907
2.4081832925398516
1.073949081481337
0.7235532739423706
0.10296062258832378
0.8557780116123795
2.089966041042925
0.8867510616122971
1.1679450013936863
0.3374296766733322
0.6814860025888559
2.002319553103408
0.4853053481571045
0.6455631268798482
2.0038992038466525
0.48865769300660916
1.383399692241781
1.4957151043497148
0.09547889090925953
0.46416154870679016
0.7695897411077145
0.9201321334075874
1.0301507805703205
2.447645214909023
0.10550437645882088
0.5392105744207473
1.759514195117404
0.5718478440320133
1.2248297158560097
0.7522531721161475
1.0829264746873561
0.780376484403486
1.3449284497254141
1.2367338124974623
0.764361582560491
1.0723713590499284
0.7981704357365772
1.0395851801254257
1.010614802472699
0.846485518217324
0.7600140723830354
1.6847781018425858
0.14162513485733602
1.1941539682537279
1.2879889476285404
1.3755439931315692
0.3247865921543015
1.7513028443489809
0.6366192044236714
0.40545116386074603
1.677115240516913
0.67389419772937
0.7381705979920552
1.1756983589462169
2.200999377957703
0.23440122706567287
0.46451695665333376
1.3395235208469602
1.2753905436997326
0.4222831230714087
1.4227627788464063
1.2679194582686075
0.8936518705590318
1.0729029110197112
1.0082352189916912
0.509636888104839
0.7394647119060512
1.7852478354331307
0.45754853431755993
1.1351527228314675
1.1354023209893103
1.1738104862218846
1.0828454760258202
0.8777308813488406
0.8334392173192603
0.5671888710363399
0.5726387907617858
2.6786450958845274
0.4122731791192349
0.45448659842872025
1.0967626868546745
0.9236173551540635
1.8085598107895902
0.5511618744974833
1.105798488652244
0.9307120667030826
0.3842094959145363
1.4813234864164513
1.1744046077528538
0.5420112611118212
1.953243205869889
0.2511036323835639
0.7741389355617391
1.64862006238106
1.3508821061728344
0.10949090358256683
1.4298412384698256
1.2052688696122007
0.6029474629917357
1.8812603005160755
1.1020248086253772
0.24047457649721987
0.2507431606389705
1.6563256964570872
0.4722454295032807
1.1685638136364636
1.7851011253641131
0.8705017215157456
0.65483303142158
1.1703876944609386
0.9054888354380247
0.5889134002993733
1.3323203155701453
0.22783523277204704
1.5609835814827373
1.294540127982021
0.8460973335817409
0.6311067585616181
1.4486382565912028
0.4658105092273248
1.9132199591474046
0.44699219439903576
0.5773588432053016
1.6886283293578415
0.8816531136693296
0.9126517247628246
0.9071138524004596
1.2005686486961418
0.5970051494019638
1.071554809964316
1.6193785960017797
0.4755460884518486
1.1748400730342332
0.49419157357340726
1.9157382176331317
1.1030532967060536
0.3760451227414097
0.652968925991068
1.0232679454801363
1.0799896930308333
0.05484350125656483
1.8653966049185733
1.240718801173075
0.9982163336287161
0.9200706434321831
0.9688357099952607
0.0809063243149982
2.459530174192522
0.14204903676281738
0.389284000241059
2.4259682434749585
1.2006105420861375
0.3849662422845317
1.1439702485257317
0.63006510236439
1.261622501787623
1.3232916851530072
1.2110355757693316
0.5341554088035524
0.5350838697303538
0.7339128641648135
1.9704405511018224
0.8934461117592414
0.6418437682982856
1.4127746337192244
0.9772358454556023
0.8952484776124359
0.3371780919349729
1.7115819549520568
0.1278745533919635
1.7758151862032274
1.6635524210469972
0.4162865014898495
0.32284264930939854
1.2694874897641701
0.09383870504113614
1.389972317913207
2.0317555175539592
0.6304981697037503
1.012875907923957
0.683636412236233
0.8411868017231894
1.2482621880433658
0.6378687810929542
0.6050993519470348
1.3881176300164335
1.5552889319834915
0.5891474256620978
1.1354510455712246
0.08020543981558
2.2340519543448103
0.5992293857571821
0.8511577777671658
1.1777573655596505
0.5098049926138962
0.7256790242300097
2.063225445879465
0.5587731665817615
0.795621167831548
1.964971640068893
0.729462753513141
0.11894596387630639
2.4834057023807126
0.19310974507390385
0.8670656405800767
2.2459708390405866
0.6644559654244372
0.6367281463343476
0.19785361545378688
1.2828404394753403
0.39844135455097596
1.8547411323612233
1.7644068312257026
0.2204619471308355
0.6350439714566505
0.5849148621193908
2.1825287411497856
0.12242846793438837
1.167607756778485
0.848618128101943
1.1517916572279858
0.9891644502166679
1.0046880792846657
0.8151250017072492
1.626303937051208
0.5811844383144071
1.1158207148263566
0.7705324133386596
1.0250674608855064
0.5580814994422802
1.011652543382851
1.1464667210907746
1.1309929759905073
1.7625861429719067
0.09804606759515655
0.7846837758904824
1.1853754825259772
0.9011812231273427
1.1546157923329066
1.447682997658352
0.9640051177789393
0.4473985716795316
0.7479630114112944
1.2316876139697284
0.713414468358838
1.1683214124080672
1.9841681677272602
0.7139321020481502
0.22269435735195164
0.6880647463825208
2.3954648314540847
0.16099760117516218
0.9077267596368
0.9408680631543945
1.4128126837391668
1.069639975371014
0.6232661731274309
1.7415446249328053
0.24476891558177877
1.3941574006442012
0.5737908166949096
1.0524134530926472
0.42597956490677086
1.150599958840117
1.3099531106955666
0.76737698918765
1.856513649277693
0.14137147328973257
0.8193477142007978
1.9740777134170044
0.28747223142478695
1.1902601716511552
2.2016475721581785
0.5014836642390437
0.1775380756251716
0.7125265132855632
0.9236016130150945
1.1885606242059883
1.5895894169832743
1.3434789879277484
0.1045295219111929
0.8260791281317902
1.2204923484101446
1.1187288400586581
0.7095691320790909
1.3252244147727268
1.50574001978374
0.6012297742834687
0.5567837831017444
0.6337825389035049
2.5051619255542588
0.4548407236898746
0.6576695464401255
1.7627226065064938
0.0787100012471247
1.2275170186541045
2.17563632748079
0.5637974632807172
0.10435941438105338
2.3849088720469025
0.3856479650378657
1.2192275444088179
1.1655201700249285
0.3234914933197989
1.6102389305542928
1.7756301403154415
0.22724072673953183
0.6343888969682692
1.145468391477309
1.1951598379292838
1.0057252053377066
1.5575962957412688
0.5330132714146258
0.646814728855143
1.211174901296597
1.3763856278068332
0.190419048516712
1.749889427554713
1.0055709900129495
1.3613359641821745
0.10938171238830231
0.15176038837187106
3.132062205674611
0.8596005463024275
0.3883651988449639
1.2396899329879814
0.17444166793683255
1.712066891766172
1.763980881782166
0.17232942889611064
1.3246854664848193
0.349758817819394
1.4390350940859387
0.8561013924642522
0.8787472434552578
1.3323858166974896
1.6103379708053567
0.3648800938323503
0.26420344869053347
1.2080854576205915
1.2272253345435087
1.3167344100576932
1.2739048825220185
0.5237136714800743
0.7795857591913039
0.7257538592809883
1.4780577022045938
0.9240755983297556
0.17189133538588974
2.887854443199912
0.7939007082580745
0.11510996338208197
0.7879979983019819
0.08903973791955853
2.710995897508306
0.6584768503593447
0.6650276383235338
0.6255221781453425
1.813889900087688
0.2774131207714627
1.3525242643676316
1.7258367997004906
0.469510816106519
0.35499138144764747
2.296533244380426
0.8051817165945928
0.5273991723402236
1.5820582646992785
0.7647199504606187
0.7019049122015938
1.0997724468893688
1.3587001681826953
0.8293717895166653
1.426735095802787
0.5392439648560876
0.7961092966835213
1.6386737309059236
0.29674927971538073
1.1203030336547481
0.6110916317087755
2.035143442444534
0.3863520587864108
0.8684377382707983
0.7898149469317448
1.633670701287436
1.2718425789573364
0.3419510271137888
0.31317913339879866
1.7197577996600988
0.9525172566645522
1.4514405008579585
1.0813582940012114
0.017594714617652912
1.2602191952898916
1.018304298170146
1.2150097053722286
1.0786311208914297
1.272760047469132
0.5315256206953665
0.4135041926061457
1.0954530112349328
2.950383446412719
0.17508695446470063
0.193686408517323
2.3705399365593562
0.5557594300984169
0.5315265026005094
1.0734879650442142
1.4338850531860212
0.6039088444576896
1.7219850135973185
0.5407352394143002
0.9670396854370291
0.3697577713001969
1.6426017428504756
1.570622912777445
0.47401455621761523
0.269963642648151
1.7539530674159012
0.8966732160283273
1.285098414933489
0.7152799894660903
0.985806791031003
1.2546095393265373
0.7497023013885455
0.6656070833363644
2.2256823071187255
0.09007791761986825
0.9374169432607681
1.258406275308067
0.9649634221252688
1.040147978605972
1.448755357590181
0.8428302829537102
0.4956125945172407
1.071844900029522
0.2184599820079865
1.3969258465600678
1.1924655885574431
1.1724731921214615
0.7615045956811778
1.1435060732328652
1.5245984487950583
0.10856271308167433
1.4052503495979518
0.059182507598977696
1.179580200140848
1.6976069336136044
1.2032010564122761
0.5531749832652121
0.5769760595208414
1.14516512781638
1.5549060103716228
0.773705030541716
0.9156092803386979
1.1980200199644757
1.194490721683849
0.5388015459098267
0.7115345524311043
1.350445022828772
1.336967175830875
0.9575518716387195
1.1947010472145931
0.708074210888911
0.019773684934354614
0.5003003433768738
2.970546708058592
0.5497627965140434
0.5737892074002218
1.12666264164354
1.1957504710660196
1.2905181345808692
1.2836097662948769
0.07248044885959887
0.4395432492409506
2.244465983942561
1.644074957840472
0.4574398992336538
0.26143667845282775
0.9516576346026101
1.5640956436305256
0.7435878455367754
2.0744611965803776
0.1660204401172535
0.10236712527249602
1.5797081390198537
1.2598170320063344
0.47484397640247944
1.7397042448157882
1.9132481803369146
0.1239764984199854
0.10231222994641545
0.5347695864508027
3.0019171736420356
0.9343264239718457
0.19710090775946124
0.8920614028220675
1.7185843735849482
0.849475590293661
1.3228056196544689
0.22330919155614964
0.7419019079894965
1.6850392471910172
1.775269692249379
0.37577897299241625
0.22901333938504695
2.6525086978757995
1.0497044345255908
0.06537620275515098
2.3630973721475477
0.8556146693841558
0.06936899195179462
1.40559365278817
1.5602120830439095
0.12734317726035607
1.6410801686174854
2.1616037059063054
0.4561155785470642
0.07967130659116355
0.4231629527951348
2.793010751014056
0.6367567234611087
0.5727024539846504
1.8956436890208508
0.10760629379808562
1.9621106293456099
0.24413821995083487
0.2614527371536421
2.1526829879110423
1.894919470730094
0.25104536231772834
0.4527607117202087
2.1485632108483848
0.014588980562112178
1.3952643551939639
1.0626277701038571
1.1908162961723383
0.6074892033508899
1.395150348449925
0.16133350468891666
1.2389798192147272
2.1447378196014646
0.4754950933946835
0.6182669542187497
0.2939509137658038
2.544980803383873
0.7880552231025554
0.33113375720168253
1.556803975536856
0.8163505484187612
1.3037701192393647
0.1310602765893354
1.7219930739941713
1.5629786041607088
0.7524587172984495
0.5039934725366063
0.3835266482872578
0.2985787277757473
1.7172557137938782
1.4782605850213715
0.4539037273257019
1.6535646470162173
0.34786796270571985
1.441762705265594
0.2928316044237328
0.47750445082244514
2.983442695564355
0.6514838309020798
0.1732234423001993
2.3685253755385713
1.3526656034371007
0.01580450100719545
0.6400524718860053
2.3722129940101215
1.2348633852437816
0.056278435817401454
1.9944890281129066
1.2949505428998178
0.026088442302054943
1.9482977492147568
0.5859719419788258
0.3980101708959198
2.3314551273533675
0.13719048739375672
1.5776922679561511
0.8848784652645765
0.6058992046947891
0.45805472361095967
0.5235880206901379
2.9085313094465173
0.6914567237014135
0.21187307245608925
1.837389852569314
0.9657824296834558
0.16111860441365605
2.4719406849256322
1.2481216631351573
0.060653364477887724
1.6758604883745576
0.24659260868364405
0.8692444123617821
1.7969471606445293
1.2264429687602305
0.52567839311932
0.07522509476031945
2.5861519687989047
0.07274516173546243
1.4075868761652686
1.1297796581858306
0.5007995341566118
0.4726784235675335
2.7776379256537913
0.7030234998974669
0.3503650033740666
0.7467195661071739
1.3279038839580541
0.41536278973974083
2.2139275839923607
1.3035862297379444
0.08643271666461065
0.18387469526033623
1.7276785664310232
0.6699985041019844
2.17927635843596
0.09329963185252509
0.4832803225790031
2.769528175024235
0.0004956928081727433
1.0924512911331405
2.045203993485809
0.3730996611827995
0.3796069646483016
2.8801847660281874
0.70516795315695
0.23291316158294595
1.419228219131801
0.7517761306917627
1.9059842092474681
0.30241521928200027
1.0139294841456963
0.9292289128954955
0.783132421853688
0.5271586989716086
1.4072567512111434
2.137864874131263
0.11700432279890846
0.5690207252893518
1.7699918060265731
0.68327696342781
1.834470816267892
0.28557037989700307
0.2961023893174239
3.0436889145401147
0.45426777354161235
0.48613572225130075
1.5776025293599094
0.9579351128120275
0.7000664696973594
1.69534504202296
0.7399303237805565
0.8859442030939545
0.6319015060464743
0.730209992097505
2.4682711135298847
0.2849004232120598
0.5779765129695997
1.5709985212985114
0.4951314385825422
2.242351697045345
0.22638437419399696
0.16413793088060621
2.6100435009289176
0.9240775755200089
0.8528202126565172
0.6151625570795711
0.6805936384219865
1.774159481999634
0.6604138993228991
1.569210514550899
0.2921991567926086
0.33477235088407764
1.1199671282660884
2.38283295372086
0.3473748231798947
0.45814922045742823
1.3825155824604183
2.60409448721089
0.14907864806866675
0.05740296824534312
3.175517724994151
1.0442258079342106
0.30236188651416335
0.6392940654671699
1.6310657854342538
0.4832671434838364
1.6849601810914288
0.3750053726312779
0.9769018078516791
0.7326265848872737
2.073545895012839
0.3595701930302534
0.5020696869968266
1.3241037366195947
2.6501976801462837
0.08245977701578933
0.07974589822118144
3.593134537024542
0.10761738600489101
0.6727727657290724
1.6863922244305163
0.7659955270356906
1.2536217008849406
0.8508849204091091
0.8456276694712217
0.8790009317051404
0.5835782816047222
2.245278113257866
0.34691619558226744
0.5629206926722906
1.250082607548261
1.9180671490443304
0.12208439484735174
1.4140933623538237
1.2570798958289657
0.7126424958036313
0.4438525855342826
1.9135507792463604
0.1920715213547511
1.5614849996590285
0.16589601077113916
1.2831413078044702
0.31552521385701865
1.662786161961418
0.7965733134194299
0.8665020055019985
2.173199251813815
0.13856336234576827
0.5672277889591465
2.909986327856072
0.1225238628218702
0.6137548717183556
1.8434203944123035
0.9044794370069168
0.7035166233923578
1.2844821331136584
1.2283516747176173
0.18204152279581043
1.7171334628034993
0.8571063730712566
0.8824313969443174
2.13823398777111
0.23263410940972823
0.20316016371323617
2.099890197375185
0.7889889429187485
0.9883459153883076
1.6369053259995263
0.04717946890150899
1.4955327159726182
1.5049170356876957
0.09699489143821283
1.6765929455096975
1.0329940539310138
0.8533557253824885
0.8936884572108186
1.183448699311462
0.7396098834799116
1.5596202527993124
0.1344271783979721
1.7423275014960886
1.125648623923727
0.23725632892110043
1.395059070514249
1.5864223612562798
0.04942278371468753
1.6889759342196917
1.693733316671483
0.010249926509003254
1.726702610865352
0.1811043039755959
1.528230628819333
0.7151560237115298
0.9413605356545913
1.585356215349714
0.2171685237709308
0.918727987982017
1.3381071110764873
1.3890656205245626
0.869027049441035
0.7211824248531714
1.1769119162355788
0.9218451163752815
0.9224268621445646
1.5475088752788317
0.16186742173741195
1.288470782354365
0.8473229716269892
0.9022169155068109
1.3651948840478063
1.3680478378288743
0.27984815946418906
1.4017296432341235
0.4521689416222631
1.5973040760917354
0.08008249082623509
1.336959113051883
1.2168590235373091
0.8555121303036745
0.9843909557621576
1.3323217518425943
1.0611979445575341
0.4184136437300286
1.5201134926618234
0.3385917173710207
1.1420655244990099
1.4154891014253135
1.0831696319644888
0.7405020550587891
0.7546164513291715
1.2535881237122612
1.4084983400685054
0.5498964847372664
0.9575033390573013
0.7051601786581766
1.3329656913843388
1.1817845235781343
0.9654325503357287
0.864944744766882
0.8889569764294154
1.3054134958694088
1.2501716045450744
0.046089912209606766
1.3937466224268114
1.3335029840405996
1.0416771142571621
1.0513106270392394
0.8518566682100741
0.6552192683493419
1.1014371506190992
1.1347598520858722
0.6198741956343824
1.2927499815604202
1.1771452146054204
1.0154796932696926
0.9876877086592335
0.8832365228674338
0.8044023906552559
0.8567300867408427
1.1142499720494334
1.191254539849778
1.0617930323714815
1.0273329755279887
1.0586525939216733
0.9175167038860287
0.5005656232995696
0.6802412625557813
1.5659332601837699
1.1284375172691372
0.9789057458588243
1.0196186704317864
1.0017436632481138
0.668812411357968
0.5510380309405785
1.738398812577702
1.0592435583084545
0.9181569003167591
1.0304331687262023
1.0663840691617925
0.6141372658953007
0.33087184810097403
1.998847457176004
1.0508866224308446
0.8784294797182801
1.0286340551252289
0.6714824470651894
0.49462610675062013
2.012857296995634
0.9538574854981805
0.8354391493018061
1.0478881473643238
0.6611625637830115
0.42280239135822045
2.0879673934189493
0.9558656284446976
0.8269084143169585
0.6671672684482951
0.5391293916880172
2.169425132015104
0.8557017042152621
0.7714358505572548
0.6685283709595833
0.5285362393730482
2.1672815388421665
0.8614887391738676
0.5416982261766901
0.5724469972826123
2.3170493905739447
0.7664601278398354
0.5115039632258909
0.5779751192775546
2.289541440880351
0.5295073188055321
0.46614249606995695
2.4724935489469786
0.4919367555355549
0.4404500220729133
1.6420467877636304
0.45457082554297623
