0.5462461453603122
0.5487483222468045
1.9373701364896592
0.7651331740704531
0.7169949719709005
0.9217293000088809
1.3246462603233145
0.9197084381892402
0.9162889771514292
1.147521850588888
1.1530337130783284
0.4053587953249501
1.1531437203729993
1.145752450365254
1.1678052128450396
1.2503472758189775
0.4107131525691116
1.1219989201566747
0.42176065020680675
1.2487653998582755
1.4454424408439361
1.2478877700798396
0.2747945922997114
1.3731325066896773
0.4537499672009719
1.3303881565568485
0.31443574411133185
1.6243066915572169
1.5590775298036414
0.1161378574965447
1.544123340246896
0.27049499046922776
1.5095875726031198
0.3094927064308672
1.472271494246922
0.29823190295102403
1.595468113369208
0.09536525706371198
1.6641353496700377
0.049948037557492234
1.6298653414492232
0.13289248340952414
1.6453786010639544
0.1603326349214825
2.0814443071233364
0.2766116057609385
0.13494230941471874
2.1483057999395725
0.20281884615685636
1.6150888937931467
0.07531920296462749
1.8384965403855207
0.014062615665204193
1.7654364115528056
0.8156727901541247
0.006872466723171022
3.0462741412194054
0.52555652513
0.04664901780006585
2.0196006984983956
0.3177459486591968
1.8463355546492184
0.20490279336312384
1.24539438061497
1.2820199421653449
0.17157278416695565
2.047888733350659
0.90135790492124
0.180174181027795
2.4753030170099373
0.6347275525649213
0.2345917196753771
2.447281272243676
0.46249254872762935
0.7149698994074306
1.8439143423611266
0.3686019461822387
1.2253733213655538
1.3525533040586695
0.33967440406744287
1.6638730296644237
0.9977643621694191
0.36452531194196547
2.155590023414067
1.1576282108162705
0.09745748878354649
0.5107523400193762
2.551343357289577
0.6152009808309189
0.5806889347230596
1.8968843207813952
0.5301999411830901
0.9699709393707154
1.434174190680107
0.5920101812936363
1.4898172931482525
0.6270908155576176
0.7421915345359563
0.746538965917322
1.998109755043034
1.197160951198622
0.0412998584691294
0.8865598561625756
2.155622194346867
0.7579829576179264
0.4273710967760356
1.966097149834619
0.974567949450601
0.8254439111253935
0.017904932049837553
1.8042971194002284
1.0091944899519756
1.1591156491360304
0.5956361678668806
0.9048543829692233
1.0022175717831707
1.525768233146161
1.1029093067887292
0.214162632055716
1.1831024401813177
1.812663835523633
1.1018083939374277
0.26841584237409294
0.3272272168261898
2.4257952426124993
1.2674950078145295
0.5767420546042433
0.027054860824646337
2.0068148565440023
1.2712862915344294
0.8313804936058274
0.5610572965129583
1.149442609336462
1.5985527437484168
0.9720017315009926
0.2345955504535578
1.3396017632174009
0.5209860745514966
1.4691045538059717
1.2023833478049963
1.1370012822715743
0.5165492361951332
0.06843431384506765
2.52826078424206
1.6031279427677159
0.3169193229790304
0.05237500797139913
2.59309846502965
0.8646324565500652
0.7857512916049715
0.7718902987867092
0.6032555345614045
1.4126521611318381
1.9245366819768828
0.5384157240317148
0.2147914582167789
1.2802611459597792
0.7814448998898308
1.76228554240391
0.6756049104586641
1.102242715432838
0.7488613334780824
0.25490479128208177
1.591229810880006
0.9748102000187603
1.9944831220234045
0.07136042787182185
0.07479198825497238
2.6975787632484325
0.768301707027535
1.1493198014089683
0.2836033910458444
0.5446905631996795
1.7492302930855919
2.2515593329705292
0.07497746172299238
0.23092230446520273
2.3564261718913584
0.6966945909649547
0.3989802452411512
2.6024627166187395
0.17966763215709827
1.0285902829240283
0.8206077904400049
0.6166505912355625
1.3450511449731808
0.9943391659852263
1.9858737618153186
0.09037232023925576
0.2172555800125703
2.550630047019726
0.6599141469567473
1.4596997353777459
0.16330692006214112
0.24416896162708163
0.46599166521218827
2.000287653264352
2.104440570509489
0.2017137837506893
0.2777547592350246
1.6645886268681689
0.8034457409059144
0.5816530345823353
2.543470701887791
0.4392045109673123
0.531845640872425
0.8407542992112403
1.1658782132184518
1.5771247922433096
0.758321737677398
0.3905846967782591
2.4250243044257136
0.12385692534533883
0.616596996645888
2.2425685827433086
0.5112082369485056
1.5319214216438906
0.005016562007370085
0.7114418191007352
0.07590202828746241
2.172087090653489
1.8217770784945733
0.2369591662153668
0.9589935869061517
0.6593644181413181
1.4640888560981247
0.2500602256135225
0.7240837678743123
2.6863216344890635
0.9591350363827186
0.15053289336903197
0.6430678844318466
1.804145566740923
1.1501638809955288
0.847542425365403
0.440720691401495
1.9873969504196742
0.14627572294451324
1.055326881742015
2.2260440140686386
0.3351821636816921
1.1705660177726223
1.1973696864559493
0.1772008087863657
0.6624867539620989
0.6559585408434763
1.9245560760153584
1.4836287195359612
0.2996283276947765
1.3300428231465453
0.6205102364707923
0.8852763230948207
0.457802896599027
0.9474433671078814
2.1637774801051224
0.8181074893185726
0.6277977471363834
0.34139666604372376
2.632039848388372
0.17450268717395345
0.6187728985316716
1.4665539063652755
0.529565595124123
1.5983727829422958
0.17227655059838598
1.541506253558817
1.8900427484901243
0.1320048394407569
1.3965278877975094
1.1673593036222492
0.3125657156052554
0.4337467967009571
1.2699848712231028
1.668884869366724
1.438983804498792
0.44709516329218
0.14927720675750325
1.8022555768133868
1.9093408530065066
0.11215668144397535
0.5458410495715191
1.3203919316595758
1.9437777233542783
0.5874466444915724
0.660683689245063
1.3758637524500101
1.7716336129517278
0.287409411128666
0.23927235037119182
1.7873571649740259
0.6183724155776399
1.295806748091315
0.28151598134576084
1.9177816404533932
0.2194990179623883
1.5373934137866319
0.157759600382774
1.5167139497241815
1.138171961132319
0.424630695173932
0.2106855187199475
1.9229459145525265
1.401955949966891
1.070100260710462
0.6450077315351007
0.22773279995151202
1.1731791483366063
1.8711959597140966
0.977445187328998
0.04192365279170268
1.742629819304756
2.007894448010606
0.3036135510782006
0.48991050575866196
0.997822680010242
2.43539249481391
0.6056637260795414
0.3823528663361988
0.606077608439057
1.5955485842665447
0.706264364566082
1.1191239226444971
0.31112782532082006
2.100656455779764
0.7032770289683778
0.9438901033344952
0.5880922090389562
1.3996783810158753
1.0625918892697679
0.861486368810248
0.04904335316891005
0.946930020185901
1.9798202137518432
1.1264621280475562
0.8203545122855678
0.9575899994103795
0.2882484146056337
0.9021224217406348
1.548446789283377
1.1189546821246477
0.6551985870908582
1.2555393968419435
1.643195508798533
0.44158545324341053
0.2780879303428517
0.9944063512108732
3.1243023557199985
0.4060606564336667
0.08094923921358249
0.3902290868117003
1.4712408247063669
1.2370024032687839
0.8382503537045156
0.9412241236208754
0.3459886977369283
2.2955807518309435
1.1562996934270986
0.32689940499998965
1.0864220006721386
1.267811113985649
0.9487224944402339
0.8666640720047278
0.2248502973868809
0.7788760273181699
2.6821130470990724
0.9655730128438643
0.38528944084714756
0.1519790524896444
1.9888230511076745
0.3716676446237993
0.698301077700249
1.3140088786633148
1.2323977437137337
1.272288076426381
0.7965877843429177
1.1627312435466421
0.6870436624202707
0.08304414383617681
1.0656820167468046
3.120714272605807
0.3903393199436698
0.19187564182880923
1.859005792169383
0.8969526959783433
0.6358251568447709
1.2251324445046157
1.4397403703852927
0.5424958630094618
0.19184344014193508
2.465564602591848
1.3757380857225094
0.33219652680449835
1.1436886486249236
0.8530191306513537
0.9781991157230102
0.8913265918397933
0.36860713232613906
0.6173236445895135
3.447880927500646
0.4916582397379012
0.01615326355522094
0.32291077934725354
2.764035409429635
0.3255821634863333
0.7178454433819064
1.8257165280917662
0.3621662217661208
1.0687436370672927
2.452669057180818
0.4145938980361266
0.5110574005975854
0.7207776656459515
0.28295359152450034
0.9374299400449044
3.0229556270861226
0.381053696147373
0.18078386084082018
3.6211955350344796
0.0016070734161545332
0.10201814006364274
2.27629710840842
1.0846910239910594
0.44379492576335
0.2608851147998409
2.9434518069572206
0.16240654176572028
1.0037286062478807
1.8980379097801559
0.6949434594133589
0.210360945338845
1.2118328912936585
1.0180702505809254
0.49727971478194644
0.4948672678055657
3.4301821975168734
0.16397765884602766
0.405725231543789
0.7248084359626265
1.7393565594129812
0.31093405806745106
0.8284968727788591
1.3697307486419155
0.3103135370843236
1.5155891274973263
1.1811337007267182
1.7130888924150898
0.21781837020046857
0.036329157987575224
0.20452851554210139
0.6439180164857695
0.7816436158906869
2.8536304224844464
0.39392893790291555
0.2597277267923989
2.7851992705236
0.8604540423233551
0.47209494627098625
0.044097474927683025
0.31713795654964455
0.13121412580173633
0.9107382210021185
2.0020906226767714
0.8192376075644688
0.9860731119954159
1.307014148447563
1.2308869203456951
0.2718063686045033
0.348305626478099
0.7777619737732413
1.2316778433718327
0.6690669288567805
0.3773089325352922
2.751227718434559
0.38923827692175555
1.133187859539437
0.48651308196078663
0.307218880356572
0.31281906737896614
1.0640166979705339
0.07049128328763327
1.6828284930404076
1.3401705653608809
0.3430203192078234
2.612280304526498
0.027214746310433115
0.5737020042236852
1.0742352565964768
0.8336535881964567
0.389661114173356
0.3094984160395428
3.1477736810902495
0.4070519849239722
0.45429923485187546
2.479041052923321
0.4342810475743055
0.9242231777795166
0.9790474866903941
0.4467559253156747
1.480517603482716
0.4110005560886323
0.21410229732033959
3.096749907890344
0.5475896033506968
0.3483482123862955
2.706745083429955
0.647066820679471
0.4088734926551439
1.251617415833609
0.23502575414415217
0.31464543169223996
0.9682146830297667
0.3301983452289269
2.455909097285052
0.9734414833359516
0.48146396899427085
1.8538781599333847
0.28165852632034555
0.3705230371692844
1.0563099645611709
0.6765127212818374
1.050174765794534
0.1591627262296324
2.0096492447784335
0.9582529033025862
1.2513446309102993
0.25646909439390836
1.5117077106310677
0.7501781534604469
0.43205499097686184
1.2658234268864494
0.02362388290716648
2.3351338819542797
0.38423517935145163
0.770855511294692
0.46871097531231604
2.9612725642295663
0.2147790198883305
0.30837807045041254
2.1974400101248337
0.7375889348786187
0.3498129521917783
1.76376291500831
0.12068536466623717
1.5444223641069166
0.9366565703193995
1.134335559652422
1.2977716288915109
0.6423008284316278
1.0276032076586372
0.8348701009219026
1.3414813562400358
0.2927831099462969
1.0571511710039385
0.3825112673429981
0.41290936902622033
2.198551495179381
0.8523907837256507
1.2975762821677053
0.8142030097943531
0.2538268055949982
1.0060274678323133
0.8390767178621681
1.5508875928267856
0.16227750358491994
0.8177656541081054
1.5956354614984285
2.166486907840789
0.025317873265911946
0.5668933272439168
0.5671913958237381
1.6406257354481928
0.8432589018002179
0.6473878630000645
2.3321957281311394
0.4811073432202788
0.47942764648017855
0.3065817555069921
1.1715467678225548
0.7597493410852842
2.391008185292588
0.2555961893158284
0.6701104968582711
1.0970093045513079
0.6860130715560415
1.0169044791159685
2.235746586641458
0.29774261058344187
0.7838993070900724
0.4896898251006412
0.4035032632951077
3.386405958939898
0.3581820387223302
0.21258849484304543
2.251276795769488
1.147922924718422
0.22039698399629493
1.758714764379758
0.6599345690830478
0.027041320083243284
2.448352363199929
0.9028649508237858
0.47244855731451096
2.506961122273436
0.29316562183748585
0.5143980186856464
1.341225979961734
0.20723818000714553
1.250574523767331
0.3570497153745865
1.6829778225605754
0.9246463136639498
0.6127255231983945
2.13149814930879
0.5941546221909659
0.721817420037977
1.3107325244906425
0.06370828947916421
1.2924549580108236
1.6124834481325592
0.9750219299656353
0.5798473194318088
1.5745420252771143
0.8453041173683973
0.5625055860234165
0.7469868325051875
0.8353665967908064
1.9229384716661444
0.42360775668916123
1.5262405141419995
0.06610134762648918
0.8767980703194284
1.6663621482198605
1.4652093768516723
0.7410563568753376
0.5594478231643422
0.4307457726043135
0.09318208479510863
3.433629328847492
0.621952651591745
0.2270073435332077
2.3814883542524194
0.02361737619962875
0.9343683276369412
1.2242232741928865
0.7387820260798487
0.7424403702161709
0.7842506504311585
2.730881239780011
0.08409604018115825
0.5027487144270748
3.242569099685894
0.25520637106639255
0.38263481266201455
2.2295430588709015
0.16764770811346322
1.0076648260607242
0.7222443338160339
1.2708651881842883
1.63872609142116
0.6956525893172407
0.2998424632544784
1.8605003528422275
0.9649817303961361
0.9474090888712644
0.675196782688472
1.5756519132277647
0.19159249618856108
1.966541218277559
0.6890994998241101
0.10002609771786541
0.9597724260928755
1.8507818303810688
0.9698750013730019
0.7697409678747748
1.7173789192600235
0.5911639624553994
0.24299111985612112
1.000471529863078
1.9009253535974944
0.748198447940892
0.5495361690590218
2.356323171901007
0.3938630685794905
0.7646409091326185
0.22970437379641315
1.7246229925678935
0.9860132973012329
0.7213602180849488
1.0782132322888605
0.7949454600041237
2.1283279968351567
0.07543399970382704
0.9743193064534805
2.112534362985198
0.4003861878521838
0.023225111981430024
1.5267229280019374
1.4948468562819899
1.2727852772051143
0.6173397376705203
0.3873231249272551
2.739750385073436
0.36867526053767347
0.3022693228087219
1.8921875613121337
1.2886881715312652
0.46253293000457746
0.618608976521676
1.1083912851525426
2.3545860254049167
0.31198469946731083
0.6975939100095514
1.3011940847365941
0.6047932275325322
1.2175314360364267
0.3507116710777429
1.7545173471201818
0.01458366599986569
1.9895300745153968
0.8728894171971255
0.5496257201220851
1.4444035307109853
0.7871253078751369
0.38490815722371574
1.0250439225155374
2.7175403377762524
0.18516598335523313
0.6723667103398695
1.0903525462331491
0.9732443943314064
1.6744143485281338
0.1891211823594621
0.6643688163313396
1.9186568379578939
0.2963880262283461
1.8867251340944966
0.9752204931150708
0.3260570610586078
0.5852555855745672
2.204576103772121
1.1632173104677304
0.4030622492722807
1.2863541043801736
0.38875342449422623
0.8800223329041921
1.942908233386127
0.06873521641291291
1.9371222135395132
0.937465301113154
0.29412395002447017
0.9032944789150272
1.4220598353994434
1.3803936203090754
0.47332017141328364
1.2140129378788755
0.7761830921082169
1.596923538558935
0.41517472872693373
1.0575672075723233
1.5917254407540458
0.9334273909560591
0.2880930141505731
0.28382934315106917
1.7102373224432441
0.7323269732238413
1.599807872921916
1.4569792685694356
0.04525057304456628
1.114306252085289
0.5887525511941395
1.0504667891640964
0.6617985967979905
1.5451476096818793
0.7920438972687147
1.3767914578873524
0.9766053769839343
0.07556629750687556
1.5830158309818654
2.4690365951414757
0.32660431754465347
0.07873896332462098
1.0586342834273597
2.481494836844632
0.41275574933614084
1.3257441880326482
0.12998456989004262
0.27754352086540374
2.1674267837916465
0.8994554032490556
1.011351970818373
1.587017361150684
0.3663162849568065
0.1872277647058625
1.3356486722750187
1.0843654258044555
1.548494603209346
0.17066574393961015
1.9863702286331202
0.6032691853913273
0.49244171223220523
0.48696114698703247
2.338767644304778
1.162619605120554
0.33841867179621665
0.1611692226047701
2.36056596114181
0.8004401014724629
0.8979493026661506
0.12152170025314205
2.602783534582639
0.1311402909268562
0.6701973898771585
2.1223120917041576
0.3573070940587973
1.6395830098212456
0.47746436980037316
0.3078285223699449
2.7302375751785672
0.477840830174056
0.6933472276280876
0.9431105604907395
0.6517347856019381
1.9520184711261943
0.8020702251569404
0.45164295241805336
1.0432578329484448
1.2650442288157329
1.5527782386161455
0.6480322450669136
0.9154112111778284
0.45008998620093743
1.100284747623127
1.1034726050932664
1.2847026143634819
0.8496166846438729
1.221562659020699
0.03074654256478427
1.4449829916858823
1.7575596283461694
0.49772998881858055
1.363987735327141
0.4904259477938125
0.6739742841776394
1.1488143177463765
1.620902558565332
0.47070778980262695
1.6424989166310067
0.16750409067997155
0.9028709160275681
2.574143421594403
0.46560167570571276
0.6108461731246131
0.6368557206351063
0.7261270888960717
0.45137273940549505
0.8459233830889925
1.7836638848021529
1.8637158671642142
0.08617121393923773
0.48865465175332307
1.4193931663200252
1.3636215912368659
0.3760965374522201
1.8457022542369281
0.14416187016888832
1.8998523702873487
0.0024852856533199652
0.5056851523331256
2.4140923159440155
0.73473158223985
0.7645222502732658
0.2190792964966816
2.480077398877571
0.4415981363750276
0.7963911079258641
1.1815579839195633
1.5269557865458219
0.3340290447269446
0.3711401145924024
2.572556056090441
0.45443311024974903
0.7502801884151009
1.344966764618706
1.6946960408074385
0.2270111905843767
1.2853424230396586
1.0849428460075534
0.1031283687482837
1.1940732866411892
0.6988020663871622
1.7804645421877403
0.33950978550627564
1.4245549711297851
1.0079116301246573
1.0803988368475246
0.261162289275252
0.9008912421648968
1.7330660770736976
1.3668260807169135
0.03158359469704804
1.299348461280656
1.20060152002894
0.9869775353838767
1.7922252232527367
0.45514717410692584
0.27359610716515387
0.6524057843952822
1.6444806455063374
1.4348813061710122
0.6102989012837082
0.6288870092497589
0.8115463854470276
2.1466398617777807
0.5435574778741189
1.1643819190277012
0.723700428360582
0.19925755656716257
2.1532789061552196
0.7757411773980192
0.1575805998516727
2.4484197955690523
0.5312673271448889
1.2649288920240422
0.5704368812519429
0.09633630926944894
1.943957717643471
0.5870891082524835
1.8074544755999618
0.6537864336497825
0.2035812101730582
0.807389832422951
1.5102697475697966
2.227297030480207
0.14793797902391875
0.3460061193293414
0.7869365678428774
0.8216800698532994
2.364150434057124
0.693581834953285
0.6076837967626538
0.8646544160278907
0.9616681537724442
0.7043313374100801
1.0448495325200164
1.373884602280902
0.3447919645356721
2.0233725362235275
0.6111586813892054
0.3190348317806401
2.044221923460315
1.3177230209533886
0.8308704869825623
0.3669609755572279
0.5104073855991604
0.5983507287349681
1.2066161701403173
1.0355281477213039
1.9395749871074681
0.13738921685129532
0.9939561413917867
0.6550444926053445
1.8754540897816487
0.22027510584036633
1.2701556593433678
1.0070200355217562
0.579617308299687
0.653970926665908
1.8371739496169261
0.6040422055762471
0.9807456403293927
1.2455723073196063
1.5333162082509755
0.10643837243632269
1.4615852232222197
0.7200812875186393
0.5246210889355382
1.6939840516223932
0.3978068566608396
1.592610323818394
0.19688221143570175
1.8666811973270117
0.5997971559256464
0.7511191336124627
0.3146725633868341
1.4956028298695776
0.44242459381180316
2.3413305515234515
0.18317389572515239
0.5078295888020569
0.9719278159592717
0.36358199477620423
2.8968498193572283
0.25794382087301915
0.3776632124314594
1.7111396368474332
1.215454169015034
1.0380638437373477
0.3738628020126307
1.7083600902315466
0.9644414638275055
0.15516932677516085
2.265833354355574
1.121135667929559
0.4217593994070003
0.35129979429471564
1.8646367260490095
1.407833402905246
0.5799142475882643
1.0118938009827478
1.311874019415298
0.8649498195007789
0.8856444737887669
0.5490283772559486
0.976358054186199
1.272062677684386
0.38639803158017405
1.9150549009866251
1.3622315285997564
0.5935869361620619
0.21605611901467264
1.1472299807334898
1.4030181798680263
1.1010419831291922
0.6909415509016066
1.1828143070751949
0.370523940578979
2.024736243323285
0.24253788689084044
0.669092728115647
0.8801539933308641
2.79430809424631
0.33936278935570635
0.2996477815256775
0.19077847856466715
0.9596261731753257
1.2613787084891437
1.005746652395833
0.6326735638620177
1.613040205505589
0.9754966827022216
0.870215653081469
1.709826008951913
0.0006101113457729783
1.0201271712418922
1.3732423822630573
1.247852291835365
0.5671510198956972
0.744496405413704
1.1245728505765282
0.8659439950388496
1.1024113855260491
1.839722628516344
0.7287953096411625
0.4935944037993179
1.1869001479644743
0.36880024252488036
0.731512213305651
1.8623504596419942
0.33235757703754515
1.5082372204624754
0.5449894345571913
1.0820695923835983
0.9316062329696453
1.377584321447567
1.0584387175147718
0.4747911414396376
1.1828283186495043
1.9296870833461093
0.6941930872349836
0.0995678846799427
0.8341989710914091
1.1560930450357378
1.7220465551828181
0.6019083104708719
1.3274722535722014
1.037230621081234
0.20549782864763705
1.025775336982509
2.109584080736199
0.18329768470316288
1.3749414425817494
0.3744259325655054
1.6185602958530125
0.20112159538330346
1.4682032523264184
0.8076208096664023
0.18728622387411675
2.924042601109027
0.5023091127599096
0.401882524624403
1.9027275718150252
0.5251747432684477
0.7982789771710723
2.014063721110707
0.47896172223398165
0.8678618063558954
1.55359472310377
0.830247294943066
0.5961980730117441
0.3028279343653089
1.2816119348326869
2.703825118330989
0.2774708312304797
0.4690918241050299
1.654677583726809
0.6104617618998901
0.707421260741818
0.9919575599397357
1.6546464316735368
0.6194024886336897
0.4288166879701711
2.0850242368026786
1.2352862264413682
0.7645887098217965
0.30501494060232487
1.188947263621986
1.8506750384672963
0.297037519029933
0.8995295132419346
0.7986591366186884
1.0192611009754156
0.6359834811263352
1.5229474370072296
1.85438945301065
0.22636485383899752
1.1086340325137882
1.190623249120044
0.18161627753609372
1.1364023172466635
0.8341848754006346
0.03217702896001153
2.557883170151695
1.2155395593987288
0.5359837075537194
0.603140166840164
0.6762336946893617
2.5686033687675187
0.21881470226069372
0.8101404782537718
1.7412703627204673
0.2177796065460907
0.6427450677438598
2.453965483140176
0.3526164068160171
0.6850211186254128
1.8024149431525924
1.3191431518321737
0.4678614663316435
1.0714978835743145
0.2347561145083992
2.4048118748961524
0.6684628730136846
0.06689345816184335
1.9047011968541119
1.187264355252441
0.8375561524628636
0.6637861828592502
1.9144595110825484
0.45160014195827036
0.9271199199400268
1.0943894086937738
0.20681924712341712
1.3357154456426075
2.5186238720904925
0.026531548935119706
0.6938593621189031
1.0352316297843145
2.2581366075342637
0.5674238166062111
0.32365169894398305
1.200389960444627
1.2786518681546717
0.6799096178980338
0.6224728886756798
1.6190522897252952
0.9442030671554756
0.8499574353076007
2.0682078824175223
0.25239418955283205
0.491411177958253
1.9733653264370534
0.577417633833075
0.345444748610834
1.454365139075015
0.6396715092745181
1.5510355871282524
0.9574387739586084
1.1689753617150789
0.8553384437506463
0.3512182005782272
2.033169264546094
0.3861588900379779
0.49494075488118994
1.8394838624313279
0.849852217188445
0.5277274576531464
1.169784316960283
1.7737401438128988
1.2214701246081094
0.2607006864676125
0.7543935126390642
2.4906672124662435
0.0472952518359557
0.19870376042778415
3.4180255942961333
0.7300860184885264
0.25592097837153016
1.114450055253155
0.9373537504051852
1.737351052900832
1.2990001329570857
0.18849131329079705
0.8019468945226432
0.34132164093349493
0.2838943641043168
2.1684292626746373
1.6301515814665017
0.157712426861853
0.7967981721943517
1.6331446899727262
0.9088175535725451
1.181029439093033
1.3848117390967352
0.16815937887081836
1.3842410941765673
1.0178569641955442
0.49697738309347966
0.8546385468195429
1.9654228011492374
0.8361268816602472
0.596009155438264
1.5118572326616517
1.459516225661991
0.33682297362235813
0.32977050829651355
2.2295806306293575
0.4844977543596158
1.4464940423297088
0.5560403142452381
0.30548858243298443
1.5531104818289978
0.528728681222627
2.0279673447299404
0.680445842018358
0.3680705233702291
1.6888015898371296
1.1990713665514423
0.4152768462586113
1.2289649686955224
2.330358933386163
0.07203076659126784
0.4573416418331524
1.9054714192517146
0.7897074210843434
0.7789622125185577
1.8415893745859948
0.2445478367462023
1.0144273501496175
1.1885638914118322
1.8873381058954972
0.5988750507426758
0.17793249069943182
0.5149180228113067
0.5156405828330534
1.7216358426791167
1.4125255770524905
0.0979446331278311
1.5046123812638963
1.1825214587503916
1.2875373939253307
0.2629393028685337
1.0559228145960542
0.4685243806917574
2.524177987895677
0.23430944166397694
0.5498544868609063
2.000564494620433
1.3131346649012479
0.3220357313664408
0.7307599475057018
0.015390160926859294
0.8168776727497581
3.177694654738318
0.7593321184735545
0.05514159795493212
1.8647906325030563
0.5367211560121059
1.1402142885745417
1.2394758705812263
0.11062567779795493
0.09090370206313587
1.5986292188188191
0.8007032116839073
1.9994680624685819
0.37314423244141476
0.24979833606305543
3.3305134745566876
0.4774396045146184
0.1985344774565083
2.70846689654005
0.10234112143511735
0.8742983034159477
1.3426519147021212
0.20683440924751498
1.2721637175104759
1.7806812738690425
0.09518200960606142
2.0125366692506725
0.9778180840049091
0.7359319002809155
0.20854532948002968
0.5772469362168322
1.8432413070709395
0.4111696071632124
0.4870326289185883
2.757954211147079
0.22501745606857562
0.8226942987220648
1.026015848057978
1.6303913681934579
0.8774614728291831
0.28594308258870904
1.4662506475134187
0.97916515492173
1.7513182672063154
0.4153435294599958
0.32341688776773725
1.2129481190200457
0.26502737009882216
1.6390207856971168
0.7935980840033229
0.9507158149433234
2.2198775722155695
0.3087163913170355
0.3717744655791295
0.787619184813533
2.5988069633719824
0.5253054727641896
0.46089622080291304
0.9802139902111128
0.8820109141374588
2.059998189005748
0.8724117255346223
0.01173760640601916
1.433799223733096
0.7705846182369159
1.281420714945363
0.8664031174595374
1.8135863158390715
0.6094903830588826
0.13027749767444716
0.9333790204215429
1.1805375966357954
1.0272345949989135
0.557969200962085
2.349475972382595
0.12325966438639566
0.9880158430825365
0.9046162798978412
0.3862690618728682
2.085860179441534
1.4715692732724361
0.12396262377263559
1.38129445717305
0.17389493766469194
1.3009879052600806
2.2960989824669342
0.421649971503933
0.35204817117989295
0.41768734698397453
3.4319222349719327
0.11846223993012911
0.23565972488346698
2.207901786139107
1.2377527810834705
0.9020938560166286
0.2746658462821192
1.3951002096231344
1.4611930595420315
0.5931791379425699
1.0937882186221826
1.4089408602311329
0.11616616695952336
0.9929805782255805
1.786549776596237
0.8430951428223609
1.3261609717600245
0.5889413196973762
0.7465345631295623
1.1945510472537073
1.1338698077801717
1.0668766251240411
0.5010080261652591
0.6205274131519088
1.3527498898552903
1.3360602881383639
0.4311902602535742
1.4527838384491352
1.500288176506228
0.9649624515960943
0.15318111330852024
0.9417168650896445
1.7591497485731007
0.20134603741999718
1.4157403554434058
0.7560648602040674
1.748683977737297
0.46080519898368266
0.5494786866983242
0.6895060346130342
2.677202622833363
0.41430142937020786
0.6419288632943797
0.6062299418135768
0.48012870718459594
2.3793752450004235
1.1159588352680503
0.1881674934977359
1.2706883752894975
1.0386374329029897
0.9190814402865205
1.0080795961424924
1.635238765840399
0.14265894333872636
1.1033824101544525
2.094944088388457
0.776410621142472
0.03330211389372375
3.1264206443130362
0.16250047676543686
0.09990634920191704
3.3470387745692647
0.3716056191564655
0.8298555848653887
0.6594210851156653
0.6720366424211632
1.0335021481618898
0.7779804262297857
2.1912795514057413
0.7988405984662107
0.19252697979460334
0.5784570811548835
2.9776301966856944
0.8655740360675687
0.2217380211822207
0.4783087575942742
0.995485435833268
2.466703424682205
0.05652779352499219
1.0855837219670506
1.0817314577028831
0.26912972669457824
3.2143340123083344
0.06805979612464906
0.020462705628059755
2.4577035702688845
0.8773007372562409
0.825572257756588
1.8628155031741436
0.30026582142103925
0.6177915141312944
0.6355574907476219
2.027711494219207
1.19466020437003
0.043714489570712986
2.130777754557827
0.4286988987988723
0.7215843598283813
1.39896968907868
0.700417300821696
1.2600816107038335
2.1602062227188656
0.021170226460941535
0.4191145412116844
0.11943147030514481
2.273804534282001
1.4895269787321472
0.25850280671136167
0.8094995843097048
3.041274037035532
0.17315616956434962
0.20603340289886307
1.1334006915702721
2.469546398270931
0.49172258020603626
0.8258068631795361
0.4116170005522482
0.29527972765177996
2.037590251140782
1.7016600720494608
0.29030628375167716
1.1594518694872158
0.008054990861599607
2.2693003646421923
0.10219138160244323
0.8619463075826548
1.8589800635526266
0.5370137290572052
1.047675610125251
1.0200656578321479
0.8387677153812038
1.3847560071999905
1.646343695706645
0.1213049887193327
0.6802194073089666
0.4731899900576319
1.96499522714894
0.7393884102071716
0.7555280814079962
2.4257978139226135
0.2345986110795804
0.4554076140473101
0.25691837781155713
2.005442677726338
0.9349440039035123
0.43952309090248387
2.1636290742550224
1.372850075307087
0.016666716286635148
0.4154481683079499
2.2345244427452537
1.5839155268718088
0.0829181914219649
1.1103573298043363
1.4065886393333555
0.8939362208999541
1.2317009820788272
0.7066908427622031
0.6515608182567714
1.1870194349118386
1.7516765096158107
0.809453481929041
0.8179241298728364
0.7517023250952313
0.01798579974419705
1.2163147616154804
2.031007799379132
1.4938285476584696
0.1623019169392184
0.08626872105764671
2.3190718211516996
0.7103337400089716
0.7413096085070874
1.8088902201200794
0.41712537579297815
1.2355845546077582
1.3728424507061068
0.1358957475403401
1.7630695998161912
0.7488683149879356
1.4551768821271944
0.051168937395507395
0.6232873306679563
1.601695506420255
0.896977218661704
0.4340120088211892
2.149689866562646
1.3752384696147697
0.3222749945114649
0.7093061706680646
0.24166990749166073
1.1808251089284387
1.489421296635592
1.4265564286387642
0.47376334991970764
0.5301279524729168
2.4495966683272408
0.7073254139719483
0.5248695542398087
0.06861928543385395
2.607670347192267
0.5064743781112416
0.5569827456385384
1.7513336816377627
1.4790998347087885
0.46622081776547347
0.7629209833108919
0.5908837282115086
1.613356288720745
1.1659786501237357
1.2523119298790677
0.23046993155133916
1.0486286800085083
1.099106785010132
0.1777780871214449
1.4078044246611061
0.5844847869016907
1.2702526717590983
0.3167504018405975
2.047018171925056
1.2304522549199646
0.46728207605848093
0.27362163202381246
1.5488079180622425
1.6488797838818599
0.948326472757358
0.0926647969692508
1.628718774987107
1.2798157991635843
0.8531124128436074
0.9724772650454031
1.116845574293753
0.2954610369859065
1.5120360414959846
1.33430040014905
0.4869925949739885
1.3274965974113546
0.7920917062172684
1.5773170485572425
0.295125074325566
0.6924918877884603
2.243711651163426
1.1148692464534193
0.04328775321839202
1.5485660541744646
2.0849395033995872
0.5287217271326978
0.5807520630530143
0.09235006343603164
0.20149466943235167
1.4894023966589407
0.38890322459798
1.752836088025577
0.15890585240095226
2.1504594682409683
0.906985156770232
0.2680883399073559
0.42602292112943757
0.4069859036843218
2.73450162980598
0.00021742109817864282
1.022505869867432
2.6236554501070932
0.15845945345424914
0.6778818850558995
1.547066528089219
0.5201940355842116
2.046598412887528
0.41456679012756475
0.348432006723576
1.061016122512129
1.892748101154872
0.8185579352136808
0.8469335952210665
1.2281982955683908
0.5655369389140223
0.9517549634236792
0.8237613778322758
1.9494871459554242
0.35284509100779116
1.3866753360637247
0.44000344130699637
0.20592976421119472
1.9037935430293025
0.9458280424500808
0.8677446808207626
0.41371293738240994
2.4746066624619214
0.20186305496042384
0.9459541028719596
1.0120594686373103
0.8301552246269239
0.19898198993356794
2.7659806655619343
0.7709324949312802
0.23068547622019836
0.8128658759633708
1.7757381272421549
0.8739956451319929
1.3814986248361978
0.7239742752522303
0.5452054578731547
0.022574867165545933
1.579403616971356
1.4199242619167443
1.5468190567577245
0.39285490038761733
0.3207614794271748
0.4910771710224951
2.5136498678912194
1.1572277983029216
0.261397983080742
1.5462964486879354
0.16314126780703045
1.1736582536389382
1.5476469488304327
0.6199310619229869
1.550048129231831
1.1826162352143281
0.06194809682346154
0.17216767072086117
3.276762299459436
0.4271284631638381
0.7932482982846252
0.6052845251311032
0.6591953110036138
2.019467361061367
0.48141891103693035
1.3395775484971606
0.16770439864512984
1.2031128762036698
1.733952012738683
0.11900531605801261
1.9343713297507459
0.776446739152412
0.7532255215088539
0.8480584581869176
0.3356458598905271
2.324651721281175
1.0114438608312262
0.3125162514003491
1.2779109703539575
0.847648138957296
1.5218530838786453
0.8223230910779835
0.9600356107491944
0.9272178792694955
0.20269752633618188
2.1644960010090424
0.1903999161606047
0.8479376294127463
0.5949812081882019
2.356037357663465
0.15641366562904646
1.2434755575962955
0.7905761895967955
0.07293494609601613
2.1641928455241937
1.1527658730179482
0.5123851419233485
1.4621449151252273
0.03901181407797493
1.6718983110858519
0.6350643508157484
1.3369191567241374
1.1097979238062283
1.1713774117395563
0.33472813365265064
0.21670928366184866
1.0045503904960322
2.3464672022316497
0.7042118017200929
0.5570948744269495
1.8991290653795918
0.7801493560757649
0.32683811376699134
1.815985687921681
0.5809353825450778
0.6427659225701227
2.212197187974767
0.5253890852816777
0.8253583106828829
0.34660432583160217
1.560497051972969
1.6566172174242733
0.7696462483681362
0.046681392300200686
2.03130351389338
0.7076456731693909
1.0012663949219696
0.9919656310095585
0.27166882501924783
2.489751292657106
0.979866034539939
0.09214423381493636
1.4107364300415859
1.564559618582364
0.344494970058867
1.4311609226172781
1.5155046968986026
0.3631092454555942
0.7067165445511057
1.6773421251048521
0.8756037685633142
1.3058731487248878
1.0629172832715672
0.4833515144080494
0.9897685480908308
0.6213951085607512
0.5263718564064105
2.397785607640273
0.5426933355779328
0.7334791007655247
0.057404227869615715
2.410728689267478
0.10777471312356908
1.7011947314665974
0.8137130467693364
0.03353853061102645
2.7762429157682362
0.4678118512646206
0.3240927172603925
1.8074619224089887
2.005989131206633
0.11503839365960787
0.43471331135624436
1.2100456311555523
2.1637757117309917
0.3276741057855501
0.7250388352663786
1.9117339687677275
0.8433020881033185
0.6775085181888469
0.7888794375789436
1.9559468304083334
0.8870169665551946
0.3192616748983564
1.4127560775025045
1.6296315451780774
0.1861675433629856
0.627525738737877
1.7170656454374176
1.9223326321079286
0.32499667570903606
0.17526597351430928
2.1542172179413974
1.7535038944108505
0.6314970635357258
0.2039335922929399
0.4438361732627924
0.5376124681467972
1.5733285151587348
1.5351187721307362
0.8437637566475198
0.811468374400658
1.1114564471111994
0.5408918664042061
1.1877115851239932
0.7587810021895239
1.2087527947657712
1.100886455038429
0.7110680873728985
1.4591788949863462
1.556712231578663
0.32977345973135663
0.4778261211698494
0.9368298644102772
1.4046983621587166
0.23526193880338103
1.969467539573615
0.6050232622994437
0.9730114185248994
0.2707694875160701
1.6079836212264778
1.3735038164037685
0.625731205592415
1.0924198529308788
0.8845727603020461
1.5791984966750208
0.5303569816112235
0.8843197749235567
0.09778701147267302
2.1906333637771995
1.213525508050836
0.3389301682043472
1.3159794480945284
1.2362095613187052
0.44771620051529987
1.6728845397751724
0.29482723184177173
1.482569008033684
0.7314564742814887
1.4680798853550145
0.44057069294145307
0.34623753634951665
1.7665608074033041
0.05480675342693418
1.872307202254379
1.0925986095291542
0.20116164045629023
2.016942006446452
1.0154974130829455
0.35599961941772584
1.6593453463015642
1.5700396829172845
0.276615899277212
0.7710953386273423
1.1536785035938861
1.7783437174434351
0.5051174280817563
1.0731403917363103
1.2145023964110941
0.25286879614854846
1.3099359720407013
1.99892331903947
0.5257410278649263
0.3110058495223366
2.586974587176574
0.1256904267230198
0.9807328299181451
1.8432931300680195
0.6467719483818041
0.13933551500314398
2.489506967944103
0.02622522203587777
1.4702888780046646
0.04432160286143806
0.9071961549429504
2.300814995752845
0.2577520913966342
0.7862630964379606
1.48710515230653
1.7023888995886964
0.31270779172719154
0.7992355400951878
1.5167626041383022
0.3391710507387173
1.3159233135455481
0.7170523484303831
1.7000113555107632
0.33814860854285883
1.2150634828062112
1.9025695087849281
0.13406610730731722
0.9118880206750267
1.0009954300355877
1.8402746386312727
0.014861993804197282
1.3647306919050395
1.5302920780227425
0.29038416753164153
0.8786966876471908
1.085065020814545
1.8534184345431268
0.10696855929490265
1.0299737025711717
0.7667592734269312
2.2007557460931895
0.5549729282389895
0.31128521561774275
1.305027403951242
0.2995670282958496
1.6136082301956705
1.0750162836941144
0.7711030998750398
1.7716371021112223
0.09531674144698833
0.9840879985515808
1.2244411836339941
1.1572549936516545
1.0133434096606928
0.9921416335996567
1.2080687692284149
0.6312233215924977
1.492105684930676
0.5549037561570443
0.4315682958069287
0.9820571878695968
1.5453246371057643
1.3657433525903517
0.4894913893434602
0.725290091724294
1.1839031499818418
1.2483084371505588
0.9081901236285124
1.0699322154296647
1.0249307949003827
0.9961828143724833
0.9138099775933048
0.990345153226896
0.6062849726978903
1.6617555278165905
0.7128431202873245
0.6995952248133546
1.5533987875413153
1.3994044772430496
0.12901186082215238
0.9873970803882318
2.3487803505181724
0.3255867374105531
0.9343237955109505
1.1631642392032615
1.3847373129943643
0.08733810112828555
1.9115095597478757
0.9143694472102043
0.5248769148241486
1.4810077651608962
0.408742003513681
0.8275181498423102
1.17167613729034
0.861631027968239
1.4599738184232516
1.0361000390487831
0.6985885848122088
0.8462859450839386
1.376971803454999
1.1827960013598415
0.6247306146118423
0.8189260514036844
1.2548259823824344
1.013321045691941
1.2347435598640941
0.4993802799226242
1.035625662041573
1.6992120763318257
0.9762380062242182
0.44761711512834546
1.0094155698175153
1.505569843249158
0.8638601686239096
0.6629476770706564
1.505321901625949
0.483912684475277
1.9967696725260096
0.27457121290599457
0.3297076618297001
1.3453687584053813
1.8053556628151701
0.7809944551423867
0.348891447523692
0.8116594687329307
1.6957485097756677
0.9081879035683343
0.8920445532517635
1.2466100304267196
0.8825123930668162
1.2545358000763793
0.6692869091859119
0.7670814111069205
0.8095802431665956
1.3922324887226831
1.495874774417862
0.39697849997311485
1.2770667430098186
1.1492083345580932
0.871341084600875
0.8830694333064983
0.6994359856689628
0.6922230268938413
0.8455723764738385
1.59190982853239
0.7501978493984675
1.3015120083212526
0.806811452068772
1.083624353557043
0.54849207338066
1.185933308783056
0.3864434577381167
2.1894938476679537
0.5006526443868863
0.39397695859435083
1.924306077522479
0.8613971255766592
1.068568361123017
0.6664127521649866
1.402696337412788
0.26341213819576187
1.1803893380244057
1.4147094285976594
1.051915428155504
0.5972601698426706
1.359759341500068
1.5927778623948459
0.1371343761664933
0.8874150445132217
1.6696184451454048
1.4815825617460643
0.49899915749610263
0.28029872000152567
0.4809448043195076
2.2935332036644063
0.38295788879066617
1.3419885294799787
0.7145524846359996
0.9614113459286074
1.016819248705957
0.6881584527267607
1.6852162285444066
0.798450640630589
0.66934162726222
1.2656956741325196
1.0027361422016885
0.5416803224181422
1.9549157938074146
0.5734262655254813
0.7820541189709115
1.3579640974761662
1.2962805567592914
0.421138378529717
1.2736160800659768
1.0402343535756502
0.7442015405514303
1.5793039764626424
0.713590058162522
0.59206819294009
1.8763204384147876
0.38731332924671336
0.9659749505292352
1.7732872741462327
0.3082331074838671
1.1405955309806157
1.9138975223759904
0.28664429827073157
0.6215393216770416
1.2832350990372785
0.5377455675883431
1.8510761350765619
1.2766527806913208
0.17857991390415712
1.4186595614773267
0.9712381774932977
0.7390441307580212
1.6784114239282992
0.11089958998964354
1.7446737383989
0.8329714935331038
0.9473392302067847
0.8713323386521395
0.39492625456029545
1.5670492134224607
1.5246331310768635
0.10418061009451658
2.1264700972679647
0.5257773783970566
0.4261881439892299
1.4151638571003202
1.740897243913335
0.5412902387481332
0.7522507101532858
0.7820886443985058
0.8371597386961528
1.8828439451679753
0.7812022089250167
0.7603616337712065
0.8864747727574452
0.893162749445652
1.8855001996884349
0.3334464839018749
0.677488265845699
1.254895934027352
1.7318623047508372
0.30438572603734093
1.4177971681568051
0.8479104521182266
0.5750035281270295
1.6172220608162284
1.333623776679854
0.404196631719054
0.5352395244545083
2.132692647321181
0.47016553881232925
1.4241754853761606
0.04706782012827928
1.315239926549477
1.9909747483261886
0.4686891245276261
0.35671611208476106
1.745635432872583
0.5015363100305037
1.1787712046692893
1.3511591963468974
1.1680715196269706
0.0746150739734854
1.8982007110734254
1.4431256385988471
0.1704894386015731
1.056886123385972
1.2205534641791134
1.6447087604922501
0.26253269369485566
0.9105066398195769
1.8875311329924356
0.9165049260954846
0.35457221253979204
1.3242799533395022
0.7666103988972578
1.3175824396632576
1.05383538396372
1.0431602419605968
0.4046330600002935
1.3946165070357317
1.4753605338419473
0.7609874035141915
0.2510296828794919
2.396413857519553
0.20220453070183592
0.5841483505873156
1.9521830139807317
1.1782798250198432
0.40461864431984357
1.6986196727308682
0.6035823478620078
0.6902611924628731
1.5293542610929145
1.2874070873065993
0.6955039861242708
0.7757234213941135
1.3468550098647998
0.4722143880192524
0.9919980623072953
1.521477056686262
0.45340929593447016
1.615617229974964
0.4629432324334788
0.9636865912616038
1.3101268071332206
1.1231830061699524
1.1272326673500395
0.46207972375472817
1.6303747694873643
0.6119889040221121
0.3832781112222194
1.2688986736387748
1.1050966187516027
1.328727238326857
1.106553782385295
0.3895642975590486
0.9711160369624517
2.0630410344001104
0.6527775471215054
0.6584738105240957
0.8460597324112042
1.3608485355543372
1.2063122603662801
0.4223602581151728
1.8448158247822146
1.2959590034581219
0.008188192011279757
0.643476453712112
2.315041675246132
0.5494180536238205
0.9724768867064061
0.9314232105317615
0.9916380115867873
1.3558143409458678
0.7900455252462973
1.3590398921772113
0.47740451166537906
1.2195250929370156
0.5631096729594371
0.6283816687715174
0.87244400283935
1.9539983942007737
0.8492066823112929
0.38103321241575216
1.9196000896578014
0.5115863737934716
1.1517743250894925
0.09366044773178983
2.297468055821156
0.8296554153964636
0.35783773788851786
0.8555457415166319
1.5398094603623909
1.3436396707056022
0.3636934690658581
1.3691803413419885
0.521426193683846
1.2633964849454975
0.8338612221443326
1.0602993403535224
0.8672886693881172
1.7343960766240585
0.18005447166262958
0.8483880186071641
1.5670375060633506
1.8856228390048848
0.27097051113688403
0.12325703840601386
1.1904154444831712
0.5230525237210818
2.160969673830863
0.8511085304434904
0.6563163002085757
0.632812215273867
1.3796206579021373
1.2856284838227687
0.5174819245629606
1.257000183319107
0.842347766908407
1.0836949235510762
1.0347522328080172
1.0973807158888207
0.7889360095391685
1.2199977609471988
1.0412991733595067
0.9216404125136385
1.0902106937528357
0.9551731934741703
0.7209065451666652
0.8813995585797245
0.621764209956877
1.418862818392668
1.1805444569089276
0.9523253666565655
0.4215636731865428
1.7415594909619625
0.3141641180953974
1.6196388874246057
0.32992415494419375
0.9655395093930259
1.3647706081594215
0.9152373235693131
1.3217494444212212
0.34598985229689755
1.5021045624834326
1.1385896179302866
0.47092215740493915
1.4855755574038578
0.7697852640654866
0.8684022856666236
1.380145184014566
1.4349293364314342
0.29586566771884315
0.8322129174148366
1.8140741509369591
1.0187630892464483
0.3004290580895756
0.9142199595897822
1.792367248968727
0.9414984161369949
0.1595831337344743
2.524280437476461
0.3131744514558979
0.6392195910126555
2.0239056881962356
0.6153633466115656
0.4062572408245269
2.1093444741438407
0.5570232900392654
1.1500618582314914
1.1145312909616922
0.6948024167923182
0.988172394488346
1.3208917978224861
0.49128690078576503
1.2229115692611194
1.1050718358379352
1.3975499176461348
0.4092605087354814
0.9901107550675519
1.1880651384760248
1.2911506682730989
0.701491214910113
0.9038547769826866
0.8441724940339823
1.084056746330119
1.3917165477641473
0.7906217105550353
0.8317439106453498
1.3581142508042099
0.13279160004192475
1.8933610898374635
0.6332550094075742
0.631066068994396
1.8473165604190773
0.4309508927764873
1.1849290914815847
0.3491097906136131
1.5153699288227127
1.207068092827744
0.8129417074413317
0.87885446619165
1.7406949567774914
0.36007182555039086
1.0668781437702322
0.6626795694014885
0.9739356613789245
1.9500626847236597
0.6136665872121493
0.31614530392721146
2.3189531478672296
0.682647476995631
0.4290468412731552
0.862963801436846
2.291073373951198
0.5855098545082188
0.33469843953342915
2.405457577454079
0.14234189236832068
0.9446566382810194
1.1810653142400025
1.2314233227167029
0.1485405814776833
1.8817879722915831
1.4440748109067505
0.579481441009811
0.4721463936847803
1.1122181598785725
1.7495841361400124
1.0158357479165419
0.5317005551574082
0.9945731079261374
0.7944491989260596
1.0696172321985142
1.260120716533963
1.2067521741005733
0.6405176170468468
0.3833245447185645
2.7956056930601494
0.0158381636527378
0.6949395193865057
1.6146229507177459
0.8646140213298674
1.5689000179989465
0.22070600912788146
0.7154384595252706
2.8029341193001165
0.6842050433371131
0.11368413473957859
1.172074795305479
0.2513219002767034
1.5845235851865667
1.4552311542309728
0.5595027902567657
1.315096324428306
0.8781443010830926
1.1705323172322832
0.9691036503521584
0.128644619950785
2.1327467485250886
1.3804954993418403
0.416064104145191
0.564374490488017
0.47024881301832777
2.0046333080192773
0.9315104098855731
1.1229252637612868
0.43463082001497566
0.9396184790722507
1.3825729933598807
1.2911834446449915
0.5363883051132762
0.7745266746291687
0.7660630848730569
1.7823831140950386
0.6420946943320692
1.427047717896752
0.6955979099685959
0.09707753932630424
1.8921523229406414
0.9328231330573389
0.8244396549342975
1.4611248146635996
1.1659434234738095
0.4593185858048086
1.3318272647905713
1.1201570058159975
0.5162287047022377
0.5404311901654602
1.698867841577448
1.5803857510560522
0.1197980952797508
1.5519366373091081
0.7371763028095643
0.5138679818933053
1.9817045577340286
1.2879727230889535
0.27075119826284405
1.0133817092616526
2.0083795457992064
0.6420493348145779
0.5692153696350231
2.1686958116225434
0.06849033468832619
0.6300824406977361
2.9282466852330407
0.720917340305296
0.08888406886348835
1.5301071798819408
0.6896612007787756
1.358535551279646
0.9591050004878985
0.6272931286408508
1.752378758088337
0.8098418817920016
0.33952023047819846
1.935562270844934
1.0430694300858594
1.1825449556447414
0.05460023049906764
0.350220484427496
2.659137773165452
0.9678030638907362
0.578175620883403
0.2858459909061308
2.4351719982800546
1.1223815097151493
0.15109031502972886
1.441520343915284
1.737102055331862
0.666107582460485
0.1652639434217703
2.0634806923055415
1.2227918146920271
0.2745312938968625
1.3372868958318418
0.8496831278228404
0.9259183234078873
1.91331121625936
0.3187307213800746
1.5022056508760706
0.15962216685741162
0.11956015370490258
2.9586509070669846
0.4575908836745281
0.918582796122118
1.4600215817881756
0.8393160854307021
0.4616242229189907
0.5589182899405293
2.363548878392804
0.6267750748557758
0.8690686291372011
0.6291231645029417
0.9096555547776096
1.713958324408292
1.006723974935632
0.7032512975916277
0.7184749327764928
1.2745973415333
0.799248215337586
1.4582036076945286
0.8156592239810336
0.8245127961101026
0.7105752513883661
1.6906119222792533
0.6242848064975954
0.40152978152317553
2.0602386742988537
1.2762795134486973
0.23180296198631165
1.0997355127640744
1.6297286784877403
0.64977478165404
0.8264190050381074
2.4902691590478865
0.2705801320946431
0.2167980859816145
0.9844947591063782
2.3554769439282386
0.6864078959432123
0.6385739769377222
1.2958376648955
0.4194207065566749
1.258725957127889
0.8929293702546878
1.454301072214393
0.06489580889343555
1.4580911155652267
1.9032081081102246
0.7814195919164302
0.008268207978646793
1.5195256788840175
0.6473537328393114
1.2817491759173285
0.3554987320550872
2.347125624194397
0.11412874495111146
0.7250372427005835
1.1442380853401517
1.455994811453541
0.2961957455909919
1.5497598307597495
1.0476199694779145
0.8337481206847088
0.657071487030734
1.3990099625032666
0.7627407743766523
1.0521177688676948
1.2857633849071186
1.2461036055091117
0.7191464025896972
0.23851729661576115
1.70554319508357
0.9041079688318088
1.0112682618885964
0.3262193644616239
2.1030921119604344
0.12571717257730458
1.2851230105678733
0.46927813501814947
1.2344910338814925
1.4051449319071898
0.5786544220586289
1.3340628287983094
0.3709363602951102
1.4925746413888954
0.6905451995745299
0.9841463096204215
1.4740509243957032
1.4379545764255115
0.08620571852903086
0.3879543230602857
2.4300878356955504
0.7905904667719829
1.4022574607369658
0.11832785278144595
0.0692813513513975
3.465528308649678
0.4928121685774831
0.44275898598936686
1.647128024796361
0.3027040621385656
1.103903591726763
1.4504755591002678
1.9390832815429033
0.040563087918261145
0.09397094816493815
0.4057671492119834
1.807360129292781
1.7083989671695448
0.8389838446032152
0.3383774783601273
0.8536274812267336
1.6732557326416915
0.7970905364700958
1.192922824976038
0.5807451048714642
1.5711079543971116
0.4403044375965593
0.8983903478208074
1.1331829184790256
0.8822700088414831
1.1115246487439894
1.4146291482371538
0.7632260560502935
0.9614564332362507
0.17308407108685905
1.4038404276646175
2.1872194210960454
0.25006209707397836
0.7909381086840757
2.36752930475047
0.7426352901050043
0.24463017236517556
0.4905297192330284
2.3425544107324967
0.6920317356951534
0.42807426976405105
1.1452308999427057
1.087424169090069
1.7909237312530195
0.4539139904533943
0.6187406847181248
1.667068955997814
0.782891479226788
1.1841872496897494
1.0008863198290452
0.9579916762291589
0.2583771979425819
1.37367831649243
1.715640347303601
0.36381835752568553
1.727305466153658
0.009803725601713678
0.8838687763561159
0.283517288400596
1.7776242678326177
1.1756750542410002
0.671616585106915
1.3539510406557351
0.5940168470126825
1.6303412762125353
0.993528114298014
0.0033199000090890995
1.21640021610925
0.20281134843417994
2.0385575229489237
1.2665938059282242
0.6262215771945239
0.6761669083044438
1.8293508185196172
0.055623709849627744
1.3187185210055028
1.6751377788568702
0.05809522396655102
1.62450660160044
1.7333412496983804
0.4840552061716024
0.3675447510535537
1.6341313433661568
1.753725997608464
0.42459123360087736
1.1713150941559318
0.7250289638100006
0.2544796353999874
1.0810219593367347
2.038611045954676
0.5732977319541578
1.3978266739035456
0.6224462610465612
0.04746917617156338
2.4558822583394355
1.3776942217714652
0.34935153273798875
0.39498982335011684
1.503599419034996
1.6104007178706432
0.6596869434769582
0.5396656583253817
2.2939488147650344
0.7962436011919177
0.24768858764743804
1.2573735681766138
1.2703581128179442
0.6687404967232531
1.6260065607704672
0.9185742612223893
0.32551160015171476
2.0664893584706365
1.0863170412424437
0.15428045554953512
1.1243733924644508
1.5571866118360507
1.0429880545780708
0.47412404379290934
1.1888999163735776
1.2328159700124985
0.8460748446317038
1.373157979398193
1.1874091260099107
0.5335221060442915
0.5204491498103967
0.9209403166606475
0.9437327537778014
1.6710330295919091
0.6347573050283205
1.3751562953434737
1.1767497324203957
0.0987399121025302
1.1523310977806176
0.20422282218138224
1.3201901092819444
1.2552242870321346
0.9571930956081702
1.7864332223686055
0.3545638369910582
0.3275880978487753
2.214761716395745
0.5570548015464597
0.6764325123387588
2.172080547488609
0.624603442510754
0.9061461441610809
0.8009758249657803
0.1485934125437824
1.123458445434881
1.5632439929247977
1.36030915437253
0.5703507379459376
1.0473175488468622
0.22619914148593154
1.5264746998923964
0.7631582476280593
1.0977123824424568
1.663336784323607
0.9765952007724882
0.04107871565759779
1.8786231447199337
0.6185273827731654
0.6184877826030121
1.0659517805668075
1.313937081818423
0.8351764347476306
1.566069860632736
1.058145948742636
0.18196799171574948
0.683099327006804
2.9924659765992083
0.39701575723810734
0.08624781609047946
2.5640216795572868
0.5586430373549139
1.1799202365918817
0.4619239292430929
0.7970117548423765
1.051814643319508
1.5012431792184489
1.015459826041711
0.7118087677511353
1.2365394928139797
0.8605553327024008
0.5341737686304694
1.0436465466710354
2.4155604779784112
0.09468834571384109
0.8061773097117765
2.1944748179485902
0.16394837038013788
1.0522971895057418
1.1868448459366345
0.9546101528669944
0.6703565730914294
1.9295778291725136
0.7348366017798331
0.554534974355412
1.1611547830072482
1.1631098771675097
0.2522610583249387
1.951713131877216
0.9712358171548924
0.7123956243929384
0.9092725920766669
1.585238436668155
0.11745446563595419
1.2754766803987416
1.6354755795141611
0.5324244137837402
1.3433229856740196
1.0185673737309011
0.619469540467514
0.5601185633225116
2.514556307777219
1.0031454370533892
0.1376857741960265
0.2824351969172191
1.780186958261632
1.1991826087669273
1.0709341559349002
0.450615987736399
1.3866641253898029
0.936839396913746
0.8812995359752918
0.41386406970503264
1.7240198080828968
0.6358560537237803
1.779167636555353
0.19749923507402298
0.7955601134652267
1.9800199712835713
0.43070238994361015
0.8322397861906089
1.5813454887709206
0.5308684181494027
1.3930713575527265
1.096844319444259
0.16756142410565916
2.3906042697955145
0.7439698715635675
0.24937509942661235
2.6797679343249925
0.1795277491871951
0.22720313920908394
2.574578271738759
0.690548896036602
0.5887349338172839
2.1080628418404905
0.42057750790494763
1.1641360812334522
0.7555867083200126
0.4974628428961167
1.2771562302440105
1.106136642130045
0.35937477913478966
2.573436257402366
0.5496661699685189
0.0982895436143813
2.8795507604817665
0.685029613198044
0.5323825831991547
0.049269061599890196
1.260376470161952
1.080578476605792
1.483994972870028
0.46778427784608245
1.965623453375117
0.3712097689829832
0.1809909669381683
2.089978097175577
1.0788935287115256
0.20135026624777894
1.4616588786583398
1.4093169067840354
0.7049877917693804
0.9545088940257065
1.8399534325416587
0.5272218695145197
0.9042976550266225
0.6743330054233475
0.24476937805431512
1.6966710013211566
1.9211433620793927
0.4476370427399215
0.7847245919588881
1.4571739016334067
0.42336955708970997
1.3058689570839446
1.4621452311488643
0.9856785656428647
0.2967414159453742
0.11184939137178383
1.7457064801045794
2.173078872709901
0.13133915365484625
1.3596926916468077
0.90480586675268
0.7493375689457693
0.7453753457962785
0.38458734584381016
2.076583462442069
0.3519889365141954
1.3083455921390712
0.5192563526266353
2.100454846499234
0.08541697720166451
0.345624329509116
1.8677205324200488
1.7422785414370128
0.15730221029759686
1.021409196821085
0.4577647423013015
2.340541698354207
0.13473941986080828
0.7923466655026835
1.2706651269153189
1.1993470271513167
1.116585263567969
0.4941600109064209
1.3386721642515038
1.7992445133626198
0.33111736718847584
0.8324115189034919
0.07039640328672249
1.693591898155282
1.5104493081258303
0.5239682222571066
0.9871440591973164
1.6984364625394657
0.8636932658007815
0.5809974951073916
0.4560002544505288
2.9259763429806562
0.22826730361678246
0.22345803101522727
2.5865473501121214
1.16399114116531
0.24994828598495214
1.3603929341699357
0.39946345548740203
1.556289713943241
0.5803840534735343
1.1963494038760418
1.1780550881381697
0.6183044716619439
1.9054662324053468
0.579869892660998
0.28633564603496875
1.8358056911648541
0.9854660416159775
0.6161883686005104
1.1500008954783205
1.3686773486792636
0.27194251303336664
2.2394318341834505
0.8667974919232223
0.2989483257453908
0.0623308503293339
1.6326830640311216
1.0050848626231836
1.1621937903039319
1.505706229137338
0.3349869370890161
0.9778973738682294
2.112380984093479
0.3343414144436419
0.5462590414678762
0.7671939057773807
2.030113996898451
1.111970446623674
0.30153730095426556
1.316409960887588
2.100275873088935
0.1817752854605826
0.5486124639884207
1.1101232796842269
1.1508182348012037
1.6851500476189645
0.45352116116509555
0.45007599988155955
1.2902287707496432
2.4886745792118465
0.16475840342269776
0.5542230879599354
1.217571356065364
0.49213188309348493
1.8318382688158819
0.9262980574120467
0.9915226682513476
1.066780993690307
0.46181554850552287
0.6809903360600792
1.4499698001968606
0.6999268247813291
1.6717076571949003
0.4910935130513689
0.7288563153221396
0.869479183731051
2.0261985423213216
0.7123472459131633
0.787804564807174
0.5983522227834495
0.9732395098441134
0.9397444470705096
1.4407483581639848
0.502563031389783
1.3914735627129757
1.3561869566566782
0.5561218794290009
0.4489130789447738
2.1918113054928683
0.5438753661373532
1.1239589282537639
0.3118503366842779
1.1221110208244853
1.0811160699322817
1.659857330816326
0.6455200560864753
0.5592104877318606
1.1384607961796478
1.088945998650798
0.17266746514856976
2.225482355133866
0.9799721398611823
0.8329155789631929
0.13832289249497473
1.2262769027069742
2.58143437423974
0.28752058233312766
0.4031723827484029
1.4865484361855286
1.5387241183167468
0.9692694867561971
0.21464022276309958
1.7852637457316105
0.4460498071911684
0.8491456529906963
1.2576299856653885
1.2472219983391375
1.1376948407012657
1.0475105491637249
0.36441631761075666
0.8772580253203066
0.17991805103513683
2.3986345213841958
0.25230470712657926
1.1330464058335459
0.4230979563093014
1.2207281429234966
1.3212531503057843
1.6592303216028566
0.2894375059674665
0.02465105631101651
1.9750615052561231
1.204636562136797
1.3467055618592605
0.39821199003027963
0.7980435813891741
0.6527311357077142
1.4089684003637741
1.2006127560152027
0.7797105358504346
1.5030747949738
0.3326556158734241
0.07183775628087156
3.9951778788904444
0.3542778260738748
0.08049562280813827
1.0138438180793055
1.9141154682278605
1.215611015813147
0.5738562833807347
0.9444206777656529
1.2188604248201913
0.9911138314942093
0.27767708690418447
2.022999223174666
0.31025592443003275
0.6929747077731832
2.062403222709155
0.7374209386170124
0.49764716589942976
2.0023191006624823
0.948412638812584
0.34107517686748745
1.6176354714365704
0.7900820255043597
1.215453256748535
1.1021986278515357
0.33817556038608615
1.333615061586756
1.133363284020176
1.2721749846626582
0.30537752187611333
0.704528422040773
0.8971433862186676
1.7151276514687122
1.1497381656246664
0.9454762700255708
0.5838376079753459
0.9828057612751254
1.522242290888267
0.034760523932118925
1.4466481530465838
0.38019813950171194
0.9096489764086281
0.6302986223028304
1.2939933732516773
2.3759540925775386
0.07335243666973355
0.5307844618804745
1.37945225319512
0.7300196408303156
1.6595670141908156
1.1032103515053187
0.75826619398153
0.5827756194940533
1.2909014668479049
1.1055432224662625
0.1336920157913731
1.0298549839468583
2.3006134999733687
0.35977421486811517
1.0146257554580558
1.0449465329442635
1.128495910898705
0.8832612462157318
0.41730123155167403
2.820739640928547
0.15745707308641071
0.42073140871971626
0.39224061854907327
1.2596522110320556
1.7469224278786901
0.24910470425379186
1.0949611101320882
1.293772539505745
1.0401556173997502
1.6524941377681075
0.3556384024747494
0.3640923450212286
1.325712876469737
2.264032104563192
0.5984013844880164
0.3998230189667277
0.30136563085186074
0.21926291553641453
1.019010861598932
0.975924975057635
2.4476229488431356
0.1709768868757499
0.3937820944935708
1.1403662637655716
2.5940768100855807
0.07725463524058337
1.0440666622111716
1.0171277162361576
0.1049027490054862
2.659954118349913
0.14308892352023833
0.3010861767541833
2.277264788623172
1.2469324765293426
0.5141324479780307
1.0279125422959596
1.180109713707833
1.2278004619225535
0.659511360282659
1.251393817106932
1.0129013839139807
0.2204295098008328
2.208532945654199
0.15456930562123877
1.3492050239650135
1.1542376784647401
0.0838790613340552
0.7765919517821803
2.4543847074139573
0.4428897219791151
0.9082259277835705
1.069404683729287
1.3737321444917072
0.4193213663844218
2.0250046592162128
0.39626851110864547
0.18117817162163502
0.5497691824750851
3.133471927761365
0.4973116230823109
0.24455386448924082
2.3244173284267577
0.6126758910340305
0.3294680049058306
1.7395924144145078
1.2168152543513429
1.2873512542026235
0.3332216589360797
0.9781497890284954
1.209641416717554
0.7072214718434077
0.27229376061721194
2.0072023751390065
1.366770309369281
0.5885530894698967
0.47043196901937817
2.480437302482127
0.24474036892263396
0.6003750754319871
2.0620944436092943
0.7662052398538651
0.41739530322845697
2.014017460908797
1.3772996913291198
0.453960411971091
0.20556317650038822
0.7093344956725083
1.0569771361521256
2.0987142719847727
0.7147042674860928
0.48323076560754924
1.0242272304604259
1.2764604997590778
1.9790744736255041
0.27269546621299395
0.07305733776815765
1.3274307848126714
1.0966242720184072
1.5561663693173056
0.4850135895200767
1.1895442430905372
0.4420112395936768
1.190021389546607
0.6776220978579933
1.7431063397023125
1.4412179092570088
0.23234081251105823
0.7567561318631972
0.9685553143537914
0.5999365627289739
2.2914493293894362
0.43022090125412105
0.5130058597908583
1.1907365281583828
0.5632322973080751
1.9812409484678124
1.1663335900394178
0.26174200139413367
0.9429975918724834
1.9600368943956985
0.5647504052658715
1.2114416300766797
0.048902043049572096
1.9475058318885639
0.42907645022269464
0.4520401162725168
1.9578799307132548
0.6516362544639558
0.8856098413332015
1.597888314151971
0.7621119556298357
0.9497973613967189
1.7073335174777238
0.3583008345179578
0.47159868786190484
1.5012151465586097
1.6040537321939417
0.42658652262143687
0.7438931905649409
2.752796834520194
0.21171502610038925
0.1262586899570895
2.1822628506412385
1.4200049707178075
1.0004214562665328
0.38954115958281793
0.26722986524930004
1.9330554720997444
0.4198538447133496
1.4618210854230875
0.501719895713209
1.1451471988101458
0.11539021418503285
2.1290034602666323
0.665869781672529
0.958424160747352
0.7288311420072399
1.292636237941031
0.535345830708099
1.832046617694086
0.34660388580620044
0.9037164658944069
0.9427179568472751
0.8457788257007144
1.3350669624123102
1.0445750751849971
0.5468004371801676
1.546269777572978
0.6616598368794717
1.6055575111973943
0.9565486315296925
0.3456097489069528
0.3557621843674659
1.5898200713851331
0.39659845055573006
1.326541224569147
1.5971360015830947
0.7887722506006317
0.7269061215498869
0.8791594497821608
0.647505345350833
1.6620642387133575
1.380532181268289
0.6979170402655608
0.6034231501782606
1.356657058231536
0.6378019751249412
0.8227014837133485
0.9341815687208127
0.9460715387901804
1.4946857408416068
0.9630525454289055
0.7038859041298912
1.2126147346608132
1.396359688696826
0.9784250255882136
0.07536137140301293
1.4622549050788758
0.6779602052823115
1.7462837432430633
0.6746582580522222
0.09058626556392821
2.2809261473255824
0.24193657347318304
1.5606344726565025
0.9167985244739799
0.16811137933749365
2.98566493364522
0.4108299280073865
0.23205240897414217
0.7714062737739625
0.744455317323018
0.5829162703787866
3.294832753107114
0.21100242254920865
0.08802735607395966
1.0584321030225974
0.8832046090787857
1.1240025875559798
1.9504409276424035
0.6479630618246275
0.5602176599804394
1.0710585156615697
0.8891871578786202
1.2160544217879137
0.42790161232410384
0.9136779874065899
1.7910428506864984
1.0695348194386753
0.6375430710178188
1.187857709958921
0.8681485566383064
0.9539721314883618
0.6137676247929461
1.5255819459970692
0.37941509568507586
2.1093464145868994
0.13576230034663084
0.462325098892091
2.0127695892356674
1.2353798789511246
0.7350552949247989
0.45195531011549883
1.2524563776516813
2.4866461336972336
0.0572458722108355
0.503508289446155
0.9646895699576765
0.8520984267700836
1.376620515772384
1.2002876316629163
0.9768399370312624
1.019735606999239
0.362503262527788
1.2050015518818407
0.8934755564005643
1.5719547524166404
1.0952534157197862
0.3103693785385603
1.3658010179712785
0.8170043014879814
1.1672028369292757
0.29412201519790976
1.4929055379708098
1.0832096968776495
0.7514764830513413
1.6722846867541916
0.7838993908511788
0.6651827091230759
0.8872012642324224
1.6228559924770876
0.10796928667537074
1.8895212387000737
0.16894873678501166
0.8455473818650263
1.5450035544738825
0.8735506749442312
1.2883091092355277
0.14507780716245122
1.7351048793645045
0.9295340230369143
1.285215437598777
0.08187464551260766
0.7971824077798884
0.5574873765139503
1.9057760672068318
1.786388826755079
0.05091764507742961
0.8065137927311652
1.2403198112481433
0.6935444724636655
0.991839161476631
2.030819785364558
0.3627960719581008
0.9350442564350724
1.441090561240073
0.959977123311518
0.2917397628878468
1.3335452495247304
1.3416922752136469
0.3821660386655863
1.9048572353277125
0.4575908170958849
1.4386522447069443
0.34128087693325954
0.6495742655129717
0.3399028874191806
1.4133443749148007
0.10956349837173823
2.6357859251187867
0.16100916682533592
0.6526040180552507
1.148420358763877
1.696589354815458
0.09086041259939427
1.4350603101293826
1.4873891209424381
0.8989471846930579
0.6590589376480604
0.6197038421336578
0.8853118666324893
1.5175243983424496
1.3522027152605742
0.47316731563893755
1.149598580773053
0.6084213427357241
0.8812183372456115
2.457577402954857
0.2667557634256562
0.5564544055963535
2.6084740522604024
0.4293432889091116
0.36190828063791597
0.6197516362067351
1.346101216654582
1.68909577727088
0.7734238743305788
0.8877709781200035
1.0489624472280252
0.8804191765361745
1.0032993097154859
0.5814325834666302
1.2818685114635422
0.7849588748746339
1.4477836185657884
0.8780562655760142
0.5912796976468091
1.2166070872666825
1.2414833294276748
0.7230123819176402
1.0299195601797693
1.735167244879538
0.720619910344503
0.5036131095921165
0.7148430916986073
1.9771468481546504
0.8933471342555144
0.4186285154313917
1.4692824773910986
0.5557075543657822
1.2242568914830005
1.1468436561568036
1.203763450187234
0.5206934164735407
1.6606132392054402
0.7316598639451236
0.8650639278792169
0.03897866237133372
0.3398699781424799
1.8451126658498567
1.4660807998551197
0.5537754827788014
1.5446189180766137
1.0729895340706508
0.1778966414262555
1.3133961945857544
0.5932177397910997
1.0523821769090058
1.7971245780409364
0.6534855804890306
0.6929586330522908
1.0456344655937648
1.476529983864831
0.6589165808630133
0.832503732532456
2.062224932520093
0.2206651793349834
1.2132501708723866
0.7745974387783524
0.30079883544840985
2.5810051990363436
0.41405401003028935
0.4754104470169906
1.2901267063316046
1.4142000225873539
1.5792548098279022
0.13411473789772585
0.590955811565712
2.73062979018249
0.9702494625355743
0.17107326087093985
0.2331749141921992
1.2068655456793909
1.4696762751265775
0.45167124275506054
2.1176311444368134
0.9690073736902518
0.09781416777331371
1.3929754820630016
0.6511869655026361
1.349621658659168
1.198850411998629
0.33159144228700294
1.40859902631642
1.3118955668239654
0.8625877471695416
0.33233099402793503
1.775849042780654
1.7280271987817535
0.30309571864105217
0.8635693083872286
0.6505818048201079
0.9447426576019456
1.7044921152098351
0.4572808215495906
1.7489395632128606
0.7280878175391786
0.07193463758293463
1.3583458939440718
2.1571898981628093
0.4586066901175933
0.8556502924569224
2.2103183261807904
0.21854068076653071
0.31491858040026993
1.0009946584635703
1.419588889236238
0.48890345473852
1.6001470864315621
1.9196912883126616
0.12855245388536873
0.5265882096365211
1.1475945575342514
2.3391218496621424
0.22818182050463762
0.22415819416072427
2.134824766135813
1.1712386194299698
1.0090906099784085
0.24148629657924187
1.0411977597589268
2.542336115768813
0.5028967116139686
0.2819815924038747
1.3154514787802618
0.7583855218897667
1.5887172315287479
0.6550787656680906
1.1847594876463106
0.467280016474064
1.0918552447313
1.3959285535906947
1.2152803921700688
0.12704880139456923
2.246817447150355
0.3120943602277576
0.7908170222926787
0.8676699004788974
0.16205295942453327
1.2663718227041583
2.0217927514457537
1.3641032666710013
0.006739460481912919
0.6308565963126255
1.517472095069729
1.4923130544903502
0.31534723799656167
1.0093012102633403
1.4973887573196014
0.9441736676019437
0.6461240341462533
1.2425286421502701
2.205170292269439
0.25358916716870494
0.15283318372420496
1.3468791437098764
0.6042762678363193
1.149782318257024
1.7120552337023829
0.44677480768358374
1.3760933778002193
0.2144422464991175
1.1329088324070244
1.747898804081661
1.0105234861998547
0.33048043387575277
1.8267114449277735
0.5455508912105101
0.9891639939711281
0.9504271999378124
0.31795278495393575
0.722948895344934
2.833101517047472
0.5812302819603768
0.5359032931935549
1.1158482912063032
0.37346643390859396
1.6111556937402258
0.18947841808074944
1.354839226864727
1.9937331493716546
0.6080209423214302
0.028485217131475036
2.973539565045885
1.033946203810656
0.19814590215913783
0.34243576467777415
0.8016136776321349
1.6599637133510612
1.8855478194114672
0.41037717480919667
0.16269112792828877
1.039553980892306
1.3569890030971319
1.740023381146203
0.7206339221650787
0.3469938288059901
1.9104463090397923
0.34358525201034723
0.9287951401483981
0.6310821561270966
0.6497573790006216
2.002675733092356
1.5433544166351512
0.02552167526780693
1.670460132945386
0.34456593543306285
0.42937519044647343
1.5195165486273046
1.9632764893348753
0.6000180378945305
0.413936206624398
0.7309248918514437
0.7254857445731697
2.7386307709183195
0.3699946146536263
0.5543322567245826
0.45803195919239414
0.801045084780927
1.612816904159855
1.501498159576761
0.32981936413093405
1.0277772969692949
1.109807789581992
0.5337423037202873
2.4933996800964238
0.4128025963771348
0.3261478514618903
1.2749721575750694
1.6913720358403326
0.5333873860412872
0.435418811330205
0.7281092630063943
2.8646271891312343
0.14845008557230258
1.0154139522198968
0.549125666847758
0.39274488605251784
1.7781107814533799
1.2604489431594608
0.6452644835399283
1.3036279915159499
0.7406733661635226
0.3806347198350765
2.650911576386851
0.4677318127295291
0.5281991492724232
1.0651285643822834
1.471011946890019
0.25481883028744556
2.128913965547273
0.13463399912033253
0.46669429334957113
1.6532681654314578
1.978121618630173
0.5699790291591146
0.3248286739251747
1.453909992662407
1.4032140383315956
0.359674468794012
0.6771247849501677
1.5645240990088467
2.0769639260496064
0.07025410972407699
0.8927415292891863
1.1324041475087792
0.7400986259454441
1.2654129667095655
0.5879397586219168
1.5524362699926755
0.4318908414930647
0.9802612611831595
0.8074776250210922
2.1765873799215596
0.34266688202026424
0.6553109254594317
0.6987129231064636
1.4169201286078161
0.8784558196528545
1.8227826272994336
0.4071373305012077
0.06417715704989783
1.6599095416752025
2.3990154138771844
0.2585227419624101
0.8325502610667903
0.09162869757767585
1.949538565242696
0.5482373536013604
0.37182511963639076
2.9640712799574143
1.0353331073219538
0.013209014864366528
0.4388425132865489
1.7359528383400848
0.7989428626520463
1.4730264425877422
0.9333588948891974
0.38879112577869573
1.151287721349079
0.8816575662071988
1.9183717309147117
0.3677784492570254
0.895348837021585
0.6393645711814446
1.576937781810379
0.4200561379177947
1.5512504394997417
0.3391451708731272
0.8916564316372331
0.7953179825704588
2.257972735141638
0.2682055247308988
0.8720754888342526
1.6312126911689842
0.44143127808316207
0.6981075720914164
0.6765877888383018
2.7324212009236883
0.5356651304735538
0.20173047346443074
1.6810566696677829
0.5973341795311262
1.0536668043213195
1.3838641945082941
0.5012323618942286
1.5602608609118542
0.5916266862912741
0.8186901255017686
1.9863997202312633
0.24958680016432197
1.0779249254298071
1.2785313434834864
0.8197460729790206
1.5101729592808233
0.17997224657371247
1.0061056107177293
1.5906008594711694
1.3421825622366081
0.36687600824579986
0.994405954326737
1.8590598037187245
0.8314630541002421
0.3415773721597816
0.03925134140763657
3.327313122535356
0.43082724202305894
0.5336914384388081
1.5172166182890205
0.45502204352412406
1.6076379758223613
0.16907599487768143
1.6386845281039892
1.0176232773271123
0.49915181069653575
1.7609957284636324
0.0197637949873756
1.4674780309555056
1.4173499669571532
0.5525242078028005
1.649587239019542
0.19927961666276073
0.6520539032619864
2.926217960172276
0.7658966984614246
0.10541513971403396
1.2202404003536858
2.26956206933265
0.6072599721939435
0.23057961531806523
0.3485039458822262
2.698731069993692
0.5637386234276892
0.8889760934726574
1.2845635740828725
0.19838661469139068
1.9314807017763775
0.025817059738359842
1.2168236028097459
1.861220561388756
0.7595177852280778
0.44694120854731767
1.5973260809087753
0.8350655046110287
0.9052314382527313
1.9338478769516285
0.2609897871011522
0.2792761535211547
2.8765549427655124
0.6305222020884842
0.5595846534849871
1.4215521249173941
1.5058841976530264
0.0354398205701426
0.8911609521390376
1.8354029923086201
0.9220111682038614
1.2090235957078441
0.35406111514229366
0.9328221659022283
2.1123810336455513
0.09845226301048109
1.0742935181260986
2.2720446387153497
0.10849720977528621
0.8626362794512262
1.255086548946904
1.4081205591752313
1.5243424315340433
0.07935123045916617
0.4792574070991491
1.5721202178632399
0.7647653458665109
1.1193032952149211
1.2722638681860396
1.2210339038671667
0.8757768321078095
0.1333909253869143
1.1706338483073755
1.0228127606604631
1.2117953246054265
1.1059975702299578
0.9031609001945183
1.6267823534298989
0.09569209382832897
0.8092926331285467
1.5983681596815886
0.8658440392321644
0.8623404004744971
1.176132439414095
1.2790476955857528
1.1199714415536803
0.8629006159256697
0.40598803402665273
0.04463187991917085
2.1126232274421732
1.498046930499709
0.9974408362216048
0.4337839635239545
0.13788292445032882
1.4393949428271873
0.16336917253656802
1.82972479384557
1.2768681887073643
0.7016948819947735
1.594058568703987
0.07007847594485597
0.48303676628490555
2.3695533519261525
0.7415263695435936
0.9951407318928356
1.4813651486089572
0.575189095963209
0.04612504596910543
2.626574375775901
0.2957606115501627
0.35558559634061243
1.6636816498017664
1.7698346886968155
1.1425499173914913
0.09703168670663297
0.038686272213794615
1.292465492528817
1.7855250047649223
1.2535812610611528
0.5793688574707575
1.0546589902876307
0.5706630422586895
0.2609428752290471
2.429799543461804
0.7968405308842013
0.9835089189385592
0.6294892763311687
0.6379317512551689
1.8586373838962493
0.8372299056710965
0.3044509217789639
1.3767649455305844
1.9638443706906197
0.8069438021463129
0.46594490672106864
0.1452305692878907
1.1340782768436375
1.7510741575607862
1.2260960305258246
0.5270393771630455
1.0248698629877706
0.08918916893029333
2.638151747455562
0.9243773362756966
0.26094500686830147
1.1057215445662274
0.7503164500992021
0.7218622778151169
1.6665861469258667
1.2608884559232838
0.23790056679733534
1.0374912537253638
2.422141416596186
0.6484466032580453
0.22026088064631114
0.9289296956170073
1.8462574260125058
1.3042488124143323
0.2676602824145285
1.1728606240592225
0.06968511414823722
2.6649528188107885
0.07397556812123583
0.8164307559822793
0.9651560776902876
0.903936011837188
1.3039177007165557
1.475013586630204
0.19249475285261153
0.8790546581467154
2.337175561263982
0.8038294474346153
0.3076457147121535
0.7676053627516299
1.5103039270660237
1.3291328534321813
1.1291773180692017
0.18688978926126518
1.6581549052310556
1.60762700624787
0.029504024864282476
1.2725579800774902
0.5177170807256687
1.0384214256312327
1.286626012408704
1.6494035255987463
0.1385745385264362
0.7121120568257033
2.8459670276307363
0.3233384816006936
0.4655897675519831
1.6162140508293719
1.3418351916758922
1.2117842579501825
0.3642504509139941
0.3331225631727582
2.0460431710685683
1.0561733005189398
0.8432684770007892
0.012691405998891384
2.186097637552746
1.71390114530071
0.12688567464400108
0.6284018477654185
2.9501774984562297
0.359023935996387
0.37561278934110837
1.8541564228921614
1.3315088369294568
0.709038965906283
0.8890917439896909
0.7600692399594097
1.235041520130811
1.2506575516768452
0.7578047942109607
0.22233007243241165
2.0165144006898776
1.728449045929357
0.17142053028706217
0.5597932891474907
2.069862916557697
0.31476204848942735
1.742531563819304
1.0367027842708272
0.2340411511903505
1.60009625324587
0.34584893715447645
1.2926052432434754
1.6113197553953202
0.5601318774198228
0.36413525926705004
1.6616904001444777
1.2833959903278325
0.39073275685079595
1.6725150401637903
0.36831699985529964
1.75414583163089
0.10622687723079738
1.2144378764175274
0.6081619708494248
1.4126942852596713
0.23833721168699784
1.041116914786599
1.7466132936156131
0.4094381194216351
1.2482469376285503
1.3092833565150195
0.37184884061839846
1.9018922075484506
0.36023520109598556
1.1717407088724254
0.9317869264903583
0.7112760954252808
1.5599168060516388
0.707442358736196
0.6633243082406213
1.6704396033931337
0.4952833156133927
1.16602357908162
1.3212793845155546
0.34243055329278
1.7155467746895299
0.7252155717565177
1.334721920697068
0.20403837829773647
1.1579195738863473
1.2618908934729067
0.8292068613543666
0.5614859991478094
1.705886046175086
0.5202459364783832
0.8026273664094751
1.672867255146945
1.5278830963153525
0.08673738867547634
1.4331359201305602
1.2068933151487118
0.3333074310433523
1.5404911009610127
1.1153351941047724
0.30366781947902494
1.1825916707900486
1.290836937377981
1.3192919952702007
0.9502934852296431
0.7578883881572646
0.6747433387519154
1.749876784836428
0.6092366965225965
0.43201783680938965
1.0029227445649016
1.1180757475819723
1.0432197778387673
1.249514627711384
1.340113791267837
0.39268982482188125
1.443790144787078
0.16538001425343293
1.1295289313238923
1.113478236481074
0.9108179207349606
0.9892064070724929
1.0526652508746628
1.3258251359237339
1.2706356965717316
0.2185817016795655
1.141869082152564
1.4433322307502479
0.8718517491158353
0.6707527920432329
0.9859964178989616
1.0579928749025107
1.1635624098975403
1.2207641014525146
0.6689574288859585
1.1352982520030706
1.1050646738371928
0.8838319648663141
0.855626318847028
0.9594543444393984
0.9733870976365094
1.0274878301412698
1.2976829957784868
1.0039063454464556
0.9975485326669198
0.9360401767849374
0.6375520562244903
0.8956297614912865
0.8551384162538402
0.8839736417341745
1.771923797608496
0.8970167615029294
0.8291186419609408
0.9134233036509298
0.836703533450953
0.6545401351899804
0.7383751978108207
2.146245438399923
0.829353189806114
0.7754673031769189
0.9906772024418583
0.6650478284089798
0.47826263692143656
0.6425587755788185
2.4886024347526634
0.7752549922846068
0.6891568734571988
0.9330187453914736
0.4641293174761897
0.4971195236112488
2.6759005381139787
0.7368021082106077
0.658507534626771
1.010059824491822
0.3294585146196521
0.34681959833408155
2.962966071161231
0.7161400577160427
0.6073547529796223
0.46426588815298414
0.36463880807514826
2.9227178834731804
0.6763597043466075
0.5908226129959077
0.4433682044756644
0.24103977252865277
3.0753623373765433
0.673921426136379
0.35035971488426876
0.37915752070335984
2.999392950069499
0.6226100777753681
0.33474884093664037
0.34244205548484846
3.048520769592722
0.3811524350183696
0.30378704521380967
3.042801889345769
0.3589912274592935
0.2870072778986034
1.8904121333541606
0.33612922470439077
