0.5567346196286029
0.5562192259475286
1.9003026936827603
0.7781137349326283
0.7328166702319713
0.9290690499601603
1.2718088155287888
0.9388692959069816
0.9312643137396959
1.1650768433931185
1.1648967178241532
0.32383617150190575
1.1822743977884382
1.1688138631190457
1.188826972556802
1.2474163116060226
0.28866745515739006
1.2645788816645296
0.32990174687447094
1.2516361863409855
1.5148602589497724
1.2450267793486838
0.13300235742505845
1.526064478591988
0.29745458900868954
1.4217193038269884
0.23679395655629726
1.66350484884935
1.5413107564344117
0.04613051083163193
1.6642911288275017
0.08076998740063109
1.6083826999244362
0.168275913180367
1.6038849648912494
0.20061382285424947
1.4515415629446797
0.3546854696489603
1.5575645591729967
0.16070744240131898
1.637483765779755
0.038885721800412436
1.8212526892740515
0.030780921004699088
1.8173293251823632
0.69614332853864
0.04934826291212684
1.896096325498419
0.44673319636135905
1.5127752649324797
0.2550757360678532
1.8353892584722455
0.1618868333061174
1.3536304761683449
1.1982410532567818
0.11570413031669737
2.2570566844974063
0.8385816712032598
0.11153433895305499
1.7295012556162703
0.5368082269938915
1.854572063627627
0.36862609051786105
0.8014496492789299
1.7280506682531738
0.3112210752827826
1.394451163715379
1.2685827806337
0.2715529940663953
1.864127918895048
0.9314734091068462
0.2817319533040444
2.2750027071697336
0.6953955281738761
0.22481861314533608
2.365578192753194
0.5433132511219647
0.6836929331270407
1.783221422211824
0.4612220497740353
1.1329138298163741
1.3486082636000984
0.4800176581666299
1.6780745600635405
0.8145968559899673
0.5265997513359103
0.628379068799229
2.251177406467053
0.8191434675989722
0.10968005490838025
2.4030660811934936
0.6862362810920339
0.5119132161740266
1.848393790751425
0.8160612354454505
1.0046141667450512
0.1736449350726048
1.5146729223724118
0.8616870927348204
1.393261577953507
0.7660481054095251
0.6710217934467663
0.8462804975904381
1.8431151824873735
0.931025443314655
0.021866009474581626
2.621855955399586
1.2684700835198743
0.07894109407153199
0.4253028304608192
2.3724827324331246
1.0898407031856068
0.7550649350045174
0.17948117215972473
1.6871506446023905
1.1019560691200616
1.0624606576044098
0.7163548104709229
0.8484351352895873
1.3540545444742225
1.4446075467129924
0.2043128657286414
0.9740601033547315
0.21836739675039857
2.5021930057174493
1.3579489124859556
0.0906322391288556
0.26691279642611315
2.526319306617196
1.3523962976645159
0.50172522250976
0.18416064074400562
2.3034738329529314
1.4356573401518984
0.12566263705747513
1.0754710431907508
0.859253794957101
1.066586563102122
1.6496663411128645
1.0200853106550463
0.20427333753296145
1.00818070331208
0.42419233330161393
2.2547911485793453
1.313224700296376
0.296237558094244
0.019050732101416265
2.4743236263765063
0.35573327746464006
1.6872851539273805
0.36994280885829034
0.19156828093367176
2.4215156829161306
1.3291046508583977
0.47915817871045274
0.6106363442488767
0.7655770300259133
1.335882156766988
1.9516940637007956
0.5820640330883694
0.18939519653712217
1.7965046382931285
0.8236513689542321
0.37627135537653283
2.149393507665802
1.3795181417674438
0.3256923110213564
0.32791754520066896
2.089573342546253
0.4067292622032803
2.0501417141446763
0.015711089573488803
0.18155682736122153
2.545617645079651
1.2042205530703423
0.8775237955538725
0.21685181009494925
0.948672216165363
0.11835506709182715
1.716139395718504
2.6115136961121195
0.13111767550621825
0.15945722816763516
2.037619771176694
1.1159685246565179
0.2073538223373277
2.1531181051470303
1.2790240455813455
0.31968543342022837
0.6863536879207806
2.3843371140877325
0.4813283810660276
0.6830133150909056
2.26980502552434
0.23809927009528106
0.1881723752471304
2.4488944925914575
1.0298458505941601
1.0134976271259135
0.5584195846672507
0.5579823012875114
0.01288777786548012
2.041970077917953
2.47341866408182
0.10281761268449592
0.2549637240921418
1.622176526466933
2.3338696400333694
0.008627753489189939
0.5081349271848123
2.3361192342640447
1.165034748537549
0.3456010342597238
1.0551796681677972
1.9530840587553937
0.5772675763425605
0.7063213619634563
1.8315147425612373
0.22784092920777568
0.6148097999492762
2.199045058101546
0.8199397341847485
1.1108532163798375
1.0153667146322196
0.38826388552055624
0.1427252721520266
0.04363539496664356
2.403798862762657
2.046167434221221
0.05033500430075449
0.8792301039232293
0.4493370155262137
2.3376095457651402
0.3240269392115581
0.3313403814787401
2.327330773731016
1.032121629826914
0.3586024829585181
1.5402415202372282
1.7260274241959355
0.45906593673641544
0.461283429068175
1.1118241618229843
1.6321855782879575
0.21573323890638738
1.0803782623531348
1.9452185457253153
0.6319678282587433
1.2532253702005902
1.0750679828842304
0.14646927519309874
0.4445154887500254
0.3896169010852461
2.134262991579686
1.8083721511495299
0.022891755252415148
1.4958914999564181
0.6913156571108937
0.33649116644330723
2.133524811802308
0.7874505421462922
0.1511303079731392
2.3129098435685034
0.8862478967363306
0.381285364781619
1.9772107908862935
1.1815821280874779
0.5580549402984631
0.5983480349262507
1.0373222842773362
1.3065849257418287
0.20542941623198174
1.7074780953758968
2.176906336412389
0.13478403591834634
0.4300021851229253
2.585714957503368
1.1625772502664475
0.022009043719979825
0.6588619846469054
0.8451648777977095
1.7964242247990705
1.5708771538872432
0.11673644385011855
1.3149106638500505
1.3424227500953474
0.4379758587788482
1.1277462761024442
1.2047241183021489
0.10168114939248865
2.1991125435479746
1.089514444571728
0.46577999058273545
0.5604245648029299
2.3331163211563366
0.724926374256643
0.7257831452260931
0.8240730057478614
0.9403350862249453
1.0194510911330585
0.20235059837815453
2.246052477329801
1.8607022489021117
0.020399377349693916
0.3016785634840716
2.9906597931948946
1.0379369761791
0.06899189726481415
0.9080901186342876
1.8444811713011884
1.0077610999421163
0.5968023537615003
1.6964332123993087
0.31244816996201474
1.0952793056584007
1.5068255647647208
1.108070681246103
0.14022847615190803
1.2675435223847422
0.46627869048646087
1.9387031286502352
0.8459538543894655
0.4958318840142566
0.7296060771571748
2.6668524183971902
0.13665571228550324
0.8432167015457599
1.4355095978191543
0.894225370376087
0.7080242371417039
0.5334796793783083
0.23763848056437512
2.93174358151545
1.3760408946247042
0.07679672608607532
0.070137105923391
3.2341622092077014
0.9158645805180611
0.11222236740319567
1.0934760040113671
2.291608665969909
0.45378757860713625
0.8785488820809174
1.4594649318624726
0.49261692579032046
1.2310684434807155
1.7091315241622123
0.17470369671060407
1.053995481242808
1.596418964018275
0.5133773330224272
0.8535444670047158
1.9661577216702522
0.574091092273978
0.5745674636926987
0.8193068383373454
2.5683248060188006
0.43558543616145
0.48549949182218055
1.7762286545254502
0.8775495637899574
0.5677542520104166
0.4243724802571871
0.3218668596850443
3.1389228074365016
0.49911041223420227
0.7648407485860695
0.1278115613952324
0.5872715389128677
2.7155232773150026
0.7430526387688929
0.14511869992121812
1.2368770291880902
2.514363713275808
0.15043337364514073
1.0351040006933314
1.010275722384143
0.7313037606460946
1.1536113643045032
1.7781091470994708
0.14903285323157114
0.8773620356565758
2.2846319242166384
0.3461511747692623
1.03213238322465
0.767112945087192
1.3762099184755552
0.3638565758595145
0.7446917668885549
0.8682147399012191
2.322849765920883
0.9476456566046507
0.04804623440065887
1.9797612845345554
0.8595189013974349
0.4029985286377858
0.3306908137077705
0.3500722082174863
3.090886481054452
1.2479234499619603
0.03428872581327636
0.3811383435210055
1.5340977759273644
2.21381115896813
0.1390457890873615
0.6384170409915387
0.21639816008145182
1.245109031688258
2.2237368819508605
0.8080418301033371
0.6810990263900131
0.24145521097990108
1.1868140041648116
1.0606248531905105
1.7451954973941397
0.20920664593222793
0.6720166008274063
2.4378850094468563
1.2663068620722773
0.03858640499020954
0.9090818684010009
1.8895900959302405
0.1512011472966736
1.456316213176891
0.9776448388314164
0.20867710252450583
2.2340670814155374
1.1696453670324387
0.6135537426538612
1.2876893028553258
0.5109402529695711
0.34879686330238446
0.21344298990792349
0.4437001310019547
2.759325571816407
1.2601461628321697
0.35248846671921946
0.5990447506919861
1.3484885120587298
0.3506485224797419
1.546127156148607
0.7207943423862818
0.3034821151835048
1.6701843131008383
0.3394719302386625
1.8093970690642274
1.7987710702852444
0.09488422008875842
0.4940135303058144
1.2241895386104742
0.871795646900865
1.8192715062026432
0.29146480637640704
0.7333587317255406
2.0747317053667897
0.4006946909236366
1.8133120352682248
0.10982730569198211
0.3790055017363516
1.5023786534010262
1.17926965251034
0.09915443223785073
1.448459531048003
1.8859274692809656
0.3328730586855483
1.300200628804193
1.861747897716377
0.5804936072796631
0.06761283246516266
0.5156699076404241
0.07782305923281942
0.5331972377380568
2.497554476080234
1.4476607886712893
0.4422597490863185
0.26931451256165545
2.0884397502142598
0.45160581169641484
0.862557813729063
1.2205840584524372
0.25719306280408727
0.7217743407412582
1.2656462814743015
2.0219990848559704
0.12051942040131411
1.4465757712722684
1.7295104270089607
0.13840090435763924
0.4773370925839157
0.9428813086533637
1.9344451354084347
0.4357535884944795
0.8236354678134273
1.5765760903384507
0.6527264022130286
1.795704771992453
0.38257000045392536
0.9052962748337625
0.8656187181960129
0.22380357420275682
0.815899109499738
1.5976781265132045
0.2624816090260681
1.8862688962641851
1.4285092693168349
0.035184541698330796
2.361489467048433
0.11133685355973855
0.5850782079641808
0.16116580479685758
0.14492094665572244
0.5007805659490853
2.2516233331448667
1.3901337372854896
0.4967408038969427
0.8727206358769531
1.881688618539232
0.6206675235190293
0.4201604315159916
0.9853811015461333
0.4201752068668614
0.10122232755041848
2.142636823612325
0.22128547027823894
1.757425186522295
1.2318199826824774
0.3460381410157735
1.829144765060364
0.4192724538130726
0.6283943932969304
0.3330054876585473
1.5314843369152311
1.1583601408671627
0.7217243190189592
0.3882835334804498
2.178994995078587
0.19419935011611378
1.6379935141093944
1.5141959081420806
0.145933063625985
0.6300344019970561
0.5035038510971945
0.89431272679901
0.9596250319507773
1.6289749382933694
0.3091280148523035
1.5829696985050437
2.158337076062215
0.04329106452960229
0.20033404489912168
2.040906932417371
0.9169007471680934
1.2918316361054905
0.11012345206676752
0.13322023401720318
2.3360534093497543
1.9513289080370084
0.11550554347255701
0.8399105464763109
2.3760365484069355
0.8925453310666698
0.12404547475375352
0.46252755431334214
0.23714612748250632
0.6045596799257367
1.7542899446853113
1.3792080084631142
0.8078155133188525
1.0551621671558498
0.05948367781089553
2.595639601176025
0.6996739388000731
0.2548413454061454
0.762758343731062
1.28497079357313
1.1261734307729876
0.3163042717889008
1.1098866739766882
0.37223750497666286
2.344339295009587
0.31165676803651743
0.967367187119007
1.9079110290825732
0.7153857011606513
0.5124637745703217
0.16939635132413605
1.5487235445144782
0.7285854961257755
1.382389241869092
0.5134045395281989
1.133093848337135
0.9540266328976196
1.9097444028824924
0.13324568950194773
1.1746078612349051
0.8537636040321444
0.7799450391946969
0.5989050995057218
0.6685671061657299
0.319272633050178
1.7070963015091438
1.7179394616665784
0.7316264813252362
0.4926073057875605
2.003252728731245
0.49185129882668316
0.684171553488511
0.655957694887989
1.1308875580162816
1.0359875794507227
0.5366041999153024
0.8562983567327899
2.471328105819656
0.6484293229749467
0.3995281112145108
0.5939685362150784
2.2925695614484485
1.1031280825217638
0.4298487746896666
0.7924858314543267
0.7725565913365617
1.0272969949814665
1.6967679787289278
0.13818429243303834
0.8501987941762114
1.081966032828819
1.7336415417570896
0.9363951873120719
0.24120931140852003
1.8926931698348153
1.043431935413285
1.089758629036677
0.09441404692372764
0.7388894909001055
3.443633002829995
0.10027776418684786
0.08577591830070419
2.650323443300603
0.7321115331799357
1.3057497198886423
0.18939168395626688
0.7851346490909552
1.6465601446009177
0.619001970819488
0.9311827980659599
0.4324887216589826
1.7866299918102877
0.5931559898488512
0.8616336314879353
1.3049504779851724
1.3253813625558843
0.840676430385241
1.1454698838492596
0.8899246191333907
0.3164579130400603
0.8068025506180239
1.4381315103044505
1.8055377225857119
0.8420515127850212
0.10795845482001916
0.03046469331460377
2.730336924735828
0.9869831351146887
0.8023816411112854
0.3725338542555805
1.729074812707143
1.6793024456565884
0.045631096104477846
0.9621523006629169
0.9209578323744897
1.4909988404736736
1.3744743939649138
0.5203134600422279
0.3167901666001837
0.6105410393148296
2.6099070237552984
0.8087330853946417
0.38472805870905635
0.9045679665371725
1.555768242179996
1.2192818278591782
0.7102045549625698
1.170831504393138
0.8186190411099824
0.6357886834644856
1.0612323801691652
1.0903805926519916
1.1419974946382678
0.9761463031963751
1.688702070029071
0.2832685219625516
0.31737456233296496
2.641571988648658
0.47644391478125775
0.6944874571481244
1.2605400513182798
0.1697567173463806
2.0660300510123295
1.2577448371494566
0.5564345136059321
0.19790406669651991
2.0770391606269767
1.87094830013174
0.3080254118305856
0.34368235005047193
1.4812187443434661
1.3176156781864388
0.04885223715598042
1.8077884868341154
1.4763069425710316
0.6524048296058441
0.8490018572630389
1.0431918638822126
0.7385685995478293
0.6860063575683999
2.0138917030734924
1.2584542206920717
0.01281146901610193
2.2017330183681505
0.33764206069792796
0.3146982330999792
0.8719958316377884
1.9720893272191649
0.16238094439170897
1.626109127776699
1.7178304835728306
0.3015566438534162
0.5291686619538407
1.0407774664400464
0.9801095280614215
1.943475188017358
0.4904618874218578
0.5203458072992946
2.6867199203831
0.31480841060772125
0.291134597759318
2.6218943275423543
0.36549593648190726
0.6413706120176291
1.3876061039903538
1.2960347817012758
0.7304492513315569
1.605940056521238
0.24362455417812376
0.7672143821567464
2.8722805960863615
0.137064557881677
0.3458212728481478
2.0089303254497017
1.0610519631611364
0.5259371250266557
1.4603536183314614
1.7030840996215502
0.34525708898577895
0.3046734508215641
1.9592384444920956
0.36536814574334914
1.9119739780112726
0.6588170710474057
0.5210219793495394
0.8632102332181281
1.0266643891608476
0.9683211003435963
1.8243702898165628
0.6501149341306967
0.23082184533391123
2.314616973478532
1.4293867964020313
0.10216053144080718
0.5080158904249525
0.8899136438653836
2.069563054623771
0.6905720024622924
1.1311229481048088
0.733315296810798
1.0811738279156524
0.41510748040845197
0.5337259959749734
1.9688682330814187
0.9923810606183174
0.48603517505970506
1.294748539002284
2.017402048208248
0.5336633467310796
0.46207528676909654
0.3114535106813925
0.668646965896432
2.9019816977589445
0.13903670605459756
0.9993880954744613
1.421757910758227
0.3524900927113309
1.2115709157145147
0.35667896677661437
2.3083136026108253
0.3455042221838499
0.7278558013460642
1.0258222869227802
0.31712478943558275
2.8384275364305127
0.6459272124729687
0.0019097672495696355
1.8661899055613211
1.5966619507535944
0.31693978176660825
1.0735652681692607
1.6088786225150513
0.5336666528881173
1.122425662098821
1.5196587185213388
0.48421763617312175
1.5609625237878002
0.019276882023657835
0.744227025711438
1.2441319615476576
2.022463154010949
0.20467555425436704
0.9687276618468778
1.074003812157568
1.2707207768260036
0.15847806671503922
2.2280842688568416
0.9319973751291463
0.16281730342446255
1.5287613143828067
1.805856048615348
0.5661008267245611
0.6686569287946482
1.119738039426011
0.2789703451865641
1.7205734122181255
1.6225619035531478
0.3387797941914309
1.0274780746954228
1.6381140415839133
0.46799791354393777
1.3504120614488606
0.6975198807410864
0.5969305908708961
1.7266978259275774
0.8660979100984497
0.8875196116669759
1.6892848111131358
0.5015618230384445
0.40036998873594015
1.6969764792106654
0.5076642166689593
1.316058006148909
0.8153796652133309
1.0134909457978043
1.6457643043748875
1.0674313144398757
0.1753098170410907
0.29056548729561804
2.768255466365962
1.4917754400003578
0.14347258680133917
0.4539966583462352
1.5200791937306508
0.6416208631049255
1.4169157615378924
1.0445426111028913
0.5653678767795156
2.05120206055803
0.4163032648346592
0.6165785120909066
0.028653913875814514
2.3676686444174404
1.599513311152989
0.11491397345616966
1.054387340077419
1.6938854138356787
0.7907489529813361
1.4712799461541186
0.03700133329776995
0.7123982606003663
1.393864124448209
1.0438177180741677
1.352941043286128
0.6662229573041006
0.8862898329250383
1.0684184241187664
0.6138049810189179
1.3234792203019754
1.557022811984063
0.8297457762886065
0.25855308211340317
1.8319383952885813
0.09364520156962154
1.5763058163969135
0.39435768031711943
1.6499186741263356
0.82434558803958
0.8670037451884551
0.13807175709967898
1.4251979957337244
1.3324587253465632
0.8814116881080256
1.2318109480099424
0.24868840342267293
1.0984908307764725
1.6422562500329954
0.9506600940509691
0.7492671130379986
1.6889945470729757
0.28042570991568677
0.596382330029977
1.358861542474388
1.3847876289305487
1.4162561322137703
0.1537977871149425
1.2724484754734282
0.9141743354071937
0.4269029987801283
2.056887629593528
0.5116583024740076
0.7227276286807117
0.41823862384689603
1.5890809564829957
1.8638799427759416
0.4775781428628483
0.840336492146926
1.6978795730501466
0.3181167460517553
0.18159952853351324
2.3574891896978065
0.8971929298465736
1.02505501092125
0.6921530505150143
1.0242795871239
0.7526214766054129
0.817340349755939
1.9010360776405195
0.7274903234077711
0.8601286805299639
0.1381974424986235
0.9259964796173435
1.682671201299711
1.486125417648992
0.9383503957929836
0.19291104968002518
0.7899436752389741
1.129146901085951
0.19185128018574943
2.628401728968513
1.0629297484579565
0.22234527849083136
0.32783385163606055
2.8916250750554515
0.39210357279409064
0.5366525012380471
2.619178768822342
0.6027721549913769
0.405599848990905
0.14675015643967865
0.7270131932508843
2.36970496963922
1.5314909635228335
0.18210351842348807
0.6813150180854023
0.13515911107443523
0.7912812237311697
2.623584336497177
1.100997663553347
0.15211120127931513
0.7270935983970883
0.5282764561778718
2.1318749830007606
0.7031229690422014
1.390576667472004
0.4839476878930576
0.017216114768721445
1.1799924366697065
0.4561632170054542
0.8975078872329889
2.298169378955862
0.47228496694397903
1.2001646471005234
0.895035972336496
0.205435921485756
1.3826880524573573
1.2712209939138293
0.9412368190920166
0.4511471749983961
1.2665634514327968
1.7546291912314722
0.46431005060682967
1.0875752620714516
1.8635532793948741
0.15484060125508434
0.8082578033403939
0.44326443559046436
1.6745320941782023
0.6117172636523994
1.4168334013766535
1.0209072565928452
0.3733253865200948
1.4182835843075796
2.036335868085604
0.47474540648862806
0.21313314886131568
1.662141506806302
0.45172981039930943
2.008537944603141
0.33930675346552974
0.4214644594937994
3.294810072696427
0.2005774026283779
0.34857317585957576
2.0893432231995406
0.40105907645106104
0.9920923261999772
1.8924128441807344
0.323882274424906
1.0072308421621636
1.4626669243067654
1.2554026122068096
0.2561675900420447
1.3789135461839157
1.4700424918121013
0.11719565368096937
1.5763006793539618
0.15175406286838095
1.4313155616752857
1.1138831668171423
1.3183451277120608
0.873488877917286
0.411240011814426
1.2053837957158566
1.1560348696756646
0.7916832863708403
1.2711624073859429
1.2076047665492649
0.6487805735946242
1.0377787320557006
0.3372051054745017
1.6235167438330795
2.076396025877789
0.10030563223180376
0.8903627908448898
1.6430161753381514
0.5355856898163994
0.052177432621755844
2.5441290148712574
0.7356558720251987
0.8903612179885859
0.8249065351694052
1.3409369875202188
1.1840373502691737
0.05892542158168252
1.7481031133918103
1.7867397400262688
0.40858942405342596
0.7176184969174552
0.050453673842975194
1.673736027302021
2.1558770385291224
0.29325744400398895
0.784645026499283
1.8007621508960474
0.6204248634428701
0.8258106215490222
0.1694680818832128
2.582216701314937
0.8155727167202509
0.6554502973315557
0.07967425218219494
1.0416585104290177
1.9281815876911836
0.3474675226669635
1.7710670884478936
1.2777348137777198
0.11491143185590554
0.47186555026157967
1.462373539258657
1.235405317177115
0.8081520817878486
1.383182341002586
0.7384911691670951
1.3370674758018082
0.39528331642790004
0.6591547442304381
1.309160737656091
1.8422047068428418
0.6550628121115791
0.6097448585800106
1.1567738634121616
0.5183664466525815
1.419380605102733
1.349956249215529
0.8011953226694043
0.1881672492666194
2.5729420942472125
0.6533789805686806
0.35671753306615983
1.082157750645696
1.7441080512939946
0.9915358821713913
0.3515382647369154
0.9824266471580494
2.0996089993280815
0.7036320865827009
0.9818504488133288
0.623231369738315
0.18369363156984586
1.2463479921220468
0.8409207771462066
2.070490334508133
0.2763067905878218
0.8325364037556109
1.199188233783635
0.9569348849639071
1.6543268688864403
0.342052826147214
0.5289523957546445
2.692773936920347
0.2640524732497472
0.8719959635968404
0.3329389723564362
1.0081506360599595
1.1776708667526612
1.4303035233745673
0.9164971054494988
1.539292990191763
0.10391558063713777
0.04494957941864071
1.6452839314833512
1.7188818586584018
0.20860777074020131
1.9463767249410964
0.20746806904113882
0.8861044166058235
0.5334529244812544
1.3134883026725672
2.1928350245150647
0.47237129247871223
0.31116020396863403
1.798684689268667
0.7594021405055326
1.1178767741686568
1.2993361843533195
0.321048654918671
0.24296172545005956
2.4269952426905537
1.756958343584323
0.17754176869182559
0.5379169705588993
1.712333300578044
0.4477086063479586
1.7400355498624573
0.5003651680798868
0.8726695800412766
2.0641695464024554
0.1519744548274003
0.5763906280234369
0.12044901651537183
2.7704739239257465
0.8197077369334846
0.7846192326483995
0.10114369885622328
2.0370186050635493
0.7096083102249755
0.23386149743569906
1.6016874745762577
1.7058416568518222
0.45778093590520436
0.9187199498134764
2.3104172659935722
0.06434996754378797
0.6256721725650314
1.1574045326904217
1.2363461734548802
0.20870262647542334
2.0491914850704127
1.2606876923237247
0.4219975133591663
1.532833968824233
0.4619828462324892
0.7674269274021973
1.391407870890097
0.4986835125422376
1.051007244993828
1.4338134144166095
0.6461032625165171
1.4765396557456396
0.8280049351132596
0.6934546919563219
2.084449123071915
0.7635789177515595
0.04765393436778916
0.5754647250828093
3.4555544190544154
0.31473055511925013
0.06067187189770135
1.5416050993121402
1.0946813499350032
1.398096624517598
1.2018547700944018
0.7519341565302923
0.42679802475244866
0.4985223899968685
0.950610109240681
1.432441921684284
1.2369545560245478
0.9197412757614212
0.43299781841463747
1.5522745989260462
0.17241797986337956
1.2460149526889348
2.202699394240157
0.3618574754943337
0.9961467325171834
0.7035438011782711
1.4986224999549762
0.300188200107829
1.4039080676305087
0.8211506340455275
0.4307438887552764
0.3561102110264181
2.31765625331806
0.8598372712109011
1.0304747009460034
0.17365287366083382
1.9167290062853715
0.7795859667202906
0.9630121101942943
0.49999555083244884
0.3520228599887185
1.431374746953184
1.6893691246897469
0.5037917388337481
0.8022993638305682
2.3172790064390116
0.6371397121078336
0.3775045740389138
0.8712372199914656
1.3861971015782988
0.6730554869199333
1.0452954714473692
1.505589702919958
1.0063092127567048
0.40202632452244924
1.6754766157761918
0.9267073458207513
1.1524384356416417
0.01128646739101116
1.2696590742514997
1.2584601155275719
0.19865604081574909
1.41843253029004
1.8744422659620312
0.7692600152584929
0.8232970127780632
0.24176691629838493
1.4133295454285062
1.1587936465730413
1.4612909683106126
0.44304467255247765
1.2785568044750109
0.12420784351680017
0.014695400003933717
2.11925590768917
2.125874186660001
0.030382612097533672
1.3912723007323564
1.1744922462510108
0.8373237896118324
0.6047290684870643
0.38659659361125126
0.23704345476776736
0.08609622433925881
0.49881014288587866
1.2453968572668002
2.204831891773377
0.47675242632965353
1.1938448122182723
0.8429248365889146
0.07789397893531846
0.27898769246384497
1.6192137711363381
0.28995497336081477
1.9527873822480812
0.8098050055274052
0.6673832530043369
0.9803173232632792
1.967743585877262
0.2192433963189033
0.9164998518866787
2.9761052143297815
0.03805585283428703
0.14559742792228872
2.9869924410801145
0.1477547985210697
0.7479441251790929
1.7343081435417316
1.3035718857514513
0.6675315923471713
0.16331219100935646
1.3479195184738826
2.936796928791591
0.17831294128517075
0.2975154276019343
0.9808662722774005
0.6783049413546139
1.806528459971235
0.43933164279897396
1.8851656509750567
0.06083817005941218
0.33626966299902766
1.870327664375445
1.9517478692236507
0.34021812575175875
0.5777071829802333
2.72985435140242
0.4833211802175348
0.2567607973118095
1.2707992110201332
0.1405876545543712
0.5010424758849259
1.260332317974838
1.6723730253937323
1.029754575025873
1.1721648893619416
0.3932345722288664
0.6794546849130303
0.8161352674340695
0.35072615555088743
0.734526427203151
2.643806371366609
0.20667944896736426
0.9200124654906533
0.725566677135146
1.4452486740924697
1.913843233584993
0.19666359288777374
0.31485141924245064
0.30534132438546696
3.4745646702845074
0.1962165952377634
0.4737173272020701
1.8056669804575174
0.941646858735248
0.8611733144162111
0.3603538482580663
1.8749038219111498
0.6802730915702596
0.9900415926729478
1.479425025423706
0.8601926304577016
0.12626584297617488
1.6085469890191924
1.335618533139889
0.5705893839358347
1.9019122354878537
0.19301889890290358
0.5887006077531819
2.8819056241593297
0.6428873698823115
0.2967150624785154
0.30784622005366197
1.8765348236763062
1.2954951960959247
0.6831938203852912
1.3084994791609517
1.1832270345026545
0.8481667965604361
0.30311020892075013
0.8841209702565839
0.6990795878409712
1.3317001809646498
0.8186546519910481
0.6975017590493072
1.989645917973477
0.19870413633897416
1.7943042570300383
0.5577385379219675
0.07977412087432316
2.698922294040635
0.47779739893724127
0.9573307372664361
1.6874910369469538
0.28216267938091055
0.7640984961228557
0.26926273137750906
0.36573605593155656
1.9563319573345062
2.311530024862348
0.16536839389621025
0.3169589725618309
1.6253465181667892
0.6718885531944523
1.3391178899377987
1.0971432228352418
1.1072470983790932
0.09027762272777909
0.2930196597801693
2.204161925427397
2.054905644150572
0.22517661809442213
0.18894790113464457
1.305284161049386
2.171042939539456
0.9531347382600688
0.19329100957313783
2.135446791281254
0.22532364467805793
0.05328120331565265
1.9211018504924007
1.8699084348664867
0.3425875000756452
0.5432673304086272
0.8482188448239653
1.4676227205482666
1.2388715252359566
1.0474471895989803
1.1216869585197595
0.25109190674462245
1.6577879960955657
1.0235833385940902
0.1557219596105872
0.9197088929602731
0.4100406912176656
2.20656615356947
1.0544709566254151
0.11696517630144829
2.5933755310233653
0.46373640630210494
0.3823983553320459
0.8122045338319449
2.2205019696763353
1.2430283388346357
0.14114707446099045
0.3991697771016438
1.730291423196089
1.1039783864883859
1.6034362568534326
0.053251306683570365
0.7326555606947645
1.663252760031809
0.8467886521806014
1.2278366971116064
0.8924605780652111
0.45041739699054023
1.581031764800454
0.9382139605262872
1.5610295568990158
0.21593187958237595
0.8452555619581785
1.540126832797312
0.2479389525781769
1.3513750011249643
0.6819855531171903
0.9319679410115203
0.676094298986757
2.1381934388435493
0.6730865163031647
0.6733113543098523
0.8393929474021585
1.727481831475659
0.2133417933671306
0.9774469419359075
2.0142287445726845
0.20986704874053247
1.5931045777469215
1.3936880237474865
0.2529702569193558
0.09869283070906605
3.3357697405384252
0.391564611384202
0.6111529342077131
1.491049434563215
1.3463035747164387
0.3147628583313149
0.8883686123034168
1.8587464129912767
0.6787661166388907
0.44084185375510326
1.4703534497766002
1.1527966186896699
0.34593373764124946
1.4686477892179794
1.8926953758624288
0.6852799302489532
0.2858450982606362
0.5236346064150097
3.692850163435728
0.10628035271772333
0.09843655341683702
0.8319407643440159
2.0957360817885378
1.1689656053752542
0.3924560401315278
1.2398598892875974
1.4518222056943653
0.6814162436500419
0.6104435458228813
1.6344741759558978
0.7661088810147594
1.0335433706726396
1.1890465413598077
1.0327071604156444
0.850373001295784
0.49877558902600455
1.4671252134144463
0.22290722695981638
1.4610809417468353
0.2359745982176113
2.4564675282062582
0.2739209655056692
0.5875418856866838
1.8131811582585897
0.15497980419712867
0.4326700635010594
2.0632249745740876
0.7160462834310739
1.6158229110753184
1.0025053416891254
0.00451833076129485
0.22092656554948592
1.1168628032565173
2.3236444600162853
0.3642653038106622
0.9506070982699633
1.9931659522934027
0.7847736772015734
0.2493952420821129
0.008619230871175953
2.831905863792613
0.8157055722730221
0.546959137254593
1.6395451164925763
0.8348320818260551
0.8091110582429148
1.49126279484804
1.0250807295635271
0.5056889311322819
0.5089567077886323
0.7227298968541463
0.7775274950431829
1.0541509278439447
1.3743316530541574
2.021936204811023
0.20172449816269666
0.0892773679575023
0.5150405988676031
3.5549557420832607
0.38338456609705324
0.0912216946565192
1.4408753606567641
0.9921679709383114
1.6338357952179157
0.17933168401330601
1.6158810615357653
0.79112959450846
1.1201845723247272
0.041267094705735696
0.9643105198009027
1.3661583076809838
1.6815183885454728
0.7499651946146579
0.07954378817207372
2.1644481268156106
0.621563784115978
1.2996035921399716
0.670038097187691
0.13802053805023198
0.9087618913305678
3.5100967205960996
0.22337648056624093
0.14699132398050274
0.2908349759134817
2.8922392880062096
0.35302519687509515
0.3774917179981144
1.6069351920099064
2.2212077699559134
0.04085894380638605
0.6905453915617356
0.7672776554008703
2.7127728229552326
0.5515747442337087
0.10341288511629605
0.5053816134939865
0.8763564341415809
2.7723621137382546
0.6161852876821671
0.427006927326021
0.2296764555684363
0.4289241067927797
1.7686641949446003
0.3194064902501717
2.2625999290545873
0.2055102486356433
0.7387344132395061
1.6247275356959654
0.18769657556290295
1.7632175406435877
0.25076517819920013
1.627332612336915
0.7924204360540642
0.8369772873325295
0.44670412583070557
1.5467398861217942
1.0209366166823657
1.0109705935138082
0.7522662399149049
1.1887158710953163
0.4638678150161633
1.1473956975735904
1.269187939741449
1.3304401788909004
0.5315853543480372
0.9074887805451595
1.4394834723994845
0.9284975457429444
0.5819476547928635
1.2269440144828123
1.2089435467688365
1.0320406504159818
0.30047053087923253
2.5217445616700145
0.07085598817118641
0.5186010471945108
2.2384308787128697
1.066879011911425
0.39703556403458173
0.6348365216617599
2.2858881186707647
1.178609538304791
0.5591835163207431
0.04204705746256482
1.68627774446234
1.072494160383649
0.1288777579546203
0.8428983457281743
2.494369184451329
0.8293861605310535
0.6337839659003143
1.516827584793584
0.3939460297776682
0.3686438357931283
0.2950138409481858
1.7755489719527555
0.6933158035706727
2.008535877350148
0.2540761749184653
0.5628357072216738
0.43119159012147723
1.7032566587823703
0.8042812165788324
1.078827366773802
0.5667375122999148
1.210553153168516
1.6835765199861077
0.4155433086291486
1.478999201209475
0.0029232705010551765
1.3937011223220845
1.9711369808586134
0.09165512704893652
1.0556980417598463
1.938115245774964
0.3079095424180153
1.6225423039486488
0.9564209371329939
0.14646609805996028
1.144840922095405
1.6245403608178566
1.577295045649022
0.3165473243642609
0.3199443071324086
1.8087045973027558
0.2344542855323111
2.174711195985822
0.9409908715658647
0.11596382995492639
1.337840773230718
0.011839291000233627
2.4190447839601785
0.7217142492047925
0.19216614539054913
1.6731756687890418
1.4529596662172493
0.4639413224584555
1.5549514670338964
0.9201580058388087
0.9071853162045884
0.8080311688144051
0.004934045637506081
2.7318208391945835
0.8173411507218481
0.26262803968996506
1.7799088594247217
1.3913334699899838
0.09222928144221361
1.2615406823912652
1.2002625390506858
1.5825332908966443
0.4399830950780578
0.9241812640449076
0.6799694306963462
0.5789833656001186
1.996667471930452
0.7816275534463232
1.1730787054656429
0.9921500276327606
0.3967073838321166
0.18237318009242182
3.157795466050617
0.05444101919491713
0.8413215125292861
0.4713946914724322
2.4848343550434677
0.5933955495222429
0.23724287387267018
0.20308467571007774
0.8384202704072798
2.692074591562436
1.1975866920761737
0.05096321951210652
0.17073330304210382
1.8622702170798582
1.5354286412955744
0.9953891464330059
0.7807334045735624
0.7045330614335069
0.05804095186125506
1.2044371413895163
2.1776729919639144
0.963081345303882
0.489079337252741
1.1156788690216541
0.10112817680952672
1.3243455365249093
1.3549248304601549
1.4870829171831068
0.38790399145404014
0.5358814563747537
1.85049916094371
0.5389102013148402
1.5076841672265995
0.2547684382724042
1.4866225640875697
0.9688901373806711
1.0166886988694113
0.10304189731292901
1.9072575383284534
1.0407126363719696
0.21476732768821166
0.7604475260462759
3.456585543332994
0.20692650428086426
0.129858759596089
1.1945394940969978
1.795349366140074
1.0995328125584838
0.5985348677126779
0.5126327188770257
1.378413055040576
0.702673843674801
1.6923340183069608
0.7028376808154836
0.8716187443627429
0.4731280352788855
1.7819322839411906
0.6332554855942898
1.3557700302686981
0.3246347533351998
0.7802566684794003
2.197053860143826
0.29643552174028
1.6286074531391679
0.37581644517586843
0.25345512892943034
1.4380072044875594
2.798100326948762
0.19932359840746736
0.06296252246673945
2.583561147346234
1.0838515943650409
0.3787881103433294
0.746275739382918
2.85567258185753
0.6036332631509292
0.08509454297881522
0.36586413836094267
1.2744470368876115
1.3972263099687006
0.6547062763873476
2.3209573645745083
0.09632784292541262
0.2631541825025367
0.3111581630124379
1.6416663385026302
2.685931642902367
0.1684898368296834
0.13801928084995266
1.5359375068605485
0.1870759605732336
2.068143362379857
1.0642821618401161
0.7534424879223449
0.7543462055566411
0.6687531924625453
1.1967854443364534
0.8907336845681608
1.4588754154465775
0.5298719863499508
1.4699662215723612
0.3156282332682195
0.9543256748549934
2.1586586423951535
0.16521475880568068
1.5560272745919328
0.38366472328910844
1.0545478619400581
0.5696187352240595
0.1813559653569877
2.2927513912413184
0.3512715514615043
1.3190269575995748
0.7248635562513023
1.5393671120544006
0.019413359484650557
0.9621705047727079
2.0627359228392725
0.915028727272509
0.19838484142652624
2.3267902298412726
0.7498684090528067
0.4968400552184856
1.8890550283144412
0.47761333036818926
0.26615235480790655
1.4592624646894232
2.0992002580512614
0.34982039643036805
0.8706078011189117
0.9271594480546441
1.48410520603606
0.6876561201017143
0.7721141253159861
0.6242507409493075
1.5671525056136886
1.5256564371317496
0.7172809088464637
0.5819832414254685
1.5805284973121387
0.25319268115967863
1.2781693923243407
1.428716238743594
0.06810233178017601
1.401797455157852
1.4059591526265183
0.8556282938146782
1.205043273988373
0.8252559912151622
0.6528733341662785
1.0759373700229924
1.9501261489583412
0.06793138315485144
1.7380174204740737
0.4443902292844636
0.15974854842825947
1.488392517600018
1.58854502630048
0.6926421828887094
1.2586784530908406
0.7444264235499757
0.542390428987587
1.3962811838650286
1.274860351726579
1.2875532657967015
0.27432605572000696
0.7722797542580576
1.6935938921489457
1.7389972720777507
0.17039593028972008
0.8343443343341574
1.7951252439681094
0.5736116420810686
0.5859777448285132
1.1416232342987378
0.9969552784835489
0.8361839847109269
1.363881191737448
1.928871695204993
0.06275487819216632
0.6983632643624912
0.32660778322714584
1.0615026228360582
1.6524728206264196
1.0723192131308497
0.6203097389211563
0.8310105269371427
1.3230817627510942
1.170043859505518
0.924883086853108
0.3522758797931122
2.402855731366715
0.7327204166177395
0.09513513253855577
1.631450290384145
1.465732021752001
1.0408748174706588
0.5511737394227783
0.3310632847570246
1.6450019889600418
1.99171314735803
0.5129969865341928
0.4709960272495271
1.0635927641248029
1.760939443493411
0.9708759552499422
0.24514165096220536
1.4789780451928654
0.10812276007261988
1.6519707467592117
0.29336142220289474
1.2649121433374504
1.040016007802097
1.1837091827232498
0.9123606732685253
0.765922994609378
0.9206776383592209
1.5973132013699793
0.7258426342272415
0.6390370778954597
0.7614637674428019
2.3614253487144685
0.951667689231385
0.24130247519672826
0.26628228869856874
1.0933947121193783
1.315818884354155
1.8722297439275957
0.37910935711959837
0.34709078333488935
2.084350317330683
1.213369758755099
0.8618219844859284
0.222946334812633
1.9091327454823974
0.44172388344120106
0.6648652171699073
1.708723265103875
1.6528218644076713
0.20030616754826833
0.04966914494878097
2.8272482369105063
0.49445901958703364
0.856987854312258
0.9358315449038598
1.0951573418930118
0.4592195898546813
1.993774018445226
1.1728881384050884
0.2296426331346847
1.0571629642500195
1.0948007302708542
1.627008141779636
0.3135620928564218
0.8895312746951382
1.0483168470808586
1.8730774173861973
0.044337145354906266
1.1455386433474688
1.6260446341119292
1.0056174938113005
0.5037028273834014
1.4475661246182643
1.397193180027156
0.20868665085298582
1.0490595921077148
0.2574558187426937
2.623404251973478
0.12460668270265268
0.558546974721835
1.0260468140043661
1.5649832270994972
1.0438809989567377
1.06350927965899
0.30015778512554125
1.0458878246318737
0.983915820698952
2.0029629795265618
0.2590259936111867
1.0109383161155512
0.3980883046827631
0.6885468161918953
2.009714001450416
0.6049899161668572
0.8370444659652237
1.0358916886807168
1.350581301508436
0.8329664702323382
1.2538075632036316
1.0791558810689263
0.725592200333243
0.5716421962253291
1.3838592988230272
0.7768949087636358
1.1686262798540168
0.5460348266445985
1.15436001069352
1.9556079664112274
0.29570661250248415
1.040109940139138
0.30541525485691895
1.5178064331965042
2.022989499740204
0.23165077689778724
0.547131006354159
1.726578813751042
0.5769187569827887
1.601929337254898
0.7790525259101364
0.7261425446052935
0.8965520596537285
0.728004566567461
1.3001981042723114
1.2097645626395828
0.5826277779298161
1.2415561693187638
1.130169810394148
1.1478987717542735
0.7158633579411454
1.3899928954484004
0.42255952858193657
1.2563015579068155
0.4514362908133614
1.1776137668955051
0.10371857086573487
1.603084702228481
0.3709713960578347
2.255078781201816
0.19356729557790978
0.6637332094225993
2.0167525409645912
0.6069768345000769
0.6998976258565535
1.4021426190070796
0.5167573736642194
1.2238084294713352
1.583413683534327
0.5014902774708025
1.3204634951492706
0.5757865625200675
1.0629901691905268
0.7436960426292368
0.7038854154871574
1.586438670734343
1.3356281236230627
0.6999038011505366
0.9350785350603132
0.6579014660277464
1.474100704451491
1.221251111911941
0.674599985400889
0.8394645551182163
0.7671712437728385
0.28703525990639606
1.9966058030409815
0.7387388733475274
0.8203163891466075
2.023308837329078
0.5930890824629471
0.38255533049193535
2.0660342248421624
0.8651403243170942
0.3941651112712188
1.0734321536137215
1.182097055524377
1.2878978652587791
0.7999523828345169
1.1268612025607179
0.4693492387979461
1.5272270918219524
1.1334820079655104
0.9555613237113472
0.6170586986604648
0.4568112571647306
1.5576291870133752
1.4581893098122836
1.055177026404097
0.38058220439958934
0.9531821875786558
0.9869669768833674
1.0968877595294306
1.2998960973844467
0.14960701636890517
1.9979324385526283
0.8758189664080861
0.48370099743120404
0.6005181472351517
1.7764617237542963
1.656271178094301
0.10018824773790477
1.4037305231609363
1.7008784017669694
0.0817189359281659
1.0816893047645997
1.0925208304489797
1.6921364841449098
0.5437677897060732
0.6132785823220416
1.561194099941846
1.3744996780393255
0.2594371624944862
1.4355971436174368
1.2066108560601436
0.4260441611975835
1.5689223455128207
1.2312930379323914
0.23904389903423312
1.6445839628691448
0.3910022121612841
1.2206073914568678
1.3459896688450308
0.5192271894432489
1.2559118022094098
1.5043707008102023
0.4430779836753251
0.7222381211982989
1.7453613967269501
0.662629162967444
1.5487020568258039
0.6050614271035469
0.4223214205257498
1.4214874361786585
1.5725315166906164
0.6577171641421712
0.7805105283517566
1.5063657194415003
0.5106600914445519
1.260987632268132
1.2622002376492096
0.886599953772462
0.339579247880539
1.6954996447564628
0.17403303820230356
1.6924830624772662
0.7543750299554657
1.111747193934768
0.6673427636827509
0.7542245110626515
1.0658374238244177
1.0799420716827288
0.9022371017968953
1.1846700628249016
1.1899097305337034
0.9129321679016217
0.28331767541805936
1.6102874646590666
1.55641989288635
0.4527384666148687
0.8550698188500553
1.5757177006467504
1.0824709386080806
0.9212902623218214
0.4120110854101286
1.536364239720396
1.0423118341421733
0.5096604850099531
1.5793967060478071
1.2302141129039448
0.6906572950802802
0.7436619904740092
1.229155517407386
0.7958035971298746
1.0913831740963915
1.0529936662252557
0.5998348674830895
0.9177869069624682
1.586651452775284
0.585523703812125
1.2673134740073106
0.8395021189722415
0.9181790933919072
1.7448654831488835
0.24584232376877674
0.8159437935108109
1.5785113766465875
0.9641950050134211
1.106864031293911
0.48154298849849164
1.5035509300380732
0.9443920444900732
1.0277977319680462
1.0637713732617589
0.7938024870740287
0.3058048731004362
1.712891195846435
0.9516552863590485
1.176363599918308
0.7825695125480162
0.844431953049814
0.9335618759706842
1.0088912252579674
1.2433644151017584
1.2154296707318137
0.6212942678802348
0.5569748429306287
1.4571855017652544
1.2136507363431617
1.218716820846029
0.38701839657165876
1.363114924507465
1.0179576761163882
0.45970749272291234
1.0104569962939145
1.143840641415298
1.4229037620446545
1.0244818300779077
0.23038525334043872
2.2645730437103793
0.5836871714648889
0.46376467062943
1.202458335943272
1.977945604499367
0.25214533293383123
0.7310420853029375
1.5996646046694438
0.8621149847992919
1.153057602534845
0.548358210631951
1.1553231600103044
1.520592124110562
0.7920018793984157
0.8847094275020922
0.6577008209490559
0.785933429497245
1.3242507015966396
1.0265328676625154
1.2906130685518356
0.5920995651504036
1.352747818322503
0.2215191560120377
1.6492586992285385
1.2364650059068474
0.20572701055661993
2.0390172046151998
0.4654080303681081
0.8102576680616617
1.5478256960215275
1.0625906766399154
0.3931933529111013
1.630917211372106
0.5758299061379566
0.8534072858680122
1.6174835946214374
0.7487751970306508
1.042238932610326
0.7362474730293945
0.6405629369850815
1.5739227749832712
1.6001241814333211
0.41062826370196703
0.7004266813271378
0.6890087703487805
1.7078332734115007
1.1570361209506161
0.4656969659001776
1.132304887640044
1.6222760303515806
0.7478060972937031
0.9604398595466543
1.2957487540500223
0.6557965572075923
0.4951179902900149
0.6784693645446731
1.5517998399423198
1.3672391480892823
0.469396030290218
1.0585881974553841
1.2764804536431253
1.208319831452379
0.6425954963617102
1.113814475578634
0.9400328228991678
0.9128670064242633
0.8036567261555193
1.4943418623568197
0.9534554989365455
0.5018973193714787
1.6908559678190251
0.8129125845953089
1.0027827866530663
0.4303914482546715
1.174295723568395
1.2040583293233964
1.1118960113865455
1.0489017151488815
0.9791954814142534
0.7072552336552199
1.452787942823061
1.0955146190148801
0.45951658843666815
0.552498861248703
1.4010299950417728
1.2867952262323172
0.8338324801989818
0.7120823081901857
1.221431541728382
1.518910374287557
1.2845120192850432
0.12447611303215447
0.4075890138105853
1.9373214912041803
0.3184328594542897
1.0501812722652026
1.2920253968012805
1.5841127219041595
0.12715222504444218
1.094625238694636
1.2853028942715832
1.5663741758124772
0.2345190210491971
1.0737345141819594
0.8146025084400088
1.60389579347749
0.38823343488303647
1.150326928784887
0.7777754676528793
1.5905413716381596
0.9208444672249826
0.3060832669312563
1.4295971529679763
1.2600319950804542
0.9900358886534416
0.6790134872707914
0.9967155083245075
0.6630406093091674
1.7711176547546064
1.1183807828992685
0.37362919830634317
0.8339202703117135
0.7157053989488897
1.8282472364677347
0.9691906843499973
0.4644403195668395
1.3101993587240792
0.670107040243838
1.6138260300752576
1.4761666068367902
0.18533139397676404
0.6693822223967574
1.4527374608978372
1.4245874271338064
0.6918888185920052
0.6291777284223229
1.026878698391959
1.6907577398835536
0.6766672302179442
0.8739700738460522
1.4765532109655135
1.0073035832457733
0.9328571825613804
0.4608841132622628
0.6398630919669237
1.2795582181899283
0.15580280211773753
1.9372693780681831
1.3353712728525804
0.5587068602283483
0.7398589299079669
1.3933905961820314
1.1826842212801842
0.7384372616268987
0.7933028520788092
1.6477097283425524
0.31655389157966274
1.3022460586571494
1.6527965809955718
0.3903384369440584
1.1770077436624076
0.6635071514386218
0.9614844450906622
1.8191642031704474
0.3085454503055104
1.0718554324323755
1.8196402703239034
0.6765298873434472
0.8701028727585479
0.5725011571124415
1.2140264283012387
0.9849816567651867
0.4108514294561661
1.5163677869664147
0.9650061534290545
1.3618424112129004
0.6813359087642884
0.47604180426303433
1.5636787493799744
1.0008507910106028
1.614364186449533
0.3033737964333627
0.30785874310299505
1.6793247177522466
1.2813806584843106
0.5631079391544578
1.3118614956426673
1.3561684264813825
0.7451754677254948
0.5307771091910789
1.820606472688841
0.1978316414367886
1.4906902886650442
1.438190669094709
0.6317840049506115
0.5934186197163044
0.5660620275411183
2.224217490689432
1.2033061809407701
0.35610233940757646
0.377176513152434
0.6505680077536026
2.3080310925490326
0.5662381341140292
1.1016692020826568
0.7784382929247146
0.7058483157294796
1.5826508589981576
1.042401124349721
0.8734006920476709
0.45550190648665195
0.9514855624937061
1.1675329787932642
1.1654109499991283
1.0544656715833238
0.840431516741992
1.0339004272177061
1.541769846181021
0.8496737353755226
0.4830887625787913
0.8806841929310691
1.3224133089502281
0.790819820779509
1.529888507588702
0.8306112834738575
0.40791458809443865
1.4294360464683218
1.007512568494663
1.0793827825743336
0.9833510872087116
0.6664264421662739
1.673405955704653
0.8640283268655888
0.46699397038486756
1.4289478116225602
0.8822187758423341
1.3199911741810286
0.38680953360410275
1.199102960294934
0.292912740190864
1.47874002331939
1.4080226606014155
0.8283231851029272
1.147321840146025
0.77569607107104
0.7671531611262692
1.6164920776764569
0.6037464414086221
0.27211969962251287
2.5346391616127804
0.7601370853382626
0.37797937948279126
1.267306581822527
1.0643809719519157
1.5989087594184772
0.1775988857006564
1.2446493686764744
1.176564232462363
1.2302808410543176
0.4857189665148508
0.6879961006009335
1.9936376524032753
0.15323473935353146
1.7188996113304567
0.38496785395973115
0.6841715704611313
0.9017167553854172
1.8031870706146904
0.66741672459533
0.9579933932596995
0.9585509350674298
1.0574113959492237
1.4918851062199179
0.4474039183026635
1.180568479823082
0.8777610593883672
0.3253440965943959
2.198762102700516
0.827369753837126
0.4121361189664095
1.4633928853179778
1.0693680080027528
0.9148858012026478
1.1230950198664804
1.4343275113962417
0.11712207223224547
1.093907267487258
1.3806237161098878
0.8442899380844354
1.3490201843916112
1.1373774263843244
0.5292060633317416
0.9050492755779891
0.05605919549164716
2.2091088816813986
0.7335335750094526
0.7896117448266616
1.105220419072214
1.315105109166561
0.9514077754243034
0.8166746002525334
0.9397268333219766
1.0457649297288734
1.011133915016615
0.8746739270809394
0.9543876630420499
1.0064200280380107
0.9579453949933975
1.0639603746216066
1.3896300585287835
1.0965792274951562
0.29512107514168945
1.2662001133124388
1.503956663451828
0.17129635368764237
2.099750074311763
0.8581206544506069
0.2052790830021463
2.010890002316417
0.5957928349924605
0.8460446669777258
0.4248299645767313
1.8065616837081893
0.6811695633226632
1.181002600320347
1.134468045371149
0.264543391036714
1.6703775146242603
1.8933660628218634
0.027949049079165688
0.6746236550330557
2.6778054912688205
1.0324793044278624
0.14653406097804494
0.8274711408266449
2.2221701915835017
0.4503062316993201
1.1090921756779448
1.2723105653410398
0.226630270122868
1.5438324944424053
1.8229821745607182
0.5230805151468022
0.17017967516558477
2.34785843577043
1.182639128512053
0.02696446304182163
2.1278754592245828
0.8099704905471762
0.7061432049786702
0.9977435292644501
1.3603156735615327
0.2647268140175997
0.9235229196453371
1.4056409137275077
1.1456596602516218
1.5743339486248729
0.04888850326700287
0.8423978416321259
1.9237728415639783
0.6658609029430957
0.5745138838637573
1.9060727762922574
0.7226912253015058
0.7484246459330753
1.4277528201760379
1.4957740168490072
0.5959390601039051
0.2936805261147278
0.32843159874195516
2.9460576847562683
1.045239570696866
0.15983895463310202
0.944986836269209
1.3301435407081332
1.5305597661914951
0.5818838063262946
0.2359684165117914
2.3405066241462262
0.4277331791345727
1.1506375891046743
0.3923180230999898
0.7683032837747317
1.4734965607650592
1.9308857396159231
0.3491192502271898
0.5230669463349483
1.2203285099121537
1.21774813372239
0.9199358285153999
1.5063530427288327
0.6137583502703235
0.4916282830507467
1.217317512374883
1.6161382097098584
1.3732289752931155
0.16115074469727103
0.3670846863891287
2.3784138555877488
0.36311687824629635
1.3296344284430284
1.0689119123702635
0.041130645551153394
1.6563701404841684
1.6925020163695093
1.0432147295366856
0.1760195250364101
0.8531962178468796
0.8946422262200084
1.3546723835885541
1.2936159135363516
0.4452607958141655
1.5047255826061394
0.7841187191700825
1.3046474478254029
0.6329302047003018
0.6012218910908721
0.75777213802715
2.116953264716521
0.4052690185102317
1.3411460835476139
0.7160614515354291
0.38999472496813625
1.3719093902416768
1.9965034182073336
0.7450879591715787
0.24429346754891026
0.726691186142516
1.1600229857017847
1.7149135330917555
0.736485269560433
0.32938827159086115
2.370469557812503
0.8763942300147605
0.3967311093211179
0.5672605385158018
2.1850524101693694
0.5311047241832718
0.8775567244339172
1.5292384882043073
0.3674033480877678
1.4489285008863328
1.5887644088633313
0.775725154324223
0.18511073662960495
0.650367565730449
2.2943498265501394
0.5310060304477645
1.1177952599140584
0.7378296685672637
1.0281741393660186
0.8966344169311071
1.138145680485907
0.9825689729712359
1.1195022806401895
0.6848596290432396
0.762694347074041
2.0457115098078336
1.1914681643709324
0.22770865627369122
0.10257695706468399
3.094772205724477
0.36522843721631587
0.57131523846
1.9632579658409925
0.7426072495028695
0.9519848398158136
1.3125086073236072
0.24097224392567598
1.6547430364053135
0.5969734424341293
1.1619736577492308
1.0347223656546976
0.7629243970515164
1.4411158226009435
0.3052428737873213
1.2894368396953477
1.0026522927556873
1.3809224171765109
0.07884317897921705
1.7459838988960954
0.8799983735549073
0.9605746769018543
1.1356337532502039
0.07543658705625397
1.6657271313756108
0.9480187771760747
1.3889918644099446
0.8152215524236825
0.3892448309941802
0.6406442719216237
1.7672043796702326
0.8419635842728247
1.563990987971186
0.3555346971928355
0.9170697716580899
0.8335128653828495
0.567116114113378
1.178982644719764
1.3983766131115398
1.6545575780179955
0.3096250662227292
0.16559543177960942
1.6313601641791207
1.609857001800406
1.212737041808551
0.1397251454229761
1.010663909716867
0.15031943216303914
2.336064911031069
0.3193913450562547
0.7702379308428263
1.8531485087578983
0.2617813142057732
1.5674143833033836
0.1660227583607135
1.9830593299687493
0.06863884154004395
0.706797018840371
1.5667704444892618
0.8745540746100878
1.948556371497953
0.06833538890210686
0.4337139157269394
1.4565459441811903
0.5501037989554691
1.1804236571273639
2.0758398792616926
0.7007041688830618
0.40945538900387163
0.4852294979749549
0.9752303950094044
1.6689966327551113
1.496179266414427
0.20065667802656714
1.474879888005879
0.8318258724455266
0.09312476763415102
1.4552299257694994
1.5442884487981743
1.2830165798443771
0.18142810310257015
1.4079067395201281
0.7745970727775161
1.1159754528761436
0.9608115269189011
0.5245761195496158
2.2777466425797095
0.5423028200298986
0.15623166013191628
2.3518967734685807
1.6956055225515598
0.14640281690130014
0.33338578822244574
3.259758104095385
0.7979611319682108
0.021462810013012854
1.2448822096163978
2.27186757892892
0.32708052641904256
0.6971072337451734
0.5676429125278853
2.2264653955069034
0.9052717424548152
0.6639535197173183
0.4535605112120805
1.4753120531365498
0.30381636343124974
2.281289274364092
0.34888759913125356
0.30276436062423756
1.7698797484387874
2.081977235556692
0.16051461836484537
0.8037044568332607
1.3364623765907164
0.6040684227829438
1.1521366028898128
0.9057749670290078
1.5312150660760602
0.8237898906299599
0.5571571519379782
1.495821533616884
1.8189153139945475
0.01917344736368153
0.5077602462563047
2.7347761822932313
0.9131190740465657
0.4108406768042953
0.8865434150898459
0.7963158715371028
1.3684566731806298
1.797182137758491
0.31775278619063296
0.9333670559445103
0.8057386697098903
0.39078229290968636
1.9046022194286925
1.3066729237532435
0.17432327668137068
1.9463209953957141
1.7223147546986552
0.01310536704087457
0.4660494176353385
1.0476103839736548
1.3689874160756785
0.8630440820831945
1.3227595627335436
1.465425789009926
0.06008878253094582
1.2606936460878655
1.0463232744638464
1.1378405272833385
0.8036468371143026
1.0533008644105386
1.6752617451613843
0.5209117391671132
0.16183722548776192
1.4185764822191136
0.5401382699931404
2.320360048406913
0.37794940215030265
0.7211793687627628
0.37300431446204374
0.9068955973564563
0.9998281928828628
1.7376934020292958
0.7801886058213792
1.0080102265975686
0.9676954355879134
0.8544471670645395
0.5126045503466564
0.5929066231960312
1.7311207989967325
0.6850340011739638
1.4580347602167483
0.6856454116904154
0.9618590721316524
0.9965303117670878
1.3786247868685046
1.136206940079558
0.13237799255269067
0.5915813205945841
0.7977923734920881
2.069389821446073
0.661808808587276
1.0787354460310687
1.4504375672247698
0.02256535751259694
1.1156599254524175
2.127674533823992
0.2817905667660173
0.7948767173368126
1.135614013820185
1.77528839706443
0.9176176561076028
0.560466557911106
0.7751147320277794
1.0378644638239574
0.5650852116960517
1.3765521882944804
1.1562368123671676
1.0298633789409257
0.2173370812117549
1.9364334451416578
1.8640940684705456
0.20836679191435412
0.4779674387287353
0.05570212151452285
0.8839771742945757
2.2181201200798166
0.5477336915411718
0.8966005261875306
2.2227004347243713
0.6427457818061929
0.03607544216056016
0.8783076755958817
1.690687898274761
1.4983081078657186
0.5605273572850886
0.2641661118281852
2.578472413741047
0.7564374113507889
0.33672936715961577
2.110960023596785
0.8907190830654533
0.47721558419985255
0.8247635741580975
0.6624082607496049
1.702402760976281
0.5509864466217721
1.4647884088664995
1.3564581626378056
0.3785668499567974
0.19234936071598058
2.2126899849354915
1.141083794776208
0.9869342093365434
0.48035985727081715
0.5945760255019436
1.643622434437414
1.3766861449354508
0.5900639508007273
0.6301626660260957
1.5073177373997049
0.9619299994534403
1.3014173865426388
0.14423795608540493
1.6294269970218773
0.943478069592139
0.6050670082210663
1.2332348516152225
0.7319720712898494
1.3941719799672367
1.7624039305318653
0.14843952340981217
0.6099072563585566
1.4111353005545249
1.604674283742769
0.827233887991831
0.3542477900394755
0.8344588752703026
1.0296496485237263
1.6442159090943302
1.224847089490154
0.8310771504170796
0.13540028523931336
0.7677791483703073
3.242021290218888
0.2867718063926688
0.23218425542374577
1.0289955484043158
1.9519411925477594
0.7646763696874792
0.5890565809994573
2.1978095833981754
0.4766902727556299
0.18836949265894606
1.6858160329194032
0.8396149099687917
0.900555680994106
2.346553396429742
0.3983245254339307
0.21182849192467484
1.1603780054808264
2.0543343136250534
0.3602831669299604
0.8157784264064178
0.8072886996813231
2.177607003267402
0.28771970838161476
0.7468968140079459
1.6741674758531075
0.5937682299104391
1.4437425556901538
0.9105527906198055
0.31234646647690484
1.375772220298961
1.1595557202595188
0.9798312650256031
0.8594358305994856
1.5152648715965227
1.4380485934259235
0.05070602102405207
0.24764075253696433
1.277926673066008
1.9877826524245745
0.45984759576384676
1.1095409644626308
1.405597934212809
0.24313803772056472
1.8806046972109125
1.1212169422457163
0.4292634974748281
0.7394695950984471
0.887792920532894
1.4406102241458285
0.7114916105642396
0.9478822756687088
1.2769147003811605
1.4177518411326633
0.0626181488672236
1.8691181498986575
0.6046108218957732
0.5486901650786981
1.8550144790755534
0.8988748780342706
1.123939032745275
0.07900364167115222
1.8828735684078168
0.5154611185654717
0.616748485315329
1.2475977031070025
1.2916083199990007
1.2200704553441355
0.6105256380009226
1.1159042149361755
1.2715464596825103
0.3657888078343009
2.1605436621090313
0.32524109180637
0.4026987470092181
0.2844626114233952
0.9901599546697502
2.0838044295431715
1.2111395178436506
0.5309937828146207
0.0847646754400133
2.1530199794852596
2.0028092207604264
0.06898819768542713
0.5251012059159623
1.109926092425365
1.1206599848817913
1.892800534586298
0.7090270872509941
0.5000878946326621
0.6319422589109223
0.6038718813278428
1.9401148338042455
0.3387620664108213
0.6173077428863736
2.136398243841496
1.6667529043475309
0.1715203597826475
0.10187447670866315
2.720866399345625
1.4130574239161005
0.17560973985687892
0.9512073161686825
1.1942862667838803
1.86244592356509
0.6115536439773037
0.15881151625973855
1.1574832707669815
1.277867882566865
1.0530293032797655
0.21796619091365563
2.310354484042801
0.722518961158946
0.7635500274054257
0.3940304155500208
1.9505601896735296
0.6357327046252568
0.9204704350841891
0.6102972427048918
0.9830926313010514
1.5536650089765678
1.473282466314009
0.23303998806454757
0.28484163772443816
3.0858257607419994
0.6735696474077938
0.18388065131276843
3.0508976870665254
0.14343122188428656
0.30091324577327017
2.5605694430955985
0.5239968209342274
0.8518926883246922
1.8780030581424367
0.36025476119416516
0.5780445420364831
0.717822495044018
1.6813860447132427
1.7079051661691698
0.049130894787935205
1.022759679570047
0.40065740110345005
2.433488698505475
0.013481919187541797
1.2203575107090865
1.3774160915302829
0.05093477888498786
1.7476430095248852
0.9061367671417025
1.082694363017196
1.0733799370237291
0.15976191065456558
1.087825193936068
2.151503756736258
1.0066202316009567
0.21270279210782964
1.552340818933657
1.0103435220663033
0.6923154955165726
1.472817100705323
0.4745810191209335
1.3963358855766241
0.6909300939663999
0.6414583230422722
1.363289811177063
0.5146406289998815
1.8623337809811007
0.7339553757858686
0.5897879689334062
1.571266608044041
1.2495297665330258
0.8159032704093155
0.880677795576196
0.6063609276619608
0.17871908736852307
0.9603264831467098
2.2704075366907484
0.35900290911939453
0.9306956654192476
0.7482981976142353
1.7200048015116571
1.2127407219705326
0.07595471020356527
1.9857335127711522
1.0824490755897322
0.22765807115561615
1.3098222652793876
2.2685654508463258
0.2604887913268152
0.861519376698105
0.3144636728345299
1.0188667547305614
0.5798575360604135
1.334659704327821
1.245569789493721
1.4503790279240252
0.6011289727146099
0.5028710955668305
1.2489949372890705
1.3504098260390534
0.2831129466484808
1.2254417165347344
1.4731378230649057
1.2930214622444618
0.8927525196642434
0.17113202981638062
0.11102110572859325
3.574160697216433
0.41821396101318015
0.23001048330147247
2.5880341474157627
0.616969346022691
1.0488415996643572
0.8179655499324217
0.06336105781612772
0.9280661844394578
3.090428061128488
0.3538102682591309
0.29714503064230585
0.9192934306789703
0.7931464423699411
2.1234079127288443
0.0940257600044396
1.4761108350921406
0.6582659138938254
0.9156977593044957
0.9435381718645852
1.1914737054601072
0.803014368355217
1.3089828345552061
0.7175865493832783
1.5394310485495155
0.047503825173155406
1.0265348059184496
0.5911272511118633
2.088618610995386
0.43025654663077945
0.9717035667527877
1.0767178520524594
1.0630731057335174
0.8107180295887622
0.5855833215425437
1.095394824629958
2.584666226208369
0.24076010662284042
0.2673401596723548
1.010589070267019
1.8731112008343562
0.07237151461823198
1.4499777516559933
1.9806185806332774
0.25778563065596616
1.423193310285371
0.6721488587283303
0.4099181170429118
1.1156480250574827
1.0020777584927127
1.2687072904881467
1.5938833437807944
0.5009591533742526
0.3569070247860993
0.752831932791273
1.5003487718299635
1.941550894348912
0.17583387548927848
0.8676721336281957
0.5709738483017782
2.0407966450421964
0.3328320933886075
1.0612059041419502
1.7255756614595468
0.7990287916115894
0.0658536522771139
0.9802782804333495
2.083203565421582
1.2641813874943182
0.3176218676894051
0.9199011438397877
2.244898372017736
0.18975820221811035
0.6666485345329575
0.5043144388318175
1.1042810734875521
2.0674576591405396
0.8124088697230264
0.7160190483689021
0.6467255769226045
0.47217975116217964
0.8443613932257938
2.078021333977362
1.1433917732758287
0.41569003082957473
1.4300468301450286
0.5961765508308312
0.6334437368666599
0.9534079201521279
0.870919116184242
1.7141723230119417
0.5813370623544701
1.331990469950755
0.5328576015292718
0.943652205942763
0.7058522602063462
1.2351956387005525
1.3612845977173453
0.7891358473889604
0.6641962207024299
2.1515443469223063
0.8443495497131056
0.05611792241028219
1.1218055342408264
1.451714387375006
0.755682182527904
1.0124530433450807
1.9041615012409225
0.3057891625578353
0.8589252694913379
2.2705450360622623
0.35401905285337604
0.42906683141449886
1.5200664886594912
0.5643623371365774
0.9771308318261814
0.9214784564821856
1.7170400128094971
1.0034016304059625
0.24066162286222006
1.4501596442681812
1.6689145572306447
0.7630926626276597
0.646298888915106
0.6820568370960531
2.0777512275208334
0.3180805905619557
0.32644205087279754
2.338221932064458
0.9395611348312445
0.7122866331484261
1.5708495090023944
0.24311851378667013
1.0494596643712555
0.6099470102407383
1.4691414153196618
1.7076188591370713
0.3308608641361527
0.6391966926200784
1.6524165935974289
1.4134371437320266
0.4072960826317736
0.5744144547798902
1.9733000503111806
0.31675157116257513
1.2934212522261115
1.4345373603674794
0.8462795081949588
0.6165313463859146
1.8122344278716043
0.7501769671222188
0.19896248068627467
1.2031385169573814
0.6374019093419866
1.259359065296677
1.3881556338291798
0.9261817779730469
0.6834168229845068
1.0862726916707086
0.7474118648825514
2.175865115818091
0.5165345268737399
0.17519508012771526
2.4963075473045633
0.6667779713065569
0.06290319255871629
1.910994345049473
1.2981714802079671
1.0394111482157746
0.773252771401748
0.5685536471456607
1.4766513225704698
0.7360070944138251
0.7399714337145338
1.9184394735577215
0.26873222822820275
0.8842570151139848
2.606192506217646
0.5858237152927298
0.13400541157034068
0.7964040871001701
2.028134342273103
0.8272082124685765
0.9979717630731537
0.4699722036503032
1.4378951438139413
1.443127902451957
0.8072732944284567
0.8068934517329
0.5219428221311025
0.34218843188776665
1.493631427541696
1.6364040173020515
1.195367065769854
0.07314460340842815
1.0067290172912524
1.490236657819354
1.0938323506161254
1.4531919476365447
0.10105954634991356
1.0090549039174785
1.9733171484988867
0.3976452368529432
0.4827800752319176
1.8114440736013577
0.9139196085552977
1.3782417679781505
0.49157798935521946
0.4920934948653997
1.595146664282053
1.3921896627245045
0.9026909496946884
0.7101807461989583
1.083844350120273
0.28458991321153326
1.3542640774105639
1.6887965857667464
0.33702734072742846
1.1055290579135666
0.6756236432769975
1.5477296202701951
0.7201860722428972
1.2505117897540297
0.5823708653380131
1.7628818111188398
0.7358345796661373
0.1112903581949954
0.7295681480323958
1.9432530174909686
0.8888945934615037
1.4546161178424655
0.21610558789629894
0.3797922859229878
1.7393331501031342
2.051870046609412
0.4040840444895387
0.40656177515970876
2.263388026834222
0.4379594960222045
0.7369667197552864
0.957050031222856
1.5751508614734988
0.33883381192320267
1.0874349070201967
0.9924047580672782
1.25121937694331
0.93345458277201
1.2916181662687831
0.958406096697911
0.4684580767344857
1.1767220419839937
0.23301654998045718
2.1303690831670266
0.9820834450347792
0.2171692298046704
1.3658506113652147
0.9350344794910103
1.3581128010296746
0.8643214980480672
1.163405705486661
1.0167556711273085
0.7970922233206931
0.4914425669377553
0.6281581490538739
2.2817919555143935
0.6420920709760786
0.4717039385154285
1.7611551900985858
0.6563650271652565
0.924122604486471
1.2546862121868707
1.7634254391314537
0.019295918161143073
1.0820920465777748
1.627081396591221
0.6475419359635578
0.3360902183637721
1.8912306240868726
0.8009244866761347
0.6590840580357527
1.2499180084920558
1.092617282251189
1.3713200561737287
0.1528883833913747
2.069948253027201
0.2273576839729619
0.8426163430850032
0.4471066347653492
1.7024974932851116
0.939920667965385
0.37127643204668664
1.4639846097563938
1.051834536282793
0.8659561982675235
2.1838621687164546
0.23207290016770205
0.3019944067814795
0.9554604231717095
0.6525216764832338
1.1984379200248985
1.927883547291215
0.2749552489018567
0.7860239951959458
1.5287313855598694
1.165358844420758
0.7377769642322285
1.0488483609548518
1.5367594391525454
0.11022214038938481
1.808845404148346
1.4275323685742303
0.18796513027787257
0.18066783765389482
1.356048860503685
1.4768813729959247
1.060958528791419
0.6753912403409245
1.511994319382213
0.4067370539311025
1.7205389972608602
0.15776157518051234
0.7722675413441622
0.7637923361236589
1.9092447508140475
0.45109578896856095
1.3335250749010819
1.0115948283271934
0.08471878218780418
1.79430358913493
0.9789258801891935
1.2243643427572395
0.9917166749892611
0.7766245895986401
0.3218783005730229
0.8405637131618807
2.0508587562354728
0.8020008678560752
0.33424111742059526
1.9937277321465896
0.22392051602481255
1.3930152475432585
1.0550891429744522
1.1766194294431351
0.5249143727967337
0.7831361796042351
2.450555576028126
0.04567528871131287
0.5087694288463822
0.9884486113127765
1.175603096550014
2.0154361679467847
0.4386115000527598
0.590159026816622
1.7354502468489317
1.0879577487512295
0.3213757287843524
0.6855490081818375
0.8229082648101115
2.252344930298502
0.2124503165332729
1.1738899254061526
0.49167618615155445
1.22742139163942
1.071941546696757
1.0319426917885917
1.584178415088244
0.3117539998763061
0.7463768524797055
1.05185122575655
1.6691804399130676
0.7544195589157667
0.23826902234653774
1.9707136801036924
0.2747550573312812
1.3819074221842296
1.377256005887715
0.9426028678218361
0.13528424910940304
2.563024144851245
0.3887863023004881
0.19193536760919783
0.6819045651519803
1.6687854033708915
0.5203692132792167
2.3854582757064313
0.29954287365448384
0.05058298097093738
1.6394233770719464
1.5896982675341664
0.665290818439183
0.779896869998129
0.39598142544179277
2.4623499101500292
0.3866094637126674
1.03310184515652
0.42611792846536817
0.8852722484417557
0.6044185086108774
2.490780033631774
0.7578330025991221
0.21750663114270372
0.9081626405062871
0.9669442149127455
1.9531679040445111
0.45126857889272615
0.6807135249916609
1.789804512432669
0.8797869894341557
0.45020920859495694
1.5969355657675661
1.1830840748146254
0.6614657289986797
1.7982645824739296
0.13522395851358285
0.3560334679863587
1.7306210312400108
1.0867324901260376
1.3083184690371208
1.1802035374094904
0.014082806730442366
1.2030020515712412
2.347151755348867
0.43958709721451694
0.4333622832204617
0.10686713965079474
2.91591175526378
0.9158093964408661
0.6113840972703778
0.12397475496659954
1.0699174232197446
2.356127366553787
0.41285510240096834
1.0001612084890092
1.5320635814577748
0.3367955116873941
0.5016013449092538
1.9395770713615301
0.6244577774159691
1.3939625398722917
0.7688336802626103
0.4223602202741678
1.7515502086145394
1.4879801246435334
0.6766533128035812
0.5625619094041995
1.3285286261409093
0.452844575789526
0.45367887406449064
1.4371984465535648
1.5994470951512443
0.7523699856326822
1.1167179739888362
0.44929392292136816
1.4311428479897306
1.1283542131306212
0.9180299941174784
0.07543570963504172
1.4791743774684265
1.7946955400585198
1.212802503089046
0.14643050341332814
0.2189060210716088
1.5488647065684276
1.2779610718530603
1.4169738241289067
0.7437645264438008
0.5751064443964441
0.7544542388814715
1.6681861922413528
0.30538313381879717
1.457774112057388
1.1869549517790858
0.4589988559903712
1.4176497657178144
1.4719920697285709
0.5680790984744665
1.2233455741036852
0.5612686365800557
0.7470058453393019
1.4191465972048736
0.5447827876116692
1.18869585079528
1.823179941153001
0.5591844848920277
0.6836799249821217
1.1397051124786777
1.1025132309793564
0.837010081434453
0.7772490143017253
2.0974747707157735
0.8010932813306546
0.27888011536535456
0.4752032277076165
1.7736510343944285
0.5844430786800222
1.7156089614123755
0.6493779910718886
0.7612205713871588
1.2478029327679654
1.103193693350642
0.6029520674163508
0.8469846937504973
1.6931719324030257
0.3733736690838399
1.0121004658954216
1.9779843610596386
0.7260445739020515
0.4960165675475885
1.9500099190429532
0.22598372968366381
0.822283426990166
0.6964915643482082
1.2277944039051873
2.1101906082929482
0.4978830552041331
0.3947143582929862
1.065565877000129
1.3385050051408347
0.9123135849327705
1.0354577927547044
1.3024974230312552
0.8464796518217171
0.7497294345163757
0.6737012449464452
0.9660267257518295
2.422732768127769
0.26159556368633197
0.5297303001795483
1.4245616465791124
1.8112922313334483
0.4482074658536675
0.4373573677408817
0.5558978380389068
1.9678656178435816
0.8836544372552421
0.8164682135736139
1.5698935483731615
0.34932596688676776
1.5492584893920418
0.36618950589263816
0.8822939766237898
0.3240111277959314
1.7324613051373436
1.5393300771653051
0.4454355563223848
1.165473259358969
1.646488016108087
0.05828763838777387
1.0939040828945157
1.8379349083889664
0.7791221665734457
0.8162625548529696
0.7320189236181751
1.3354156815363847
1.1148859242237814
0.393836553348765
1.8627474284097267
0.42760539491191685
1.2427621578962906
1.339421653233457
0.8425430128768912
0.2751804763701806
0.5790031001575463
1.4637808649404787
0.7293173606881891
2.464842858391371
0.07862499140753386
0.12952396230660596
2.543334027364794
0.3910414448415385
0.9147145282325397
0.7075846626030525
1.5728022512732087
1.5935111354181133
0.14865689724399356
0.9462846206774934
1.5999061700640063
1.1064916499792115
0.6914165192694839
0.901680665636881
1.4999070747266297
0.6616490753000763
0.5949087363090013
1.317869420983646
1.846132828998266
0.6197083499234128
0.2986017471200354
1.8147934552202396
2.1938064915353506
0.020356681645624177
0.0649201988530816
1.928358331975223
0.945855276989615
0.6804201315359257
2.3871612271105267
0.08861309803139811
0.9789683665916612
1.5205473167976153
0.19795461018175403
0.6132914101322017
1.545739969389747
2.0120007622530873
0.3211562300381376
0.6160167357534079
1.7445267004217182
1.5213771697526617
0.08859396424843627
0.8437389835022714
2.6233086701781057
0.2800560114686075
0.6674383951919649
0.8973008492977439
0.9179613814042833
2.0237157170043454
0.4734304964720591
0.8538159285592286
0.9704979182901048
2.0012709459956963
0.12645132532689257
0.128949694784768
1.8868653862012998
0.8183647968133471
1.921057070848163
0.0192827963462524
0.782200752711722
1.684116305830532
0.8837927256692898
0.36032275727805474
1.432793743480662
1.670347168693506
0.3404572076653386
1.546337017209045
0.48107523690557175
1.366102744684052
0.2981377366473775
0.5675122636164495
2.4841378717766682
0.7172253971962541
0.44307859569146457
1.0020136485596747
1.7353132299071017
0.6172855376680281
1.4827558269837735
0.5068995875684573
1.0893423473101846
0.3810440339151566
0.22845983996177371
1.6289030460343032
1.6241614008381333
1.3720907165509624
0.047310168227194936
0.6057174195405262
1.7655316740025013
0.6858355541334276
1.0106105196614703
1.6369655176158446
0.8596709366506061
0.12217115039530625
2.6610566950532273
0.8854461479672193
0.17763650252738925
0.7634989498604227
0.3952686772327339
2.102207288506198
0.9042202641547668
0.8753089465749513
0.3135834418083391
1.5770032393630662
0.925222588082319
1.4841628008159637
0.9920051471068874
0.15401071721773715
0.34158887016736067
1.5194423614680121
2.37246320945138
0.712981754490608
0.05923295992429613
0.28126850537485343
2.138159519271328
0.6515898493549819
1.1898523723164056
1.0956520039505695
0.946536327164312
0.2113940075428574
2.5119096000523906
0.7363261421507586
0.33069802438302465
0.5125915539217302
1.977850181446943
1.055444534404655
1.0390984739229983
0.13821291322074084
1.183500105869843
1.413952470364455
1.492361013010693
0.7537239803886712
0.2312695696251002
0.4220324980185585
1.1823610314038744
2.939343285566614
0.2905416643468402
0.1165027949548778
1.3613187136689624
1.3820526668756468
0.6127168137146695
1.377204827642046
0.927735434957078
0.8068570426693367
0.6717918545496726
2.5335785534505026
0.45891449586050903
0.15073476204297726
0.9868342365732239
1.6811366895072724
1.0932110172349931
0.7140041192468172
0.741297098310112
1.7712695581341495
1.388216540568789
0.186714116221533
0.8652452030881409
0.5565624299210943
0.7341151064638634
2.7678306801313055
0.8242370974908999
0.10030176400631503
0.5426459498441469
1.6626436698760942
0.5153479370198172
1.630533293142931
0.5393936560905049
1.0437803842529314
2.276122819977917
0.2173135527194892
0.25570342312811667
1.2714858559998037
1.2797747777368789
1.500605249635361
0.6167119567444997
0.29976798586356035
2.1215660194136063
1.1463311358701025
0.760657063408035
0.7011157683473578
0.42323396062570695
1.435645959115215
1.130471713622065
1.920776791035405
0.09895984109616039
0.007759441921550201
2.059377475677288
0.669552821702381
1.3911901802992586
0.19211680860069738
1.5695928723346606
1.8662935196914088
0.11800134972607322
0.9529454530078538
1.035933475085553
2.0420630732600604
0.20877888717179646
0.31172633518384907
2.5095625899481027
0.9920710355199709
0.8552098219860569
0.5959241828194326
0.17880325954658774
1.2622983007506094
3.1247033767690175
0.1834707684805123
0.04401845251251115
1.989019579459724
0.9923541277394989
0.9136562794127784
0.31334733624402117
1.9833316286122602
1.6376473826755618
0.07104460988239356
0.9679448143845395
0.5649341903379468
1.5739289858246086
0.4032401481667983
1.960783700045127
0.9487035274283105
0.4204621172083493
0.883519561378532
0.39587732160472894
0.660590762985068
0.8148112333988643
2.9938575547343995
0.4111204462484803
0.04487827240361203
1.2990055539129965
0.850269779959085
0.882234889382083
1.8393886646777835
1.3571491437654681
0.06530150081597155
0.807554196178778
0.35751178945880585
1.903375410304448
0.36520075325326096
1.9770141786561597
0.7647316594675311
0.012456400095563442
1.9675190195077217
0.6089445150302395
0.4079953644713322
3.1177238298561023
0.5878611046552416
0.12684167265582882
0.5820162341192073
1.2185073021148534
0.8525138313452603
1.8307257038000986
1.2329320620969215
0.05719460896082402
0.896357578902578
2.534321619381961
0.3469636359623098
0.9003638556794277
1.7882007232894461
0.5401554243700308
0.23734281237460636
2.490937860570708
0.5531861611851719
0.1824382985449381
3.2237043396542093
0.6389364893237881
0.08965681322127196
1.3317358847006897
0.8559476475781462
1.8173513399358339
1.0419060667206836
0.17876305230612055
0.8068599215441892
2.9580794470615857
0.33584206819144613
0.26975422751089984
2.102258015170672
0.3329591791705966
1.8365211375320316
0.48758265446856724
0.028210171103213427
3.319389957429321
0.5803617989601154
0.25317105757650227
1.2129266194266906
0.8130986058606415
1.6815921129398357
0.9456260884407424
0.5205374226842554
1.740191965588733
1.241820478566918
0.2549136719480943
0.21753652102605292
2.1046301285862365
0.46533381798268614
1.9390442825171417
0.33314992983115777
0.0728269529461954
2.5777983263896727
0.8130134156329276
0.7250026418672945
0.7659255254385715
1.7517424156424375
1.0492221406738433
0.4443164488838686
1.089240169247506
2.1546440142978414
0.1084664001585374
0.35328975765834336
1.705025313109657
2.476226578731681
0.14730836808180636
0.12049857644690383
2.621046281593322
0.8626824548919554
0.6588312786709393
0.806599864472731
1.8804061574295137
1.115120509164068
0.17560934208248308
1.0381742562368577
2.3130041739373968
0.3732833562422658
0.3623554924397141
1.4424276930277613
2.700689804045959
0.06587154746024054
0.14255814059615682
2.198645554431731
0.6588815883741723
1.2180450063651056
1.6313808432020913
0.43924039138509513
0.6022585302248741
0.809532995966159
2.136539492755532
0.5686375120876361
0.37837661843105486
1.2397977665581634
1.7989655965858808
0.008518620284917369
1.6700902967746827
0.7236765592060006
1.2638775199460173
1.3592169297907852
0.5451217329621885
0.3833502772896501
1.1786502646964496
0.39757693896226
1.7241138718235225
0.8540245587553477
0.7741267776695487
1.674979684266393
0.037218104979297596
1.639581768232268
0.8365330209404205
1.3091531689838196
0.37051390500047854
1.2316765921159598
1.373128067730805
0.09309053063741327
1.6848794077724365
0.9708509213213131
0.6822260855465617
1.67385597931008
0.051580527274221626
1.6179027900904024
1.9577702921153846
0.39822162496303
0.346038801907218
1.376934747514742
1.6066986767647886
0.0733679512390523
1.6123657658388275
1.0497109776588875
0.45022501067738735
1.407818310436171
1.5533155616456173
0.8642747098213882
0.9490706030084919
0.19465066523219915
1.239027887591554
1.6756639132749378
0.1736785421275365
1.0388357560469326
1.1969104814081175
1.2914002731338576
1.4900763567615907
0.28967800236520563
1.036291101147756
1.0965798479701314
0.44065535431540453
0.7630106652067489
1.1803533700769504
1.0750073580950237
1.0583040791711238
1.3126582630688703
1.3277348454901658
0.33180812857489284
0.667982380078441
1.0575729834568348
1.008745203336267
1.0150556951529914
1.0169009788510945
1.1509831856193247
1.3200292627958647
0.7898150757337314
0.9207991911813308
0.6706428490603757
0.8422792108796934
1.0538501484239158
1.0376063474381745
0.9754891496706964
1.093912831432437
1.4741021203049403
0.7491077936338746
0.7032561151218766
0.906403709271969
1.0023915830846346
0.8339634975745013
0.929042880974424
2.0506409987571352
0.7069020431395512
0.5037967675946181
0.7266248092357701
1.0256723566379364
0.7292353648261349
0.7965804476117582
2.3954208846541967
0.6121866495770382
0.530818388187454
0.8694523453624289
0.5967598688701979
0.6846374161853975
2.753298171097733
0.5932907773878823
0.4354426693854353
0.6479640883774748
0.498889742506574
0.6007267563820018
2.989889545295799
0.53355013365989
0.43963035048801574
0.39989976405196187
0.488160860282302
3.2307923903672116
0.5234173703052494
0.3840447036416118
0.24484096394205815
0.3996062420956761
3.4744786325384243
0.4837711339825741
0.23051318784262498
0.33029983260161877
3.5141458329361104
0.4747751394920135
0.19479614880619792
0.1969758259438476
3.6972170714958232
0.261616455465841
0.18903787484275433
3.6238400917961915
0.24480842479257608
0.14514280437669658
2.1248559260236526
0.22612997525226264
