9.99999999999998
10.296785999095507
11.14849318320038
12.43967000233155
13.985568999729043
15.559023683628244
16.940639349910967
17.976122568896415
18.61271876977056
18.897126180414528
18.93831454597608
18.852825212709632
18.714839770560978
18.531711170424753
18.255583490408334
17.82329916836429
17.201618133232454
16.415150658558197
15.54755145855409
14.72102487424224
14.066976901483967
13.699268470646185
13.69496207684922
14.082153180206936
14.833546533209518
15.867135456568786
17.05763120849133
18.259064839341356
19.331035065656813
20.157351290043103
20.65297225285872
20.766926107024826
20.491386385487214
19.874417082808286
19.019126318258632
18.056724683411105
17.104229044443667
16.23212981972881
15.458582413743086
14.766670324054278
14.12897378047401
13.528231362871677
12.973312612163886
12.507999488745401
12.203361332074376
12.133113936140278
12.346727830359708
12.854894983826762
13.629488973354249
14.611303877518491
15.718016324604978
16.849225097971555
17.89204815579524
18.734104852962133
19.28594926692348
19.50566440993435
19.41292199581101
19.08276436639501
18.619411359242555
18.122199856005757
17.660330177006276
17.265238856477126
16.93709861803444
16.6568233895878
16.398116500571565
16.13873458850639
15.870614738164772
15.605607764701936
15.373071800091997
15.210148738263165
15.150677350499922
15.21805136666561
15.421491309481377
15.75230747027772
16.180324719817893
16.65434628721681
17.1092453385328
17.47886645345535
17.711539117178077
17.782636653346913
17.6981830041867
17.488712881642673
17.198530419139487
16.87539757747538
16.56204585479627
16.289346899700657
16.072027511948082
15.90833067039973
15.784021328283858
15.680217855635417
15.583268358712395
15.492428373338786
15.420411397797764
15.386155677383707
15.405390975441364
15.485733032082827
15.627398953887594
15.82545982109496
16.070420142202412
16.347027915729804
16.63226134169154
16.893933927925783
17.092773629586
17.190299411103346
17.16071665943437
17.001409058938634
16.737117105941586
16.415911321883932
16.097479201355515
15.836799918999272
15.669782805539603
15.60778637994486
15.642598611780556
15.756454375149042
15.929381469505284
16.1408736305487
16.369154661904318
16.592287936505198
16.791946477458204
16.957413860563108
17.08601986320992
17.17854857590794
17.233370464322835
17.244238074861467
17.20212815642284
17.09851565582998
16.928772216241192
16.695610216385365
16.412348592586454
16.104729932722773
15.80845270064099
15.561298392212956
15.393247484426464
15.319430120899124
15.338800726682495
15.43874105866533
15.602344735921351
15.813188583232698
16.055353501841058
16.311468271231345
16.562460125757806
16.789245626063746
16.974596048155238
17.10504270013529
17.173691759614282
17.182698478001466
17.14248777905382
17.067025911366866
16.967925726134673
16.85111336123998
16.717945131263825
16.569563987946903
16.411344607911346
16.254526034364893
16.114283720568423
16.00617711792112
15.94323100334031
15.934412022282437
15.98416403419872
16.09187063446394
16.250330041078236
16.44447731218878
16.652893776355462
16.851994422536837
17.019624283395693
17.136294195652283
17.185792372781425
17.157388965409087
17.049557075055638
16.872983699598084
16.650575009996412
16.413685624703106
16.195300169704037
16.021914799829137
15.906698971532704
15.84675580629114
15.826260764890788
15.824792714179956
15.827057252029773
15.828847979739999
15.836551554193925
15.861873597677015
15.915785186357295
16.00491840313006
16.131262729483577
16.293411421949152
16.486295607211996
16.69833833549249
16.90870565447779
17.088361449756352
17.206464633924988
17.239947627504915
17.181132999634627
17.039858083162144
16.841052187854263
16.619632880736038
16.412601167445853
16.249396008956293
16.144866075592724
16.098360328883103
16.09800192655109
16.1266695629839
16.16676507915995
16.20286940298868
16.223459935879067
16.22312075182045
16.20510437544522
16.182462432028693
16.175631662471652
16.206154413470557
16.288599751610136
16.423385451209494
16.592799067007945
16.762770081313782
16.892242287433927
16.94747466796004
16.913499395927715
16.7966433941746
16.619739168549977
16.415712946951327
16.22154132104206
16.070425516563873
15.982159520711313
15.956602414126502
15.975524105514202
16.012601495061418
16.0454831545414
16.06300715801821
16.065025349840226
16.057923882339296
16.050799284960874
16.05397037949081
16.077845099138763
16.130538580088608
16.215348233689237
16.329679704482306
16.46491732876287
16.606278632383216
16.733857044143008
16.82635682834631
16.866517275634077
16.846320666384546
16.770848698167853
16.658927274096886
16.538585965212985
16.438338222544242
16.378173642839435
16.364159443231497
16.388558486734876
16.434595080519237
16.482698018429335
16.515440175137996
16.520967653635296
16.495453159775764
16.443553264384686
16.375931933030795
16.305093195818948
16.241496754489173
16.191173714740607
16.155839079733823
16.13517021999021
16.12862389245009
16.134701238705464
16.148709881342757
16.161959576318395
16.16455194307781
16.15095171180942
16.124459896723174
16.0971295954665
16.08539725297294
16.10425345460719
16.162038529171006
16.25687557977287
16.37656344221366
16.50356502156399
16.622802973558723
16.726535261358265
16.813426935211194
16.88468066171848
16.94112521190721
16.982302187852554
17.006787437157428
17.012684369718837
16.997677916735775
16.959235024723913
16.895778743771515
16.808259165777983
16.700841229390186
16.580280727868256
16.454578845829772
16.331970053969833
16.22072195840898
16.129334436634924
16.06670857288413
16.041641683629027
16.060869335250914
16.126367046375734
16.234073615695014
16.37523704065599
16.538693837259054
16.711237295371618
16.876346184207037
17.01464422114429
17.107514581938748
17.14130008215897
17.10937071750141
17.012520565665184
16.85949968310359
16.667743625348795
16.462506640244904
16.272490045426753
16.12200110552734
16.02303664417145
15.972195912158234
15.954217188573068
15.949529811632864
15.94246026505676
15.927741679234371
15.91271562681024
15.913798015559061
15.948965077454304
16.029768124491053
16.15599816407308
16.314900564071994
16.484867834857866
16.641139304769403
16.760737751322065
16.826203470791377
16.82927938182259
16.774260906939766
16.678393259106137
16.56741225451048
16.46756378852617
16.39732757616577
16.36181798559165
16.351984784849375
16.349475788058495
16.33559677064364
16.299960942560258
16.244573407665932
16.182684940417644
16.133789481548984
16.11586557559143
16.137273984706585
16.192585498015074
16.26542160581701
16.33720878461251
16.39635034333422
16.44162792411085
16.478000688025404
16.508664924643437
16.529543892003158
16.529987847556995
16.49897498351297
16.432475566074594
16.337171621031562
16.228894942787203
16.127427338736666
16.050422758956202
16.008788388310617
16.004332794746617
16.02973930110008
16.071782135671924
16.1179928236783
16.16346879628223
16.212528490751765
16.27348338699115
16.351266042592354
16.444250403889363
16.54584601659958
16.646788485492447
16.736380328303245
16.803928481502705
16.840163957490592
16.83718442674582
16.7880284122289
16.688609372465756
16.54194475576536
16.36120568927267
16.16840933962685
15.989407980497706
15.848503479978431
15.764421490102595
15.747411449458292
15.79798018375899
15.907646893940466
16.06074902767414
16.23740158345763
16.418585473941487
16.5913156507286
16.74984193330679
16.892236095993624
17.015378521919757
17.111681370457674
17.169871899193552
17.179495276872927
17.13555728405807
17.03999539656771
16.90011641028835
16.726497125302796
16.532240085956396
16.3335161379035
16.14925852930901
15.998007098383495
15.893775391707761
15.84477401253948
15.85509627618837
15.9259556559357
16.054105587251435
16.228294826934178
16.427286997078227
16.622768044615096
16.78675456756044
16.899283407732483
16.952063577465747
16.947704023168317
16.89687104356786
16.81415910221149
16.712658006598456
16.599642286231028
16.476773038316125
16.34481748853349
16.208779137596622
16.07919462420938
15.968841710364082
15.887409621429375
15.83794422452288
15.818114080615196
15.82542443348875
15.861055302793387
15.92853663900669
16.02950004048204
16.160899903690527
16.31470893355025
16.478338103814096
16.635386627742072
16.768162196723306
16.862024776667965
16.90921164679887
16.909861715205437
16.869854339938954
16.797254757377328
16.70030511168672
16.587993800456697
16.470959889455177
16.36053297118791
16.26657738856534
16.195851978665413
16.151231393003414
16.131460622919956
16.13162251775717
16.144703538572006
16.164233782936524
16.18709652455991
16.215019255513038
16.253648350256515
16.309139244982553
16.38357746716435
16.471588168509893
16.560207573440717
16.632460903526127
16.673138336083504
16.67439962987801
16.638699117979712
16.57702066921596
16.503667650847806
16.431904753334205
16.372393420763665
16.332075630451804
16.311839534356153
16.305537764427577
16.303239652871095
16.297127265560857
16.28557649124082
16.272837935410774
16.265855658356312
16.27189377597348
16.298473855404982
16.35342653632303
16.442560920298412
16.56543888878817
16.71177487537817
16.860521789836312
16.982819383687534
17.04939099492228
17.040993398446123
16.957023880394246
16.81616293333528
16.647891573838827
16.48071236873381
16.334122515407742
16.217040192841708
16.13077902306797
16.073103717799622
16.041017665446475
16.03135776917404
16.03987436973338
16.06122177839521
16.09131289809797
16.130106825227394
16.18152317053863
16.24967566564181
16.334371677907086
16.42920486256732
16.52267710203038
16.601164242940246
16.652473811455177
16.668228594854916
16.643919808956067
16.577933494451244
16.472138126141726
16.334772646259097
16.182856441353806
16.040342323850673
15.931925555534088
15.876064224037997
15.880525346940285
15.941869938072157
16.04835223775062
16.184236696761293
16.333577129953174
16.48247550770396
16.62014878726995
16.739836633527432
16.83928885754127
16.919591817455675
16.982636047268294
17.028613159337386
17.053910397230183
17.049704819889087
17.0032795464413
16.903833935596047
16.750468783282784
16.556499711960292
16.346612625678315
16.149571932905392
15.991693137270264
15.892933771729226
15.86369561622453
15.901186278265309
15.987748464115418
16.09456016374731
16.19082191935069
16.254334726039254
16.278328788277197
16.271759233644506
16.253333845262606
16.242046156806072
16.248811226451643
16.27365717771968
16.309463796145145
16.348269044402983
16.38455963585422
16.413808166341695
16.429783976704453
16.425079898511193
16.395342444451988
16.343722559615625
16.281776391303026
16.226119633648725
16.193215004304555
16.194329570073677
16.231072121105488
16.29334041143342
16.36264219473468
16.419863217319442
16.45235906362366
16.456796302974542
16.43867641576943
16.410556276041373
16.388556388443465
16.386413008704817
16.409532320143985
16.45288119467636
16.503596876121435
16.546302633855095
16.568764860741663
16.566053311678516
16.541889014024854
16.506565740058043
16.471870749095757
16.445077839557676
16.425825115745262
16.408735196898363
16.389451281980232
16.36765996808101
16.34409150943113
16.31608561682474
16.27831178354389
16.229030508077813
16.175383679613482
16.13161771582441
16.111175064425332
16.119049694678047
16.14986728001505
16.192404065279927
16.236892097739283
16.28026641925834
16.32655446429061
16.382938333360265
16.45469710290345
16.54216107367523
16.63997911842141
16.737289023095784
16.818972806717586
16.869056962086336
16.875084198414463
16.831320449499596
16.74057099551766
16.61471471024705
16.47260564421075
16.334891842782046
16.218177026201904
16.13161861142725
16.076794356931217
16.049729845721927
16.044030470230418
16.054355472116814
16.078616849413148
16.117238577154673
16.170056997991765
16.233543634671268
16.300321329931744
16.360770157569075
16.4057575237557
16.42968661885965
16.432467031777634
16.419266971862864
16.398487760166226
16.37883587701769
16.36616365727129
16.36133794118683
16.360610213228252
16.358751968223377
16.352908926955127
16.34420209919673
16.336465827769466
16.33444499071925
16.343292328817864
16.368037019708694
16.410932571093774
16.46781048368432
16.527197739661286
16.574124626282615
16.596373339590613
16.589266800264603
16.55697966930338
16.5110242651834
16.46676972239411
16.437753739174216
16.42972576509701
16.43921865946738
16.458491171428857
16.48243396972922
16.511526264593225
16.54929519004713
16.59719587892621
16.650902156749574
16.700482816495754
16.734213444577513
16.743689329341
16.727780612073857
16.69332688944942
16.65148940723153
16.611688896114345
16.576961754377347
16.54320427110729
16.50249827177043
16.448529367761502
16.380894731772198
16.306905546237896
16.240688128396783
16.198019537495526
16.187899845784017
16.20707186100194
16.242533748086867
16.280169118010328
16.312804213984386
16.342241653227607
16.37507287171127
16.416874190758655
16.46948083275705
16.53134444400472
16.59811127557778
16.66299860093622
16.71834884796661
16.7573711651227
16.774041352058813
16.762142317951035
16.716010521489824
16.63332232232143
16.517924514975576
16.38062382466154
16.237554700275425
16.107348478648504
16.008011383896804
15.953235872646435
15.948219180125877
15.986770585499409
16.052221901299543
16.12281140978808
16.17922603906963
16.21072428568171
16.217336357113194
16.208002509979075
16.196635910478147
16.197833970879685
16.222439408937866
16.27343574600508
16.34402188523291
16.419705833913287
16.484160182254666
16.526024688563655
16.543174553634493
16.54261271447696
16.536599021792075
16.5371228445283
16.551004622024365
16.577685659803723
16.61109827242492
16.64437854162372
16.673134060711753
16.69427144349276
16.702689339623234
16.690644174257308
16.651228632119107
16.583368468531827
16.494772272602383
16.40017626502567
16.315333306116408
16.25118118753464
16.212335770153466
16.19918761996052
16.209825877194085
16.239983173419763
16.282338958993154
16.327025983516254
16.363788668950296
16.38559526929117
16.392592648204445
16.392959075712437
16.398335541056177
16.41723941445516
16.451991891530756
16.49966459276021
16.553488625551406
16.60351858109243
16.63842132730183
16.64921336210304
16.63301695652806
16.5943064916017
16.543299233568522
16.49296886962112
16.45583737292984
16.44088857422526
16.450662019372686
16.47884589161535
16.510059890316413
16.524060231439023
16.503697461620128
16.442411304225285
16.347217645319752
16.236175533223047
16.131595106238006
16.0512428815783
16.001421085332023
15.976471667192182
15.965383172098704
15.960492165578401
15.962138999321143
15.97696892332916
16.012406819989543
16.072242940041534
16.155891730096737
16.25933296519039
16.375360309868935
16.493990978777266
16.60439050095698
16.697057744497776
16.764415039736985
16.800138587880397
16.79916119066265
16.75968050878904
16.686248457661442
16.59142434420102
16.49423968688202
16.415402767579952
16.370503689764522
16.36414037166703
16.38868672324158
16.428739385155218
16.468308330384787
16.49663436262708
16.51027044070289
16.512214943638345
16.510013278700452
16.51243558095766
16.52406772536258
16.540815244169572
16.550167893738994
16.53641092313182
16.488257398283086
16.40543964087788
16.300207960858877
16.191921555778286
16.0983165613657
16.03016361454505
15.99266563392465
15.990484834452154
16.03044638262751
16.11876886762667
16.254632316252607
16.425045729351933
16.60547620681346
16.766296662440368
16.880507013034975
16.929325956054747
16.906572923308815
16.821884937402114
16.698918068963884
16.566770776546594
16.449499497914058
16.360618088875672
16.304277649974217
16.278982093285922
16.279820624979585
16.299381559117947
16.329255054697075
16.362231886713314
16.393641861093254
16.421111770160696
16.44367133571378
16.460504958048983
16.46899270686168
16.4640707994124
16.44177268869815
16.405103085013568
16.36587566080817
16.338776349558245
16.33168125125683
16.340126741471188
16.34997719009654
16.346074011741308
16.320742779408846
16.2765558857919
16.223039902525688
16.1719249250722
16.134716720991797
16.121718610918524
16.13936133343471
16.18604172640706
16.250784852656903
16.31711618583269
16.369182391022058
16.39623653517584
16.395096261401346
16.37173433365267
16.341009482626447
16.322340579092835
16.332078532838878
16.376996394326675
16.45262073399239
16.546198587949775
16.641965694028396
16.726484180175106
16.791532451229223
16.833327721119687
16.850538494700714
16.843647979937636
16.814671627714194
16.766131613124994
16.70070388544854
16.622609920364415
16.539484051837864
16.46228031341187
16.402288414524804
16.367296610407664
16.359479421723364
16.37549103128294
16.408052316181184
16.44856427703508
16.489990203837202
16.528306601255732
16.56133114671929
16.586380957143653
16.59941615778741
16.596014753575346
16.5727855760751
16.528691380495008
16.4660927282313
16.39076609699605
16.310427807450626
16.232265666158526
16.161089430063384
16.10000044347631
16.053380780661715
16.028713609532957
16.0338756993159
16.071445924489055
16.135783363229514
16.2163485094061
16.304102888138907
16.394953265148434
16.487907502349422
16.580445785156638
16.665077875835724
16.72938879837345
16.75930300876491
16.74378855538473
16.67884040067625
16.568860892662833
16.425058563395467
16.262859048986215
16.10079789205983
15.960418958622446
15.864146187069476
15.830047877844411
15.866207044933894
15.967948952003246
16.118887266572802
16.2950738777204
16.470859108893052
16.624223400944544
16.739393489238314
16.806673192791095
16.821548212778858
16.784718056773155
16.702692702446065
16.587783694836673
16.457039440557878
16.329861053933502
16.223831761395733
16.149674956819474
16.10830830980009
16.092435470825855
16.091853483469734
16.099039814272274
16.11202924483895
16.134456093618933
16.17422971157152
16.24075821540657
16.339799886437397
16.46734768900347
16.606343966545563
16.729399133407615
16.80724583311087
16.81891125477227
16.75860596448094
16.636821795641655
16.476645633334826
16.307655027850206
16.15894838018108
16.05309399704575
16.00331193888266
16.01363019245472
16.079451354639243
16.18774888261602
16.31845046006749
16.448287709019578
16.55657249112233
16.630599584543024
16.668251363620204
16.67712091834639
16.6704625954621
16.66062852975596
16.65287256892297
16.643715847349355
16.625052765649404
16.59081204540446
16.54134787013144
16.482915919507846
16.423861838018432
16.371104930670054
16.32896823951383
16.300630150688747
16.2909504619367
16.307486852077844
16.357014894024097
16.438905526888753
16.54038784858661
16.637923652118698
16.70417405852015
16.716479386139504
16.663370415482184
16.547733108466854
16.38623576907974
16.205200948325395
16.03423676670379
15.89956983113523
15.818639436727985
15.797346383323749
15.830902316996006
15.907225832893403
16.010324301075688
16.122639556850633
16.227631636253896
16.3134980779582
16.37647961665809
16.421014573348
16.456352972067066
16.492432996088475
16.537488212946126
16.596755557558257
16.67017034907229
16.74921542872567
16.816237885622225
16.849070693820504
16.829804912246612
16.753353061433
16.631488370447492
16.489738023242147
16.357839791461057
16.259193938126792
16.205393815205028
16.19700321533501
16.227484520385776
16.28713065358381
16.36569558958293
16.453411053930143
16.54049766844566
16.616547282128924
16.671594614512188
16.69857534699012
16.694828054836055
16.6613773778451
16.601727151459176
16.521974866030764
16.430737467589555
16.337130290825996
16.248647714780468
16.171055595885825
16.10883962792515
16.064348626405774
16.03706589993829
16.025079468629333
16.027646038968776
16.04620448252193
16.083398734047943
16.14144452024386
16.220639985010177
16.318444994782062
16.42965434404798
16.547270134793877
16.66269527284217
16.764715142202046
16.838874546708997
16.86988677161369
16.847550030419377
16.77270153678192
16.658594458108233
16.526460232525796
16.398480210215364
16.2925277387823
16.219786408126414
16.183197507890274
16.176512680646066
16.186732881436438
16.200360758400127
16.209357062018988
16.21297323278974
16.2157472878906
16.224377490795725
16.245038901949304
16.280875942880964
16.32994055589433
16.385005165212775
16.435658314322122
16.471542792933555
16.485600655343063
16.476344203099455
16.44811595092043
16.409470337586416
16.370784865276896
16.34180214730142
16.32954672295404
16.336921627290014
16.36198923938259
16.398232625650977
16.436032991330713
16.464783859507687
16.4752770081499
16.462731113355783
16.429462436151635
16.38448265069215
16.33930842775445
16.303126637294934
16.280659078634347
16.272564168656196
16.27644790972838
16.288051150110768
16.303316345697443
16.321063708184813
16.344111320103597
16.376607759928973
16.418552221095194
16.462093259008093
16.494040905119114
16.50379636496729
16.49019626893301
16.46144223597098
16.428732498558198
16.39935496210693
16.37458118619403
16.352877073749305
16.334320110457348
16.322175679681113
16.321290816543435
16.335237766115572
16.36363922999394
16.400702353452616
16.43637883107439
16.460552203097418
16.467928179537658
16.45965080621978
16.44024034755589
16.41352197602815
16.381990907310463
16.349443358060544
16.323308711988275
16.31395101491984
16.330747289474086
16.376912673906432
16.445916714145707
16.521586770958972
16.58214100148221
16.606873883159036
16.583958253834677
16.51686584620408
16.425133445297476
16.33720048257591
16.27919953144298
16.266644264632973
16.301944028237127
16.375507424512453
16.468193960574393
16.555779483580952
16.616240594416176
16.636957311690356
16.61674221424766
16.561925226420563
16.48158093366125
16.386275671453564
16.2894065537672
16.2069536046709
16.153069701305608
16.133650612149893
16.142736904287155
16.164746707982143
16.18161567670198
16.181131922841534
16.161961475320666
16.132364824744275
16.103941128288128
16.085515546948848
16.08109162469899
16.091611770627534
16.11758288604866
16.159734861057945
16.217205898963158
16.285536196847158
16.35707066795718
16.423199255382194
16.475488598520464
16.505351455487123
16.505281989039005
16.47273966350059
16.413574259130336
16.341622882938733
16.274047726139624
16.22471635083858
16.199189160992628
16.1940569638413
16.2007117308145
16.21103157370446
16.22173449802532
16.23516985592514
16.256126634952405
16.286503995113605
16.32169566426488
16.351944282370923
16.367396206789863
16.362145812398055
16.335561264597725
16.293414803669524
16.2494496905586
16.223662355291925
16.23484413515731
16.29105997577281
16.38474955626248
16.495588421968872
16.598943390746292
16.675304689072888
16.716290180476342
16.725072305809082
16.71205009184886
16.688215587069152
16.659582528526304
16.625762456951858
16.583095003892982
16.529525463645577
16.467359831032166
16.402190431390984
16.33971969047796
16.283676202552464
16.236073840609052
16.19823660140407
16.171095040516715
16.15514697498563
16.150831593119765
16.159246245837736
16.182787173368247
16.224974836412773
16.28825913430233
16.369579797478718
16.45601382795469
16.525004001763374
16.552285100124305
16.5244035587636
16.447166968540042
16.343506764443145
16.242371678753777
16.16617018468473
16.12367693360504
16.110466061060794
16.114491861482833
16.123010003092393
16.127873630621277
16.127824979918426
16.127440570520772
16.133267010469197
16.149453229563992
16.17598153236171
16.210653268907375
16.25246239565301
16.302715286391493
16.36358575017035
16.43635019136254
16.51982243262608
16.608743869667258
16.69328295084
16.760687597414908
16.798712083292585
16.799432450725657
16.76213063041957
16.69479552728183
16.61349239173769
16.53796930741313
16.484249788344425
16.458559755395132
16.456140735356712
16.464830314117098
16.471216527630904
16.466742189483853
16.450981572708503
16.430340567608305
16.413383216424446
16.40621228241876
16.410469748170467
16.42416962414561
16.44365712126352
16.464480909070357
16.480858089107606
16.485490801510476
16.47094993605028
16.43226105196065
16.36960979137712
16.289747825654906
16.205029869029197
16.130483697083715
16.080264973804898
16.064321901677413
16.08559508612563
16.138849073702055
16.21222334025318
16.290334598244453
16.357188422378588
16.399335036482324
16.409555467647092
16.389358179163768
16.34879974224741
16.30342264093765
16.26918208953496
16.257613735336022
16.273374592390564
16.314253995561614
16.372540155182364
16.43724713151482
16.49694925916316
16.541933928142804
16.56482387741827
16.561834543133017
16.5367086541415
16.503235980537337
16.48022366152504
16.481095200223816
16.507329776585756
16.550770768960735
16.601010619859473
16.650491163133857
16.693504377883258
16.72173995171573
16.722781178573765
16.68557537165718
16.609709734558884
16.509890117197145
16.41031173024919
16.33330737509088
16.291243971437805
16.2853858146973
16.308708000745117
16.348802868672156
16.390357755405343
16.418838120101416
16.425181984132706
16.408490475697775
16.374814493338054
16.334008152308876
16.29768278152326
16.278320250351275
16.287145487786212
16.329939629960315
16.403315628790587
16.494626678328228
16.585929693639688
16.659647757266672
16.7034759352132
16.713467285973522
16.69465271451995
16.658524598113566
16.61814634130004
16.58344716872685
16.55860813862455
16.541078943104125
16.521696065341224
16.487562564491075
16.428773545163494
16.345901439503702
16.252542615507807
16.170162480929374
16.118618679724843
16.10833512035094
16.13744954138253
16.193818481611284
16.260311422729405
16.32161525642127
16.37005551788717
16.407117522122746
16.43922641233994
16.470818720180038
16.500035016784317
16.5195084705928
16.520215967833952
16.495315031899132
16.442753816484856
16.366569628177075
16.27680364571908
16.188326181151265
16.119089534426735
16.087284611355653
16.10651609396896
16.180484501025077
16.30072271598639
16.448786831837374
16.60061859811398
16.731256667999062
16.820595263430405
16.859280949293254
16.85099370083322
16.80917171267196
16.75004382476775
16.68551578704241
16.619215447013552
16.547621187351492
16.46567309461663
16.373136207547947
16.277214598208808
16.190551618349822
16.12790398918599
16.103842085142045
16.129609262317857
16.20784743650376
16.328915346776384
16.4730173433945
16.61746500921011
16.74445351269025
16.844709244817796
16.915489452314045
16.955535279799854
16.9612987401888
16.926770346178348
16.84652670214878
16.72033177260244
16.55682487182451
16.37382938187952
16.194590257953756
16.041411938527514
15.92929898133517
15.862365268208091
15.83483657306051
15.836384788027457
15.859117378140612
15.901975673397517
15.969648389842211
16.067470471215497
16.19620735070999
16.348831800875047
16.50982475052614
16.657914504286886
16.771907155888577
16.836396745403935
16.844297331297824
16.796533487182973
16.7008495079097
16.569869653760552
16.417663595207166
16.25673933585232
16.098726723350335
15.957752573558347
15.851319646295984
15.796037724074587
15.801173964190449
15.86478726423579
15.97466289907862
16.113111019014664
16.26283059549993
16.41072169437674
16.54824187660731
16.66944791358881
16.76893565138296
16.84109897404776
16.881092998264297
16.886725862566383
16.859053342497102
16.80070215590244
16.71449222037498
16.6046595840824
16.47863103837316
16.346118767312092
16.216497020284063
16.09841442656351
16.002180275808904
15.94051219728571
15.924374741845078
15.956276435592274
16.026810987926428
16.118182951316914
16.212328067334763
16.297233657076564
16.36817532972661
16.42601726507545
16.47529501174327
16.52232029373083
16.572671408152832
16.628241016154828
16.685298208148577
16.735197618862053
16.767360924102285
16.772587803466642
16.74579636870898
16.688243644664233
16.607818220460135
16.515380204647528
16.418759298456997
16.31974226975623
16.21706078952307
16.11271438133772
16.016453406907964
15.944510163910664
15.912536085548624
15.92794026129998
15.9878627286605
16.08313996507993
16.202872073320687
16.335208648881682
16.465279859141546
16.575113717489604
16.648562913094512
16.67783743307552
16.66563699050985
16.621633046921886
16.557006961204007
16.480534697055823
16.396983669012798
16.307308619754753
16.210523324001205
16.10689622640222
16.000980589764445
15.902844711516794
15.8268764261817
15.78876062511784
15.80207264360266
15.875139436187496
16.007608492422737
16.187345028849208
16.390195180727808
16.584603914084735
16.740487256989
16.83860962029303
16.8748780004016
16.857024035225194
16.797521060671883
16.708575217488864
16.60086297023441
16.483733673179195
16.36499843885656
16.250515249557083
16.144101137229992
16.04793438674108
15.963931730966893
15.895798121380906
15.849842996908164
15.833313593563362
15.851663258349012
15.907161628864777
15.99921920412143
16.12453456264892
16.275732924773102
16.439672471153887
16.597508485642926
16.727273887456096
16.80855756596196
16.828344624899643
16.785977854283136
16.694373662056115
16.576083855963216
16.45592805994179
16.35378090006872
16.28025652276137
16.236063546119137
16.21463482659998
16.206832306042525
16.205345063660015
16.206229741003515
16.207324014829723
16.20655144063146
16.202832106879605
16.19832828535558
16.198972178717476
16.212191253365393
16.24333321523919
16.293223201027782
16.35779392801138
16.428874233812973
16.495632788777666
16.546991256746754
16.574245245636245
16.572747911402132
16.543009017351434
16.49184680760727
16.432609326932628
16.382701517166673
16.35809165129505
16.366768658372717
16.404267440160147
16.45377309521018
16.491845816035926
16.498603141252435
16.46783422955774
16.410823468758903
16.351279192305725
16.314799566120133
16.3186165892919
16.365519730353572
16.443477619709014
16.530685251119564
16.60379348549819
16.64546895761457
16.64818380072975
16.614044037759843
16.552133348723505
16.47454962242022
16.39234449731955
16.313035062161582
16.241035899871196
16.181083451765854
16.142144234524647
16.136847857472702
16.174024273931384
16.249316746014763
16.342634631442095
16.42574221497169
16.47428303720248
16.47652875122512
16.436479862715444
16.372405541211236
16.31108242553063
16.278634180558804
16.291437157900845
16.350504507362245
16.440424189179648
16.53287592626558
16.594843652362194
16.60020777002168
16.540146806357324
16.426321544712845
16.28482703342109
16.14576144136592
16.035423836463952
15.973372736780622
15.971373958181573
16.031163094965788
16.141524286836834
16.278525787170803
16.41196901096546
16.51559596606656
16.57458330674478
16.58661383394312
16.558821664546947
16.505019647605817
16.444143523837432
16.397098808450153
16.38073804290984
16.40205743711792
16.45595238896606
16.526801353966373
16.593119585727663
16.634257766290023
16.636438900573868
16.595549989727353
16.51663750831892
16.41137417273357
16.29483617861876
16.18305135290335
16.09148366243039
16.033131236108265
16.015993085719494
16.04147088350894
16.10522848160098
16.20016621360668
16.318542539744385
16.45052383376718
16.581236795538487
16.691684468331
16.76498171114506
16.792860868043892
16.777254896568103
16.727305913177975
16.654980973813313
16.571491938235116
16.485914406625557
16.40562301235642
16.336069565197292
16.2790734602
16.231934798330748
16.18940372635979
16.147474783928455
16.106076780399416
16.069174587710226
16.043534668177255
16.037440358971793
16.05891890002205
16.113413658875523
16.201967395857903
16.320415080525482
16.459409814956665
16.605453262262404
16.7431169310279
16.85796457420912
16.93917504350328
16.980567253235044
16.979374796306647
16.934233891980778
16.845258500808075
16.717133877025308
16.562096028036667
16.398552600318375
16.245374899227603
16.116933791637734
16.023264038015895
15.973257096064424
15.974508512863268
16.027832099686037
16.121959170102084
16.234864898684958
16.34222494394159
16.4275288371178
16.48710601985629
16.527247358671115
16.556621014528037
16.579691046714267
16.59410416663008
16.59176756431393
16.562803984141766
16.501112276603834
16.40891373698765
16.29813069776523
16.188407660247545
16.102561982524257
16.060482763179326
16.073080821862202
16.138684059823653
16.243872698271698
16.368493918496146
16.49226655096205
16.59958773768238
16.680842870271622
16.731772501350612
16.753006525130974
16.749398871479507
16.72818044857315
16.69659216804876
16.66004390524064
16.620829049160147
16.576866468624853
16.520859023647137
16.44198795392937
16.33179628499806
16.192143105842433
16.03949284900612
15.90084115925876
15.802965545304142
15.762525849719609
15.783325347845718
15.860024386061065
15.982357245669427
16.13569568704059
16.299850488710096
16.450748896856492
16.566234543837144
16.632961439461234
16.65083082200691
16.63295523394338
16.600455991197634
16.573626657911138
16.56376147582061
16.56984072056467
16.580879312467893
16.581735034760406
16.559391523786914
16.507226787247095
16.426203955515106
16.323960839280122
16.21349205528167
16.11155903439035
16.03587596565778
16.00139678130956
16.017154264959817
16.08472883167159
16.198533736043007
16.34694226261565
16.513118524769396
16.67579351784371
16.811447953516183
16.899134530608915
16.927422478236174
16.900039213745323
16.83547975391045
16.75950703372721
16.69448469332582
16.650665665944274
16.622929118602237
16.593747984788585
16.54079962237205
16.446725569815303
16.307608762535725
16.136253450242446
15.958764060944764
15.80666058679437
15.707973385536912
15.68015553580882
15.727411317292175
15.842923486071852
16.012431452342913
16.215245722949547
16.42345536543672
16.603524844866463
16.722626398674954
16.757870703180576
16.70420531628649
16.57706994556509
16.408194235419156
16.23639810187492
16.09760721696228
16.01732617812723
16.006067646893836
16.05738429732527
16.149734947704026
16.253824020318696
16.343694605903455
16.405762105893423
16.44094349786479
16.46046596987155
16.479310939583236
16.51050855168572
16.561559698899053
16.632900373144793
16.7175125648533
16.800745007954262
16.860854183772336
16.872685188584253
16.815767698261887
16.68348343168522
16.487592595541653
16.25581832119032
16.025018897803665
15.833331723188198
15.712350520050565
15.679755710123484
15.73493690817353
15.86059759228433
16.029598320261336
16.212438337018668
16.38189236056212
16.51598647400276
16.602208642298017
16.641800185010794
16.648995405094777
16.6431951861724
16.639192390790416
16.641964715196764
16.6471444656882
16.644490036083898
16.622133963727286
16.569929193801194
16.481221888729692
16.355196252346897
16.201517647017614
16.043304965532137
15.912528694398436
15.83862632659036
15.837623465349719
15.90833763396608
16.03649273889739
16.202074091364757
16.384735698206942
16.56615827844749
16.73145485282466
16.87087221991436
16.98036175850639
17.059313427353068
17.10668034901747
17.118675264559318
17.089705365045734
17.01585471834026
16.898781746226998
16.747332702846954
16.575895341106254
16.401496029562942
16.24187099914526
16.113907883377838
16.0305258209035
15.996814109690355
16.00870072124346
16.05537410894427
16.123091911177507
16.198217100460084
16.270320212975612
16.335771653618536
16.39880634349517
16.467285736759663
16.545040323153966
16.62619921586797
16.69572236318075
16.73592266131171
16.734876792244737
16.691404396493468
16.613829199787325
16.514830836880805
16.407072358670007
16.301752679244448
16.20864991963413
16.13546991137525
16.086421539608825
16.061812843230573
16.05951855808857
16.07662283208257
16.109659431902863
16.154370244937173
16.205844451734162
16.25826144181738
16.304451624921622
16.337271021120586
16.353623626817555
16.358389506948626
16.363578503814992
16.3816839751553
16.41855655003592
16.471568772248883
16.532921906624313
16.594027671786318
16.64815671823041
16.691097865148006
16.720476581936182
16.734346295394943
16.730064473677846
16.70440968149143
16.654789548750042
16.580760861574856
16.485539322947897
16.377413699255545
16.269958447829417
16.179137155663156
16.11747522808215
16.089252555104075
16.090884024099303
16.116133698453233
16.16171226575706
16.22889446413857
16.320450333241006
16.436061885352732
16.56978197764232
16.71018215788503
16.84183956121352
16.94772286399101
17.012795349450275
17.027597062247363
16.98968641523696
16.90308306858091
16.777446211615196
16.626468540759646
16.46436146300812
16.303315384116786
16.154933771681435
16.032498415160884
15.949675928339937
15.917010157608122
15.939456070072035
16.014952896594917
16.13345890894638
16.277870275759124
16.42811658277279
16.56719369424829
16.6853138001142
16.779300779513395
16.849094029546375
16.895602210191342
16.920820787334907
16.92748248606361
16.917071908433996
16.88843339182016
16.838358879821833
16.76300732981159
16.659631459309644
16.529446470189576
16.381253513984575
16.233165003425146
16.109734831561724
16.034618838610516
16.022216633829743
16.072794091517608
16.173141351683537
16.301462878927396
16.43390612764165
16.550242733152768
16.63667828116474
16.68549383672311
16.693613489379292
16.662442881173593
16.5990139447678
16.5164557687582
16.431836323220608
16.361339129458667
16.315331887604408
16.29631886904188
16.300610338641658
16.32181944544776
16.352948278560447
16.386013210228512
16.41185639606773
16.42273962346757
16.416684068125747
16.400026341174605
16.385547926696912
16.38674569650901
16.411795304472893
16.46065339058839
16.525384053569667
16.591705697553838
16.642001100380256
16.661336102922235
16.64403031535417
16.59558583414725
16.528672479607113
16.456549888323618
16.38825601434454
16.328296869302726
16.279107715473767
16.241219095026416
16.210233097186794
16.175833112063735
16.126468735902115
16.05673594809006
15.971637344191997
15.88494936499491
15.813788948428943
15.773857764055169
15.777499591825663
15.832241041521044
15.937061536856993
16.0781834749203
16.229573838646928
16.36100709316562
16.450401626449874
16.49289806465314
16.50092248876207
16.496121293564904
16.49933626665056
16.52383040901194
16.57249355905362
16.637373271318708
16.70098386877705
