20.000000000000043
20.000110678257357
20.001735415761036
20.008492739064742
20.025587066011823
20.05870535319702
20.112741662518133
20.190595739152563
20.29230221849737
20.414693293242593
20.551680066455543
20.695085236452215
20.835821335634922
20.9651327799908
21.075631561576607
21.16194635087728
21.22093539495783
21.25153711082182
21.254411129449544
21.23154146406845
21.18593928057631
21.1215156895446
21.043118554721914
20.956661562459423
20.869232895995008
20.78906305271925
20.72525891652391
20.68726942417018
20.684123934714428
20.723556754941235
20.811176155541208
20.949835692037162
21.139317402807045
21.376357164618828
21.65496116330324
21.96690690972495
22.30230702839392
22.650136604076746
22.998670414558692
23.335826486918062
23.649451906242287
23.927606704592982
24.158899197135522
24.332903742519203
24.440656367851954
24.475185284719498
24.43200396168338
24.309484372917026
24.109041931017046
23.83509790623338
23.494829044087503
23.09775382317697
22.655228937892765
22.179932828705443
21.685396812702443
21.18561493394605
20.69472984248984
20.226762949898625
19.79534064759873
19.413369493225087
19.09263244330135
18.84331039828659
18.673468627259727
18.588574156082817
18.59111847031502
18.68040693512581
18.852547099267085
19.100633052007783
19.415093559602365
19.78415536962945
20.194371540564084
20.631174576156013
21.079429493753295
21.52397646245541
21.950161470587954
22.34435415519868
22.694444818800825
22.990300949952033
23.224152456082276
23.390869857750122
23.48810461367316
23.5162757135855
23.47840791490953
23.37984811309763
23.22790080212604
23.03142728806038
22.800446021324273
22.545756542369848
22.278592564069307
22.010296004218684
21.75199693202766
21.514285582837868
21.30687074032351
21.138231068329038
21.015278546673397
20.943062059924493
20.92454142393076
20.960456688309897
21.049305765811095
21.187428659977428
21.369183136569454
21.58718853564161
21.832613576630546
22.095489711477526
22.365040663810756
22.630027224748023
22.879110960075806
23.10123973138532
23.286052107922668
23.424288630654974
23.5081884820396
23.531843895807782
23.49148430402044
23.385668450644506
23.215373842368717
22.983985627472794
22.697197432023923
22.362841641280077
21.990664713575963
21.592055557070285
21.179725326148453
20.767329779183644
20.369024515898975
19.998950838281363
19.670664516975947
19.396537270827277
19.187175546227447
19.050908178640768
18.99339124750206
19.017365405832308
19.12258107097495
19.305884578806854
19.561438916212165
19.881040558105767
20.254491749531734
20.66999476610518
21.114547917959015
21.5743373855099
22.035129507034256
22.48267165668399
22.903105839869276
23.283389920934987
23.611711256355285
23.877870835541795
24.0736153305883
24.192899272485665
24.232067241512265
24.189953533323205
24.06790243847707
23.869715450822188
23.601532435546975
23.271652610764352
22.89029936135719
22.46933177182328
22.02190580753855
21.562088662931362
21.10443032328363
20.66349746818622
20.253377963294742
19.887169930216835
19.576476269425235
19.33093094868097
19.157785793090653
19.061586203541733
19.04396191929807
19.103554090811283
19.236091084677746
19.434612449278994
19.68982589570748
19.990570026254595
20.324348601911474
20.677900345239344
21.0377698785769
21.390849004982996
21.72486293329531
22.02878328726081
22.29315800897246
22.51035595578388
22.674729725560308
22.782703562845718
22.83279426947453
22.82557221360258
22.763567406395246
22.65112336748292
22.494200615417032
22.300133012307203
22.077343505274236
21.83502967497364
21.582832520639943
21.330503287091535
21.08758250989344
20.863102592723568
20.66532040218687
20.501480944438587
20.377609436048942
20.298328867725136
20.26670366964427
20.284115631249396
20.350183218398875
20.462737715086718
20.61786834045364
20.810044156375742
21.032314442297
21.276582447044692
21.533940683215224
21.795049692923676
22.050537525843417
22.29139559186243
22.50934887769058
22.697183435888
22.84901856921218
22.96051298593049
23.02899414995515
23.05350152796975
23.034740565047418
22.974954752206603
22.87773402915702
22.74778371927891
22.590676437539564
22.412601831953175
22.220121073560538
22.019929763755968
21.818635069644635
21.622556162625624
21.4375558776785
21.26890409477521
21.12116361038711
20.998084331478253
20.90249655779878
20.83620794249869
20.799924266807693
20.79322190523769
20.814593630125657
20.861570694301914
20.93090193383119
21.018756403328677
21.120916795929357
21.232945051807516
21.350320385908365
21.46856321027304
21.583360398596202
21.69069962943433
21.78700988387606
21.869298249962178
21.935272294888552
21.98343983266951
22.01317963620563
22.024775367114245
22.019402447689366
21.999057913154505
21.966429503043422
21.924711405423277
21.87738529654085
21.827991202599865
21.779911052198784
21.7361806690279
21.699337615095914
21.67130619267628
21.65331831597693
21.645869337594736
21.648709894726597
21.660876794975927
21.680766193346447
21.706249503918354
21.73482658718502
21.763803513450814
21.79047652208891
21.812302088473846
21.82703590821722
21.832829956734884
21.82828468885133
21.812461361272092
21.78486637471264
21.74542428423851
21.694457015137434
21.63268248609515
21.56123682499096
21.481713563294278
21.39620436072117
21.30732133485358
21.21818107505714
21.13233381878966
21.05362754546625
20.986006462937006
20.933256616562325
20.89872565744858
20.885053975366187
20.893955254391642
20.92607453635024
20.980934789644476
21.056965707638522
21.151597129502182
21.26139647900981
21.382233461511557
21.50946233520235
21.638118552367196
21.76312963343214
21.879538621052298
21.982733051414712
22.068665455623833
22.134046354623546
22.176490562725533
22.19460340211404
22.18800345141215
22.157289111301264
22.103963903937387
22.030337799047725
21.939418681922113
21.83480078899275
21.72054835546762
21.601066446795638
21.480950110308374
21.36480860328544
21.257071525020134
21.161793868466006
21.082482620907367
21.02196561490073
20.98231386813997
20.96481487861666
20.9699818833375
20.9975787529345
21.04664470221446
21.1155147074848
21.20184360234902
21.302647737837496
21.414375910149346
21.53301412049765
21.65422148437289
21.7734901558924
21.886320520198854
21.988402764305338
22.07579601434337
22.14509590486247
22.19358079219797
22.219326652272933
22.221282212874133
22.199299702603653
22.154122052239575
22.087332589866257
22.001276231301507
21.898960892329477
21.783944875937085
21.660211983674888
21.532032841000348
21.403809557131787
21.279902123823703
21.164439806235553
21.06112950811503
20.97308345203615
20.902694996495875
20.851587930874437
20.820649051409138
20.81013062640557
20.8197875981277
20.849003172666976
20.896860698709467
20.962138308556952
21.04322960061391
21.138020353318954
21.24377008118402
21.357052637220637
21.473799701942255
21.589466740481974
21.69930945785637
21.79872970819642
21.88363222642301
21.950731898052087
21.997764441047266
22.023576294585276
22.02809546514651
22.012207480325518
21.977574677799897
21.92644106195665
21.861459842293744
21.78556864005994
21.701920470615075
21.613859739308552
21.524915648136034
21.438775622818248
21.35920300965387
21.289877792693694
21.23416341330624
21.19482983732071
21.173783882746594
21.1718646927458
21.188751256553832
21.22300238805939
21.27221649629467
21.333271109365167
21.40259002845751
21.476391327770084
21.550886975725795
21.62242620828249
21.687592639109248
21.743275359091797
21.786736136123373
21.815689819692675
21.82840580693889
21.823827375508472
21.8016945460795
21.76264642531464
