0.25131641933939686
0.430828147438966
0.5241742460507419
0.5648635710866443
0.5648635710866443
0.6582096696984203
0.5768310196266155
0.6606031594064146
0.6247008137865007
0.5528961225466731
0.5505026328386787
0.5313547151747248
0.5193872666347534
0.48348492101483964
0.4284346577309717
0.38056486357108665
0.3326950694112015
0.2728578267113451
0.18908568693154618
0.1507898516036381
0.14121589277166108
0.15318334131163236
0.11488750598372427
0.05983724269985639
0.062230732407850646
0.0646242221158449
0.03829583532790809
0.019147917663954045
0.03590234561991383
0.01675442795595979
0.014360938247965534
0.009573958831977022
0.004786979415988511
0.0023934897079942556
0.004786979415988511
0.009573958831977022
0.0
0.0
0.0
0.0
0.0
0.0
0.0
0.0
0.0
0.0
0.0
0.0
0.0
0.0
0.0
0.0
0.0
0.0
0.0
0.0
0.0
0.0
0.0
0.0
0.0
0.0
0.0
0.0
0.0
0.0
0.0
0.0
0.0
0.0
