0.38056486357108665
0.47630445189085685
0.5146002872187649
0.5744375299186213
0.5864049784585926
0.6438487314504547
0.5911919578745811
0.5409286740067017
0.5744375299186213
0.6318812829104835
0.5959789372905696
0.5289612254667305
0.421254188606989
0.4667304930588798
0.3757778841550981
0.33748204882719
0.27764480612733367
0.23934897079942555
0.1723312589755864
0.17711823839157492
0.1507898516036381
0.13642891335567256
0.12206797510770703
0.08855911919578746
0.08377213977979894
0.07180469123982766
0.057443752991862135
0.04547630445189085
0.03590234561991383
0.026328386787936812
0.023934897079942556
0.011967448539971278
0.007180469123982767
0.0023934897079942556
0.0023934897079942556
0.004786979415988511
0.004786979415988511
0.0023934897079942556
0.0
0.0
0.004786979415988511
0.0023934897079942556
0.0
0.004786979415988511
0.0023934897079942556
0.0
0.0
0.0
0.0
0.0
0.0
0.0
0.0
0.0
0.0
0.0
0.0
0.0
0.0
0.0
0.0
0.0
0.0
0.0
0.0
0.0
0.0
0.0
0.0
0.0
