0.2704643370033509
0.44279559597893725
0.4739109621828626
0.5217807563427477
0.5313547151747248
0.6917185256103399
0.607946385830541
0.6558161799904261
0.5744375299186213
0.6701771182383915
0.5600765916706558
0.5696505505026328
0.5552896122546673
0.4475825753949258
0.43322163714696027
0.3638104356151268
0.31594064145524176
0.3015797032072762
0.20823360459550022
0.14360938247965532
0.14360938247965532
0.09334609861177597
0.11488750598372427
0.057443752991862135
0.050263283867879364
0.04068932503590234
0.028721876495931067
0.014360938247965534
0.026328386787936812
0.011967448539971278
0.014360938247965534
0.009573958831977022
0.007180469123982767
0.007180469123982767
0.009573958831977022
0.004786979415988511
0.0
0.009573958831977022
0.0023934897079942556
0.0
0.0
0.0
0.004786979415988511
0.004786979415988511
0.0023934897079942556
0.0023934897079942556
0.0
0.0
0.0
0.0
0.0
0.0
0.0
0.0
0.0
0.0
0.0
0.0
0.0
0.0
0.0
0.0
0.0
0.0
0.0
0.0
0.0
0.0
0.0
0.0
