0.3949258018190522
0.4619435136428913
0.5313547151747248
0.6031594064145523
0.5505026328386787
0.6821445667783629
0.5816179990426041
0.6414552417424605
0.6223073240785064
0.505026328386788
0.5600765916706558
0.46433700335088557
0.44279559597893725
0.36859741503111537
0.3757778841550981
0.3638104356151268
0.35902345619913834
0.26089037817137384
0.20584011488750598
0.19147917663954045
0.15797032072762088
0.14360938247965532
0.07659167065581618
0.08855911919578746
0.08377213977979894
0.06701771182383916
0.055050263283867876
0.04786979415988511
0.0215414073719483
0.026328386787936812
0.011967448539971278
0.009573958831977022
0.011967448539971278
0.011967448539971278
0.004786979415988511
0.0
0.0023934897079942556
0.0023934897079942556
0.0023934897079942556
0.0023934897079942556
0.0023934897079942556
0.0
0.0
0.0
0.0
0.0
0.0023934897079942556
0.0
0.0
0.0
0.0
0.0
0.0
0.0
0.0
0.0
0.0
0.0
0.0
0.0
0.0
0.0
0.0
0.0
0.0
0.0
0.0
0.0
0.0
0.0
