0.39253231211105793
0.4523695548109143
0.5600765916706558
0.6438487314504547
0.6103398755385352
0.5744375299186213
0.6582096696984203
0.5672570607946386
0.6031594064145523
0.5792245093346099
0.5098133078027764
0.5457156534226902
0.4140737194830062
0.37817137386309235
0.421254188606989
0.2848252752513164
0.31354715174724745
0.22977501196744854
0.215414073719483
0.18908568693154618
0.16036381043561512
0.13642891335567256
0.09573958831977022
0.08855911919578746
0.07419818094782192
0.04786979415988511
0.04786979415988511
0.03590234561991383
0.03829583532790809
0.026328386787936812
0.023934897079942556
0.026328386787936812
0.019147917663954045
0.009573958831977022
0.007180469123982767
0.007180469123982767
0.004786979415988511
0.0
0.0023934897079942556
0.0023934897079942556
0.0
0.0
0.0
0.0023934897079942556
0.0
0.0
0.0
0.0
0.0
0.0
0.0
0.0
0.0
0.0
0.0
0.0
0.0
0.0
0.0
0.0
0.0
0.0
0.0
0.0
0.0
0.0
0.0
0.0
0.0
0.0
