0.6414552417424605
0.6677836285303973
0.6582096696984203
0.572044040210627
0.6606031594064146
0.5361416945907133
0.5241742460507419
0.533748204882719
0.4595500239348971
0.46433700335088557
0.45476304451890853
0.4044997606510292
0.38056486357108665
0.3350885591191958
0.29439923408329344
0.26807084729535663
0.26089037817137384
0.22498803255146002
0.1675442795595979
0.1460028721876496
0.16993776926759213
0.1819052178075634
0.15797032072762088
0.1292484442316898
0.10052656773575873
0.10292005744375299
0.10531354715174725
0.07180469123982766
0.055050263283867876
0.0646242221158449
0.050263283867879364
0.04068932503590234
0.0215414073719483
0.031115366203925323
0.014360938247965534
0.014360938247965534
0.011967448539971278
0.009573958831977022
0.0
0.007180469123982767
0.0023934897079942556
0.0
0.0023934897079942556
0.0
0.0
0.0
0.0
0.0
0.0
0.0
0.0
0.0
0.0
0.0
0.0
0.0
0.0
0.0
0.0
0.0
0.0
0.0
0.0
0.0
0.0
0.0
0.0
0.0
0.0
0.0
