0.20344662517951173
0.34705600765916705
0.4739109621828626
0.5217807563427477
0.5696505505026328
0.6629966491144088
0.6223073240785064
0.6510292005744375
0.6869315461943514
0.6318812829104835
0.6151268549545237
0.6175203446625179
0.5672570607946386
0.4619435136428913
0.4044997606510292
0.39013882240306363
0.33987553853518426
0.25131641933939686
0.22738152225945427
0.1507898516036381
0.13642891335567256
0.10292005744375299
0.0861656294877932
0.07419818094782192
0.028721876495931067
0.04068932503590234
0.03350885591191958
0.023934897079942556
0.01675442795595979
0.01675442795595979
0.009573958831977022
0.007180469123982767
0.009573958831977022
0.004786979415988511
0.004786979415988511
0.0023934897079942556
0.004786979415988511
0.0
0.0
0.0
0.0
0.0
0.0
0.0
0.0
0.0
0.0
0.0
0.0
0.0
0.0
0.0
0.0
0.0
0.0
0.0
0.0
0.0
0.0
0.0
0.0
0.0
0.0
0.0
0.0
0.0
0.0
0.0
0.0
0.0
