0.430828147438966
0.5528961225466731
0.5313547151747248
0.6055528961225467
0.6175203446625179
0.6175203446625179
0.5505026328386787
0.6223073240785064
0.5528961225466731
0.5098133078027764
0.5864049784585926
0.440402106270943
0.4044997606510292
0.42364767831498323
0.38056486357108665
0.3063666826232647
0.30876017233125896
0.22738152225945427
0.2369554810914313
0.1675442795595979
0.13403542364767831
0.1675442795595979
0.0861656294877932
0.05983724269985639
0.0646242221158449
0.08855911919578746
0.04068932503590234
0.057443752991862135
0.03350885591191958
0.04547630445189085
0.03350885591191958
0.01675442795595979
0.019147917663954045
0.011967448539971278
0.014360938247965534
0.009573958831977022
0.009573958831977022
0.019147917663954045
0.009573958831977022
0.0023934897079942556
0.0
0.0023934897079942556
0.0
0.0
0.0
0.0
0.0
0.0
0.0
0.0
0.0
0.0
0.0
0.0
0.0
0.0
0.0
0.0
0.0
0.0
0.0
0.0
0.0
0.0
0.0
0.0
0.0
0.0
0.0
0.0
