0.48827190043082813
0.6055528961225467
0.5624700813786501
0.5505026328386787
0.5840114887505984
0.5672570607946386
0.5983724269985639
0.5768310196266155
0.6127333652465294
0.48348492101483964
0.5002393489707994
0.5074198180947822
0.38535184298707514
0.3614169459071326
0.3709909047391096
0.2920057443752992
0.27525131641933936
0.22977501196744854
0.22977501196744854
0.2369554810914313
0.16515078985160364
0.13642891335567256
0.0909526089037817
0.13882240306366683
0.06701771182383916
0.07898516036381044
0.05983724269985639
0.04547630445189085
0.04786979415988511
0.023934897079942556
0.023934897079942556
0.023934897079942556
0.019147917663954045
0.014360938247965534
0.007180469123982767
0.011967448539971278
0.0023934897079942556
0.007180469123982767
0.0023934897079942556
0.004786979415988511
0.0023934897079942556
0.0023934897079942556
0.0023934897079942556
0.0023934897079942556
0.0
0.0
0.0
0.0
0.0
0.0
0.0
0.0
0.0
0.0
0.0
0.0
0.0
0.0
0.0
0.0
0.0
0.0
0.0
0.0
0.0
0.0
0.0
0.0
0.0
0.0
