0.48109143130684534
0.4954523695548109
0.5887984681665869
0.5959789372905696
0.5600765916706558
0.5648635710866443
0.6223073240785064
0.6151268549545237
0.5959789372905696
0.5528961225466731
0.5385351842987075
0.4356151268549545
0.43322163714696027
0.38535184298707514
0.3231211105792245
0.32551460028721874
0.29918621349928193
0.2704643370033509
0.23456199138343706
0.17951172809956917
0.13642891335567256
0.14360938247965532
0.13642891335567256
0.08137865007180468
0.07659167065581618
0.05983724269985639
0.052656773575873624
0.04786979415988511
0.023934897079942556
0.03829583532790809
0.031115366203925323
0.0215414073719483
0.004786979415988511
0.0215414073719483
0.011967448539971278
0.007180469123982767
0.0023934897079942556
0.0
0.0
0.0023934897079942556
0.0023934897079942556
0.0
0.0
0.0
0.0
0.0
0.0
0.0
0.0
0.0
0.0
0.0
0.0
0.0
0.0
0.0
0.0
0.0
0.0
0.0
0.0
0.0
0.0
0.0
0.0
0.0
0.0
0.0
0.0
0.0
