0.38535184298707514
0.430828147438966
0.4930588798468166
0.5528961225466731
0.6486357108664432
0.572044040210627
0.543322163714696
0.6486357108664432
0.6294877932024893
0.5648635710866443
0.5648635710866443
0.5648635710866443
0.4786979415988511
0.4667304930588798
0.43800861656294876
0.35184298707515554
0.2848252752513164
0.24892292963140258
0.17951172809956917
0.1938726663475347
0.1460028721876496
0.08855911919578746
0.12206797510770703
0.0861656294877932
0.07180469123982766
0.052656773575873624
0.055050263283867876
0.014360938247965534
0.01675442795595979
0.014360938247965534
0.019147917663954045
0.019147917663954045
0.007180469123982767
0.004786979415988511
0.007180469123982767
0.007180469123982767
0.004786979415988511
0.007180469123982767
0.0023934897079942556
0.004786979415988511
0.0
0.0
0.0023934897079942556
0.0
0.0
0.004786979415988511
0.0
0.0
0.0
0.0
0.0
0.0
0.0
0.0
0.0
0.0
0.0
0.0
0.0
0.0
0.0
0.0
0.0
0.0
0.0
0.0
0.0
0.0
0.0
0.0
