59.999999999999865
59.85160290678188
59.42521364580297
58.77412958242265
57.97760966350954
57.128969110138286
56.322835010302626
55.6437556271988
55.15752714099317
54.90572301838124
54.903294701087724
55.13884793716833
55.577199366425894
56.16391635328835
56.83158158794946
57.50740940514406
58.121573211224955
58.61527941294699
58.947405231085604
59.098566080937736
59.0718659120961
58.89024044113222
58.591029691712095
58.21897449625197
57.819056121617876
57.430462411149115
57.08256644202896
56.79329741310902
56.56980096499789
56.41090442405647
56.31065047229918
56.26204777740973
56.260212842760126
56.30424185452901
56.397433289289
56.545832155309746
56.75541576828346
57.028521825823425
57.36028859060805
57.73592034649638
58.12951346693619
58.50498421586723
58.81932641206325
59.028000487490075
59.09175972966705
58.9837631628805
58.69556637467492
58.24066466864547
57.65472426240628
56.99235597347279
56.321020698073255
55.71316151985838
55.23780502608726
54.95270137865046
54.897736593120854
55.090034657191666
55.52099605358927
56.15551788602516
56.933735520262665
57.77567191507826
58.58901203989934
59.2797217684285
59.76443343976615
59.98266125813766
59.906391944492825
59.5448006163429
58.94286934546335
58.1742155606423
57.329857878773254
56.50540217775554
55.789031236011624
55.251954386731015
54.94205708785131
54.8807613342012
55.0627302327932
55.45798015743218
56.01604541507696
56.67190533680017
57.35332030955807
57.989008555821485
58.51679978460358
58.890664241494726
59.0854889991239
59.09875144164579
58.948799575656786
58.67014258178951
58.30676834388312
57.90485046434286
57.50620449132105
57.14354625774835
56.83812187853555
56.59976109523993
56.42895933124744
56.32027684339853
56.2661802707683
56.26045073436427
56.300437353071814
56.38771663562309
56.527070203088876
56.724042510038025
56.981619867827845
57.29674256026393
57.65741576841427
58.04113382645184
58.4151852087904
58.73915718508124
58.96959848357276
59.066340610303236
58.99950012312428
58.75583096170386
58.34303627467638
57.79098027472196
57.149403977978196
56.48252676697891
55.861532856387036
55.35620817289707
55.02689372606745
54.91759617838615
55.05074274652389
55.4238389914132
56.00823712830511
56.75029688742759
57.575291096061804
58.39431295697792
59.1140533430798
59.648620644734066
59.93174238076512
59.92706321379862
59.63422620028278
59.08919036746639
58.35862020647076
57.529660645531266
56.69739555377428
55.95245638274322
55.37069346807128
55.00593171564353
54.88601948865892
55.0118835322925
55.35914060437856
55.881857419894644
56.51812420117464
57.19708534428098
57.84690854079617
58.402916628345345
58.814869650365274
59.05230738971768
59.107047585145466
58.9923937607733
58.7392398076021
58.38988675264198
57.99082269380726
57.585840507136965
57.21067092890343
56.88987994888233
56.63625374051129
56.452396819315965
56.33388647690481
56.27310656018164
56.26284544399715
56.298880531862096
56.381049419038305
56.51266149933679
56.69845436046259
56.941578399274015
57.24026358609382
57.58488203359123
57.956086906460996
58.324597216042925
58.65300515077648
58.899688455243385
59.02450751136181
58.995499283235446
58.79536837618716
58.42639162806693
57.9125388083562
57.29817679399082
56.64349874721337
56.01752360799793
55.489902632326874
55.122770489764044
54.963592296722545
55.03958451651656
55.35400616390864
55.8845104156356
56.583787566260206
57.382805313247594
58.196908975924835
58.93474857093407
59.509408244081705
59.850340333690326
59.91403668864358
59.69116905674557
59.208449535096804
58.524643908816444
57.721610096105785
56.892367874555696
56.12862591575578
55.50985627986402
55.0952094698061
54.918715664492865
54.98761790279326
55.283416152166765
55.76517856747024
56.374737337019106
57.043392271811534
57.69963061610574
58.27715809804134
58.722315337107496
58.99984774281277
59.096108531737435
59.01913831880994
58.79562235542584
58.46533740406985
58.074190958562134
57.667186389397564
57.282565357808224
56.948028693501854
56.67943203706401
56.48182432512594
56.35225592678171
56.283502314355765
56.26776472514003
56.299520845922565
56.3769672460894
56.50184891378294
56.67782374046182
56.9077892715147
57.1907691644051
57.51901934026846
57.87599239118871
58.23571438513402
58.5639805529341
58.821543040569644
58.96912238153644
58.97364094868121
58.81464130883023
58.48957531581468
58.01669723283963
57.43473338182492
56.799223836593036
56.1761819313942
55.63422152766279
55.23641931311545
55.0329617315668
55.055257669815724
55.31187555386076
55.78650108097392
56.43810936826363
57.20360928294044
58.00320626952684
58.74850857870436
59.35290752238872
59.74306601099076
59.869680129059034
59.71536340822946
59.297813606650045
58.667388001048145
57.89954452809455
57.083803752137094
56.3115070830591
55.66453832462359
55.20652492372857
54.9772107370177
54.99002170378456
55.2324775565394
55.66900044911605
56.245698413485194
56.89671721266577
57.55167730490169
58.14354268842454
58.6160732264937
58.92989511413681
59.06628191521058
59.02801955233117
58.83720621370808
58.5304092359301
58.152115289899264
57.74772269341495
57.357349949077204
57.01147597713942
56.72896801758069
56.517517843401414
56.3760207256876
56.29809169762409
56.275777006554506
56.302595820929895
56.37530016963598
56.49409149257908
56.66138624219561
56.8795036128498
57.14781840239726
57.45998563150961
57.801829257779616
58.15042177411887
58.47476927168551
58.73833574215274
58.90335946866515
58.936528234463
58.81514939268745
58.53261413418866
58.10188509451344
57.556042637761834
56.94556131220973
56.33273998428415
55.784297545863865
55.36338016725704
55.12209911631631
55.095382155010284
55.29657712077144
55.715033838060336
56.315839764431075
57.04192504782786
57.81875565055468
58.561667440959475
59.18548461856825
59.615450803025354
59.797860998024255
59.70840231969339
59.356358562775206
58.78359623586408
58.05843466182496
57.26569176963225
56.49495320696095
55.82920982908072
55.33553087346093
55.058689035732314
55.017955882577574
55.20683517367751
55.59531533781411
56.134198429714154
56.76107000349256
57.4074221058149
58.00631039547101
58.49976171625537
58.84503386189059
59.01885103856259
59.01895121675162
58.86268214910193
58.58290111762341
58.221945907622896
57.8248119704881
57.4327881741073
57.07863889730794
56.784023398843956
56.559323377860686
56.40553617321917
56.31749989885918
56.287526292822555
56.30855312586098
56.37615809739656
56.489118862270914
56.6485580298161
56.85599411048263
57.110789499969854
57.40755034705904
57.73402279875921
58.06997745673669
58.38748863398239
58.65287776005272
58.8303651137677
58.88714049591992
58.79915670106821
58.55658317595792
58.16769692892814
57.66016930772217
57.079237114000456
56.48296154836333
55.93541456836801
55.498967853999076
55.22683315586748
55.15672303232368
55.30615743845516
55.66969173477647
56.21824348949763
56.900703585886355
57.64801999419676
58.37981517220965
59.013258740194814
59.47338013931205
59.70341169450108
59.67334392555965
59.38490331398615
58.87174808021693
58.19470357161426
57.43298833018774
56.67321052231722
55.99817753652157
55.477258041438
55.15939228029083
55.06916354012046
55.205839050435955
55.54502578269535
56.042502948176946
56.63977579660726
57.27085317221127
57.86965051777212
58.377286008894764
58.74843397733747
58.955900142958896
58.99274237635793
58.871591868879754
