0.4514073287307488
0.48327137546468396
0.562931492299522
0.5469994689325544
0.6160382368560807
0.5788635156664896
0.5151354221986192
0.6372809346787042
0.48327137546468396
0.5788635156664896
0.5098247477429634
0.4992033988316516
0.49389272437599574
0.44078597981943707
0.42485395645246943
0.36112586298459903
0.2973977695167286
0.30801911842804036
0.22304832713754646
0.18056293149229952
0.15400955921402018
0.12214551248008497
0.09559214020180562
0.1009028146574615
0.08497079129049388
0.04779607010090281
0.04248539564524694
0.015932023366967606
0.02124269782262347
0.015932023366967606
0.03186404673393521
0.005310674455655868
0.02124269782262347
0.015932023366967606
0.010621348911311735
0.010621348911311735
0.0
0.005310674455655868
0.005310674455655868
0.0
0.0
0.0
0.0
0.0
0.0
0.0
0.0
0.0
0.0
0.0
0.0
0.0
0.0
0.0
0.0
0.0
0.0
0.0
0.0
0.0
0.0
0.0
0.0
0.0
0.0
0.0
0.0
0.0
0.0
0.0
0.0
0.0
0.0
0.0
0.0
0.0
0.0
0.0
0.0
0.0
