0.35581518852894317
0.49389272437599574
0.6319702602230483
0.5682421667551779
0.6160382368560807
0.6213489113117365
0.5894848645778014
0.605416887944769
0.4885820499203399
0.5576208178438662
0.5894848645778014
0.44078597981943707
0.4673393520977164
0.3983005841741901
0.2920870950610727
0.32395114179500795
0.36112586298459903
0.2655337227827934
0.18587360594795538
0.21773765268189058
0.19118428040361124
0.14338821030270843
0.1168348380244291
0.10621348911311736
0.04248539564524694
0.04779607010090281
0.06372809346787042
0.04248539564524694
0.02655337227827934
0.05310674455655868
0.010621348911311735
0.02655337227827934
0.015932023366967606
0.015932023366967606
0.0
0.005310674455655868
0.015932023366967606
0.0
0.0
0.005310674455655868
0.0
0.0
0.0
0.0
0.0
0.0
0.0
0.0
0.0
0.0
0.0
0.0
0.0
0.0
0.0
0.0
0.0
0.0
0.0
0.0
0.0
0.0
0.0
0.0
0.0
0.0
0.0
0.0
0.0
0.0
0.0
0.0
0.0
0.0
0.0
0.0
0.0
0.0
0.0
0.0
