0.3451938396176314
0.5363781200212426
0.5045140732873075
0.4885820499203399
0.6638343069569835
0.6107275624004248
0.6585236325013276
0.6001062134891131
0.605416887944769
0.5788635156664896
0.6160382368560807
0.49389272437599574
0.4673393520977164
0.44609665427509293
0.32395114179500795
0.281465746149761
0.2973977695167286
0.3027084439723845
0.21773765268189058
0.15400955921402018
0.1168348380244291
0.09028146574614976
0.1327668613913967
0.03186404673393521
0.07434944237918215
0.07434944237918215
0.07966011683483802
0.05310674455655868
0.03717472118959107
0.015932023366967606
0.02124269782262347
0.010621348911311735
0.015932023366967606
0.005310674455655868
0.02655337227827934
0.0
0.005310674455655868
0.005310674455655868
0.010621348911311735
0.0
0.0
0.0
0.0
0.0
0.0
0.0
0.0
0.0
0.0
0.0
0.0
0.0
0.0
0.0
0.0
0.0
0.0
0.0
0.0
0.0
0.0
0.0
0.0
0.0
0.0
0.0
0.0
0.0
0.0
0.0
0.0
0.0
0.0
0.0
0.0
0.0
0.0
0.0
0.0
0.0
