0.41954328199681357
0.5682421667551779
0.49389272437599574
0.5682421667551779
0.6107275624004248
0.6691449814126393
0.5416887944768985
0.6107275624004248
0.5204460966542751
0.605416887944769
0.5151354221986192
0.44078597981943707
0.5257567711099309
0.38767923526287834
0.3451938396176314
0.33988316516197553
0.2973977695167286
0.21242697822623471
0.22835900159320233
0.18587360594795538
0.1646309081253319
0.11152416356877323
0.12745618693574085
0.09559214020180562
0.05841741901221455
0.06903876792352628
0.03717472118959107
0.06903876792352628
0.005310674455655868
0.015932023366967606
0.005310674455655868
0.03186404673393521
0.005310674455655868
0.02655337227827934
0.010621348911311735
0.010621348911311735
0.005310674455655868
0.0
0.015932023366967606
0.010621348911311735
0.015932023366967606
0.005310674455655868
0.005310674455655868
0.005310674455655868
0.005310674455655868
0.0
0.0
0.0
0.0
0.0
0.0
0.0
0.0
0.0
0.0
0.0
0.0
0.0
0.0
0.0
0.0
0.0
0.0
0.0
0.0
0.0
0.0
0.0
0.0
0.0
0.0
0.0
0.0
0.0
0.0
0.0
0.0
0.0
0.0
0.0
