0.4514073287307488
0.5204460966542751
0.5310674455655868
0.6319702602230483
0.6213489113117365
0.5788635156664896
0.6001062134891131
0.4885820499203399
0.5363781200212426
0.6001062134891131
0.48327137546468396
0.43547530536378115
0.42485395645246943
0.4142326075411577
0.33988316516197553
0.32395114179500795
0.3505045140732873
0.26022304832713755
0.1964949548592671
0.2496016994158258
0.1964949548592671
0.1486988847583643
0.1327668613913967
0.09559214020180562
0.07434944237918215
0.07966011683483802
0.04779607010090281
0.05310674455655868
0.02655337227827934
0.03717472118959107
0.03186404673393521
0.010621348911311735
0.015932023366967606
0.0
0.0
0.005310674455655868
0.0
0.005310674455655868
0.0
0.0
0.0
0.0
0.0
0.0
0.0
0.0
0.0
0.0
0.0
0.0
0.0
0.0
0.0
0.0
0.0
0.0
0.0
0.0
0.0
0.0
0.0
0.0
0.0
0.0
0.0
0.0
0.0
0.0
0.0
0.0
0.0
0.0
0.0
0.0
0.0
0.0
0.0
0.0
0.0
0.0
