0.38767923526287834
0.5523101433882103
0.5363781200212426
0.5947955390334572
0.64259160913436
0.4885820499203399
0.5310674455655868
0.6372809346787042
0.47265002655337224
0.6372809346787042
0.5576208178438662
0.44609665427509293
0.48327137546468396
0.47265002655337224
0.44609665427509293
0.3451938396176314
0.2920870950610727
0.2549123738714817
0.20711630377057885
0.18587360594795538
0.13807753584705257
0.13807753584705257
0.05841741901221455
0.1009028146574615
0.07966011683483802
0.03717472118959107
0.06903876792352628
0.03186404673393521
0.03186404673393521
0.04248539564524694
0.010621348911311735
0.02655337227827934
0.02124269782262347
0.02124269782262347
0.015932023366967606
0.005310674455655868
0.0
0.0
0.0
0.0
0.0
0.0
0.0
0.0
0.0
0.0
0.0
0.0
0.0
0.0
0.0
0.0
0.0
0.0
0.0
0.0
0.0
0.0
0.0
0.0
0.0
0.0
0.0
0.0
0.0
0.0
0.0
0.0
0.0
0.0
0.0
0.0
0.0
0.0
0.0
0.0
0.0
0.0
0.0
0.0
