0.3505045140732873
0.38767923526287834
0.5416887944768985
0.6266595857673924
0.5894848645778014
0.5469994689325544
0.6691449814126393
0.6001062134891131
0.6319702602230483
0.6479022835900159
0.4301646309081253
0.4620286776420605
0.5416887944768985
0.4779607010090281
0.3823685608072225
0.2973977695167286
0.2920870950610727
0.30801911842804036
0.22304832713754646
0.1646309081253319
0.19118428040361124
0.16994158258098777
0.07434944237918215
0.06372809346787042
0.07434944237918215
0.05310674455655868
0.06372809346787042
0.03717472118959107
0.015932023366967606
0.02655337227827934
0.015932023366967606
0.015932023366967606
0.0
0.005310674455655868
0.0
0.005310674455655868
0.0
0.005310674455655868
0.005310674455655868
0.0
0.005310674455655868
0.0
0.0
0.0
0.0
0.0
0.0
0.0
0.0
0.0
0.0
0.0
0.0
0.0
0.0
0.0
0.0
0.0
0.0
0.0
0.0
0.0
0.0
0.0
0.0
0.0
0.0
0.0
0.0
0.0
0.0
0.0
0.0
0.0
0.0
0.0
0.0
0.0
0.0
0.0
