0.3983005841741901
0.4514073287307488
0.45671800318640465
0.64259160913436
0.6001062134891131
0.5735528412108337
0.6372809346787042
0.6213489113117365
0.64259160913436
0.64259160913436
0.6001062134891131
0.45671800318640465
0.3823685608072225
0.4301646309081253
0.33457249070631967
0.281465746149761
0.3027084439723845
0.3292618162506638
0.21242697822623471
0.13807753584705257
0.13807753584705257
0.12745618693574085
0.12745618693574085
0.09028146574614976
0.06372809346787042
0.04248539564524694
0.04248539564524694
0.015932023366967606
0.02124269782262347
0.03717472118959107
0.015932023366967606
0.04779607010090281
0.010621348911311735
0.02655337227827934
0.010621348911311735
0.015932023366967606
0.015932023366967606
0.005310674455655868
0.0
0.005310674455655868
0.0
0.005310674455655868
0.0
0.0
0.0
0.0
0.0
0.0
0.0
0.0
0.0
0.0
0.0
0.0
0.0
0.0
0.0
0.0
0.0
0.0
0.0
0.0
0.0
0.0
0.0
0.0
0.0
0.0
0.0
0.0
0.0
0.0
0.0
0.0
0.0
0.0
0.0
0.0
0.0
0.0
