0.4514073287307488
0.6903876792352628
0.5469994689325544
0.6160382368560807
0.5841741901221454
0.6107275624004248
0.5841741901221454
0.5841741901221454
0.5204460966542751
0.5788635156664896
0.4514073287307488
0.48327137546468396
0.4301646309081253
0.33988316516197553
0.281465746149761
0.22835900159320233
0.32395114179500795
0.19118428040361124
0.22835900159320233
0.17525225703664365
0.15932023366967604
0.15400955921402018
0.1327668613913967
0.12214551248008497
0.09559214020180562
0.07434944237918215
0.06903876792352628
0.05310674455655868
0.03717472118959107
0.02655337227827934
0.02655337227827934
0.03186404673393521
0.02124269782262347
0.02124269782262347
0.03717472118959107
0.005310674455655868
0.010621348911311735
0.005310674455655868
0.010621348911311735
0.005310674455655868
0.0
0.0
0.0
0.0
0.0
0.0
0.0
0.0
0.0
0.0
0.0
0.0
0.0
0.0
0.0
0.0
0.0
0.0
0.0
0.0
0.0
0.0
0.0
0.0
0.0
0.0
0.0
0.0
0.0
0.0
0.0
0.0
0.0
0.0
0.0
0.0
0.0
0.0
0.0
0.0
