0.33988316516197553
0.5469994689325544
0.562931492299522
0.5788635156664896
0.5894848645778014
0.6266595857673924
0.5735528412108337
0.6532129580456718
0.5523101433882103
0.5045140732873075
0.5947955390334572
0.5098247477429634
0.3823685608072225
0.44078597981943707
0.3451938396176314
0.22304832713754646
0.35581518852894317
0.28677642060541686
0.21773765268189058
0.19118428040361124
0.201805629314923
0.11152416356877323
0.12214551248008497
0.12745618693574085
0.04248539564524694
0.06903876792352628
0.03717472118959107
0.03717472118959107
0.04779607010090281
0.02124269782262347
0.02655337227827934
0.03186404673393521
0.02124269782262347
0.005310674455655868
0.010621348911311735
0.005310674455655868
0.0
0.005310674455655868
0.0
0.0
0.0
0.0
0.0
0.0
0.0
0.0
0.0
0.0
0.0
0.0
0.0
0.0
0.0
0.0
0.0
0.0
0.0
0.0
0.0
0.0
0.0
0.0
0.0
0.0
0.0
0.0
0.0
0.0
0.0
0.0
0.0
0.0
0.0
0.0
0.0
0.0
0.0
0.0
0.0
0.0
