1.4297159942224755
0.8082246399554591
0.8716709412253084
0.9835905298864476
0.9358881861920566
1.1189528416190169
1.174721183753739
1.100731771923083
0.2237900902304924
1.2662943061610794
1.4391123318240353
1.0929922501759304
0.3423324510755797
1.4697305153361988
1.5166105567877446
0.38918683141044813
1.0010554515702028
0.6070147156132912
1.4914523906669115
1.4627894391967948
0.5395503443250246
0.7940755880852285
0.9335898283846248
1.6689907679764238
0.5788411565907062
1.0629441917118074
0.9805315695057804
0.6471231147900909
1.078422852658217
1.6685294919172091
0.720417318788315
0.8440946582757327
1.187244601687385
0.5092657798527656
1.4764259070160672
0.8408568963190364
1.0118827289245798
1.108468855411641
0.7140148052758528
1.3924605286561609
0.20199801168719905
1.6763407660511713
1.0383085011059323
0.7184059560391133
1.3377615942959247
0.4018945956983301
1.7925490887718576
0.1319161925371741
1.0461814602838462
1.1620157538799325
1.2369279545931042
0.5374117735774839
1.641267404539377
0.02378270591476873
1.5772701321242755
0.5508162430776842
1.175787462280967
0.7342761495936307
1.521574915137493
0.17507645713240483
1.6576750717640285
0.47170125409066277
1.5392129587303243
0.062164422386165714
0.9403762944828564
1.8139256342989296
0.31537315594758025
1.6614289361598582
0.22586661362674482
1.453295608175967
0.8872894192892725
1.0294621208504957
0.7995461016369784
0.5366504670166767
1.9694985714378
0.06953186653170279
1.5965339320747247
0.7492528813590746
1.1747153445168772
0.8644174010765386
0.6770455134117724
0.7352842167080706
1.6776829480274613
0.08268037191205706
1.8129657285235898
0.4959107982583023
1.207590358632565
1.089775010998151
0.6771812292106845
2.0853505916233055
0.24582992756898983
0.04463174669423436
2.4393580897201432
0.34864825525150783
1.368071618423866
0.96742844132
0.8392172256787149
1.753271837461164
0.4042470874625933
0.1723598918000887
3.0250146589855245
0.4914448032425061
0.20697417058154685
2.126919738345676
0.7586087678105232
0.9683528016871357
1.3778660860175487
0.2893946382120679
2.1546341103452518
0.536473367558584
0.08580400947886166
1.9048158462478095
1.0470807719965007
0.6211606487958391
1.4060034052882247
1.209978755172348
0.4744332107945496
2.225054354820759
0.3311679616052422
0.049235083660372096
2.205256590381998
1.463060311415236
0.6041295377175298
0.324769710954548
1.6207756796332795
1.1381049182146152
0.7049885392798912
1.6401214654890224
0.1406715646942887
1.615897528880357
1.339001263274946
0.43722134260104534
0.5486581780151866
2.2049909686226212
0.429161878640348
0.6851412714721357
1.271534616602202
1.687843017609682
0.06261958697844115
1.8244699536364652
1.1802667502701367
0.31328631318750616
0.8109750571615134
2.310174561650755
0.2518056886547266
0.9603715828612288
1.5025082782663726
0.14122918566073717
1.6482212347179708
0.35296102244386107
1.634860086811336
0.6220832886087618
0.9886887420925269
1.9024995009218117
0.18863043085907658
0.8286756282921681
1.5208087591209114
0.4755925273684004
2.0765784406668595
0.09645499699556177
0.5765764254800074
2.2460202708262433
0.3987214763310751
1.2026332687042025
1.8674443270655152
0.2369531782159794
0.6386344676822303
1.6217050254672611
0.7113486899681312
1.6935715519694778
0.025681106654006254
1.0233584928946835
1.8937567077952235
0.9007281970362946
0.1775084599671986
1.862100087456195
1.260976655907976
0.33106005270609734
1.6422525925332225
0.7526942622172923
1.3000782754411784
0.07740568760431822
1.2721645455019759
1.181972333351015
1.5319538437072515
0.13077197062459447
0.9319722911128715
1.4663496452862117
1.0254263564877666
0.6098784217317604
1.6266637113278066
0.7086092335880787
1.2275428743125338
0.049979620476413585
1.5202352027015724
0.6761349366038241
1.794208342914867
0.44955661430270166
0.3117860424847863
2.72520712950671
0.7218255048235995
0.2446918596981517
1.2333048653343965
1.7980186192628775
0.39503282481761565
1.2013869985100265
1.5132170892534793
0.30272350768841993
1.9025555738458233
0.5272143763066423
0.20157005704657005
3.050315177280259
0.182486374811024
0.5517897668406955
1.872295851424863
0.5719173879441168
1.2920016347615642
0.24457173451454703
1.519496757814634
1.5668739520166892
0.2036219385248426
1.8771334310784005
0.4050547803631521
0.5532339650001921
2.3096423918220665
0.8716629755984996
0.22524883701757212
1.575078027015333
0.6055911333049159
1.9714629992271913
0.12819836783345315
0.49892045120264655
1.6265028630216187
1.4574407597599695
0.18634324642017797
1.6666579845962266
0.747726501215502
1.1912756127308222
1.4514403288374993
0.06981114430572864
0.9921037649716609
1.8084322832901336
1.5323170713029062
0.012001619810497442
0.66400964989982
2.2389655637344292
0.9172841445854987
0.6612156249658779
0.33767752894096476
1.903648442306935
0.8808402347878392
0.9055130225936738
1.7834459516876158
0.27336436679419845
0.4474216329176009
2.7785531926158864
0.4435717812031132
0.5270930590034745
1.4872929494990288
1.3401176691423005
0.4891109176738695
1.2961352023818682
0.6752072328138651
1.0960193449514917
0.9461250977243701
0.9263059466184882
0.8844120952601477
1.6675110030805136
0.020019416122252057
2.109473403837954
0.3612890913059722
0.6704586164195647
1.8726781823925605
0.027353023508581254
1.7539486075740658
1.0172663390301653
0.7319765738620666
0.14465587327056617
2.233536625527357
1.466621247642466
0.16762711148330728
0.7138899919104155
2.0158862405779243
0.3068053497929701
1.6463203879711972
1.0461517230164037
0.421097857020641
1.0005870794496827
1.149804933501772
2.2804409824582343
0.00016417352899188465
0.06967772422645971
2.006121261441344
2.0500845748151835
0.19122897101412167
0.8060223583598163
1.0902122399875351
1.8532393587091547
0.4298053260640484
0.5364613607838107
1.5765094081942863
1.1938713739690807
0.6564294569514517
1.5935172242099147
0.8161488250245928
0.7418030022094491
0.713013603658463
1.5226984120370661
0.5620780722800305
1.122092052542826
1.0748695872341003
1.0199616547305748
0.5282083445577609
1.5378471514882543
0.9578581124832639
0.9937795757237616
0.2771958180129544
1.5946580758415836
0.33751695356960104
2.0228121609438854
0.06338237396518794
1.2587837947176979
1.4171885125264687
0.32186992072116033
1.1958795753181979
1.7428856788248979
0.6453425458966742
0.47474309115111546
0.8147394587157081
2.409393619676874
0.8244396781646005
0.08000424584649342
1.39432312887655
3.0226294418127724
0.05322654739874188
0.06702129460096311
2.3018583142292353
0.6713280036450345
1.2581646019331385
0.7383026898916338
1.5211295330758492
0.7553082221988522
0.4473579142871394
0.18445385880663662
1.9165854645756575
1.6079361386682487
0.4062327975247549
0.8904995534894913
1.2332646420872657
1.1358046657332777
1.0062237694351632
0.43719171363456816
1.9943435675114187
0.11903287546975516
1.0258533822779727
1.0824930737871723
1.4265124290582676
0.9349017578315693
1.185873592891275
0.4011552388062645
0.38048686992330694
2.004539311362314
0.02599964459201938
1.6616703731863078
1.0886345515197122
0.8611441108036567
0.168735827598706
2.317677454628299
0.7275666517194385
0.5091645204149868
1.0338303598088459
2.1928170620057963
0.454690230717405
0.2823867005424091
2.0438308245471024
0.05754593259068075
2.3294046451439594
0.4230580104855711
0.0547934323193937
1.954830954557856
1.996529686587954
0.42346300627744443
0.2119290328060547
1.5043870257050997
2.367632521790283
0.08296478345947143
0.6488642214175249
1.4962365493682528
1.7279688284524917
0.6287262563027042
0.03923999519402462
3.107321191264959
0.42185405139543597
0.2264048797520939
2.480894162251543
0.8008734885645409
0.5175314980999036
1.861514641712543
0.27114503700570514
1.1152095993359057
0.5701735342338139
1.3878649751787357
0.8115839559054296
1.0992836609989576
1.097780191796737
1.0416594375474246
0.33195227092711466
1.888093162306567
0.402104104278022
1.1920965862369701
0.6771780947573149
1.3196583471566474
1.202400653112357
0.5671591485204094
1.5001731020929931
1.0113483055604127
0.19426321207416575
1.6181661263834362
1.2096119138004924
0.7552840447661237
0.6299201330896148
2.025968705449802
1.1298402237709937
0.047931484727346686
0.9931976041170182
2.7935105834538363
0.480113537344567
0.15951615503249975
1.872240110205181
2.2636917059966226
0.00243314427007506
0.5315962834560167
3.333607562830034
0.04451161270699375
0.6895105757669119
0.7342339492400176
2.01070456569183
0.33540540057533524
0.7527274698031241
1.6252537280449264
1.3460058517999711
0.36407719670553723
1.0342538034815356
1.0084045568113478
1.3452497185845016
0.7098834112545169
1.0159858345460762
1.1345711644044427
0.7553379458436345
1.4762870732544506
0.03358699954098826
2.0763089328227444
0.44423563927255044
0.7493225897833247
1.9671682806931632
0.5038546723823507
1.0027930801917933
0.12001021937672933
2.1000315031216856
0.895009185383576
0.25658124346582933
1.7682179875302506
1.5068900705716652
0.04983444097726281
1.860479384574918
1.5282640005443153
0.24761148849578862
0.5543794507297088
2.847703899865554
0.5174600583013343
0.2558784541169009
1.671588466328238
1.6677465962392466
0.7660631126671772
0.37000652222418967
1.121925118850085
1.2931511934185227
1.1553599581454517
1.3336208956778872
0.008522140643873893
1.11823087179995
2.00688674359765
0.009376488549087006
1.4754418136988063
1.9053035188523604
0.1706061907500813
1.1463622010137864
0.6389671044050963
1.7855885688963768
0.39003788011487495
0.9081904734551101
1.3710462179496052
1.0436598522127818
0.9588386907709483
0.3737186475233169
2.4517557235702387
0.605550100102426
0.24484584169729695
0.17917690184822715
3.7064346861734685
0.5248654803793038
0.0239849814272272
1.7091076496490467
0.8362111682834918
1.270010598514717
0.44038113733394463
1.2001686029106022
1.6547343909540697
0.30164858153821944
1.4116140288349694
1.6683550897646848
0.43504187395028115
0.26153434985980367
2.760771153523802
0.29317078548126124
0.7518781628084348
2.0013231759009042
0.6054753053595695
0.5017735309381335
2.0515979134469906
0.2683742609034592
1.140746477718123
0.1483110325081795
2.265859793126006
0.3848899436236869
0.8690209170626604
0.2564219746379429
1.7500119217916177
0.6659592857185478
0.882418273056615
1.7683401399015188
0.5793239473478234
1.0089143048730433
0.3207186930882829
2.258602996053047
0.14247671880217058
0.7781356336121887
1.7510906413518799
1.4774256543077409
0.5967429049431152
0.047859677619620684
1.0828042724886071
3.0769913691191477
0.3871979466061248
0.2259369156991199
0.20097428934377226
2.760838164926201
0.7010592643347621
0.7226553151457408
1.21787926628561
0.4771016020546838
1.3388673867869294
0.9283417102102464
0.7189397103526007
1.6674762005735233
0.5725191833589294
1.1048753724423765
1.7034345835036142
0.6071471704536018
0.04817344681583469
3.423725904791682
0.0059829290100842075
0.33278175085672373
1.6020144697351635
1.7603137270026774
0.4174530234769291
0.8209422915144182
2.654970104055955
0.11082706885114577
0.3448587032177447
1.2241514803424989
1.7978063211170894
0.8935732330447964
0.6420164981791465
0.9045807018674803
1.1050540217901927
1.0781849460456798
0.57630545550283
1.6951938743440316
0.8987038256483741
0.936214417468799
0.09992196075202339
2.64241944418106
0.03854805328033735
0.7762417037536575
0.9415390824793596
1.2907269480469519
1.6125114086070078
0.06995080798381377
1.2661218663937202
0.2965927220655226
1.7848493540331474
1.8986536494547208
0.2350689153719124
0.07028840636363373
1.3015993057908635
1.6735345237685895
1.2273874459088583
0.3769940256352468
1.0996387481307988
0.9006149192892559
1.2101795376661224
0.45790381464434693
1.6686201975260118
0.7712008757191179
0.9357843394493509
1.642482753563574
1.0922438680447955
0.09632755077776459
0.24310542238953717
2.6058463393620426
0.4501489686228517
1.2288260922075838
0.4416274856940569
1.2673709593220723
0.2888170524707366
1.7306902065776912
1.2998029476083033
0.8828212711498001
0.053539366714867226
0.8411935826152286
1.6795990635383513
1.5614279684616628
0.16624176623287626
1.2167492607287236
0.7370843940146161
1.3147703524735486
0.36263383575869856
1.667506115494972
1.1076565707104564
1.0278640088263122
0.04590734339108897
1.9163635565254726
1.5699297406869517
0.13003623046219356
0.648609326143714
2.835586815237649
0.062469080959878194
0.8978100968590145
1.038853050572881
1.8482157928328569
0.27340941955103076
0.5416692423229728
2.8252475705321918
0.9717981728093658
0.04652404260398199
0.21934965199654238
2.261018823372948
1.7298163286877086
0.013090444295797643
1.3108420958486842
0.621477274148793
1.390105401293994
0.28922533573652176
1.6674714875783703
1.096953891088693
0.9847544277787067
0.4094639896698289
1.4861580046492744
1.2285529234094137
0.19035675776094818
1.749035631039464
0.5553940341011039
0.886944284214484
2.426407853244033
0.47973124135380596
0.03847619716071999
1.5543893567061167
1.5144964486242627
0.6296725351561245
2.0679930534130575
0.08131205204548944
0.08125058049586333
2.1053369293192365
1.8242207161456634
0.1323383875505753
1.2345395296591832
0.5386415471825915
1.4716541039962816
0.23730171074605474
1.8425057302957066
1.229201479855372
0.5863678337807328
0.6389721809765708
0.17098101216516584
3.44353295839685
0.2712810533749684
0.1683195776525707
0.014928469660199685
3.5753567195420026
0.3890314297304934
0.4532960177881625
1.3395867602131815
1.9075990175643722
0.25200043493097046
0.529040508444677
1.9533740063668046
1.982564479258198
0.09476559872932849
0.09740133891225587
1.969809882804927
1.8412102113242497
0.22322602731130983
1.1660057336250278
0.5119004179937062
1.5252271557728907
0.21931081266386182
2.0262814402895524
0.8727647219110443
0.2975744963842837
1.3870779896036434
1.7617038207390767
0.549147917193889
0.8528188755008009
0.19867648987041706
1.9473909365372086
1.2176032904581133
0.37151654629998027
1.674954695394482
0.5121009066538614
1.1918147529760506
0.9828794541382853
0.3705397523616658
1.6052266049914203
2.15331062523739
0.20486615554313714
0.1443924165335246
1.7644942094173575
1.8818682822643331
0.2854852254874863
1.093426796203999
0.5369705861412131
1.5515960490450063
0.2395023755002962
2.0300646546324854
0.07586223547121117
1.1692877615501138
1.7803245456184984
0.18105387519057486
1.0506108326525048
2.9816405836669255
0.021825328714055
0.11244063769542074
2.448077523017782
1.2028005291581985
0.3967908140245253
2.074418906904237
0.2728088940977855
0.5732019298215675
1.8875189889178545
0.215449062650758
1.363655640017339
2.322435631036917
0.2364895973264782
0.20378886986267505
1.637375705673833
1.9191583981339901
0.31746030155717414
1.0167378713238835
0.6105650083326726
1.712606888699201
0.24959530015861173
1.5325919760259963
0.5718181777591939
1.2069314080653062
1.4570183352324537
0.19390376667486098
1.4058193863267958
2.059016219090187
0.08300745678628546
0.6321477919613776
0.6628837646944624
2.824003691945531
0.4666458001476835
0.14866255121028
1.7252067437373992
1.0404988242965802
1.150038637751566
0.15772854123723598
1.5686598814608446
2.243792398090028
0.21614178356952063
0.278901477728136
1.571138312164391
1.9494410808261735
0.32014159446018
0.9352705957689595
0.7302699887360035
1.8463506539263506
0.2761491985735075
1.1108811194098709
1.1573170266154642
1.2003455981041395
1.1539704533989172
0.48876206087845414
0.25241459811553535
3.3778893237742182
0.2865951202185673
0.23318566482631742
0.023389368488612828
2.9552503037808586
0.7752392482953165
0.5545224205839332
1.5328756258893756
0.8453097177668065
0.4243218988710391
1.7673862369755413
0.232539654393745
1.3747800004458195
2.268539301881797
0.13952304314911684
0.36454113133889726
1.5629310459105612
1.9762904634031255
0.2943501726878728
0.8472517598346364
0.8942474742949468
1.8995227056427604
0.3203780830744087
0.8446024881924104
1.6602636226724992
1.1242897775248866
0.4275275738566301
1.1498293202657683
1.3842309174352068
0.935064577474976
1.2577656626047113
0.15815210632659146
0.6774924600965354
1.9729545917176952
1.1214733581758287
0.636756456330738
1.0973225595702651
1.046956007470271
0.35874478445783986
1.7771867333622045
0.2971165932051619
1.336895594205076
2.273992212159082
0.008141326161241367
0.4626522471991196
1.607539815126561
1.9990636291874369
0.24197947430641495
0.7514592716003954
1.1010085273377073
1.8443288211171693
0.37937305063586385
0.7558718995741792
1.9195112656131612
1.0294193332828128
0.20576512857430035
1.7731615526290236
0.24910295876272345
1.433033529413035
1.1536423811407805
0.8610587235789652
0.4102517060388052
1.4183913632944989
0.22504769995279408
2.2898410694465494
0.5444992121720915
0.44526925341313645
1.4248077558636159
0.5126993768599379
1.6189881894419536
0.32659484175436543
1.3413141878806363
2.0670841785892002
0.17260517080462937
0.42494454177329427
1.6381671377956444
2.0867518696702247
0.16555569101076809
0.6463833474224917
1.3491997361375976
1.675721883647516
0.4500084764256243
0.8806906121913851
1.7964120790981422
0.9163959020780348
0.1304653403043968
2.2025893298296855
1.041875130405366
0.07233641824011094
2.7388517004279107
0.34332226024087986
0.26057505426196703
0.8101202508330567
1.7469338053662535
1.155177799358432
0.9490383500269629
0.5276961325882953
1.0741851946951093
0.6863798590975339
1.669192996431029
0.2928431507956399
1.3732068133539048
1.812572515546686
0.3960836596968999
0.3516315784044125
1.6925425331553423
2.203381695687747
0.06829728081668972
0.5302839077406691
1.6373174631948124
1.4187090797968054
0.5290724854080759
1.2785968455033851
1.2253836468998154
0.7860683647914778
0.42153830482669724
2.256907354972897
0.18380442808665806
0.7730652723817413
1.3472007144874987
1.5910231547674567
0.9937252610377637
0.0032201297846455312
0.6038098062184523
1.975599671689134
1.0215862497261554
1.120678348826989
0.541304134338521
0.8022572688150814
0.9874553720423236
1.6766197613444653
0.2136904898022919
1.4534721069339633
1.5013341569114034
0.6531396062867021
0.2545626862857149
1.748077439125319
2.29066040138249
0.045837831349295734
0.35481844118920974
1.9404637265155635
1.0882916721041653
0.557697597505627
1.9874942138398664
0.5527145226627079
0.6941581123028105
1.805393759646696
0.6449715667460258
0.2743896360041338
2.4993150364230026
0.45492178046506665
0.6709347199779531
0.6355328889538995
1.0322695945284721
1.0965537024277034
1.3996873529534104
1.15451947499715
0.5767561111470281
0.5105792045732123
1.3944424351005305
1.6678867531059616
0.09341231812453751
1.574599092487595
1.1238584113418657
0.9335608587695808
0.13431858411028305
1.7825321928838915
2.2865218016474507
0.17209455064025866
0.07338491859715625
2.223202881526477
0.9745567755528144
0.65314236410281
1.6659462499756508
0.40247875013313783
1.7991246047200276
0.011109741028579893
1.019468272691912
0.2241360337467778
2.144185808269749
0.7560430195077719
0.28957207282130837
0.8604470876678182
1.1175109055499837
1.0324764090823335
1.4618679368328453
1.0778716850701018
0.7232494335155542
0.13269006440180364
1.8454152619590152
1.6009034601095569
0.06053469575164289
1.6711326632441976
0.6576262231753497
1.2266963813614387
0.012381118348371132
1.907442802503907
2.112365278349266
0.08406930138427407
0.249558302043931
2.2311302292524413
0.8195877697093977
0.7797497832515357
1.6659307041528333
0.24867141890916122
1.8086248385897798
0.06314050859037022
1.3500230788761816
0.9686932897947717
0.9047993203979201
0.7239136329859068
0.3685270110945448
1.0882700818188757
1.277626767763555
1.4959434088548138
0.8647735519744966
0.596629036135729
0.30453947153184663
1.9226280929511566
1.3485750890359918
0.24287937522183803
1.7325992718692875
0.12654978431835562
1.4046419070874794
0.1824896519988015
1.878275671952216
1.6982852580218204
0.074454231245311
0.525166207568982
2.115762364713381
0.669540596948963
0.9267259972618875
1.7308738981873597
0.10093085249074249
1.9618979943276045
0.32726166072837526
0.6771121600256897
1.770774882212087
0.03404655667339386
1.8957603325833714
0.1304119055435614
0.8368260770234621
1.4631354961690346
1.62113228207414
0.6898461629450832
0.31390107096020714
0.7353299438220088
1.8696512582620466
1.1829563889279031
0.41046710188343016
1.501264653029704
0.35375004657922454
1.3355133578495664
0.3519416800421414
1.909531785279783
1.1949284956925423
0.23879644439846884
0.7156689746888774
1.9730684430533887
0.5416763741086502
1.072699093448553
1.7428713478457603
0.04189123604178421
1.8298577102918365
0.5902465132424766
0.8196587671109666
1.0361088603251711
0.868911137927611
1.2035323076515299
0.42046044048316944
1.369009867808027
1.863459118225502
0.7266947641568877
0.0351250884411633
0.9870526318807864
1.894057279699335
1.1343009252922933
0.4917457006636642
1.1955832889708824
0.7467184070364805
1.2171939763662438
0.48345442574646397
1.968142024398666
0.7567150584999759
0.40560503451967866
0.8953093783299333
1.8544528451714914
0.434229415693694
1.1918419518836185
1.6846694161286437
0.17187313251440284
1.6986424583883404
0.9405656786447473
0.46522191207980346
1.3882249874327768
0.00793928271266998
1.7634011838532926
0.49934762572227226
1.021495115355521
1.9143302110813476
0.9027370986596742
0.2056970740607018
0.6930203887528792
1.947819459535941
1.3011779520237379
0.4281296621814965
0.9856023695056588
1.0164440968879234
1.173713576566394
0.5430259002605511
2.00774052855027
0.40813829870987123
0.569049734669064
1.0306976628471805
1.76386468923053
0.34731660509608714
1.288959479702617
1.6246337453639792
0.282663865653671
1.4736616009719075
1.2385214065757746
0.43643079432000215
0.91959284766587
0.9840117729427491
1.3923147343271114
0.2483001329082581
1.7249667208716644
1.5859462872425087
0.3972678024493586
0.15548314474622846
2.106732093306032
1.7098021966992774
0.20359347791705665
0.9256268236092813
1.1359427642994038
1.2352185853866313
0.4934013870938516
2.0147930174021047
0.17184683165024123
0.721467129706752
1.0809039824379303
1.704825245444866
0.294512617081336
1.3494871095408156
1.5762293789485495
0.36734130512569807
1.3262965873704853
1.48954093993604
0.29821721023708475
0.965307755994927
0.6571091050140103
1.5155268331914424
0.49613099616286715
1.2168377647546107
2.1440447022672
0.12642189994315928
0.42061557609511446
1.6933862350701105
1.9604468126659615
0.1582450101951053
0.8591226190988267
1.0457219288315924
1.4434511560378507
0.31265167951362444
1.9834875118910007
0.06494555994839302
0.8560818682017588
1.0149880741244472
1.6790069300962018
0.2891307951368871
1.3601972038562833
1.5439114752478678
0.41886439159365757
1.2125456549590266
1.6451391745078199
0.30174921402871285
0.6654282483558464
1.414666804022192
1.2253243913241558
0.41164431843748894
1.9492276129242838
0.49133858772707156
0.6535556456470889
0.8256780325406705
2.0131703678057358
0.7034478459662866
0.6296468043960257
0.7267818842783625
1.854973349415903
0.003429640211825576
1.919117241953723
0.09816217196423156
0.9696411734316936
0.8314204258186989
1.6852637677656026
0.34061818284332906
1.3138174101192102
1.5354642438506012
0.4308665725695096
1.1856193130106754
1.6798329313232074
0.3869088185040569
0.492589290037356
1.738571445011919
1.376310609589492
0.03170539663677098
1.70053698662477
1.2972944469096768
0.7898327171786638
0.12385356111958903
2.073528871520407
1.454387993204896
0.4881755399113438
0.27984867148886144
2.0460479516497014
0.40964713624120963
1.507230536662345
0.25530138071215486
1.1265001682852425
0.5601501403104104
1.7201030519747562
0.45141109964829085
1.2117789032679251
1.5519528863131493
0.3986079259442993
1.2400829671983804
1.5651206396004638
0.5676760681569907
0.22726918435028465
1.9323233145082988
0.7373255708742162
0.9671019216158573
1.6833418407735372
0.5109661685715613
0.38393739688025585
1.6881750686231396
2.0949578819428782
0.2953844276064119
0.1358865558334635
2.1236177501414075
0.8632817728186564
1.1151590677981889
0.5068893567430853
1.290217173138954
0.2458390283787203
1.7789750263847903
0.6159059377008188
1.0632881171846147
1.5878618738257007
0.31972671487741233
1.3950461247831842
1.253272682210656
0.7504150639273963
0.11831427479924154
2.204935430372389
0.36806063396084004
1.0917831994277045
1.8127430527195643
0.14900217622666181
0.74809038585174
1.2518346209167466
2.32026506105819
0.13881756823536573
0.36070016447691744
1.8245273844046621
1.2795597694069114
0.7838705199259468
0.8042452740695007
1.3844008988224596
0.07072564641167031
1.7928232194976237
0.8121820471713603
0.8919268210105551
1.6322950128786777
0.1946026029222994
1.6756967910490481
0.736278444069312
0.7999866966188769
0.5863417636201929
1.5867000869472137
0.33769229057870387
1.8358810922813154
0.2862336156249354
0.7984216477716077
0.7942066750833261
2.219941161482635
0.5740078042856396
0.31167441620855263
1.3887426674575014
1.7262546011651578
0.4815216237644597
1.0571698454905367
1.1980839315248968
0.36129972438118585
1.5875649840491703
0.9886826537005741
0.7260844221013967
1.6733827409460404
0.02650410006514482
2.0285244332251215
0.1440066153626788
0.9335334371444183
1.1079170407029428
0.9380008669278418
1.0736898874112515
1.6816656655332272
0.17175530340243755
0.7330143629529098
0.752979852207938
2.085650275449296
0.9323115587287104
0.31708994022891307
1.0072796693147512
2.093665103977452
0.18073732469405782
1.284047971506888
0.9677522574406973
0.609967701284355
1.3768822759537447
1.1880556236418827
0.5197280270330256
1.667195803238984
0.1651607738393015
1.909160332337725
0.4525110445874295
0.69525741664112
1.5001305713657638
0.2901619210592742
1.796210735104251
0.9178726159598866
0.6303307543737257
0.48134775062981117
2.082695714382948
1.1493107814910988
0.3573065532893896
0.6884677850802893
2.2411459943919443
0.0891933292192058
1.3981001623404954
0.6979977348425024
0.8198737033704289
1.1733339707349801
1.3830425969745626
0.31161014761923855
1.6680107369082267
0.3393812701650047
1.6631981520652819
1.0715245037995405
0.2103840428550869
1.3318888214727593
0.6091419733173191
2.239725142400799
0.00973359435943473
0.5069752156561907
1.6102624335459392
1.499436388814335
0.8876496363140487
0.5111496792166975
0.5272481535196704
2.11822681919916
0.28717125005048405
1.4016640657369603
0.4315152881595784
0.9939482213178922
0.993477302890647
1.558188879311679
0.12189428824746247
1.6688796062911673
0.5029110980787721
1.3683631218384262
1.473137725370314
0.2876362338802462
0.7703815412040148
1.641891512497276
1.4842922024545369
0.3174880247312411
0.472968143700329
2.289000487552835
0.9877887605437684
0.5503712489505022
0.43749023107543245
1.98873840611227
0.36517440484289404
1.4618110336805556
0.2304027427366522
1.105704823755217
0.8502009274594293
1.6717847098706327
0.034169102055478545
1.6397625941216536
0.6540900058570669
1.1004180945167519
1.6440061562013724
0.7173492807752476
0.04022724913238817
2.8641377451163983
0.5514418642996239
0.13520716127001892
1.85122319146559
2.056642656555874
0.19032289911133352
0.6047827091951395
1.165848386176284
1.603332330645268
0.23834014165342574
1.6892312199886366
0.1254829073740154
1.150380060193538
0.7605183293623115
1.6739179708370429
0.14332714916667294
1.543366347836347
0.761190099119603
1.0086251326731102
1.544419753998967
0.549218622288856
0.8682479064011537
2.351915691030594
0.0027344122344368717
0.3695751499768076
2.728995603450324
0.617662040370514
0.7344835520870701
0.6997638756742797
1.804761320559613
0.006790884648062558
1.7486814301906963
0.1477814822659896
1.0830881734122493
0.774595441722536
1.6760132942797705
0.19441068023199057
1.4960345261429306
0.8322539529328086
0.9374339091897986
1.4344956690641861
0.45620215019028354
1.7148190130399126
0.9040473901945367
0.12478546301938905
1.4333600407251563
1.9774260678664182
0.5448046344335122
0.41369606041500456
1.9486379256751318
0.7236469721757334
0.8918215492185574
1.3871501565139532
0.3880957976519251
0.9640495643312091
0.9139770109102475
1.6896073080342406
0.17783385921575928
1.5090720867068323
0.8632259310268443
0.8959845715400852
1.3412141955772747
0.3781339872958469
2.444079150637812
0.14363880076866514
0.07765901915302917
2.8139461125828715
0.47943945963410767
0.9229771182929122
0.8184521942351514
1.3348561756037198
0.7212587689145947
1.4003141268515562
0.6117158099252834
0.6619676450442917
1.189948809440528
1.6698023307113643
0.08507476874780552
1.5944689525764668
0.8484990860678553
0.8923355240535465
1.3705788408993504
0.3361435499633782
2.0814881239418774
0.2684155131480126
0.723298018228314
2.0400142469940463
0.6608124137113311
0.43439483896559666
1.83327066051377
0.1161351402942931
1.8545479377468408
0.12557133944928925
1.2711371447262776
0.2526031528515798
1.4210907147293041
1.5497774813936818
0.09910366953246597
1.6967160243625226
0.764868299106011
0.9490145872090479
1.3602106541171441
0.3420630600255124
1.777379187793946
0.29245178333162963
1.4911314857301639
0.5152930927369619
1.0651378215303555
0.8020102658828715
1.0786628258278819
1.1743838295855948
0.9798999453218281
1.1208880794637386
0.06581350601183264
1.8805273641889817
1.1675798671053443
0.36611555605003204
1.663933340816227
0.5931533949647599
1.090957880481574
1.3018672306998278
0.3970660191387095
1.6710124322921347
0.2408336688109701
1.8743550350889036
0.5945505477113804
0.42823055316507935
1.8025921782947332
0.1874862160014149
1.8736172012656658
0.49392444533801305
0.5384415945550134
1.6378681144500442
1.6418985147579501
0.1524581777123744
1.050874951033181
1.7131370879375911
0.3344867149833779
1.3511133565454365
1.1860540828585608
0.5065771687624805
1.6722720511686777
0.1602837429145597
1.7483441004280813
0.9814913794375221
0.5582158499440221
1.0521676712749148
1.4999826818133728
0.5412210067601083
0.9210979332455388
0.7423673219934016
1.8211918612341418
0.2932586501963462
1.2831340408785474
1.5871752463046405
0.0017910760305633493
1.6569883932631584
0.9940969513386437
0.676178861587534
1.673947830991883
0.047012163404675573
1.6296149869676377
0.865075126926568
1.2578654950736954
0.20740298675215416
1.7082129467232905
0.840158390012467
0.21770096390019913
1.9602631546765856
0.8639184831311467
0.8155863883181974
1.6871852314716713
0.44185043205485514
0.6668555958369239
1.6805055686552703
0.6587013645465938
0.9945768416119039
1.5599486298168186
0.11971282518315461
1.6725881271312801
0.5820541811743574
1.37284007239923
1.3071924998614501
0.21529441755274883
0.9843130981644982
1.116576028014566
1.4722945124986855
0.28619615009098787
1.6730672845936498
0.5815065435680978
0.9452843059089405
1.5820098859310339
0.26442878846503987
1.3554847885930874
1.3213552763541432
0.34478795556991587
1.6743348501917041
0.39660556404660535
1.3346423186596863
1.3996258279046252
0.8032593648250275
0.09858005674033361
1.9928682928784336
0.46236697580953173
1.2851321894670769
1.091875057148811
0.5976254793551913
1.7151914517363267
0.6811456841853558
0.43227691450833317
1.6425831968601328
0.9309033817990862
0.684728966389586
1.6795559330200083
0.17938113851089946
1.507479234754771
0.9859998706235595
0.919473272148347
0.917514340595275
1.1585169907891493
0.6698721921308304
1.5968700754057872
0.08725245904926522
1.6747885681677994
0.8043369829092549
0.7314500131296678
1.5770645109655124
0.4530479401922873
1.1281298984627401
1.5769269172686176
0.09484793829717583
1.67466396663652
0.6235478683175225
1.0656756508920202
1.610445161238734
0.2376091617230185
1.484207016256128
0.6136311648243444
1.1711387811520981
1.2402585299125917
0.45203954460564816
1.7310636053561967
0.8588719717095374
0.2946007312416696
1.6052114853588304
1.1588543001882934
0.455733181789839
1.680755181955729
0.35033831334707355
1.1462205123048328
1.670731494062627
0.6002713355094635
1.105567094419635
0.5390613033527271
1.6742317352211258
0.03699174493471812
1.6397097388320825
0.9462155440207426
0.6103226331401532
1.573628224930681
0.5866260526709624
0.9498919770820209
1.6763691593563765
0.07156999973331239
1.2073571135341168
1.6717246326892925
1.177781313471833
0.297516185168024
1.421197044154963
0.6945922709377946
1.1050017766938591
1.3202424503694294
0.37179870831532075
1.7393617373446273
0.9663205110419693
0.2250968647407672
1.5729728739708697
1.320653942053485
0.2437190213294092
1.2037146953973847
1.4285049714638824
1.302256868904649
0.5095283601877996
1.1735313238166531
0.471408615150442
1.6740269059828061
0.09235467443570587
1.5865201220703655
1.0051700820365823
0.559433033908294
1.5708737580850445
0.671351077980634
0.6165599684454703
1.1923459121139048
1.1529040985761236
1.309861215998585
1.1414919785047113
0.3305695170462053
1.4012502748898787
0.7166608661364086
1.0882441678093686
1.3384305556941383
0.35224921977181284
1.7433639775652723
0.9990684288395635
0.19846266383551836
1.0427153808499994
1.1705084580101066
1.0423537573079347
1.2111331792817612
1.3037903172182381
0.5037809178774496
1.1782657940463408
0.4763504419919452
1.673920524675509
0.08222149801436834
1.596754577332299
1.0009604054218924
0.4900711699195451
1.125885725462809
1.050406149959713
1.0001749647838007
1.061102141052086
1.3114567143398732
1.1544951763530802
0.3104191560001852
1.4247122715183598
0.6837119832653017
1.1204639445922575
1.298073767611364
0.37359022239485296
1.3712521284565216
0.8965734303473233
0.8162383051523251
1.045677844416515
1.0431918397447975
1.203036560180595
1.3050844592580653
0.5441961744500521
1.1201580723949447
0.5531839851056322
1.6739254226497597
0.007123401469649616
1.3212804616564686
1.242506472709552
0.8741405539506095
0.9260119033004844
0.9995909655160474
1.0497417654322136
1.3127461449525115
1.2023534311829571
0.23634545285918024
1.4902025115276123
0.5415243317594413
0.9452707148741546
1.4171829231887143
1.1029080849636521
0.7193988459541317
0.8135948033919597
1.045641463906725
1.0429428916783978
1.1840913134676079
1.3061240650776165
0.6294302485992265
1.001535601666943
0.5065777930344192
1.3282197396014994
1.2053363878579182
0.9410530346797333
0.8682913316617112
0.9248252858357047
1.0000944088758277
1.0300730680886683
1.3137044342059945
1.2838357211709115
0.0872531655149717
1.2454512029036944
1.3392932514007023
1.0750172398924356
1.0018535296102447
0.7064440902864725
0.8200642004734322
1.047795980031735
1.0414752385245132
1.1547636911159223
1.1803785797060422
0.6006935643950639
1.1636570072834864
1.1531541358190727
1.0045809564660264
0.934814885474877
0.8621670909418303
0.9262387439906128
1.0017996935259534
1.002487427041289
1.028207472148267
1.139057309732649
1.032908525356454
1.0099033872407528
1.0575640198659033
0.9888311377956954
0.6857185355155021
0.8373205826155644
1.0518459149047592
0.8930907178918973
0.9041305474267826
1.5738325018365562
0.9303822365008968
0.889910671430526
1.0022475957220798
0.9242744656906192
0.8551237641063903
0.9309412667649025
0.7607396199331112
0.7976399228597478
1.9343008756419486
0.8482764405796258
0.8046187549834766
1.059330769690244
0.9653666530374133
0.6594072423696056
0.8671277101501483
0.688195594566489
0.7146845540890099
2.2411917147405704
0.7807528301230544
0.7267078359399616
0.9977892063308068
0.9078168282923513
0.8482452940050179
0.5599442631255529
0.6214913672339608
2.5044646821064096
0.724658191212506
0.6707231140193274
1.0598357694063414
0.9246396241376982
0.6350263773872996
0.46280461366097536
0.5635867483479108
2.7554341825979196
0.6771091231571952
0.6146723037087403
0.9894367914981381
0.8831507308171239
0.41223921339712116
0.46963349720356
2.933448368836919
0.6364118349566817
0.5758080659685318
1.0551676805916794
0.8548694729618811
0.2634922046012543
0.40348041948080954
3.1857840905154045
0.6027297350178781
0.5317018203981466
0.9735088026191422
0.3565165773408924
0.34573734450521587
3.23273048050931
0.5692568015990065
0.5038765859724151
1.036057521483046
0.2694907582374334
0.2345325040787117
3.458773196138859
0.548854357600591
0.4660868406874654
0.3595154941629809
0.28268087895202426
3.4131911287692813
0.5123836987765862
0.4446948814992493
0.3283465183188968
0.1777836498036693
3.5795629249395615
0.49893655415467464
0.24075452545325995
0.2818290113261843
3.5193434355651325
0.46098401830455327
0.22252476724543324
0.2249942664884615
3.627155333178604
0.2550886207393937
0.19647540133579255
3.6036658272075774
0.23590055545778985
0.17317465474942656
2.1079927069207067
0.21703422442614723
