0.5310674455655868
0.5523101433882103
0.6186935740839086
0.5788635156664896
0.48327137546468396
0.48061603823685606
0.4142326075411577
0.403611258629846
0.2734997344662772
0.18321826872012745
0.13542219861922464
0.10355815188528943
0.07434944237918215
0.04248539564524694
0.055762081784386616
0.02124269782262347
0.010621348911311735
0.015932023366967606
0.01327668613913967
0.002655337227827934
0.002655337227827934
0.002655337227827934
0.0
0.0
0.0
0.0
0.0
0.0
0.0
0.0
0.0
0.0
0.0
0.0
0.0
0.0
0.0
0.0
0.0
0.0
