60.00000000000003
59.41392028690497
57.81268225289599
55.60128387360926
53.2807412286586
51.30044744115639
49.97043698274379
49.43249001874301
49.663568281579174
50.492993108078245
51.63393223908304
52.74108726977551
53.49920230255436
53.72211593252733
53.4189264769922
52.789638817243834
52.150604859103794
51.82789125652179
52.062375886371456
52.94800340105337
54.402616080432765
56.16778838769211
57.84570515487459
58.987354624430374
59.22687219419865
58.41463171643419
56.67706772946989
54.36568843566929
51.92991667201534
49.787810002495505
48.24573364269382
47.471238126160216
47.4971110130888
48.235975202971176
49.498514984088466
51.02046750245988
52.50698839832777
53.695491350069396
54.42279464929829
54.67029521285675
54.564281508276224
54.3281020823275
54.204636283201765
54.376605204676146
54.90717031110666
55.713296169258605
56.57783271920304
57.202705133742576
57.29718699829664
56.67760240719375
55.33849057219119
53.4606450929038
51.35370001022682
49.36608702689414
47.804217838181295
46.88410833506246
46.71437436968301
47.2974618415936
48.53752958291548
50.25128027533585
52.185525360331944
54.048585799445476
55.55979336809079
56.512016273662205
56.82919809982746
56.59231487118112
56.01352971895462
55.36227369600896
54.87331352031867
54.673994507298595
54.752869482229805
54.972237927710474
55.11639092936022
54.9630230585957
54.35971609953555
53.2814671064891
51.84760695751186
50.291858107635214
48.89999012579096
47.941177400688716
47.614733905202876
48.0196651049552
49.142394402192885
50.85515669080384
52.92307820831268
55.02645619965871
56.80908906820096
57.956416636482544
58.28654010531277
57.81475259529434
56.75193444602924
55.43013391087518
54.19111345381412
53.28851954751218
52.834554133760264
52.793480825700414
53.01021878139428
53.26269427005321
53.32894461756421
53.05621578456015
52.41261371900672
51.501988307362275
50.535315785322005
49.770657376133805
49.445158668553304
49.719241426722085
50.641065384317145
52.130074038516035
53.97817469645267
55.87316942173953
57.452791630265644
58.38990504217477
58.488688431939316
57.75178246560037
56.381621909253816
54.71171802675706
53.101624165668014
51.84174276189681
51.096728236364605
50.890764890275044
51.12430750399445
51.611814628442495
52.133897823761025
52.49671065047984
52.5858126574175
52.39776563872301
52.037491503269386
51.682704174560925
51.52963951151825
51.73792216595432
52.38683315787843
53.44818735596164
54.77885203411098
56.13794720016043
57.23370272821266
57.79668396946967
57.66033679711758
56.81732135613741
55.42487154160119
53.75624984414247
52.12173350356086
50.79197817566573
49.94628579252683
49.651357636296176
49.8653184815735
50.45981217982183
51.25494616869447
52.062316177834376
52.728639810911616
53.16946935600956
53.38333637454083
53.44277645050122
53.46643648908148
53.58101975408469
53.881992930158425
54.40060601584725
55.08458729498955
55.800119740052665
56.359973183635134
56.57468518654039
56.312450623363475
55.545582289732515
54.36443224784558
52.954083582210856
51.54579857177026
50.36300411484838
49.57781268541095
49.28503126289442
49.49352676721518
50.13214218757133
51.06743332685066
52.13072695238396
53.15097725372387
53.98791092202604
54.55847177167657
54.84996773066144
54.91594060802093
54.855053774353806
54.777939723368675
54.77054206034811
54.86432626937732
55.023238420624914
55.15335229797837
55.13388789778646
54.860070013593756
54.28270806574128
53.43000160123568
52.40464587002875
51.3596996853541
50.46367440507244
49.86585035187023
49.66895310616974
49.91206254732732
50.56429634657109
51.52923355681619
52.66001831708946
53.78448746172951
54.73764116751902
55.39543276602072
55.70088064141111
55.67355399999018
55.39826677109332
54.99634638784149
54.58858012652819
54.260865033281625
54.04258414585037
53.904039499937255
53.77324603106026
53.5661964752718
53.220345198070056
52.71999632827707
52.1056166480564
51.465584666406016
50.91510610613404
50.56987655750318
50.52107558755197
50.815621065664374
51.443737699933344
52.33548436654288
53.368106774505435
54.385535173676125
55.228676818228855
55.77050881265997
55.94581289424232
55.76499494639656
55.30677302511722
54.69312845832544
54.055621828064965
53.50274336885238
53.096424089361875
52.84342797276492
52.70311961819915
52.608302045657794
52.49227447043517
52.31349271583124
52.070191633631374
51.801300531584545
51.57505308325564
51.47030598910673
51.55617661980865
51.87391746807029
52.42329903624829
53.15555488615159
53.975687609184234
54.756847864164456
55.36640490078844
55.69771498319678
55.697411580868646
55.3783824166645
54.81390929490846
54.116476378076676
53.40974775587277
52.80138845682378
52.36204764230249
52.114773783902145
52.03713662902761
52.074781550755525
52.162075096046486
52.24365419912648
52.29044146362118
52.30577993577546
52.32099483252327
52.38318587563483
52.539760684677454
52.823470048550924
53.240069430928564
53.760263379461364
54.318576883770326
54.82259861914621
55.1735217389932
55.29266035569472
55.14412083750262
54.74520997968321
54.16146967369222
53.48951154993548
52.83491311070764
52.291333463113155
51.92381347755039
51.758588328367296
51.78184594672717
51.94779093708072
52.19361134570577
52.457261871797705
52.69323060173469
52.88186430520852
53.02985410132992
53.162734190324905
53.31308710065048
53.508433601570395
53.760880297565464
54.05935049037247
54.366137075289714
54.62127388087842
54.75714562929444
54.719733970128445
54.48727439763776
54.07851460332115
53.54869499711608
52.97622288851847
52.44560896342974
52.03169573081649
51.78715598010133
51.73397263109315
51.860668037064585
52.12660997167122
52.47245575425336
52.834292233552496
53.15843369878667
53.41298435918825
53.59208363981013
53.71133281512911
53.79746190020554
53.877409026133485
53.96965072010275
54.077649107705945
54.18554487374182
54.25887101863514
54.253782304095985
54.133544722381224
53.88442446130779
53.52297313821038
53.092968770100285
52.655194361677424
52.27437512450617
52.0069839982914
51.89170653344078
51.9428610673343
52.14768892843084
52.46875531376123
52.85120336472471
53.23362934254032
53.56133961107757
53.799146680944766
53.93833627548641
53.99371053675161
53.992840909890646
53.96451146390951
53.931181565391256
53.90476096340917
53.88335931882542
53.849989690385684
53.777177466041095
53.63880383425542
53.42377967258409
53.143543624513455
52.830416619598324
52.52971847930488
52.28965479017691
52.15153130001235
52.14172834717794
52.266401988466974
52.50993491861487
52.837584204402134
53.201195407916295
53.546803182977555
53.824747679855285
54.00198197836886
54.07125778121793
54.05013008212025
53.969625485714076
53.86092754704521
53.74794114016889
53.645586727483575
53.55890674125626
53.48130074867501
53.395632631269415
53.281813320565995
53.128243049208095
52.93980911403761
52.73798641731708
52.55489159070286
52.42541882569763
52.379583426174236
52.435565726131436
52.594559175157144
52.83947573962644
53.13835366572754
53.450283871963364
53.73101357134424
53.939117534570386
54.045676545515164
54.0448686689557
53.9564741898407
53.815614978039186
53.65705407695243
53.5056476836848
53.37594149534164
53.27443698689673
53.19899197509474
53.13763713862373
53.07249230526436
52.98922516341004
52.88572211853694
52.774071408645774
52.67636323779056
52.61855251304581
52.62444723992742
52.70913775231853
52.872587167357224
53.09714469815549
53.351721051669074
53.599897241638196
53.806226599183894
53.939540872392705
53.97809365312098
53.91850693363987
53.78114210875075
53.60326507680825
53.42291286935395
53.266158595433716
53.14548874842672
53.06448688621483
53.02009667914835
53.00133825114417
52.99054693245137
52.970673985670736
52.9342989013012
52.887323388422345
52.845716748833816
52.82957806259947
52.85807821360769
52.944386004317046
53.08934898838324
53.2773025073055
53.4790704649404
53.66140943111592
53.795637587736124
53.86050538505447
53.84305814160323
53.74344225699021
53.58092990786187
53.391505263142925
53.21414040474736
53.07574692061143
52.98639963461248
52.944709333463216
52.94373287360719
52.971606294126246
53.01090752495326
53.04298130083592
53.056276611916026
53.05168239557302
53.04079611566886
53.040171707573485
53.06626192998272
53.1313854833551
53.2385885235758
53.37688031215265
53.522094508015435
53.645239079204345
53.72248370629364
53.73938110964745
53.68972183482978
53.57603353041601
53.414145708409926
53.234691570172025
53.07451887379978
52.96215213784787
52.90891790919449
52.91109319292721
52.9569961340122
53.030783317010695
53.11276305683619
53.1820073130065
53.223284331616604
53.23331626027351
53.22116431496787
53.20357360803338
53.199514498302605
53.225471895227805
53.289918748060806
53.38742405882491
53.497261023597765
53.590449418980974
53.6415957668594
53.6367433883807
53.57335797972137
53.45767389964174
53.30547438027753
53.143972510151904
53.007303786188906
52.924439757227624
52.90795083986767
52.95195115718339
53.038241968596026
53.14350136948858
53.243689891405225
53.31778000573255
53.352978576911575
53.34904202178384
53.317723519177605
53.277581000710875
53.24828485352023
53.24671375004519
53.28299033470692
53.35507931252762
53.4456094365855
53.52645895796416
53.570490274056624
53.562174027763255
53.50003575531702
53.392954992491156
53.257367328203166
53.117240165638485
53.00167850169913
52.93660284698592
52.93486346663682
52.99226956879404
53.091374828436734
53.20822039965635
53.317405994436164
53.39602961017121
53.42915604349134
53.41539890941984
53.36757815745146
53.30693106266776
53.25556435399084
53.23176252137596
53.247207430656395
53.302924668093596
53.38529895798794
53.46792613153305
53.5214962647876
53.52556560814236
53.47415678699342
53.37424017266998
53.242422859300405
53.103211533132814
52.98643714639744
52.920269491726394
52.921362310605666
52.98841880006175
53.10342792598036
53.23846751967374
53.363107807936345
53.45044348010566
53.48305843029216
53.45857265712959
53.39090811487157
53.30495148292747
53.22788026726909
53.18215837585094
53.18137472225409
53.22702591793974
53.306014762903466
53.392105031224276
53.4541207357094
53.467952435658155
53.42491218165208
53.3321266109382
53.20791300001692
53.07741761700377
52.96941432618458
52.91113466851538
52.92011485859744
52.997155721903354
53.12521625939942
53.27458885254622
53.41101321302744
53.50382668576056
53.53329881732133
53.496262309210955
53.40737254649748
53.29417335836563
53.18831399572168
53.117163557722044
53.097702967404686
53.13262409902586
53.20917591524007
53.30200396218011
53.38044217211675
53.41834493883797
53.40207938442579
53.3332333320559
53.22672158694242
53.107051906028296
53.00368230172944
52.94461388979796
52.948671196052025
53.01934425878948
53.14291872247516
53.29135847684307
53.42907654681903
53.522182833752375
53.54773882398347
53.50026052942077
53.39361892937695
53.257380571184626
53.12826645557386
53.039816818567324
53.01372623270924
53.05457859677943
53.14873650886453
53.268039535542044
53.377927227822205
53.44753113859463
53.45798364690858
53.40647696121581
53.306168248934625
53.18282762133004
53.068668229629694
52.994378323484135
52.981302760471564
53.03569441439209
53.146572588218
53.288075595636904
53.42580347269487
53.52535866404588
53.56097310645312
53.52238921984548
53.418351620405716
53.275264816489724
53.130774994960035
53.023869832150076
52.983931410861175
53.021615175310856
53.1251241288121
53.26404295455921
53.39900735065071
53.493071602859445
53.52139403787093
53.47720804365753
53.37290782824252
53.23632398572573
53.10336593828566
53.00881715817306
52.97760096867863
53.018742664510334
53.123406890891175
53.26740287381086
53.41729389064448
53.53805542936574
53.60038019414896
53.587000656619885
53.49783986411738
53.3525356433227
53.18773088208497
53.047950094382664
52.97231154653473
52.98188233668313
53.07274164709442
53.2176028184235
53.374781676571814
53.50047026390055
53.56063822363188
53.53992290740928
53.44520742476828
53.30302596365798
53.151991164343876
53.03233364720898
52.97510632208066
52.99418545508018
53.08362366974915
53.22079247076233
53.37334109014597
53.506799964557366
53.590614707032906
53.602869288898056
53.53537228827603
53.398867479857884
53.22451550044084
53.057645238854924
52.94451354586461
52.91737797022462
52.98389681785398
53.12477557520991
53.3001379323237
53.4616614726779
53.56611512118628
53.58660320313889
53.51900811766941
53.38245272510823
53.21402322777352
53.0589990136994
52.95862448133405
52.93854377334459
53.001853448095915
53.12961010236916
53.28809798251635
53.4388396286522
53.547137623522126
53.587725368600374
53.5489038772086
53.436198129259004
53.273696422127294
53.100284347815084
52.96053929370139
52.89275173181262
52.91751819649865
53.03060002381311
53.202966346311094
53.38836929645219
53.5359922714278
53.60460952562766
53.57462275114055
53.45419231067803
53.276917616152645
53.091862482674536
52.94946112937342
52.887372496287874
52.9202530166747
53.03676520422167
53.20448002589829
53.38008849590264
53.52088278087253
53.59404539198684
53.58236739327732
53.48719155979852
53.329269837018344
53.146119802891654
52.984055373376854
52.88598273657711
52.87917510090038
52.967471692216556
53.1301506641459
53.327036279641774
53.50779042960203
53.623774127394746
53.64146671046257
53.55407984056706
53.38531386158708
53.18195382144404
52.998862979319895
52.883540689007354
52.864947154326465
52.94737204313147
53.10928393483558
53.308225039716824
53.4920050970909
53.613065802721586
53.64077733408447
53.568308520484266
53.413932904428684
53.21730612085723
53.0303685503914
52.90367068863683
52.871852286127194
52.943588554821915
53.099845157556025
53.30039889786416
53.49503173489248
53.6354730512316
53.6862267329356
53.63324047686736
53.48823169763567
53.28636833508542
53.07743725496442
52.913450070572345
52.836229151171615
52.86729784116012
53.00161339512627
53.20696168806083
53.43061808820161
53.61272832936287
53.70297329180059
53.675744130291825
53.53897050192363
53.332362188623726
53.11450871633889
52.9445005872052
52.86604586796836
52.89798296709977
53.03075635545888
53.228540849001924
53.4381935613538
53.60433440400712
53.68540907636298
53.663834915051574
53.54718516044169
53.3632824737341
53.15379372197394
52.967351403517256
52.850116749589965
52.83378374770521
52.92544098370101
53.10442617171131
53.32739832359183
53.53874630494779
53.68309442633822
53.719040267394796
53.632995659233444
53.44728399596785
53.215014298853326
53.00199688442001
52.865551037855965
52.8399651899523
52.93031306021334
53.11166101320533
53.33367752663602
53.533644695590795
53.65644498004246
53.67245376280708
53.58381908775929
53.418141505767224
53.216834075989695
53.02543729193629
52.88688108117402
52.83436884412064
52.882850327761645
53.023010291522255
53.222383600604225
53.43355941736684
53.605222841644405
53.69289042303745
53.669747001668284
53.53706758156967
53.328563557256885
53.102371409818794
52.92216297055992
52.836833001034265
52.867556544483925
53.00403687273301
53.20767745251671
53.42124746776659
53.5854362071009
53.657605952991695
53.623705875017656
53.4982641222386
53.315655469190276
53.119581316324954
52.95471178434378
52.859537988501415
52.85834592611135
52.953729479861245
53.12415633236956
53.32908494792115
53.51916960796593
53.64727277591405
53.67877840133688
53.6016442230726
53.433445420574394
53.21920268537326
53.0177625584201
52.883004682113466
52.84890776061312
52.92233826071509
53.082252624166735
53.2845034490615
53.47352220781175
53.599136913862104
53.63117426407886
53.56502894707355
53.418665217773786
53.22657412863533
53.03375902868747
52.887784181549456
52.82699239315879
52.868506353020614
53.00282865031951
53.19757658186015
53.40637842375415
53.57838176601328
53.66840309030545
53.6493140050687
53.52333090817031
53.32428277044285
53.10691104151289
52.92878937746977
52.8343793053578
52.84570915697065
52.9583245803576
53.14147579276929
53.34493010095041
53.51363119542929
53.604783422078214
53.598436765641594
53.49839913661309
53.32840948562974
53.1283398681461
52.948389869476564
52.83717074824051
52.82627143378592
52.920029876885685
53.09591677811062
53.31241948518412
53.51832632878288
53.662048939216255
53.7036404004008
53.6286612556345
53.456332561259885
53.23459640410478
53.02370696657147
52.877796232403895
52.832094268430254
52.89649406629881
53.05338944903529
53.26063837555518
53.462303972759585
53.605554016970544
53.65599089489856
53.60437361513226
53.46529223622814
53.27291131249875
53.07538109994216
52.925062866021406
52.86401639592019
52.91052480389458
53.05398259734997
53.25948332376153
53.477225905509854
53.652732687732644
53.7386469130376
53.70883546450065
53.569569473930756
53.35950697449017
53.13655651817571
52.95912731566383
52.870907739188105
52.892257637430255
53.01653951679498
53.21082679559167
53.423318970055355
53.59808804799058
53.69174052676927
53.68413130868414
53.5804612415514
53.40804379603597
53.21068736624418
53.03983848707075
52.941469279636465
52.9423722986998
53.04254455147724
53.21652975130647
53.42051835778977
53.60158967132639
53.709510282787775
53.711670612436635
53.606021582575295
53.423284386663475
53.2153363670377
53.036846806343554
52.93045290487259
52.919260421836256
53.00364673584592
53.16037040585057
53.34694143742816
53.513679747846155
53.61912227087008
53.640544714438455
53.576072598431864
53.44209226132762
53.27019971894245
53.10248537293749
52.98180154393195
52.93875721765083
52.9823626085997
53.099041165750634
53.258003533344485
53.41826008624624
53.53634241845682
53.5771948484485
53.526946328551055
53.399790998247276
53.23247473842754
53.06959552475968
52.949754170769516
52.898642900024015
52.92655356718475
53.02593767965007
53.17060842278725
53.321773807829
53.44081383827438
53.50112680028951
53.492159682454684
53.417350807786804
53.29237886096555
53.144996115657385
53.01146281103702
52.9266489159481
52.912202454277434
52.9701032917468
53.084067198150656
53.22498625540297
53.35660948900219
53.4426255873388
53.45722785719227
53.395464966089094
53.275880179989365
53.132791061253165
53.00369913014153
52.919320930578024
52.89861305327647
52.94628794571205
53.05120988924176
53.187990724311454
53.32412274567057
53.42987276310366
53.4849830728104
53.47999928279566
53.415743996455774
53.30435107349769
53.17025205224521
53.0469128348014
52.968144669958555
52.957479800923295
53.02046820476633
53.14242215936546
53.29138468368785
53.42554658855885
53.5047588913431
53.50398386254239
53.42310317247104
53.287340436485124
53.13772895175985
53.01702038260609
52.95772338037095
52.975400050541054
53.066424930411436
53.209157374564384
53.36932948691015
53.50966467970559
53.60032088000959
53.62547300332709
53.58427449949848
53.488345653408714
53.35884990611016
53.22380879385268
53.11399176612497
53.05641345989198
53.06696441880797
53.14500922895245
53.271921861445
53.41392791811267
53.52928677903435
53.579963197673514
53.54538253013898
53.43184616752049
53.271760926096796
53.11309507554224
53.00458248346502
52.98163667049413
53.055480897244124
53.208183697173254
53.39698073211046
53.568232135805545
53.675745883393894
53.69524001396622
53.62934476699934
53.50311880770102
53.35369229139434
53.2181804008093
53.123790056904646
53.083311976584675
53.09630383528094
53.15300370484125
53.237685447328424
53.33032194171109
53.40786856228525
53.44778715928666
53.43461282896404
53.36628390365108
53.25614646781799
53.13038514804194
53.022944421814465
52.96808795594827
52.989851428318474
53.09101358452649
53.247781191340906
53.41524170399159
53.54268969623254
53.591811296261625
53.54980843395989
53.43333003416483
53.28222134987915
53.144254195000194
53.05669800712908
53.03431987209276
53.06917606567404
53.13876575074497
53.21575135159273
53.275803192390576
53.30342414499485
53.2953758512295
53.259873186749694
53.21077530033555
53.16005706221996
53.1140552100466
53.07561898671425
53.049105629113214
53.04335602064872
53.0694041187512
53.133178368478895
53.22787793964876
53.33232213675512
53.41741783388186
53.45722776458099
53.439410900249015
53.37080671023326
53.27533787847198
53.18466671468934
53.126305852743634
53.11462006136619
53.14710827216438
53.20609423033595
53.265597255227334
53.30187699798242
53.303486126954425
53.2753526707229
53.234145331633286
53.19806549931093
53.177686219036076
53.172337638749525
53.17292853170723
53.169955091701034
53.16235316795664
53.16032226599605
53.17901874944199
53.22783831413266
53.30297783536573
53.38716339306295
53.45562008829083
53.48526299996035
53.463970540553355
53.39669271844253
53.30507928807309
53.21968813985236
53.168276704382734
53.16576252559769
53.20942918782152
53.280230188072906
53.349975346113396
53.392651871706946
53.395013722911045
53.36065185320242
53.30551705347754
53.24810031035611
53.20048300382603
53.165882469639996
53.1434459907185
53.134786570368064
53.145619124482636
53.18125720128275
53.240488692130164
53.3129842182981
53.3815674181101
53.427216187082834
53.43488830272251
53.399485473840336
53.32982593194664
53.247468314529904
53.180252059343495
53.153558366433444
53.181645146931174
53.26047260689661
53.36553912280576
53.45908504711514
53.505684458513926
53.48779993385918
53.411918895278305
53.30287169285857
53.191696007756455
53.10454878868363
53.056854224410834
53.05231892250941
53.08445155857974
53.13924348104767
53.19909417246738
53.24779739365941
53.275065334850474
53.2786055752816
53.263051262898315
53.236957441367515
53.20974182696074
53.18985474960128
53.18463669839916
53.20093702367127
53.24412391581337
53.31397497959342
53.399535129340215
53.47815612589948
53.522649706724735
53.514189666340215
53.45239700569134
53.355264700470656
53.24998015167705
53.161906396255254
53.10736812256679
53.09108184538878
53.10678155562066
53.13991954637018
53.17209919055897
53.18692689454892
53.17609420668591
53.143308469005184
53.10337417262622
53.075695825054666
53.07516552069479
53.105660125217305
53.15993577491435
53.22550671223717
53.29206291690469
53.354970723128446
53.41263276702503
53.46104825488696
53.49186645335328
53.496814686566196
53.47436992123899
53.43189675184469
53.3814883171777
53.33381203674679
53.29445911850895
53.26352433774029
53.23699674659597
53.209069272828685
53.17496035868508
53.13323592738994
53.08654937098884
53.04092811243803
53.00455340349192
52.98629386076791
52.993544479251774
53.02941780874492
53.09030518573839
53.165657132717776
53.24162322256102
53.30745233608847
53.3601457554069
53.40345816307973
53.44239010457386
53.47826893843867
53.50806503397384
53.52713241433665
53.532219049047335
53.52256204552656
53.498824618625704
53.46107616659013
53.4079424087826
53.33862596342834
53.25678870627854
53.17229275599572
53.09759726823454
53.040906479046434
53.00251936886041
52.97828476247496
52.966558925093004
52.971156105793405
52.99702964733961
53.04313553740876
53.10017345365608
53.15641521801618
53.20657186915205
53.25495784946237
53.309774475795436
53.37430747951006
53.44309506066434
53.50527356212845
53.55097876594889
53.575631363766234
53.57981700678086
53.565747681615065
53.53372430123609
53.48247227291723
53.41372262845767
53.33595749375332
53.26155102410436
53.19836685416647
53.144155065826745
53.09065645803961
53.03453148231563
52.984254285537
52.9550345238397
52.95576459131536
52.98091364106314
53.01593009845836
53.050662000634595
53.08689958146531
53.1331919099239
53.193973045561954
53.264437443298064
53.33454510540995
53.396427663680356
53.448262808356226
53.49247759113394
53.53076587069653
53.5601304505109
53.57339844094834
53.56445390618563
53.533758211789156
53.48821838092823
53.434639150731414
53.373412120608066
53.30002843942899
53.21407987879654
53.1263797907284
53.05507644286176
53.0126684841709
52.99656407443974
52.993376646199735
52.99255088123515
52.99446061412431
53.005077502499674
53.02569153778876
53.051206026935276
53.07832498658593
53.112287082354946
53.16345376252507
53.23749727013612
53.32910013836684
53.424125920234715
53.50723566023195
53.5686266016173
53.60572372013609
53.620118247651405
53.613380583823975
53.58548688135086
53.536879680011474
53.471918491606125
53.39990840726607
53.33144866430558
53.2722847357126
53.2204577912538
53.170363541925425
53.11990844354864
53.07240730862302
53.030456254763656
52.98993831510778
52.94424527531903
52.89632687616894
52.86401847479103
52.869850062383286
52.92431963938207
53.01874428146974
53.13277872421567
53.247513927170864
53.35264348951266
53.44460448567683
53.52107054419368
53.57840551484809
53.61389062552185
53.629195251367236
53.63034791212649
53.6232286742445
53.60857450110078
53.58154440019689
53.536757417008936
53.47438644452494
53.401360526375505
53.32552061732115
53.24734622404241
53.158246464266966
53.05023592517911
52.92976555160397
52.820922149508164
52.75196485976985
52.73677605436655
52.768687207966366
52.831187466644614
52.912833837219075
53.01092975067125
53.12285861602183
53.23818689367944
53.34198543514408
53.42540124703916
53.49162844883477
53.551217270878986
53.61138732598439
53.668908403856705
53.712245992816605
53.73031000822874
53.71964368505212
53.68408108086441
53.628248861586044
53.55165802630657
53.44940682383673
53.31978421287063
53.172306128878716
53.02770221389243
52.90784759588232
52.82385698602232
52.77363086724826
52.75117756042963
52.75715443440356
52.79781591784977
52.87297928067461
52.968028156179976
53.06134081596153
53.14026781576398
53.208746283962526
53.27957362471547
53.36072800829398
53.44903345242686
53.53459153482434
53.60878248183744
53.66744753572351
53.70778527321019
53.7242206953435
53.70890912530947
53.65714473961515
53.572458124766044
53.46625910645721
53.35212722673131
53.23951514732759
53.13180980910346
53.03025737032352
52.94048735274811
52.87487172682496
52.8459742759515
52.85530102194598
52.88908980846663
52.92778622089436
52.961091515831946
52.99332209597994
53.03432326122635
53.08732726196452
53.14737467234331
53.210155458822975
53.278726341017006
53.359280622354774
53.45100215750142
53.54138896660413
53.611720920570576
53.64745044010059
53.64483332246466
53.60949352357131
53.55004643325781
53.4733762204889
53.384940540046784
53.29198209419795
53.20521076466497
53.13634380495694
53.09262857699271
53.07249358923808
53.06659592838522
53.064548426110946
53.06178796385926
53.05974389230745
53.05928227829211
53.055962294670344
53.04475974003106
53.03029663135068
53.02980003758414
53.06259592621564
53.13506945788873
53.235009792145654
53.339133545057706
53.42565836893289
53.48200361477546
53.5047639806559
53.49645403501629
53.464274520175394
53.42061635583113
53.38082758683925
53.35678324900098
53.35088799120185
53.356019598898456
53.36143328791305
53.35941292447415
53.347750331504436
53.327323966788015
53.2976550914037
53.25454480121702
53.192876029048094
53.11387737128605
53.03093999900905
52.96702845144137
52.94326748968256
52.966868916629075
53.02790962038949
53.10677058173388
53.185025907099096
53.25105617226035
53.29875058336688
53.32524609921941
53.332734106658606
53.33148721478698
53.33736906368465
53.362739198340556
53.40777824430788
53.46019654609424
53.5038915434097
53.528764945275555
53.53325233282045
53.51911006930329
53.48577143057483
53.430632230995606
53.35429759814541
53.26497522241709
53.177629315478555
53.10805661777783
53.06577316526488
53.0506410234621
53.05568227803744
53.07347116547906
53.100141600659924
53.13363293884137
53.16945167714595
53.2004383209577
53.22227086518783
53.238848845947224
53.26081164337458
53.297655744450225
53.350429050951874
53.41091434793098
53.46702461525685
53.50917798145829
53.53265111893465
53.53578464027256
53.51813484932443
53.48122072635452
53.42992371330984
53.37160087040097
53.31327653247887
53.25943958034022
53.211663131663265
53.169723169759955
53.13381402521222
53.10671663450337
53.09352769320249
53.097978496691034
53.118285186888606
53.14715537931979
53.17693359699923
53.205232572484526
53.23535007065894
53.27103272530553
53.31105741415877
53.34921809948448
53.37947404796677
53.40047194786007
53.41460348159537
53.4232725872282
53.42436039589394
53.414564599945315
53.39290940031985
53.36092075101404
53.32025416129967
53.27207229739091
53.21941388393788
53.169014014872694
53.129443649604156
53.1069274886709
53.102533338394714
53.11261317478006
53.13162280655598
53.155318703871444
53.1824265509117
53.213645474468315
53.24866661381739
53.28363504969862
53.31132242968886
53.3245463496221
53.32119451624691
53.30709937279399
53.29311296306666
53.287260763310165
53.28841829295499
53.28748837147979
53.27489568051057
53.24735772147392
53.20866451013659
53.16570610964617
53.12469349179242
53.09039408753041
53.06707995380903
53.05856471406625
53.0667413536182
53.0903866320379
53.12580238310511
53.168685661280044
53.21532840335287
53.262094307143656
53.30408553130515
53.33492351686975
53.34836773069915
53.34083389113317
53.31373129524514
53.27460528318036
53.235352404736425
53.206765565371825
53.192295923780655
53.186054982433554
53.17724467578114
53.15784933845333
53.12775173296616
53.09373963274214
53.0640032529902
53.04325646208624
53.032457622730995
53.032398972185206
53.0467894680151
53.08122860689945
53.13839278785497
53.21319646191107
53.29224659039182
53.35912399998614
53.40235561164029
53.41996315122786
53.416912601874316
53.39849455408786
53.36661270747668
53.32243384146171
53.271689908797676
53.22591398697592
53.19700852573072
53.18910079310606
53.194495358825996
53.19791033312786
53.186847680368246
53.16033420638313
53.128982312504455
53.10677237757336
53.1020604239742
53.11512071655264
53.14277951896872
53.18422940366181
53.24164823894793
53.31464827364956
53.394107480814284
53.46287711869647
53.50508801730199
53.51628845823209
53.50421677304672
53.479558582478845
53.44696631678369
53.4055846330974
53.35705850664857
53.31112177896488
53.2822014720648
53.27933528196878
53.29740507479784
53.31754835273189
53.31859550301359
53.29209210895372
53.24905483092161
53.212765702657585
53.2032932812923
53.2255253266283
53.26892653053499
53.318062010281935
53.364822378850384
53.41157008359964
53.46216454807357
53.51052362587846
53.5404056165852
53.53808260601692
53.50459457145212
53.45508833835214
53.407404715049616
53.37165534234745
53.348357931024196
53.33360400816509
53.32518485116369
53.324270106787026
53.331253981057436
53.340352640608586
53.340207280443806
53.32225200832384
53.289768486168505
53.25857303981159
53.24753932707812
53.26583882875831
53.30637150484406
53.35073600708962
53.382717307466294
53.399068079288774
53.40708198043899
53.41156019746594
53.40606260835279
53.3786657147505
53.32568843970756
53.258763326063836
53.19904890721259
53.164356581054285
53.15878224407167
53.17152101746582
53.18581873523891
53.19163783915745
53.19143584232512
53.19409300047443
53.20393486735721
53.21656447383516
53.225062895404506
53.228976910774286
53.23633634261755
53.25622500595621
53.28842593633229
53.32003290203015
53.33339610694474
53.319008229314086
53.28146136426283
53.23344854265076
53.18480081639077
53.13706593084036
53.08683884235762
53.03308898507644
52.982082217238165
52.945971186017864
52.93515359609607
52.94981602641113
52.97862835990208
53.00727445411815
53.029813727122594
53.05220697014438
53.084758773312736
53.13128684606273
53.18564761903653
53.23812268584729
53.28398717986849
53.32470393504566
53.36038794772039
53.3822452325671
53.374931659464195
53.3288525910337
53.25109336295655
53.1635848147436
53.089245834066084
53.03812818145641
53.00451004447416
52.975629884911356
52.944016268412526
52.91384945728302
52.89716789436352
52.90398972622918
52.93486606266778
52.98149561823389
53.03419229292101
53.089775611418816
53.15317606741802
53.23110069012594
53.32312411810958
53.41840908922368
53.50125846571932
53.5599402020361
53.5900391912854
53.59035948381187
53.55869893537536
53.49470207344792
53.40691978709582
53.31425104678536
53.23740463733209
53.18711645030236
53.15943154903075
53.14134381279424
53.12117657105461
53.09578873789332
53.071133483194025
53.058168150349566
53.067569516649655
53.10491996759494
53.16783306191947
53.247735584531945
53.33611178911317
53.42905808942805
53.524561228872265
53.61590777166189
53.69008165307567
53.733728274991684
53.73999326720881
53.70978288095925
53.648996692548636
53.567007173709136
53.477067127862966
53.394818085757194
53.33319318140931
53.29689371086791
53.280705626113956
53.27264900937412
53.25970214405134
53.233570472892474
53.19510557226457
53.1558405938805
53.1344276017966
53.147669971808284
53.20076451100301
53.28419043263612
53.3799568206293
53.471128519829705
53.5462729529501
53.597758934812745
53.619688366680776
53.60913770197558
53.5682299617501
53.503784986919335
53.42553039891079
53.34510518480049
53.274928648387416
53.22505054472866
53.19931547534028
53.19404240052705
53.20002569310642
53.205847776593586
53.200905585840566
53.17857854004925
53.140067898069375
53.09700308273856
53.06904415488948
53.07506958818344
53.122397153817985
53.20176377948785
53.29179945705048
53.368981905934945
53.41568052766924
53.42277870057729
53.389170592701795
53.321594729563394
53.23453026631783
53.147140077893525
53.07677400901829
53.032922254838226
53.015738712633954
53.019208473839946
53.035622577421044
53.05831127945589
53.08200725511344
53.10206928985525
53.114250618095035
53.11605474282292
53.10934626264039
53.10215433442972
53.107001459843666
53.13521259960881
53.19006343349579
53.263181683822964
53.33700181823201
53.391895505516885
53.412839897786554
53.39169733475655
53.326986433218806
53.225821294046824
53.10750137240203
53.00166633459759
52.93674125557907
52.9253345046419
52.95875777797181
53.0151953785319
53.073665145856886
53.12251856898112
53.15920127725004
53.18642989400471
53.20968815110339
53.23583890807049
53.27118296323213
53.31936968924111
53.37999596385228
53.44776246327206
53.51250121043966
53.56125232653946
53.58278825403064
53.572462276912276
53.533165202468574
53.47048787796773
53.3869035130044
53.2829031306057
53.16586038305446
53.056539848369006
52.982890098015126
52.963873513747444
52.997823525259406
53.065810756660106
53.14521823983519
53.220275529690085
53.28346416801556
53.33287620164365
53.37142064287823
53.407007258431015
53.4500992629092
53.508256318326744
53.58041764987528
53.65418888229687
53.70831846047758
53.72034183488472
53.676741825389506
53.58082086975465
53.45295039751457
53.32119958088253
53.207397214223484
53.11861582956524
53.0504200964862
52.997785701532244
52.96273283708145
52.95216088005076
52.97028880074003
53.01478176897786
53.07920587078942
53.15662024688054
53.24016634112413
53.322421137230144
53.39645469485124
53.458200822545955
53.50766237755042
53.547139433875046
53.57707535373809
53.59277012471891
53.58497052866723
53.54383820252765
53.46369514028711
53.34719984412329
53.20817478910715
53.070504536337076
52.96068374880722
52.8964245548912
52.878762035905176
52.89379910795069
52.92272349600438
52.95241141834801
52.979950779704446
53.01060007027879
53.05290260717079
53.11389796002559
53.19530149359467
53.29157435217267
53.39119032486121
53.4805506478965
53.54755712183421
53.58255994306754
53.57826013972335
53.53193331158884
53.449463911637835
53.34597031039993
53.239947507954874
53.145212442389685
53.06769797518875
53.00879449473232
52.97034805088452
52.95558506478852
52.96527502281039
52.99392706962749
53.031007691668826
53.067015429645686
53.099509843531315
53.13441115299984
53.18188303766878
53.24975260185772
53.338200247584616
53.4381344944903
53.53399781700316
53.60954555948721
53.65244273045229
53.65423907090401
53.60843985331388
53.51323352244841
53.3790672050373
53.23198126665516
53.105466215260705
53.02533515487734
52.998777846443375
53.01420735318136
53.05031612434859
53.08782739068863
53.11691002168644
53.137105184131244
53.152667322920216
53.168928737174255
53.1921056702183
53.23007849516477
53.290695585428544
53.3771629616747
53.482839115511936
53.588753979502755
53.66744592175977
53.693912027165645
53.65743926016524
53.56481114317076
53.43312014090447
53.28100101860044
53.12660467629026
52.990364221385114
52.89469506299639
52.857395658065506
52.882923166637276
52.957903969912365
53.054680631379945
53.14252906351104
53.20126467414683
53.22894261655088
53.23886263737485
53.249387075435784
53.27462644986414
53.3209054299953
53.38806515911377
53.471470756502285
53.56100519724719
53.6372872428137
53.67124950125283
53.63401378398594
53.514471569374116
53.33082549059225
53.12462151703666
52.94111817753182
52.811176296631594
52.7458924248517
52.74267613450674
52.793630085538
52.88875314475698
53.01339787343541
53.14553685681339
53.25935109010978
53.33588529848614
53.373454301926245
53.3886885618847
53.40618279682663
53.443540261903664
53.50170867476524
53.56664522138626
53.62000262979296
53.649048702002105
53.646928751196725
53.605333053827
53.51181188035298
53.35971555348016
53.163004496701056
