0.8136351010284985
0.7913533924037716
1.0781922803948787
1.0051748781480483
1.180394303730445
1.1776486419321115
0.1332011149074732
1.261553083816484
1.561417697935215
1.2285063319900558
0.13514407623736946
1.41427808736639
0.2601935080182787
1.6312760212795232
1.574843595903054
0.09173476981615224
1.5635512688476643
0.33977341873207945
1.3308916407102913
0.4654629902758883
1.6613111517342463
0.06161921281785014
1.6129764610159818
0.2972712466700049
1.4573181626046068
0.45091176430271573
1.8876168913559381
0.5275041738906356
0.00620890381703718
2.2510018775376905
0.2512974126486983
1.476889745272182
0.4352322240147451
1.8925853969909698
0.5039055528391585
0.08959209398948313
2.8372535241011825
0.618928332508008
0.2024591134569591
2.0285529348875158
0.4182294031644432
1.8968110287369313
0.40935958617961143
0.1773734206624598
2.878284128610103
0.7031656031853757
0.16195360282770968
2.389980634962456
0.6332873428294509
0.41247452617043473
2.7803298325978387
0.3091445760205811
0.27008793172431195
2.9197697652285846
0.7069771774894283
0.09943960211563362
2.45241393571491
0.7479566207867993
0.4026779234984619
2.2443209349951787
0.9562730534533839
0.22032510133499036
0.5156107149047965
2.9615527272507505
0.7135853323361623
0.03263919512608463
2.514375531179223
0.7903450157238117
0.3654368643972463
2.2890328743270554
1.0169755585603515
0.1087441466066952
0.8057045296294068
2.2025529091055964
0.8136859463077847
0.7607634624049744
0.05327446115785465
2.5193722799977505
0.8332244805823822
0.3314516818483158
2.3084906320424436
1.037913654650539
0.037143394233547025
0.9413981699495336
2.1400187264211814
0.8512985914927805
0.7733111214129847
0.1953212266574789
2.104500182790133
0.6493019894381373
0.9012234257675219
0.4234217021708849
2.2529665612066476
0.9130250350112581
0.1936410726542812
0.9346828258231449
2.0002916903776455
0.9196826680585981
0.7200182276106684
0.3317749772893139
1.9476937430047445
0.7084250905082944
1.0271239759202906
0.43418652751698367
2.02739422418481
0.44898984383642176
0.8597364688666348
0.5207600000005794
0.9293977021828853
1.84672964565534
0.9967129806045358
0.6654796243205217
0.4756306011149391
1.7703942517074578
0.7739466899579136
1.1305995010330914
0.3596480166726687
1.9699055049979948
0.5281482237085157
0.7139597709998696
0.7754432920446143
1.1824520684868982
1.8969475115893446
0.04774824805765603
1.328474928462259
0.86011447227203
0.6269600127027845
1.571001515592413
0.8460384207026997
1.2581622050405703
0.280937743025165
1.8852677960256108
0.6179095288105226
0.5745403664573441
1.0455356182809992
1.2075642548811076
1.5956916047876388
0.10411576823288492
1.4482134255056243
0.7514401767825304
0.8936763104186779
1.9188608304380201
0.3253559281709456
0.7276861666484791
1.9069964536414985
0.2116889312562134
1.7666554144547557
0.7192149702388534
0.44377806801339725
1.331741960348938
1.2398124670213129
1.2859243073717328
0.16981240819448434
1.5821407734525272
0.6446736233224021
1.11471977340193
1.6127635531411666
0.2798684971586277
0.9112385114906983
2.085143369424635
0.11706240217373018
1.6982272205668905
1.33235963449433
0.10697695544112819
0.3353279873067684
1.9126246600608323
1.3070391377214836
0.9663127969352935
0.24579922958076678
1.7311836456918093
0.5419422305238936
1.3608183653766182
1.2520610916955772
0.23481388852111904
1.1217100597613863
2.2945622182584384
0.01947319298312225
1.4690823244305395
1.6880823841494101
0.034213886402875586
0.28666364323986326
2.328167239919975
1.3324085828520802
0.7420027246142575
0.3679665940966171
1.4822599793012288
1.0450982521731242
0.47594393289569703
2.068895142584459
0.8245571781425219
0.1945178227411597
1.3347841033518986
2.4477020386301724
0.0849746431541552
1.0468374894206631
1.8825070051478134
0.18492036539386086
0.16284679352290052
2.7195046316031255
1.397608157023014
0.35398522505277125
0.4700616190130958
1.4682772052634805
1.2343953028155106
0.3919180967836769
2.421484600902326
0.31352704172905704
0.2356518992970785
1.6323444550358237
0.5128082458196255
2.2412899475691392
0.2699140614252947
0.5837682675799202
2.1389650899724097
0.347784299252545
0.08250227800392837
3.056935658206067
1.3691031796424327
0.09413302541227588
0.4624944799956904
1.4120804650406902
1.4920654129468665
0.31243134191443134
2.435420081324078
0.2089547298849003
0.09719023455238807
1.740847285680072
0.2818934778909512
2.642019014355383
0.35198432031623833
0.10519953741407577
2.259659977285546
0.6648581149244874
0.05412396524044019
2.3899831632143993
1.1291999347106338
0.8503930252586075
0.8992841863561412
0.10014655771675457
1.0714981344064298
1.9949857190891782
0.27717360249821466
1.8124588415847662
0.20720462767718748
0.9029321780494086
1.2417810812695467
0.07278488308913211
2.9032505045321564
0.2764263534226305
0.6078921203476078
0.2650744691739072
0.9136524346099468
0.07277493807416907
2.434336544038114
0.9436775688007734
0.8687273732154576
0.4009685075480692
1.368667569889557
0.8023634057539978
0.18813755711184685
2.7414308082001235
0.32801239027196
0.9832851477839891
0.8662305508422495
0.2837762041933843
2.405889990461298
0.6278965441191138
0.10839977346401332
3.1579938781082215
0.903566259717576
0.04450037631664389
1.9425150800187527
0.1677540606426397
0.15055229219124242
2.5362452143011964
1.0752471873671108
0.9085009122147281
0.5521438496241539
0.7571935459579909
0.882249904672786
0.6780717300056831
2.475615588169422
0.41965934127104826
0.6868155854451131
0.5902517349101841
0.41520148385242717
3.3574232411112397
0.14699898366735736
0.13557237573329936
3.412711299404659
0.9911675420652103
0.07363119695130652
1.4741369642619435
0.4044973542076634
0.9071008181269168
0.5060791132327338
0.6135844227948679
1.9656573500101966
0.7927658661197768
1.1266927048802278
1.4206090438815644
0.15004037669337342
0.6311353275081106
1.6481495023778192
1.937714038348975
0.6307795599621225
0.20259910793173494
0.36332642074197463
0.6133216260511474
2.754330326502931
0.4379530888560397
0.5260466646563106
2.1368149527529083
1.1952993959157883
0.32867761731433837
0.9828560931814888
1.0222803836894674
0.8402862876805746
0.20383316700510512
2.3409909489137046
0.9377573154333948
0.0854849181728965
1.8422355088000646
1.64455741840835
0.675073952787999
0.013161769497647587
2.3515212827034997
0.5836546459192236
1.307434827120633
1.0168463247323924
0.04006600739288023
0.5264856932602503
0.39130359934619247
3.2505618095263022
0.41307148231916563
0.20911256589409608
2.1103647608876828
0.7188615313826419
1.3333451701499413
0.2946997815029403
1.2241392922170116
0.4418868007340275
1.923104727630836
0.5850578407383638
0.2032099093416511
1.8027252355028214
0.5238135210817062
1.1008137784121474
1.6539429179593392
0.6898529792312627
0.4917939078857212
1.9640989119501664
1.6973122524414461
0.07405338055116144
0.5251599441782887
0.8168862288532381
0.8354009958773455
0.5436250723651457
2.5765564445841247
0.6778136930901991
0.12477118156917823
2.5317979611399712
1.5970095819950105
0.002708858012470174
0.2459908427614018
0.9761263407213318
1.9429800957581702
0.9396864008588194
0.04832675900948887
2.3256059391608837
1.3551881209398058
0.06768838371992536
1.4885063006589074
0.6561284626292525
1.2892807535776931
0.8113250656510382
0.752651969304419
1.8428320139600678
1.0394736990834719
0.7092489597075485
0.7930925832902092
0.3095336375728688
1.0114798011062112
0.1390061224821474
1.6540319754241892
1.8134802043991616
0.7060849489934076
0.21717144657221732
2.9147587460148623
0.13791924119480248
0.25341190916867823
2.647565486748642
0.1238134011312929
1.772954298095908
0.09831539272680795
0.2821805051056279
2.8292709722686147
0.6702549844402325
0.7140326124295141
0.6290856167338594
1.7645856639483641
0.6326146327638579
0.8176430350162852
0.8271639153143251
1.942131061488751
0.8859879241226509
0.23037029980238033
1.8090618497697646
1.0227976428428185
0.755924077493256
0.10891566661978479
2.3960574753560087
0.3267293049504001
1.2805218352300924
0.7569469420676936
0.7890177715543074
0.3711639318713781
0.41468738590610454
1.4594832831107232
2.2156147740643015
0.4696833606866802
0.5540051411877563
0.8266821498244386
1.781837483908221
1.4250567327377597
0.32912083088141136
0.049096738035377695
2.08861971974902
1.4629576201012113
0.42619375435666107
0.9525155244304653
1.8821136587037872
1.2730099928942236
0.08924244742148155
0.60516518431692
0.7691745052263163
1.0702438384664175
1.278054543073975
1.5084110186843775
1.0927590094308313
0.04201331637586729
0.657795502968071
2.0952682725938185
0.9490296621605631
0.789048511315763
1.3266435182981913
0.1434272880500114
0.8652308712801847
2.618477370652926
0.8798310518867843
0.3397441298621432
0.47564387046343565
1.4626980787187913
1.9500182135263557
0.6193188240201437
0.3035285679204116
1.322615245595279
1.5494872182805075
0.04848839263485324
1.3927262206602993
2.119668732967468
0.48915714119593423
0.4763546532550466
2.429586546042157
0.360318502061118
0.9583033831697729
0.23236212276688287
0.9555097201521895
0.5819872285254652
2.9289052592434377
0.2933974167320168
0.05790839049136367
0.3533347982442573
0.9380459319112449
1.7142050953214651
0.8599354461823037
1.2758242566711144
1.3404205104128921
0.11341161792520817
0.6673960076265506
2.6471792399681693
1.0231673448496976
0.03140202313750773
1.9021177530371234
0.17810967585629123
0.7763363042867959
1.4208829716944198
1.49630704501918
0.6616847407431695
0.8522784124644561
0.9075483316278768
1.9272862794744494
0.12809202572878914
1.0984130845719102
0.7863400977631892
0.8803568825202889
1.8387481028367163
0.12494480195319556
2.002784107039124
0.1937592716785652
0.32902030358465767
1.9924165796799103
0.5317573868869367
1.524571088347369
0.24066187781234566
1.1886080283501046
0.3769868199683533
1.3503018118376993
1.4427521736908353
0.5406934423405859
1.2836644001380768
0.9326507219442166
1.5908389767262412
0.06454206585976566
1.299033210806248
0.9864613171531325
0.34112401657316915
1.9366452490833928
0.7194743341245804
1.0240661996923042
0.16896401974831865
1.5892350802276756
0.9556495547356983
1.133818133539141
1.0032415987136625
1.0627911248379251
1.0871958507162531
0.11659875516964066
1.964240409676561
1.9037673889083702
0.08201230020944575
0.1952162731147959
2.3049799702381963
0.20456811969199423
1.59533646557346
1.2002641183848661
0.2770645649878986
1.1909429120892367
1.8948785169473539
0.4516011375660662
0.5589617388740135
2.6158603528704116
0.5848846645006336
0.2346895300881938
1.1666719911208945
2.120684058661258
1.0594628276984064
0.1327085817099391
1.5942540765382072
0.6723617354378572
0.39872357942149156
2.654253326997759
0.5325787021493259
0.3436175290784385
1.2981896613060178
1.0951389519287664
1.684860122325202
0.1640831208469556
1.1499250112555275
2.2759841368566858
0.12692840316658827
0.29390268175782236
2.621935369057658
0.5991015136348118
1.274775817266999
0.5767754922957514
0.1634981400226431
1.377865823356232
0.7324108270874988
1.678540555813139
0.6342215439803268
1.014867039664728
0.2831383644862561
2.4882183477607196
0.13518454826477763
0.7095171528463738
1.1267862140915605
0.634719112577809
1.4319897178917242
1.061913154902808
0.8549907831309531
1.8708621460568338
0.3305802481966459
0.3231518951464917
1.2621862817545948
1.9973966364417974
1.017911523411739
0.32610710529772097
0.7013815735545017
1.0527641887642378
1.3614606444490924
0.9513166779588244
1.198737629156761
1.1301942871522532
0.30046568590512374
0.8191641878494184
1.9347928151044111
0.7540221120889603
0.7995466138410628
1.0249047363333401
1.1689519980788625
1.3218749773635927
0.5379351869083508
0.5875570695857724
1.255040991691503
1.3129190293189643
0.7974111265928978
0.9436916851981825
1.8413527074974658
0.5925576463922614
0.7500712726158947
0.18549237509215838
2.109808601813432
0.2251104482357404
0.6816481234808964
3.0094144398211093
0.697618571799128
0.02862321499151283
0.9268828766599327
1.0052979028918625
1.0744692840615717
1.900161469195619
0.37386532140854767
0.8018659041216917
1.5649277598158973
1.3421172184810437
0.6692898614697428
0.06765726595373277
1.024362597843384
1.5263541847193196
1.0123195265128044
0.5593971840701419
2.3505891998657282
0.5012509161102031
0.2245796867090654
1.7039198501767585
1.3602996491066108
0.1988066896350356
0.6792647435106519
2.137424365905017
0.79120926884924
0.9467231353944102
0.32717085834075843
1.3323829748529608
1.0286880810108165
1.4925894897861565
0.5464018641523256
0.9329797284658589
1.3229132462400093
1.2294556987771166
0.8337322146137559
0.6657776542717788
0.7643605149237087
0.7191800299412258
0.5353125642960203
1.3695905703079472
1.5623117204928558
0.6042028262356027
0.4658745647479569
1.1073536725381588
2.1444844681545483
0.3809765461499761
1.1073946555842806
1.176115758439012
0.7588178439830408
0.6208715480707274
1.9009956795890808
0.48464400771346944
0.5658105428090197
2.479906699248619
0.2813769437429756
0.5422566503572559
0.3571917177135183
1.875036892640785
0.7869543522179335
0.9941247408026238
1.8757695530658218
0.17140148899671634
0.847393144339696
2.649180038897121
0.003214822102272406
0.7918228558585052
1.5684836754214937
0.38309656345836546
1.0990671086816335
2.547608354540357
0.4465598754660739
0.04886687288105216
2.6618315050701336
0.739527162385016
0.5451908733158737
1.3428076595420364
1.4731810553405238
1.0714045303714865
0.05172765959888609
0.6941327264273042
1.2746106120577743
0.6666388728156096
1.5683681311957178
0.4942883860390136
0.8411829736704668
1.5975018873063551
1.8291398972158828
0.10333305531545137
0.7459465099696864
0.03300661881458744
2.2029681506780596
0.8131836877187981
0.5819788752926676
1.4820111697837626
1.0073116879936457
0.5742380743149303
1.11681962197402
1.334954465712964
0.7777730051388239
0.46207251354720347
2.3783358653111923
1.0357414351680576
0.4559350716209795
0.4087319866389679
0.24180463193862906
2.1332900469231744
0.4513861845558108
0.4276548245389597
1.950096328012562
0.6995612143950142
1.0490155472403828
1.9459921272628653
0.4183270172516072
0.33929317406970094
1.1958064488377942
1.5699267417572111
1.0097878300311545
0.9299710214082115
0.9076604232543791
1.234481041764971
0.127046340033587
1.3076614206611832
1.9787683988127058
0.3187403208132096
0.547567014066882
1.8652841706792926
1.6704909592548527
0.22210552148233875
0.8381737388969184
0.9786794616000603
1.2272006605895258
0.9969744160058551
0.789402480430041
1.2357692005810257
1.7199328409832912
0.16904462932012512
0.8910819827960361
1.1628518126753098
1.0408540060168787
0.9482256639842145
0.5924255329529732
2.4519594848793895
0.28330457383237656
0.6332338180779904
0.25508291113871145
1.4609426329284085
1.1027233498476696
1.0291754870764571
1.195108184477828
0.9219204201119735
0.18445522650561427
1.3349981687158332
1.9736220549058916
0.7228009998018337
0.628566392900903
1.3991252007137764
0.40720457476892125
1.7122984965147456
0.6748964282020318
0.32248945445539967
2.400438264383176
0.9462990200181522
0.4920631623958275
0.4512666060882231
1.8188277826281507
0.9511437375791352
1.2770047102669282
0.7969283333662487
0.28129635377263285
1.4757527301477151
0.3678372557278488
0.2996870940776837
1.8935467659543948
0.6869585069974473
1.391372618298791
0.7945200251072958
1.1369522403021206
0.8672736877011565
1.1096123070566217
0.3949215107792162
1.1228645382312155
0.8602748044011453
1.5151597702756396
1.3030844994136774
0.40057472101478825
1.2150940101806615
0.5136032164343911
1.0064586553099404
0.6483798044645124
1.7190079164864502
0.8401047827983831
0.4610687246534201
2.55339059100419
0.6608419283780539
0.11360417270451525
1.1928902294283046
0.9055673928534769
1.1754662771433646
1.425563060949086
0.37358477492404235
1.3703549733063267
0.3297273320651902
1.721953992072193
0.5197486662727501
1.4178818323453508
0.8565133894131985
0.41025071898624044
1.8804479918127517
0.7398852370352588
0.4574788966639115
1.772917740071756
0.232391238461895
1.4392014069577022
1.532890018903231
0.6840269685585929
0.10304378263457192
2.6035430887761093
1.0760670682879987
0.2821781163454104
0.9900425951344931
1.162292637328902
1.4239513020541528
0.08878389791220204
1.3528550204884418
2.3472350726486493
0.49431509465076906
0.39767002759127357
0.7155729160857899
0.8241151167442129
1.5682300290215667
1.2554191007736517
0.9354561432092964
0.3264604648968243
1.5658849528956755
1.6893362247780728
0.3918047719708072
0.7036593379515423
1.2913951763991791
0.19947645230978864
1.7559056420671144
0.4622650506667317
1.0684610200982987
1.1240600732938602
1.369535822911156
0.38613388962358847
1.8372135082813412
0.8282589195931203
0.43266625203663206
0.41147459112912854
1.534236192225231
1.8297633078306508
0.7083366141409762
0.4469291681086851
0.2512501878598616
2.3316836327955985
0.7162106782741242
0.605451833368018
1.7164183726746267
1.0675283940098008
0.9113974817433089
0.4731728005051773
1.277570226157852
1.4148771184171105
0.42068826830609213
0.793439397159129
2.5944708165954933
0.4704983177930423
0.31827069160897536
0.865202829778702
2.498747255657255
0.7373342977151064
0.1665703778683538
0.7727521279292816
0.7596599657681926
2.1185067094175585
1.0974531563741077
0.17066079597472836
2.1053900490959987
0.5099136684910593
0.4077245552742016
2.6755970223833967
0.20715325031237722
0.6215870375321996
1.9581860659492363
0.7009084272505604
0.8479496319384275
0.7746018771988838
0.7256854293854403
1.8842265651873167
1.1859683360254392
0.12641847166707842
1.6258204381364167
1.879984287708348
0.21383061141952264
0.7890385615618718
1.743965534572707
0.8139002529035696
0.27254282805694696
2.2697108705651203
1.0775539245423515
0.30325044031467224
0.9431821173092799
1.3654366442839283
1.7006033145604689
0.578477757536777
0.5783314894080277
1.0489891156892008
1.1699254430766504
1.2636149294878085
0.2864841730988177
0.2072591893168232
4.1184804602195015
0.03965299698981383
0.13148236763725485
1.9516466950390732
1.8620813999823995
0.44282074858409715
1.0233353291518152
0.8213356340589424
0.39666794913766157
1.7752435208697819
0.34969257836170625
1.474808834229686
0.7729459653253095
1.1727645567448217
1.15632821267649
1.050695381968027
0.42201115340080414
0.6236352756168324
1.684570094476418
1.1708471503422144
0.5156838586880277
1.0597527774296585
1.7198993472472575
0.8673479349572756
0.3269965721801871
1.2840181906591068
1.0165681159414397
1.7743704499161532
0.1644227940997914
1.023755904112057
1.5010283816341998
0.06031723275476934
1.6544574205508866
0.5605563562759834
1.4351142373926993
0.826876630192517
0.7363110029796249
2.212131697530334
0.5737569966548599
0.20668186744142397
0.6473115340804502
1.3147435043947098
1.7906328585772007
0.18672046563042538
1.9080179780270172
0.2606780017065244
0.14452418848074816
2.7347098606725684
1.1173629767855866
0.10090343579096996
2.5410881853392047
0.510520197921109
0.567589491595471
0.15833352915898366
0.6222905291036119
1.842254819357883
0.5220871786905321
1.3379980367028168
1.8640052489975283
0.22874295025801264
1.082497093975788
0.1488033086071106
0.849916318299831
0.771004866727505
2.5448993557394233
0.038400381261998844
0.8299307371644833
0.5510238593414746
1.0984596178955213
1.1044975172086429
1.4978578939164817
0.9623531393220275
0.34173920964177446
1.626633788610761
1.543407723116016
0.2968036498490899
0.5943700830613259
1.4072330533800577
1.3673458034645944
1.3470976981837046
0.2695546330795498
1.3076295722037177
0.9964766662823448
0.004594966835300159
1.5938307268796323
0.28276089406901883
2.4659677423606174
0.21299914662178757
0.22416567027988796
2.81473535442626
0.9687937859040335
0.2671474191569799
1.8770009255385591
0.5978144993350394
0.6252165680808972
1.2552339209638168
1.1464685100607213
0.789509932439912
1.810214907990285
0.5348367016407912
0.3803500041629356
2.4270884956114926
0.8915021742846749
0.352278422448127
0.5292578991742928
1.6110347140197845
0.5598970930299337
1.2707433367181455
1.2944693831719394
0.8231758237887243
0.7082390145523577
1.3612676857060526
1.7924871952082928
0.1404171101218012
0.696512803485134
0.6922955923185387
1.2644411654174323
1.0795712839688243
1.288097292015708
1.4300951753298106
0.4155429905702567
0.19042866774851092
1.7026360430679557
1.3629654733062342
0.9226318326584578
0.7883633819635508
1.7136068539205573
0.05323336733887859
0.6207951296192095
1.5858438633853575
1.3748512374105366
0.33330588269496936
1.1618834992454476
2.2488814856888566
0.6045081721046847
0.30466181599394554
0.7118111091805176
1.296041194811401
1.1787282797235157
1.0275586318368726
0.8654591000187049
1.1659237081585412
1.1188148941707705
0.9945645313706262
0.9321451795340742
0.9803246568894013
0.07308575544465813
2.109928074360586
1.094651756434847
0.34213454883111255
1.1087782122654481
0.8307916294495068
2.1628492659069134
0.19319980357461922
1.039701262400814
0.026388335791298338
1.3237732485714386
0.9720345018117049
0.8378827442432708
1.8003789545111997
0.8434653987920032
0.4900584792310806
0.8530818917542342
1.6793790348268105
0.6887190464646987
0.9531185060428252
1.5745736354788569
0.24072927296005978
1.0740678887606618
1.0808755465908677
1.084771485155305
1.796386743867969
0.4423816986979353
0.3400562233054557
2.377554613411179
0.32678425932072214
0.7022830753640121
1.145128594566055
0.9683440158187062
1.8104410781118627
0.42780835987335386
0.9329553382390889
1.342797836084302
0.34494533783119796
0.8705635577157412
2.8229418426369524
0.3202854817544314
0.4595981601047447
0.747217303978704
0.6662293765751297
2.4328811548319482
0.5963269015663067
0.6512710296591738
0.4570693788593464
0.5058285425593416
2.81441055818688
0.8869552213948847
0.3171586532562219
0.6797065814503348
0.5089371342247799
1.9545382658303976
0.7733928316520582
1.1715953581245468
0.28352128405220134
1.414708241880935
0.5787956354286603
1.651629492655074
0.44944750765666486
0.8513811303265554
2.4175525698867526
0.31553713986792925
0.5935381714861401
0.7206863503376779
1.518644593264456
0.8897689211822534
0.931777381921789
0.6329206196234687
1.861493068411629
0.5295999306364129
0.4325047671336748
2.2482304256317347
0.5818770853738393
1.205050658906422
0.040690816381229476
1.2708338248055155
1.7985692691089035
0.3232936726605173
1.625317849919816
1.2803858580752778
0.21144285523743236
0.8252839437288536
1.595014008340056
0.7044928486780898
0.9225932391439475
1.738755806396463
0.8441779055651615
0.5598789229798378
1.1176949669611433
1.192906729653459
0.8752935483692142
0.9967261323044624
0.4296062207725406
1.6901315796961043
0.7726734393473168
1.1514675873631597
0.19817205674986424
1.9123428960505828
1.444493724212524
0.4489633410482218
0.4144068809803018
1.0024122376477276
1.6283656513298295
1.6558078572182642
0.12511727532848857
0.9150030454962336
1.7527197607759804
0.7483217204400567
0.28773784263900903
1.7989286119463443
0.7027169103999175
1.1438088833472932
1.1769206995013373
0.7969675193106976
0.36821999357548235
1.656953864166458
0.661275905462528
1.1323561339619233
1.5774236988489614
0.24654991018908898
1.3797966089301332
1.291909514591785
0.8468470088925569
0.271009056176536
1.8228368575987104
0.5862092835455616
1.3288978764214832
0.6190023686006708
1.0101030532773705
1.0040640840275377
1.3855229597054741
0.4171882302071583
1.4164919398983267
1.4491351694975492
0.45355742564881685
0.8180154332015729
1.340125782483162
0.46307700254197304
1.4984794045654157
0.5321207617115785
1.2353711366501214
0.9071371890342469
1.0866036598705828
1.4605022884927317
0.4741508915962096
1.5544788352705097
0.5937242083308448
0.35044052781053764
1.3310326528358745
0.3879029133689129
2.052321239011167
1.1328557190538737
0.2332598375815025
1.8435120682160382
0.5656412605211031
0.39687919765963603
1.8534448502049452
1.006229117762486
0.5705960900659154
1.0585216267799342
1.430776076064143
0.2883470228771892
2.2441078163758585
0.43456765872591635
0.6582323378004166
0.21597180213163272
1.1379071862281795
2.5699911022033537
0.5372078341408507
0.426183200243481
0.9143149667290622
1.2954311798407487
0.8975583179226427
1.3227520447266403
0.5313754445689348
0.9967632288904285
0.21542376960157494
1.8765869997366593
1.883688184705739
0.49586156954926663
0.048737367538079626
2.4276304757661027
1.384041433658489
0.23085587689843723
0.5198439405966538
2.1110526117378514
0.7802060240057358
0.3546124663002772
1.9595617114834296
1.084290367490856
0.907622675415802
0.9233259132319489
0.41087575217515077
0.7453725503446902
1.1585673162939985
1.9192475493651056
0.8042102744843348
0.3333086917497635
1.3386158507090224
0.322612588985762
1.2876597128775722
0.8656560349436743
1.807595952889878
0.8031310208611948
0.23357412874042258
1.430625212041756
0.6409956218803293
1.7056884957759002
0.4390806693596599
0.8312660026597926
0.9352283476041048
1.4198364720118208
0.9781386970169825
1.0251076849330596
0.3331055951916413
1.5258651005849795
1.2935462036185412
1.0970603936522259
0.378717022405375
1.5021705949328996
0.14368346922749042
0.8262260773541046
2.702924194363427
0.1391360885893591
0.8564494349830029
1.3190670786014944
1.1391052049726207
1.0373509192399448
0.4784423868566412
1.6394388438647989
0.831672678400537
1.1111087731487461
1.048971146712004
0.1539641766945157
0.9112358372691138
0.8784942681901154
0.7947116960890304
1.722883830262668
0.8002424419742834
1.389917456128157
0.3073834272488712
1.074895791301452
0.8674609421047671
1.0845849597043007
0.44848217826405723
1.6472679874518605
0.6681414703445426
0.8114026780210363
2.371870764378737
0.37798353536255963
0.19416947123290249
1.541384105696513
0.9650791596304967
1.594707937758634
0.8970616158037957
0.6200384866517529
1.0165107169495766
0.33324379955279154
1.233807136373203
0.7350009862426973
0.8929479785562267
1.598019598107959
1.3048475394953643
0.4667970667088087
1.1431339889379004
0.7598772448129858
0.8256239246776058
1.3236491783645568
1.2564453523162618
0.4114354753592375
1.4192491088758528
1.5014093549480958
0.6199382360590913
0.8891494087946948
0.04460781551419553
2.1394617102162186
1.466035401981537
0.09982298216881567
1.311098986722488
1.7041686063192099
0.4759725991463301
0.9359000379606702
1.5747299120272196
1.3729259723611953
0.11450151601459965
1.0450745978169929
0.21937730872422856
1.5348637761220445
1.535103281069977
0.6343033208235532
0.9330395438087933
2.0099391204132764
0.2701055803394032
0.3754535497544951
2.393187509329071
1.3515113251094517
0.1772270576210526
0.6559891553410715
1.0993758409627026
1.1756974241193148
1.303145120843169
0.855286416323838
0.8025941916995657
1.1294086988869172
1.6651114395409063
0.5281337389869291
0.4627647319522549
1.508131286180254
1.6205854159145918
0.30185231208621877
1.6108509249776515
0.2062023101930918
0.7138329778863336
2.6094336670832092
0.2180024971291992
0.8788687894737346
0.625427713081011
1.4563142946273533
0.8737566097412054
1.3405493857219577
0.2992145842790297
0.9564767606901865
2.147631148884023
0.3291718194647975
1.1520162715432565
1.9839121307326744
0.32510702538637964
0.11711291944808674
2.5124036413550215
0.6234205306882996
0.5180545160201506
0.4532694480293473
2.330162428555314
1.2128361106920245
0.4985314515466106
0.8184726107430508
0.4199409640067075
1.9283305806065696
0.21772270064071977
1.2650941002276879
1.4486192518071923
0.6507651196175931
0.6180400979315479
1.9629715942052801
0.5742862915584386
0.964473553615758
0.7765045098587428
1.255150259252438
1.0874604619698929
0.47332477397251166
1.3853008410142493
1.4566684118752589
0.8632239724653201
0.4140947936461047
2.076696295461919
0.5816025494459363
0.23947044181836302
1.5583411194074401
1.9343081477415187
0.3246039933914078
1.1635729959031689
1.1428637330422142
0.4154625852224207
1.2660058973443307
1.418541581532849
0.9653762149377597
0.5764639330729774
1.05604459583094
1.1203804840764562
0.8417620186916909
1.2226585698233987
0.48726421242562806
1.6458674081496727
0.8153783504406434
0.8448849142645539
1.7028221275755127
0.2367256695106833
0.8917442460129533
0.1370398126718245
3.014514323036574
0.4430491715117392
0.27097427578890815
1.7717394482103075
1.090533942943717
1.2405140806034742
0.34770003095859287
0.3492999615188757
1.4810076528483427
1.2864681459498712
0.9537496908083264
0.9334264092410808
0.7759593561966054
1.2796841199676594
1.448913403704913
0.978466278428629
0.3997322649170353
0.47646187625212966
1.0079641116380436
1.7147603005647443
1.4452524740917987
0.27181486645701675
0.6724449349744666
1.2833791758532498
0.5097474069848136
2.013548691003904
0.6700992202066954
0.7564131292305237
0.8717425315394449
0.7247194308277405
2.3905227610855873
0.4221749536221869
0.4922871212405494
1.63176098882892
0.5508896030920634
0.8290364529422579
1.2434079652691765
0.5195391578715367
1.5747211796799907
1.0925942366743804
0.9259076576778764
0.6292949314935816
1.5286069598491876
1.1335050786728305
0.4432232346640078
1.0240096201828939
0.7988358106520591
1.618622148847517
1.01987397691027
0.5274244619979641
1.2650236415807674
0.11781800209862238
1.8022093243266817
1.6203112679945813
0.3613501495867103
1.2798811204069018
0.8682684218814514
0.7542206280821614
0.6976363335207388
0.918075939053698
1.1752144841491174
1.1521107281811713
0.7515853537904291
1.0054268212404103
1.2436361688340782
1.3131282999487843
0.6724764922498738
0.7344594469951718
1.5273256163743212
0.9181386130964517
0.8405718740712211
1.2696320845434523
0.8052949498202515
0.36695399751460434
2.1504307999346066
1.0467524799481471
0.42954837606204377
0.5332202289204631
1.6387442360024307
0.09878383629029928
2.1655173201475173
0.6858376076003393
0.7163291324918719
1.633703841081688
0.5650966704728716
0.5229657986769016
2.048842231404246
0.4019299583329226
0.9518349994462191
0.814800197683757
0.9915009566800177
0.6205574874639888
2.546867462277587
0.4791117643171951
0.4395820260844371
0.5384112451217024
0.3625030156588153
1.0132649226643549
0.9100976202140587
1.7622967538221823
0.9291608320792659
0.5761900791099144
1.5084574498168746
0.5082596087870637
1.185097973262501
0.6637124492950927
1.3677291316689282
0.29896911476244264
1.9035176043885143
0.8600868747232108
0.45779154469856204
1.4477907279690774
1.4292690047656975
0.5844838512389888
0.16010946815737837
3.2925899314892795
0.2343045371603452
0.3581422030208615
2.1507501734818844
0.8380656329845484
0.4701294470258379
0.5199388526725096
2.543665250326345
0.41688157040700463
0.9669733507360032
0.6369413700645802
0.7959833066646429
2.115870397593287
0.7883014200542429
0.3672274451207259
1.734592787990411
0.5734463446800694
1.3002652823842757
0.708797133345977
0.9469548054988487
1.3667472213130833
0.35611252395151716
0.32165559581475445
2.5534152047221577
1.199505940270921
0.6603132634354714
0.2933749132468067
1.0524288117911578
0.3218049229992674
1.2166886822743295
1.4969543700344257
0.6465506165486858
1.669260823888724
0.4164738559541215
0.9307083591621818
0.894866320871246
1.265592992812071
0.5637499501196656
1.0588655387187613
1.4451802772825044
1.6164735047171592
0.29130197900346144
0.32271530913230584
0.8294775855906151
0.5219872334564102
2.011648246881453
0.579391563430866
1.519723568679179
0.7787261625050459
0.2765947679172947
1.1254949380812236
2.170940048034149
0.7167466353308587
0.20800804061580783
1.6738538977461739
1.5706678455261402
0.56206001760557
0.17613352972038462
1.9615209394855302
1.5531051615534213
0.5717417348687409
0.30614211561299615
2.210202294969788
1.4410985265086187
0.10610185147086625
0.5968213727590358
2.4687579500020975
1.3380195676671518
0.31887368712103464
0.204807114819153
1.4443773293335762
2.082706571394129
0.6415975680427838
0.7613778900086664
0.4715023892295
0.2808668305601769
2.3707555630222084
0.43784440154519993
0.9733649738795188
1.132203772599039
1.4493054683683806
1.0101275026091012
0.5943689090424099
0.13302140673711982
1.9191916657944512
1.2870391281776428
0.36990176850106066
0.9304600069024521
2.0182179437173327
0.7565070753890097
0.49489043593162113
1.8594456283951337
0.6327476440059276
0.48979126446360044
2.78616704647035
0.2944753996730005
0.4177139770634282
1.3954116630434759
0.6994469391265622
0.9584617421780662
2.0074704152555443
0.43212631112251004
0.8537207544137847
1.2463922141184387
0.522812074892912
1.3953288538341018
0.3933976593043468
1.7221166012475133
1.2149146415952683
0.29930765499485423
1.0538038115561297
1.825529706089165
0.2510548846551172
1.6157884274144152
0.6183467885055547
1.1543285556875431
0.8089241307830031
0.3645485259147742
1.9859794874602992
1.444450305734248
0.4919001403680322
0.7084481920708845
0.8251394892709162
0.38925338135371346
0.9963440173826585
1.761370483246098
0.4118018507153997
1.8471508201870572
1.0621895562876558
0.23067879549733084
0.3316399722884899
1.5088401526920359
1.0746374170184076
1.4467591974918437
0.5442418913484692
0.9832169170240459
0.759980998243358
1.2381202677854284
1.1532677515820529
0.6954032519412784
0.84411324794252
1.9172139328641897
1.2005464866607647
0.2998296429051678
0.23999614433009586
0.9279324397759622
2.2434711762915946
0.4182919978383488
1.3648016479201466
0.8275913095423456
0.4031215794032894
1.3303654703705403
0.16740405795738852
1.606905224639558
0.7572393584347827
1.6240035268544286
0.8141004290286269
0.09836249202219399
1.9931991412437269
1.1905921894073948
1.0639724942354865
0.44813262714140495
0.4867333200556951
1.9158446930378494
0.7260144941959932
0.07163817686774102
2.519077672947718
0.3141868617679702
1.1838857102172058
1.409640578967028
0.5845463849822152
0.8530611928937523
0.7436540131294725
0.4649146622817192
2.6786858905882935
0.19802531340471094
0.861142103480504
1.5235917142265647
0.9671354090145363
0.7840697574743754
0.6072365769866794
0.6157608054906429
1.834951758109309
0.4390231462565295
1.6124770874642471
1.2399432628074618
0.20143165975399394
1.1778432081581993
1.2371355609030772
1.1703041144325161
0.38161920078806544
1.4296952565651646
0.8020455870685076
1.063099226314187
1.02449898602825
0.8286807860558804
2.059580523741209
0.5823685864739041
0.03967039773902047
1.3455286755500169
0.8397770701966227
0.7813663822657054
2.0688134009024366
0.6374008010039952
0.5089873081435675
1.183267640518233
0.4393024957124843
2.3401147280538592
0.7101338097647725
0.44928982489056385
0.5467768310310029
1.7327687293354452
1.0487075656762415
1.089834597340869
0.6751923371464257
1.2213936673966785
0.39431251626332
1.1380381258237027
1.1631190231720279
0.6532164924104884
1.6185291233579568
0.9039218686757181
0.48847010829806337
1.7533972680828458
0.979951701180791
0.7827227887639552
0.844872686705537
1.0553180169741576
1.3619102721733392
0.49315167072996985
0.9436481375945923
2.122018117057756
0.4047771320392525
0.22160704120174687
2.3468444817821723
1.5858762754653335
0.003807954347478161
1.2714045227912476
1.2530422180293204
1.0402727619969487
1.3250461842168004
0.40758753857297947
0.8253708360367528
1.0659128279973527
0.7808390497613172
1.4369532534235696
0.9420580115838141
1.1034022671501307
0.6431784675652598
1.017048971335939
0.3902527931673407
2.1943076565590673
0.9266477577197058
0.43787622041083296
1.086290277556083
1.5873205011159799
0.6700158119967152
0.7789585000682916
1.313258544921021
1.0379773824775558
0.35017257882970554
2.4294117959468804
0.1749292247544523
0.6118623061316589
1.4230989852265048
1.9069642245149105
0.2647145991477773
0.5127083734631654
2.4405245339115766
0.6839348407332866
0.3712624250929221
1.40132142035973
1.711724162315366
0.4277841201954712
1.187127121578701
1.050820872750569
0.3939433633280042
1.799866354571499
0.28212713473359674
1.0575935873719133
0.925197531516435
1.967004451696761
0.6715301781766035
0.2233139531556894
1.5185824104448078
0.5885469803507883
1.371452030396523
1.485058483003705
0.26897945978629134
1.409866002329714
1.2654680242700325
0.5075815891604535
1.6521180041599726
0.9044322871194435
0.34799905118452107
1.5875980767645073
0.7022375498711417
0.5562446320655298
1.3081546077086597
1.5250638501596439
0.9580138514921065
0.7136554443861182
0.7162976956310135
1.3359028400608763
1.637779707302178
0.627198381518774
0.47527572171892446
0.6643133763611107
1.637564933673428
0.9059440913481851
0.7349497863121465
0.8741575856261016
1.629005445769979
0.7849451242358972
1.0937917097668064
0.5140959436024396
1.1866453461715567
0.7201581159966309
1.6607744976608672
1.1906553392134847
0.3488613093802079
0.8673365985131998
0.568926312324419
2.4873175277286657
0.2979391008953662
0.532660016397207
2.6152580908288074
0.3694446868981712
0.5367820001775351
1.5024555182229677
1.1906734215117791
0.8434315450964395
0.533349074831162
1.225464261271603
1.1204461002877748
1.3351962276340918
0.4267325798334178
1.2491562059163002
1.1283821203165976
0.3896295819995247
1.9679236590623752
0.5294601890096685
1.2505400975998746
1.1309418985924193
0.5011381858950467
0.43944217982521117
0.17319020891228504
2.4219842144495067
0.688713888004462
0.98460837046948
0.7699729082447235
1.2369397005568399
1.0901134827617998
0.6149179971896641
1.7499332110092867
0.4622040071002849
0.686886803802989
2.2402816112333612
0.23140511045548473
0.785883275612278
2.0012850700365146
0.33535960669413156
1.1655773798886857
0.5290207952611091
1.408394687702472
1.4002970906838972
0.8594147853755841
0.21490750150458454
1.951008390696432
1.1545327018388973
0.45392304867107514
1.4688613292959023
1.3142434559639076
0.09469034881888991
1.7636981453835727
1.4358325830922252
0.26430517267072356
0.3066673343659871
1.6608614697045734
1.165590141852962
1.7568651780452098
0.2773890071242695
0.16426317133082927
2.206949759905066
0.03899093357664785
1.1433609732439258
2.6714862865377755
0.45521527762667
0.26914218574889925
1.2703173375585823
1.2055801956636867
0.852575785247054
1.864159714151332
0.45242312393692463
0.34763481513969646
1.6092187269359315
0.899405189863988
1.1397931756518587
1.1055031009535072
0.3443521035241475
1.9024736816839827
0.5896728349788614
0.8729574394973807
0.3832911678304398
2.6894718958512787
0.30755050929132555
0.33481290715638745
2.468933602716282
0.3522977742524135
0.6230729497395414
1.4672570396503493
0.9161003594726271
1.658528553416023
0.6578304257905125
0.42900183764731464
1.2823146715223697
0.5483901897754468
1.5979232441023226
1.4428139604300696
0.3482563630013495
0.6201590674345397
2.2799750809998613
0.19298466019449703
0.9419201764477332
2.3525146974760296
0.1409142688263369
1.1913268529882
0.5732227437602179
1.0849511606935311
1.5398080995857757
0.7477054974884376
0.20226176304434823
1.7973002527832183
1.8764990594407565
0.5237137282882147
0.641812997789018
0.9567292115857016
0.6446775222206008
1.7043500789128077
0.7633713468627403
0.36791611704694105
1.1959040892217683
1.2989005418060378
1.0035847097167507
0.8674367999118139
1.2223185720403595
1.4916207615592552
0.3112196331239458
1.005216417227155
0.6688245049755983
0.9492863490438062
1.5655967758784863
1.585912958202198
0.42170591517991723
0.34420469855135793
0.17816804814897108
2.0324015137532676
1.3213967471450214
0.5540046161231168
1.6598453571293788
0.8999671628207108
0.255620081388709
0.8556490191752536
0.7162411566969045
1.342896721224246
1.3836652891855454
0.6926014856693845
1.4551492129115233
0.7302149068027706
1.1143749494912263
0.11794786498120155
0.7907191981648416
2.230014068530615
0.3105808408940674
0.8889012025030404
1.80377717845733
0.7580080948480601
0.8206124383195129
1.5093249743828345
1.3010297825342845
0.2670267096245767
0.20533392009801188
2.5512145463027163
1.4573474662869486
0.21252824733152564
0.35502317114221904
2.1752634977928014
1.4124733385944925
0.6662510351794609
0.3995733900465635
1.116242815463041
0.5040170040188611
1.9584359785123726
0.8489672003911031
0.7149812910670525
0.5240511935642903
1.569729291049995
1.706294159710442
0.4660089329992923
0.6680609818026505
0.26406526500650584
2.4640295839398676
0.6794794038296497
0.409427755363233
2.1966376106058836
0.5205883038857612
0.7154547764281771
1.2033519842919422
1.0158220477356263
0.7851729606928584
1.4604364099216638
0.7644107622064439
0.47257688597601727
2.209915339502183
1.1392293632394987
0.23182916423887123
1.0134299962323403
1.629581544109907
0.8331833521387281
0.8681969033600538
1.3359391374944922
0.747631153861109
0.7416913978062183
0.7516880359455647
1.2510903671542903
1.858406652864536
0.8991403235239329
0.07357460375039639
0.3625668627366074
1.9426395129658314
0.6915078759445136
1.8444446823981335
0.204111170508812
0.7028093810238066
1.1793583943226416
0.2642537179396581
1.69549648902431
1.0178318416985508
1.3332686877295474
0.8052978770047232
0.49672641133080586
1.150959063109402
0.6367473137283743
0.9616825547106159
2.705633506440424
0.12576621608957383
0.32698114373953696
1.2182884975262873
0.737178234493267
1.3264467593761762
0.8385689494000723
1.161204809472826
1.6921060405591457
0.08902816244882492
1.5931669024782131
0.5762703162691563
0.4843195425407106
1.7408328452658244
0.9669192522274488
0.3226531937046054
2.1012885931316894
0.9282539531700084
0.646036341011935
1.349191530789471
0.35508837047800407
1.1297090201675344
1.9665168679551819
0.4500658108106267
0.34587095235786836
2.7482895420128726
0.8774378489154715
0.007861856688761453
1.811126739982557
1.7247197379586892
0.19734556187468366
1.1676719534122852
1.1090986461905108
0.9841565153135227
1.3816537734436583
1.1645191405061932
0.516193429821889
0.23716333512274923
2.0143155759630917
0.08775577097791466
1.3098660023671513
0.978024710041476
0.9560997604629898
2.0522542045983254
0.26229011080003317
0.5660227582976186
1.0598106001037357
1.1015428276311465
0.8672340727957932
1.6684100233664592
0.6893634303329779
0.6899923232569312
2.293195875755189
0.058426920088028286
0.3868658685745008
1.7596308428374419
1.0983870720151818
1.054545744282138
0.7472711709759847
1.419790767265249
0.3308393159470261
1.6433407705642304
0.07728747698908217
1.683682288994174
0.064569326950861
0.8077710680718889
2.340995678831162
0.9032885603205819
0.3488186878059562
1.487483548893932
0.6912385726491208
0.8567391024170395
0.8038640952839553
2.259855517817516
0.8196853388667794
0.1352787647374921
0.8081336401485799
1.3024776581443824
0.9170790534185919
1.3176015490746333
1.3233548334321246
0.06176241337578974
2.2869433952217744
0.6768892276345616
0.2277821306629213
0.7874564704346179
1.5947437599689072
1.2644520886079205
0.9311288168823655
0.4811715256854507
1.5242650741629917
1.0401984178171075
0.39431956450933914
1.5062341042830443
1.4165749787210566
1.037598594983685
0.6484878706655667
0.6408011173252943
0.44909308036641044
0.07838068260457398
2.0087921598600924
1.3833434907867719
0.7916046862944937
1.2649419708056877
0.6986753811492613
0.7510242240704693
1.0007769599316438
0.42285432693870445
0.746672182611505
0.8373748868850673
1.6757592582111196
0.7439315343018224
1.5345276866837179
0.16392353100914883
0.9035490821074241
2.6637093236394502
0.18119131685824877
0.6654535686680284
1.121279105415981
1.5993100014146826
0.5290032343151084
0.7674705885794975
1.7209656783691678
1.1342960671205056
0.517978359845951
1.6185055964992725
0.12468302811691538
0.5790774784525424
1.0346754310901467
1.672613802310548
1.8027064469250136
0.12280104426855244
0.5203543489074476
0.8070571665855506
0.259044193070773
0.790589652700055
1.2708397278330315
0.9058188385148225
0.9445185087657549
1.3013093300617224
1.4565178065504818
1.0041722018876404
0.29186410360130904
0.3904067002568536
2.2836601491871895
0.7802956697934786
0.3356858183216436
1.207984405983879
1.2160066754707763
1.4523969783722568
0.36763280750026567
1.0272130911317547
1.5172223071319564
0.624687655422379
1.764179458674093
0.22507599861993766
0.9139849546867784
0.3947595544663369
1.3524580604548406
1.5625274279222947
0.6939222545734328
0.6622786909141207
1.3092321637677602
0.7630665727626716
1.7963277732642013
0.36135699672454996
0.9255617894184942
0.6528546083375719
0.6962540579254358
1.7127589684851978
1.2557776381244647
0.6090571693932326
1.2596356307324874
0.3840110705426335
0.9821428010660325
1.025235389648563
1.7249967101707642
0.5628547787378162
0.9400079087123191
1.713515523561253
0.47274345209192714
0.21416615317100052
2.0877978685768572
0.33737993570075114
1.324042496286808
0.7194809405574225
1.4066236014122784
0.090562666925455
1.1220556643150055
2.6999229086450187
0.49519841312417173
0.1739892495773845
1.0562588668270503
1.7975577392423774
1.6198091655850606
0.2863916199068011
0.296693581995817
1.686368230381105
0.552353971154124
1.2015486680777516
0.5969906488470827
1.6505174067305965
0.8982322123756721
0.5723203270921993
1.5749744801506549
0.3574830294989449
1.829784084885826
0.7579413530725024
0.2054404165512304
2.2126422282003877
1.295929193266989
0.2674846629601658
0.7558469850949704
1.4524576959843527
0.7722692726772074
1.8315114611234145
0.60252942016515
0.26315304521714217
2.271849043485734
0.5085695422588226
0.4841413682821031
1.2836087004843633
1.8041338528244795
0.902908670847317
0.49122382714996515
1.7857202581847331
0.3718549687535053
0.11448139704979801
1.3885617215440644
2.5613038291351407
0.08712636575065419
0.8050070527827464
1.3446422928453805
0.9571909796827993
0.6235385245006904
1.5399965540120562
1.2291608395974367
0.914619987599387
0.47372777075369915
0.743411741079938
2.4542824918438497
0.21729547896888432
0.9242519276771098
0.6751694897320232
0.9701398024303737
2.1281646011189412
0.6708007318885246
0.27212341503621634
1.7967984606794436
0.826889299230412
1.1543139962544133
0.46401500795768724
0.9009642153122172
1.2173142538232657
1.0119640069268638
1.0685524849098977
1.3019042580314797
0.6291845746940741
1.4172478315022243
1.0059527482888704
0.1219261541674924
0.36766669468313445
2.602110271816895
0.6890206757543358
0.9833215874692265
0.594523734434707
0.9589067006321655
1.9496143373292694
0.11183426750285255
1.6079292923301405
0.9389359964190512
0.23213417856147073
1.83917253169187
0.39275184442534183
0.9734139086544489
0.19025529928559656
2.1473092922102555
1.4269160847707774
0.515815134909927
0.7721371189449686
0.1372002669950369
1.7447260934082252
1.8475770127544284
0.23019665456096636
1.1165531245128573
2.0306085224639276
0.27058283889400675
0.5592779027427026
1.9583323915791329
0.7401649056652607
0.3387658878176927
1.4430829066965265
2.092249475114937
0.3141145522595013
0.8675057709498503
0.977426486156951
1.2032289805268244
0.5221499840387742
1.3097105284970618
0.9712712333974274
1.2323812414444075
1.145204749469491
0.6322042751196708
1.0509319644814223
1.175470270484242
1.2588103845751901
0.05610595551670206
0.29456281816807117
2.356996857393308
1.437409190051339
0.7449468211644614
0.2479740441213784
1.1949497848629949
1.57027249544158
0.35266492981473396
1.4529580461677434
0.5382013934262944
1.48147098425811
1.4502732692853735
0.026405712847944553
0.8939610969223559
1.7040261132142756
1.1241248463844862
0.7940791945282578
1.3073498803763148
1.1115522379975635
0.15892593439970082
0.9909780537216115
0.3734697956299596
2.7107149834760924
0.5417640950480138
0.13343199426589591
1.5216870689565092
0.9950439726383943
1.9841158708034659
0.06948690784396468
0.5045711613206678
1.4920926752277284
0.4759949063665263
1.7527553725664393
1.2787172144034604
0.622457575310829
0.9220034156187895
0.27705836518947186
0.947694469675242
1.7969005413771644
1.3210199629634964
0.7404962438333557
0.20651833693864002
1.2796518669832984
0.6486009601198436
0.9353632957302717
1.3878530412057815
1.5130790000400853
0.7692309346474988
0.6466391126382287
0.14758806219477447
1.3198692875638594
1.8442298970406263
0.9548827752167144
0.37178132729450314
1.8797657300830073
0.5928531428786401
0.7588496406072786
1.4616953973005216
1.1736079411085842
0.4615228284512663
0.7912861028157416
1.1123156141344919
1.4169970252991666
0.3918145873090523
0.4477211459001128
1.1076781723354598
1.3064234634024816
1.3543356314189556
0.7230496940637448
0.8480539282699913
1.5401139475576116
0.6398268759906989
0.80076494204132
2.1229569974898244
0.6659111866500091
0.06574599692417864
2.1138428354901495
0.5924213122244442
1.4013164174831325
0.4977923984545792
0.4902637753968162
0.9974006442516336
1.4221690654123271
0.9589200155125461
1.4215575980400825
0.7183539635502024
1.1129909865325256
0.2486835461699871
1.1881336708144765
0.07905268318341163
0.43321521716373246
2.6124593319164053
0.6219084330982612
1.0302412889962764
1.0798142373280983
0.9060168431391171
0.40737537344264063
1.4180328045713784
0.9092491264757663
0.6173726168696178
0.6976085833904453
2.057338922903745
0.4444839948633368
1.3139796037542752
1.1799877662395082
0.31196597413732
0.9360507272454195
1.3300772213612884
1.6689218693554615
0.6336592883723438
0.41809523465005655
1.03856899670124
2.4967451725114853
0.3467349495470617
0.414041209998443
0.06942117094722972
2.12175461222611
1.490123350372093
0.7459081298340521
0.5520933454373281
0.5458655637512398
1.6299083497459397
1.4468208794990347
0.38916670298865824
1.3513188101569955
1.1951391794604709
0.4617695809498675
1.5728774371152079
0.9497497583870115
0.834775361283341
1.313523673191153
0.23417474577023026
1.002431202577846
1.5132837984464353
0.8603818109702224
0.7891906312566673
1.1627338746752023
0.5717281865309156
1.7214083913495222
0.7991853029820477
0.7884714316026882
1.4638861430614034
1.0439556022767353
0.9225370133764363
0.4698363512382163
0.9106200869408563
0.5786152969063592
1.5712147375124068
0.4342884120409734
1.2909253134146397
1.0026772819760406
0.8946181977664548
1.437734486633705
0.9199376968639642
0.7476534219539438
0.6629137171444046
1.5658524400058491
0.7314705787632567
0.8295034674481209
1.7110084313092024
1.0553915368148146
0.6110102293733172
1.33154619493525
0.545857764660571
0.25200722088517846
0.25755357288780667
0.6730316912210856
1.111612830276839
1.1859050407714589
1.3915983844901183
1.2823447720516636
0.6644497896073336
0.4101896682635093
0.750561732274256
2.117946957366387
0.5370820959534122
0.4981395446914074
1.7337701998355834
0.6700415517266498
1.5702415022903897
0.2878527142790605
0.8772536500430691
1.6650102582581008
0.5768543482150754
1.2847657774280505
0.955693372340905
0.9436936448347287
1.2654870287837738
0.41906311498151155
1.5882194318579943
0.5111404268164683
1.5301663997613901
0.37127385576010513
0.5673375504567016
1.003653993808957
1.3566446726703683
1.7423868282323383
0.5751980143628472
0.5374812335645628
0.019851221065537408
1.1238161030209184
1.5139069185760266
0.8434200859365542
1.3209960162208325
0.903827895616441
0.6431116314180165
1.20889000615256
1.6131159416254512
0.43724372608133044
1.0228658352775795
1.887932387037884
0.026493131794267766
1.0600863387793769
1.1829636258352512
0.9996663801110197
0.6785530870098633
2.026381863040248
0.8573863839032417
0.1198969359448977
2.1168296636364405
0.5761922809977137
0.5949178853378049
1.363947327304992
0.26420999553008967
1.9569866304351813
1.6136085551402812
0.3064652399606333
0.8640310425351551
0.3417932655869011
0.6788754025239289
1.8028506548271972
1.0327333102286727
0.14063253479216611
1.3875199325224532
1.9644711918616822
0.4717507104730158
1.3434184572764565
0.4713068419636185
0.834693644232937
1.0334073253268254
1.008969784280852
1.4496206121760955
0.9119216819563704
0.39294008182072454
1.4012486011038223
0.9431323906107071
0.7292370047792354
1.3963953698645741
1.3427058285419813
0.8834511206129322
0.47278865669898246
0.9282219087057385
1.4961869960669671
0.4583481385801141
0.9929923377595177
2.4573123089857223
0.39120783568796297
0.2665591647367799
2.011507186582766
0.735284550662041
1.3902279584854138
0.7390546072760499
0.6641800365146289
0.3166508504867828
0.6729568031956217
3.2307981821491496
0.0542643659643355
0.6463711970720699
0.8368702025678946
1.0500632058599906
0.5447031586600243
1.7302161562790872
1.7839338921851455
0.0753376267245081
0.9411256395557372
1.9704278707786118
0.6503096827369192
0.2811475889909382
2.5276355334367975
0.6765221341415323
0.11219435528727217
1.6757085174291602
2.3383207379287128
0.25244135648933047
0.38311613135808104
1.749760555159126
0.7762508691294063
1.0632132034904571
0.5741990578330217
1.7735073825216032
1.0745450796090252
0.5966114653422528
1.0062772505988573
0.9492984099622842
1.5059938626504887
1.0428814326801414
0.1441936164102733
0.1424381121107074
1.4243809687359335
1.8138922421635615
1.1827855237883755
0.73813215917295
0.1770916409005124
0.3168059431707276
3.728546786987515
0.3116836392835521
0.18733408026322626
2.4077359548743593
0.6623949470830133
0.6606036949752093
0.5373359724523203
1.9825919953715678
0.5684714371131953
1.0524063308338667
1.9911680428377299
0.4522185764432727
0.08564527121108012
1.8528099378024787
2.2449918988736632
0.05267785270582294
0.8827643760457488
0.6172647395539018
1.176510644825808
0.9803296844356061
0.9723102826301475
0.6197400926120852
1.40174373015304
1.2145344094689936
0.7509405991392598
1.2843770423781646
0.9990574859663716
0.7505079724289759
0.9484257674338382
0.7616910978409813
1.7839672597708758
0.45397759621724365
0.7855002824989115
2.865142023777593
0.14283022884950985
0.0998511324421119
1.9188011323000762
1.8013488290911461
0.939698893168366
0.1765873544872609
0.7964720138360546
0.5204468416710077
0.7495152492035705
2.8323524036886756
0.43617223641588165
0.27623284188664876
1.297297520690586
0.8463156959918678
1.5371517339538625
0.754899430858943
1.296708507461236
0.5496808313389954
1.2903491872552684
0.8585288234919457
0.16302235505745427
1.248872734472094
1.1778534419329774
1.1196867552394858
0.4582592621203486
2.005846046209894
1.5172205115696562
0.04438405594344271
0.2870733562636987
2.438922515467223
0.4953268091126319
1.0677512304824328
2.173288550522446
0.42022573088397575
0.06067512871648013
0.46555364364133844
3.0478496340564716
0.7112621500685635
0.21974774608850992
1.0521480281194928
1.442092060168985
0.9328333439937583
1.628762704038081
0.895158420433783
0.12514183087346362
1.2309993230434066
0.9047790262553345
0.3850845639100377
1.075428446258098
0.01520553541093559
3.309713315192236
0.29207297382232156
0.2926035895656845
0.9488804439761142
0.9659120359976775
1.4329727433088348
0.6085893877892535
1.5624351186867318
1.477208397822605
0.40109495712098114
0.29410019965208944
0.47459569808038465
0.6152400968973445
1.1539152313312029
1.387448653070111
1.171741214041511
1.3812873396529362
0.33747038868064916
0.3336870620556571
1.599180109198422
0.6461305608088056
1.9838891502347433
0.5900587674730172
0.4322288926397972
1.5613169677342726
0.9639730320097535
0.423151796033662
1.5355871094146112
0.8414147144336287
0.7106426653750066
0.9072104319672926
2.452424026786099
0.14130692078936413
0.857840984955094
1.301289052000435
0.32481962958437993
1.97457555271736
0.3775844984164498
0.23110627172784323
2.004709448421836
1.3980241261591868
0.9368376310362947
0.6912911670032401
0.2602308591405102
1.29615758076901
1.1974389952606446
1.6569754431354093
0.38294707528034955
0.8571761076270712
1.7409023630629339
0.18717384238124538
0.9785021635070194
2.071309444147703
0.6065744645526373
0.482103750531795
0.42765160899895116
1.6758527985976999
1.5582335860316987
0.9800713401915676
0.07618372022989874
1.2959198724487742
1.1731868845074933
1.2808643925933594
1.2163589660373482
0.30509228842894126
0.7188136714043113
1.4862891040763981
1.1657438863789666
0.5574175251975405
2.1737054175024784
0.2167112043498135
0.6619183807894904
0.8496559335059287
1.1877747164830792
1.0923698061621518
0.9592881737826898
1.9987436195196695
0.19038684625710053
0.04979257846848917
1.9863798446739351
1.1076192265870315
0.5537428595216877
1.4885175643721194
1.0646789505532062
0.5758095879381787
1.7424152865900218
0.6448917278760802
1.0109784138028997
0.9679627247182669
1.0074078525911023
0.09418641823518746
2.052700546992564
0.49640526968171417
0.7162506138895735
2.9010520188970785
0.2895112731680158
0.1957501891712529
2.055292576296874
0.3608322541167641
1.3676383576405822
0.16474160717892786
1.4979315242327593
1.5580174505855273
0.9870733257735774
0.18174536993390583
0.664425177747903
2.6824873280694588
0.720073311325696
0.23240502635450014
1.5029507955987882
1.2121829468801844
1.0744301565878656
0.8998522981449882
1.098198877968191
1.0197104055665733
0.07748124047745253
2.210406540629679
0.8125905860654371
0.7742275000158416
0.49599253105940927
0.8531624883612902
1.684042800981576
0.5804274596842993
1.3490116413082751
0.8053871027286043
1.0675633368703414
0.38647754213169333
1.5016116046844128
1.6038733458383563
0.5424362900648877
0.5710196291108856
1.8264680362117305
1.8667529476047058
0.0038684583854454767
0.07477938879468665
3.808245344153126
0.3112617261782547
0.2713779460867278
1.5579803267724155
1.821663536311711
0.5838328573143889
0.7784311480721307
0.1345206337309688
2.2328114545933637
1.1715197957687915
0.3758319657571727
1.8909833925695718
0.816478373226178
0.4159337323798998
0.42706227588846596
1.4771727996954105
1.2060626986736558
1.3921349408583985
0.21401407155508548
1.1851870151894783
1.0975729592748809
1.0642249915131017
0.29607996325332275
1.905100749953293
1.1173541175485453
0.866379359293161
0.4557761022065501
0.3685832652027817
2.509972005479867
0.32046564208366873
1.3589965528796168
0.6391080993670211
0.5653290210457651
1.4030435778101646
1.33158635429638
1.08860267411841
0.24671138814410934
0.7999229683352448
2.325422789957563
0.414873514477133
0.4366054174873382
2.693855048221626
0.02369615523211717
0.8136380094327953
0.6596597767344375
2.1568884959374217
0.8856203675460125
0.8053859339797053
0.3514939495863427
0.5267055820191989
1.4216430077109825
1.0018596483192166
1.4614680329557084
0.5260589218178788
1.2287672787994783
0.36896873865438645
1.223209387214465
0.5782951123762448
1.2940364394247719
0.9544721774849396
0.6947370361176114
1.2357475834882379
0.7932228275776745
2.0950480540792285
0.5549337224136792
0.22182873600891262
1.3395398825106082
0.8801846045461214
0.9978749190766782
0.9457017145464587
0.7681203809904784
1.8545263637367129
1.0519306788722917
0.038187217308183134
2.0832892935195018
0.7237554130381515
0.7601003425818426
0.6349530097493385
1.284124247776598
1.6686863296030219
0.6413296228741091
0.8118851023645096
1.0083271559213935
0.9819421015342573
1.2940399825249564
0.7802022738101786
0.47191610961812813
1.1075283955967676
1.2098954845322838
0.9971088383280073
1.247252592618639
1.5777056238483833
0.14168809511197292
0.5086377716345833
1.873196263118807
1.294488836614307
0.6712470934941526
0.4319086078143629
2.745842158596877
0.3642076711310404
0.22895632795041945
1.715815869535801
0.23976104240849086
0.9359285610246127
1.6290047695960987
1.2139418995365765
0.7551704587967419
1.0404884896932467
0.7189081628020255
1.210065731592017
1.576756689339245
0.7274799032672712
0.1102749048505618
1.293725859819606
0.7688826580273994
1.5889378902657432
0.5991832036192649
1.0233371312967454
0.7752841442202083
1.4261235521372944
1.4655694862558561
0.15392114583598654
1.3477105897723307
0.7546918847337096
1.130938258506033
0.489119636137529
1.3943954330502417
1.652768180575482
0.7075211363142591
0.7287340626111753
0.7148363455160307
0.8874466594623723
0.7331221981428542
2.358017489023137
0.5957052058818201
0.13907743563138716
1.6329014109180842
0.836715195495214
0.7802611965839492
1.7458882473449555
1.3628856915399217
0.10218863568520356
1.5682359770628893
0.8279967138178026
0.40723225024032583
1.3757456003814612
1.1332847012098524
1.1778778473875804
0.8257873593532943
0.3889198432862305
2.0792334737238227
0.34344584292205005
1.3940283532348459
0.38589143801692416
0.5875859800839531
2.899599498482489
0.5489161546551914
0.3656253908096188
0.9583362042986895
1.1037801032164116
1.5502913788368675
0.42972825729256836
1.3531020379929226
0.27392671207861957
1.07215336357253
1.2219842331973543
0.6275784527556784
2.202662296393846
0.6899704132202829
0.23746902259062835
0.828421902537501
1.1825121419098148
1.5548346598144476
1.0833895040110901
0.46858375939084684
0.6628952273664904
1.56754581177264
0.9699986909191951
1.1571381220392798
0.8717040980461606
1.151440941311115
0.7012194437543813
0.4449518726368561
2.0619066566349065
0.012450250747497355
1.5442188512132557
1.4300119123301742
0.8254404054301522
0.2241902701836909
1.546441300148959
1.796908930945274
0.33836273394047683
0.5226482211550678
1.6767645957539847
0.2555040549304159
1.4718180326650965
0.5535755007948366
1.336454040842057
1.4706029719112923
0.7898166847738599
1.122766079699723
0.34984560092388456
0.6458555674408862
0.3862599372172635
2.0524816635356977
1.1213365302769511
0.3313979073930557
1.7333065601063198
0.6681429989286958
0.9618422732684588
1.2227208237930853
0.5393025991265729
1.6559581230460174
0.487776051428315
0.9882169901605855
1.4213709457264643
0.9063222643463561
1.2833204487247958
0.5041592478169435
0.446095771532484
1.567312042161529
0.6389382319415582
1.5081202621319232
0.7264999951028274
0.8727742994761026
1.616069245861502
0.9318958280176866
0.3506244338907952
1.417882691802253
1.693832596454308
0.6529500368205644
0.5967125218361812
0.6683510079790204
0.8157845685989313
1.1733232876391562
1.5065171348940174
0.9948345485457359
0.2894173659299768
1.6493075803897879
1.3401791316639209
0.5382755767736018
1.176252161652723
1.3516328400147355
0.33172054829344233
1.807115759349562
0.5690075485538248
0.6374544202698867
0.8120227792650848
1.094661548064684
1.1216804344220979
1.10735488956454
0.917204497316126
0.7643449822698588
0.6401542582034782
2.3340511063636735
0.16352978467351667
1.1566574004318728
1.1512484726473582
0.8884359570662668
1.0381832213796753
0.778663458818991
0.29064218630160854
1.744663548060589
1.3885961827448134
0.4151042141515177
1.7190292946802304
0.8067726108296873
0.6703685425380812
0.6752960391167123
0.45998300862169617
2.5029632484730433
0.6312114922468492
0.5159957139204461
1.6105757899611173
0.5378570129779514
1.1140980716563376
0.5099410407919336
1.9489641664809356
0.4796301659837012
0.8596331112579984
0.8363648783664721
1.4428946499213215
1.2627806171658924
0.750601721089473
1.0243243868576273
0.9097101257601757
0.6566677158521923
0.3151235725457674
1.128986612354661
1.2631169683813153
1.1479577421882372
0.6486382497049143
1.0856716134929114
1.2000747271947125
1.311200750183173
0.8344117405967797
0.33258226908208327
2.033412232705702
1.1517745048350907
0.48011027374878484
0.9352383770432148
0.3545722561587641
1.0999749393551443
0.577842156588292
1.6388151872140977
1.1644211853063235
0.8438501233586856
0.8291664907638733
1.13793349679239
1.398854430635578
0.3480355834877266
1.3965412774612338
1.2482540652844167
0.28310443847780586
0.8962000311090607
0.8771303302189682
1.5619875807184547
0.7569265280421197
0.6409578868180763
2.172989694052327
0.9893681491402131
0.3486860250029883
0.7967449578385308
1.737049955472523
0.18541669033993471
1.0766283587520922
1.1752265567894076
0.9372005052962861
0.9724151097561053
1.2038011395389863
0.9057648938358394
0.9721818139601267
1.6101641838476912
0.4802662284542318
0.4049506001330456
2.5248303954069264
0.12373881692353843
1.0493041776896885
1.3065138094551978
0.7058772967623947
1.1240562153854234
1.2734186476877078
0.9616495328178155
0.6372438733440884
1.4612885202687145
1.017809194510619
0.859305499757358
0.8241801103553206
0.6094067285370333
1.0435667501046522
1.1903617942451996
1.3418885834376235
0.828593131418817
0.7434929536349163
0.4533204795664108
2.179361089383838
0.43610637333451735
1.0901870792264692
0.09919057288898395
2.123338133625361
1.0976168259020385
0.6780409256191321
0.3127177536159863
1.5425436449812895
0.35006181654893626
0.7184659742404512
1.152138468102211
1.9283513578244171
0.2712803040431354
0.7428112742826348
2.0065128752611865
0.8462630901333307
0.9559954532643731
0.5252249850217365
1.1386665409819468
0.9778307424062699
1.5584062214729124
0.28673712774088544
1.1070638532684725
2.129769931782091
0.2931630822898818
0.968966432695069
0.7205666202868156
0.49015529574471
1.8405321034608273
0.2052616375813367
1.358333310272657
1.6460992336671176
0.25490060447677326
1.6233642490095201
0.0842545612622004
1.3394004137909805
1.851030331009626
0.32817002999275474
1.4173737683761456
0.9843905945372504
0.5575449348016897
0.7078304284505916
1.7754957938926823
1.1206382603689773
0.5415878607580581
0.8622649599001782
0.17505065741254064
2.332018957093036
0.33207576127331206
1.1787499299240198
1.4360463175368041
0.198861069474635
1.6795410503177324
0.20020637525120846
1.2216645253383918
2.0148832554676157
0.263963622302837
1.3545220702112306
1.2359774755425683
0.07538144701653986
1.4917767679074032
0.6613665811847974
1.4278117652519908
1.0694616330376938
0.25899324382051414
1.7684891781390069
0.6250218875607942
1.3606321062668627
0.18011547724101817
1.4906838742995139
1.0457396186341472
1.0077707927267967
1.245375140816745
0.11361516011048454
1.242839733413729
2.189258585685774
0.11207213216290957
1.6832311135466649
0.1523409055216436
0.5363940538491359
0.368415338347399
3.1012828926245333
0.21246784757320294
0.36315493763007706
2.086760658170142
1.155081715495815
0.26679246243480054
2.354561043186322
0.45896379787362773
0.33035919798709545
1.8481955401217627
1.194956838985882
0.040438255005670255
2.2615646599107375
0.7139086824292706
0.8810812375193752
0.9617915041102466
0.3382931349452895
1.4149552526004772
0.9437408976913132
1.2704364822880845
0.7580464095771806
1.2932322203439128
0.7477318679426123
0.8077148007488201
0.9353465716116335
1.9403522127323325
0.24055582495871777
1.0229509167193156
0.18329917972103058
2.298066860164365
0.957537132928156
0.02109040608584756
1.8647650728250587
0.26752879318215
0.9832779841754342
1.5909522080185605
1.2190526686091328
1.0003732835399808
0.39406504081998134
0.7557781276790205
2.8367489296216677
0.13436441970054971
0.23644278437270383
0.8338661894062209
3.340696884154492
0.19312023025769043
0.19883108993699639
2.1401825461040263
0.6692231751062274
0.8070314428111168
1.654042502820127
0.4293702656406443
1.0610581836048332
2.5432683361593433
0.3423793415373778
0.14003208280315413
0.406842808763641
1.2768328166514304
2.9370804273577167
0.29982616411236857
0.02944811178520959
0.13888239877461783
2.7981512077654376
0.3568566051821725
1.1228941818710674
0.9797670153980496
1.1287465760853508
1.7826314864361763
0.003977288636627968
0.19821652981831514
0.7302674315938931
2.9435312602060435
0.2876874781686219
0.8690572016457301
0.5800408813442968
1.1866467464110388
1.3847052082529432
0.794093459015315
0.47278949469934695
1.6143441517640609
1.1347654778040808
0.8398185177724485
0.23701638915133444
2.32156734253441
1.0848739312383324
0.5513192809937641
0.1126642496853054
0.9881394058584276
2.412921948620604
0.8573944751067339
0.24396395431237955
1.365147114903125
2.383923052965421
0.3615942341276593
0.0743725316430984
2.051346282600392
0.8671078931777614
0.858745977817311
0.17061919710894796
1.0806261651517022
3.120876049916472
0.17600442750217313
0.4131368753509126
1.0239450509015757
1.93385660386148
0.19378062332824103
0.9405521785813958
1.7144863895281237
0.5396690867954574
1.2646639950302356
0.4671999321982389
1.0837464365145681
1.5721425208796012
1.0030891627046563
0.5757534330267229
0.7095320834051438
2.005115119966937
0.4223351393605405
1.4987188588717544
0.15286177050278943
0.9088255393525677
1.3656975999638736
1.472728247405667
0.06313614434616349
1.0949170663862289
1.1175491212858981
1.1203468149165245
0.5907066757343695
2.1297913653263256
0.1403725636419734
1.1866814897179891
1.9174434227151675
0.06287538471075042
0.007932415341645722
1.920690025872451
2.694270548395793
0.02947714378494868
0.49064010107814987
0.5747402757558736
2.3168120714127696
1.0637185647202763
0.019677134487677647
2.7355009962470067
0.042563545843413174
0.19815393765386616
0.7196058594108758
3.0204001018005777
0.9875463448412751
0.021793644613018522
0.6591973717546782
0.4493354489916838
2.2252487998231727
1.2007822480441697
0.502318841112104
0.8730292335148875
0.4417098099925316
1.5332970068130833
1.8968110247794032
0.00987662206651303
1.076531198209969
1.0231106305307742
0.5216040799329569
2.7483835699499664
0.589152541545868
0.06527753527083333
1.2077091533454505
1.6921732689611144
0.7734977225015865
0.32502027795323235
1.9609930436046634
1.0395537530386896
0.5198174056169645
0.5154468716073654
2.7393339292875885
0.9413828409293393
0.004402628957973408
1.5834799566470625
0.2783953182496154
0.9905882303616325
1.5579759118748375
1.6799742560089368
0.36208085372894405
0.45536220483231954
1.368126452375904
0.6585181880181477
0.9404956530887874
1.8629445950104404
1.2836029705102412
0.2280279328773414
0.28967936800133776
0.2659222204508289
2.8190803106638382
1.1003551016775077
0.5258035853794025
0.34264026679066784
0.9707281800549544
2.100158412739218
0.6033308450282457
1.2380056114266345
0.08468469341280858
0.6084080533126816
2.004720754859246
0.5573373938487823
0.8663603752290074
1.322991482980279
0.43924259606026966
2.248562204391123
0.26363606772352666
1.1120847063938837
0.7067224654698123
0.006273276237254579
1.349239922393878
0.674444682002719
1.6895458073119556
1.6772581572761638
0.20005398997778318
0.16021685941350322
2.949191054945461
0.9747746406178044
0.30948609941358357
1.9388896417886285
0.4109986885893492
0.11829051102544255
2.6338563003698425
0.8639006821623979
1.0321073904024305
0.1598673582863111
1.0321446467135897
0.23345728739050767
0.8664050879023556
2.551146582016982
1.0966248892377828
0.0528453646595564
0.40751059650550564
2.434656102113392
1.0165715548039527
0.976715058851098
0.09597457260348548
1.405274985175751
1.3875521223487963
0.5412844625787054
1.632276647358115
1.129633394279843
0.018034820750200204
1.4680263573025083
0.4258218671061123
0.9090975047770203
1.7582920594656417
0.48288731173749355
1.5055295627977794
0.7999513705882493
1.294111553727996
0.3018302069923328
0.9313678597149708
0.44415886714674
0.9037783839465876
1.4371519984026875
1.4752468832934362
0.02243599605086983
2.204813411021058
1.3146959180635092
0.0864523473931727
0.26922813191352984
1.5424379775405788
0.5976250235289157
1.9700565897177194
0.5580873023634505
1.1522156892117545
0.6941604755839172
0.5535918790205452
0.5328264642277047
0.7761154571851779
0.45171329951650824
2.4680298257937867
0.5556023236348727
0.41714244620415275
1.9638427170117811
0.8753047827153005
1.2431670852817305
0.7797283901076058
0.32960830612382896
0.5323908649927052
1.7354192707809537
1.5679717928230228
0.8296907535674191
0.2546560721725899
0.7601196416678612
0.8776051220000413
2.1815101130473225
0.6682261928141879
0.3678402492697597
2.0955033204811144
1.1809874086463361
0.2978994934435753
1.4037561947931876
0.7424952376165721
0.4183057981345137
0.953925181423854
3.0169748175820836
0.17152622873104018
0.19570321163916998
2.557684594600157
0.21335578439908973
0.8021139080137808
1.5606666242597464
0.8319456397688024
1.6015363684075914
0.9239272136659942
0.3631840115112844
0.6809224930033068
1.4108092781819754
0.6795326053200565
0.5616352070383227
1.3968933070773497
1.3063741674519451
0.6177595700636311
1.7518807953805928
0.8726693737604515
0.29789544870372303
1.607874834862078
1.3060596425385587
0.17960555800787617
1.4194399807558642
2.180391365726914
0.24117772799486806
0.5674889702033479
1.0497449922307798
0.9139580507223511
1.8609675395747547
0.24658547470196146
0.9750934426102682
2.2689829389677696
0.8247472953527567
0.04087116943807559
2.054872987004289
0.9832710471361167
0.2758162384128852
0.2831633874708223
3.6407561858817443
0.31884051025856514
0.19401566215805519
1.6329868007442454
0.6890224162825345
1.584692463746245
1.2237234438622209
0.3606927049219918
1.0768857200458277
1.6512758265214997
0.31580584087918073
1.5177447454840038
0.48306661661119477
0.7161372178141926
0.01141952197182991
2.7477695503195445
1.1191232322983724
0.2617713590890476
1.2853997264846255
0.8798989280727295
1.3313800367583413
0.44837029466164124
1.201820233763597
0.9921351133448544
1.61203749375959
0.06642773312962888
1.5895855571850506
0.8047913204209435
0.05130400216906639
2.0434298770967176
1.58429256272836
0.5181503881409878
1.3189450971062535
0.06391092920320114
1.1962424835977508
1.3783194470531297
0.5821018422097523
0.41931413211452717
1.7201870259921594
1.1571300604794914
0.9456053536038941
1.4233681870395491
0.5469113767468291
0.10230661567335346
1.625723681809461
1.4583572714180737
0.9690255385359854
1.374552038032765
0.01222319352658927
0.9724790468878343
0.32988399658855916
0.9122908221120916
1.5779463364220383
0.6712654402378438
1.5033221515773219
1.1741539495498887
0.541221456724646
1.0830874440990723
0.5636631578173654
0.9985082728346574
0.5348672016116839
2.3898958873284144
0.26088020865438905
0.8198617484226567
1.2862037742024677
0.6763970739327428
0.669357105182148
0.9201453982854241
2.3401542344983612
0.9281331343461529
0.11678528692762095
0.9986094981500692
2.3738092883709125
0.16804554536277533
0.04791414027205066
2.7406230249019505
0.23165650601141685
1.4819118975354504
0.9109675024207523
0.38666337414786306
1.5550252227347297
0.8888364635252028
1.0401851463103686
0.5555771031081931
2.368809271012881
0.45203204449917705
0.018640200231582162
0.6802820277436421
0.40873655948390764
1.657871323143718
2.632048442779972
0.014013057349529442
0.3190229840504984
1.6790208008690322
0.714718868839204
0.8122915147402454
0.6495546299828553
1.7708757730089446
0.5316238951456658
1.6610452425928637
0.5614048799281609
0.3018851466759837
1.6263029508870954
1.5616549988309156
0.8424012901910513
0.6211981444438243
1.8692501061766076
0.5586217900624642
0.07798871463061724
0.12830872357072665
0.42502095233268783
1.978794757393821
2.1660193621847847
0.13026923310444008
0.7832343353223054
0.7514692845091014
0.9160665319441311
0.9375769540577843
0.35079836414939514
2.2163208301225894
1.4703982204502313
0.19699964217061194
0.2838274247152258
1.71287472651985
1.944553857317299
0.7259157895191024
0.5458371416761714
1.2069650141422021
0.08964984006220156
0.167029018301586
0.9173935664914296
0.051028931928901566
2.239867710821079
1.8852228216056768
0.07855842206231581
1.3207036487186319
0.5032577024506795
1.1676731999698295
0.5865752504632199
0.33230044840355766
2.824140653589305
1.1720775274918642
0.014589125431635836
0.3032376965152322
1.84881090980253
2.169497530727335
0.5392403469771411
0.44911755318943597
0.04614199582128035
0.15585373622753537
1.0151848104461652
0.3551054131974859
2.147652076903091
1.5801264984792271
0.06416306423807122
1.6945079904775444
1.0391848106243693
0.2009736768046531
0.6714621153874837
1.094671666359717
2.5521903716397434
0.42797211565357035
0.18693259471368123
0.23012892992704403
2.0463813319075936
2.2307291897032155
0.3206456486049558
0.3127167961566103
0.45459002416558636
0.8098723589884773
0.6214159389590888
0.700776522514403
2.1727891592318396
1.2618844685119197
0.07794204606853254
1.7854723759182984
0.815596823398692
0.5352065055892583
1.2403572899946065
2.2910175352188045
0.28595715221193974
0.14436212772747894
0.2415159752183319
2.264998975140957
1.3734706069798994
1.0717052299311145
0.11373143777037008
0.38462223684497165
1.3515775106339145
0.3746473887767521
0.9568050773895013
2.2305774909605067
0.9645064005514105
0.12894629521022705
2.0944540539521497
0.024155796195853833
1.0433801578021282
1.49015749502556
1.4973339441894251
0.6673981291613704
0.18192969702667475
0.06214076745542035
2.503624405041252
1.9780634311383394
0.25382831789582455
0.2601150417987822
1.3732311947425824
0.3377965689837968
1.1090840340841928
2.280332863547616
0.8520732892704144
0.19171871136302807
1.095769282866343
1.2651098314240352
0.7629724633955574
1.502816022372951
1.2557819007093314
0.7003716102948974
0.310674475292465
0.1254022692189492
2.554028474156548
1.1422956786337837
0.8591454719624521
0.2489411879233911
0.9936593454693725
0.5252111660233157
1.1427254498814692
2.29259383243517
0.49654356767080976
0.2560614994905049
2.069823334382062
0.13539590800384216
1.6907907340046981
1.2649382583960027
0.6375747315883065
0.39280437408356544
0.25792994946056597
2.4171763390127556
0.17173398747336388
1.8831659316579137
0.19917023151913366
0.4457862510741128
0.9700195145652364
1.0420281379841851
2.2486858436816335
0.41035155536630763
0.3314567704308566
1.4352689785371717
0.7843118462707992
1.49947042997871
1.2777749058277048
0.6532209183644079
0.4375354604682875
0.1292631292073728
2.6596643672304374
1.779132394394898
0.09078666814055256
0.11996831792315958
1.4705165431097422
0.774084660503565
2.2397344205643632
0.45442034886000543
0.38425719237184847
0.04872036599264234
2.0294812967043208
0.9819825415103618
1.4027326729873189
0.6837216537254907
0.4324357634924077
0.045658926044190994
2.757271643375245
0.6961502604250033
0.8956001745801258
0.07399890839450973
1.3323754508771761
0.361421357680659
2.468814961945142
0.34171547554000925
0.3950842066829692
1.9032787524657848
0.22201684862660928
2.1579125668290624
0.6693844993075745
0.18473727594522643
0.49527244693112843
2.0011806363680567
0.6635489841233292
1.5422469846571518
0.018434405907033016
1.0755645568678733
0.2436622665752731
2.5639185258981345
0.5505321123659824
0.4286234014860351
1.129159730428339
0.6977494015812559
2.535843855423306
0.24851944410643637
0.2072105775035312
0.5468102116039975
2.325178427398555
1.7630752050234526
0.0153802501849261
0.4117746874329887
1.0502991953155711
2.2809244829363218
0.950185927389042
0.39972931889196606
0.05443091978696859
1.8576260776308449
2.1956739881208445
0.3984156222237257
0.39068640323466197
0.551250104291808
1.9942919863323003
1.6141163720004483
0.5101218481104571
0.027419609361332118
1.2904230734457658
1.8498126508948207
1.0309024435407785
0.354251763008266
1.2872657166048003
1.409917396644061
1.2025317744416197
0.4037466988639173
0.5371766266096937
1.6585187961985497
0.6254729085403893
1.7492857216259252
0.020910284326713473
0.9184632192412857
1.3580183324349153
1.608602096719274
0.36878130342018883
0.966770392322431
0.6915735827318579
2.2491974257604137
0.4351144267350723
0.2348361122645883
1.224724975849149
2.6848627134291263
0.017170616920821002
0.6319003986450464
0.7544634633150076
2.5149481175296167
0.3478249765712967
0.53680112785918
0.1429896955830873
3.427438204035734
0.4793148735029673
0.08213664217246645
0.6942755250649292
3.5093998698509195
0.08833817613613544
0.3657569415708267
0.02119064767839888
3.71416411091399
0.12144780389415462
0.29843813080376297
3.8407143478466965
0.37082453282255845
0.04250605692232677
0.0847855311755122
4.094246406877305
0.5218074910160128
0.10812516847670765
0.13190775704820373
4.60105601482711
0.015260388394287647
0.012822503124562266
4.268453446048183
0.5386101640874791
0.04262241076570161
0.5069285316627063
3.9519946617555233
0.056764101668103265
0.1980383563701445
3.7507222559049644
0.37580808434940727
0.12318650475255453
2.641154137230383
1.316906791852598
0.16565964844280678
0.5806763900067327
2.992371895056869
0.3906874686823353
0.3264601059235553
2.3800954339886062
0.7241317079417027
0.2893184453204499
2.630504566893634
0.43269607330638904
0.5017928599290787
1.9724414594949542
0.8965799206081939
0.505652288929307
1.1358965252380453
1.2336851532839879
0.5022170702557635
1.8773988707877833
0.7924272309953758
0.636666342040181
0.9936405178150134
1.1170302327001447
0.6399602133524875
1.5383659689131297
0.6777554782076813
1.239718504624943
1.2743680449575832
0.8127074270255339
0.07898647866814862
1.6540382767517259
0.8690275818794324
1.2033549443325047
0.9233509762690026
0.8304991439460101
1.2468996948040412
0.8417953074369413
1.127307785829674
0.9547986049949247
0.9543917672675999
1.195899166364524
0.37214531106560056
1.595999858674644
1.014827355521971
0.8146881087485792
1.1863712116205938
0.39778374860620036
1.2022375159079317
1.6841960408615315
0.9327194722969204
0.4878685481748365
1.4416018922169915
0.02366242908422892
1.4156055723373269
1.687153541356778
1.0465684170713254
0.08617448488274243
1.3033798826463716
1.3296411778074753
1.1857799711246746
1.01919872409396
0.2213241169575879
1.3427045298545006
1.152496199210028
0.8635039127265582
1.1868483242746288
1.0494967537159163
0.8723576839480017
0.789208193270313
1.406920438461348
0.7577726097092629
0.6680953145694463
1.9961339617315086
0.6136520407900697
0.5333444204704813
1.4911857189557165
0.5108933039476864
