0.8708156894405711
0.8384654205999703
0.9232893611448133
1.0729175826715562
1.272131300193415
1.1143084168386526
0.10585763088211461
1.272652038442506
1.6625739312897174
1.0955838002835727
0.20913572611263218
1.5998790486238117
0.02179912004974426
1.7109685467754625
1.4054757072491437
0.27895633316577234
1.5839651177178666
0.10634630968138228
1.7185879320340947
0.12055790978125916
1.369936503111572
0.5205912027633876
1.5255563212661993
0.18465183462730964
1.7577086110437365
0.06267781810129439
1.8973391453666293
0.41368369284515033
0.25214112756184087
1.9732936206035354
0.28565586514523805
1.797858225541516
0.003551967356606739
1.8073463849844775
0.6016189917678051
0.2243594328241582
3.2137032740692733
0.039221362751631836
0.35783391259457126
2.641852142630951
0.0714251952504879
1.6451400386443167
0.7981561161054113
0.17779908584081652
2.9492232227864883
0.17546850512261583
0.3437563239855497
3.447042461288581
0.3159752500130188
0.1536591599731757
2.49497432262662
1.0101438550068176
0.1287456397028332
2.6943180814653878
0.31630535029381973
0.3237407554671531
3.334575536983688
0.22927332928344626
0.2584259661466124
2.260919596951186
1.2676441577614166
0.5117322384429186
0.10506470815915324
2.993007770660214
0.4652269983883016
0.30314174623434165
3.221908557482078
0.1294058770511436
0.35380283922354855
1.898462084618483
1.6063174769076225
0.5444272472899865
0.03223820268788798
3.114296066931725
0.3008554982637955
0.45684227588524645
0.4506484695502149
3.2639023464832175
0.01301490668104553
0.4554298585765887
1.5343793394175111
1.924268262669942
0.542519208582212
0.0497647302367218
2.8573369359276537
0.5482201809879083
0.523468033255049
0.4037565002312849
3.0869297164096348
0.5232450823355898
0.1340713151096332
0.7677219319734506
1.1158926683199375
2.2847501408140056
0.5152998716437807
0.1278225060275649
2.546244082110244
0.7933817019682496
0.5637744624298449
0.35738135957488226
3.0328370460325385
0.40465741169891917
0.3110964424259014
0.8597994892705505
0.7801400809835604
2.3001787432048126
0.5722321778932192
0.5461580547599759
0.2983216577587501
2.21837016992644
1.0376156173117481
0.6131663612389943
0.3115433842461376
2.9625777185724576
0.2887527986282309
0.5266144052126266
0.8815458607595935
0.26895477077068297
2.7123394241240537
0.6414653154342509
0.4806729815397461
0.44842667257789876
2.3226674633692017
1.082403003429684
0.28730030591564504
0.9118081031514765
0.32305723258981145
2.8744306618347695
0.18549466867347875
0.7559778266602459
0.6508114698516492
0.2358087351731973
2.901957840133508
0.6862102111306863
0.43600343628477145
0.5958644275283723
1.911293799670524
1.2642286552015123
0.3564793460415593
0.9548989345101753
0.28083329283504693
3.342228467491758
0.05135174665523468
0.03544540264517788
2.5072880982070442
0.10668452038040385
0.7355056489149364
2.797777339034933
0.6979910214844068
0.4125980682088394
0.755865804745703
1.468338206547223
1.429216254314173
0.4376701226544641
1.0132027479434722
0.23083348392830683
3.27948727569399
0.02582970069055899
0.01116423388764246
1.7104526653723127
0.46957137671903826
0.9159848485604473
2.661129705958223
0.45066766046971823
0.46555231788016965
0.7198725402921361
1.0230370052908062
0.9895015185193643
1.575531456267648
0.5322443936296941
1.0946623855979514
0.17908719831912315
3.0656531188513556
0.08214949961237719
0.07955300027307456
0.6367758992916189
1.0642299364461287
0.980667034842857
2.1955434177749757
0.42327356912639424
0.6244779566871402
0.6901438408205182
1.222979503511553
0.46949441967297423
2.2264325082361736
0.6592172025774534
0.34110694913890366
1.3583411300177086
0.1430044914754252
3.116265809489736
0.1189080011427607
0.02121535455356374
0.2120230950906719
1.5533460827942138
1.0383930260327765
1.8088286372281934
0.390905356836885
0.8163281050503375
0.6531254908010641
1.34179364056917
0.09827689119003674
2.4129823331720615
0.7646647683191572
0.1867035963608307
1.781082496991076
0.0836763601444459
2.4866039084536906
0.5241020514022785
0.07339035344430402
0.47148130003802274
1.934494070012654
0.4976691458552571
1.1657536709189282
1.8902816066137937
0.3545251880098888
1.1408488098529603
0.5470146964498421
0.975059114489944
0.7221195402072492
2.0504498641812097
0.8030631827798758
0.04614538995357346
2.3519654524025637
0.019544417611665373
1.6935169164384587
1.3965283732047897
0.021015506654766283
0.693149455249929
0.6719320997618745
1.2118729664353478
0.837566774269296
1.3794814177156192
1.439006796600668
0.31658128665039276
1.638322904314776
0.7287299845207664
0.6349593775827906
0.17314932076188477
1.5779014593058598
1.7380369575586234
0.7588474273470786
0.10884501020639793
2.9030675832493746
0.053985167914032045
0.8093592409992181
2.396395295350502
0.11390196356159732
0.597930355691476
2.1021385724894746
0.16931069949408417
1.0566483773744912
1.8766212972430283
0.9798631241743323
0.2827110487249232
2.2329714595811225
0.8307870545881394
0.2226027491968824
0.0331135720180801
2.5367636581114823
0.9704277249497497
0.928989895584388
0.29487841684092014
1.3640727691813936
2.3850627379735965
0.39287737982266613
0.044203101849732224
0.29447407155857347
3.313692864185297
0.3604604130538899
0.3939003943744394
1.7116325241058619
0.965795063415638
0.6888659936104211
2.113436827545726
0.5119737219710734
0.2779959196746549
3.0667044015363216
0.4936119054252915
0.14289988090371697
0.1591752080826703
3.289409992166977
0.1462366048671846
0.7695104271987007
0.5608601920158587
2.7474040340390804
0.2950978879313125
0.23241810951108838
1.8643138041741807
0.3955584497848406
1.5350182455670653
0.8359511906459883
0.28275819722151935
1.4022493387969277
1.4021599843346717
0.6807904515673442
1.9758995568959221
0.42062224952851834
0.20343694006662347
0.19453331938062907
4.0506429379879245
0.07719613657744945
0.2231055125749459
0.8186563431177335
1.5400262866143506
1.5461047049420678
0.8652240276372251
0.3409197188757291
0.7320942593883645
2.545829218271979
0.609915099209325
0.5553921994584585
2.0686783964805264
0.4305479610342808
0.10097658317912715
1.7313957295436537
0.07657941427953516
1.1747402507641784
1.519006313347892
1.073729310376332
1.5314309664451853
0.08823091842932994
0.4496678246131906
1.2147453962765784
2.6247280379667015
0.38162979548330767
0.0433391619711166
1.4276905309055505
2.324374215337128
0.30965969941320615
1.104050110457337
1.4739288258831929
0.28257467928373553
0.2142903854098523
2.0353742423154872
1.1573310921055384
1.0818436901775772
0.6633438758981943
1.3659678886846025
0.8490110518306838
0.07932724963401566
0.40752395481103937
0.957784711177155
1.2157983900963696
1.9284737111304462
0.958772405036392
0.22224427933468408
0.5178655599512489
1.485276799752905
1.4464061089271842
1.1610037334688859
0.3738982305350732
0.30973113966576377
1.6493626004302095
1.3278742773318737
1.302476406340947
0.4392542590321126
1.0298140611496747
0.5915327117648392
0.7899959760384071
0.7986701476842353
1.766012787487714
1.3020389110042236
0.14963309784190978
1.9012549942785466
1.3192608619548885
0.12439518999328963
0.8174873487928949
0.300633587214153
0.47305077376653676
2.6340174293111125
1.1825568038576288
0.3983558131904005
0.5522616968873014
0.28436112324614304
3.7004427975587215
0.040946349435274865
0.22752350886729272
0.34323004360652554
0.31253218942973315
2.5218473655319564
0.2482959573021521
1.4741986349521778
1.603772355377507
0.13599534233623273
0.606262291423769
1.3076810838913362
1.1915300251396295
1.1844868233509083
0.9689927229689091
0.3421091750153705
1.9284398204201663
0.12135032584067201
1.746564468787786
0.17380362995514068
0.692769350423074
0.22507587285636702
2.7624153094343424
0.35339627614017693
0.894758343176394
0.8101294508431979
0.7841368781525268
0.1253600321652396
3.48470376393036
0.01415814268282383
0.41932909912319666
1.7648545405023628
0.42563667146340967
1.191657474947016
1.3721823612709132
1.0854120921197237
0.7727010078330783
1.0627363206991471
1.0014223188021696
0.4509802063108189
0.6457171093593668
3.268345602121341
0.30692334901617846
0.06471620372411444
1.1192345057218374
0.0331574986320028
2.0575267186247888
1.3615551977730587
0.7300077454524884
0.7887715126515544
0.6426956412313721
2.182391505501363
0.08341504709079321
1.1572834594501917
1.9444387883725953
0.21755727169196265
0.12035496687444856
4.127422747537664
0.27284969702730916
0.028404275164091303
2.7879963902952265
0.25332015186600143
1.0455553757286127
1.7990830711586485
0.4737907897230371
1.3900804218730183
0.5204336391738434
0.048359088999488695
1.1337261253227817
2.9113777499633127
0.13441043943543587
0.2670421303573591
2.1551036292914008
0.25426865356644823
1.7637562162535685
0.267194858396845
1.4326727308234104
0.7903789816054444
0.6984543574982597
0.6546516204871178
2.246241625419162
0.981654369512454
0.08107933988579318
0.9394607278164191
1.1633928618597027
1.415566272654811
0.24290200104241977
1.5541464071323488
1.7984711915428837
0.47756211803602033
0.7125238052511542
0.3719735031443456
1.050684499277739
1.6184370442533453
1.7135205556671365
0.011569304894118214
1.3236203017877823
0.6551694329671395
0.13849801140063903
2.094551758779803
0.1588121194207071
1.3808137956080786
0.2710147572437932
1.2317652321420998
1.0618130078977797
0.8451826696858145
1.9431798005352223
0.5426949002863694
0.6427931567924356
1.391838161323917
1.4185304395067886
0.18625361079281366
0.9334533295822958
2.3385117020033506
0.37570258228944786
0.5812003365852839
1.6477600671889334
1.1107317507954904
0.4023081167883814
0.9765243229878832
2.391067543392641
0.4713565226591367
0.5840307498951895
1.461291474664719
0.2545530747152568
1.7954127998800724
0.6922581266101457
0.4766649351551804
1.6396085234270201
1.1096357981113993
1.0985005258563114
1.3100711513940184
0.387790066502311
0.46234363966670994
0.6860461038964125
0.701284909077288
0.2748321455986653
0.6293157583437964
1.7057785060637856
1.4493638213692697
0.9824265897051918
0.1640978558350083
1.2318122280439798
1.8174351284638182
0.9181414539500242
1.08697180395365
0.06493904823943279
0.47331683132751207
0.8997248642250129
2.085853848015856
0.15690717912116264
1.4112316293091474
1.2832977767910945
0.5611960023906614
0.5917579908285651
2.3773011498716308
0.9300258056142708
0.28635111239795036
0.5140162181220943
3.1778975899113977
0.28491880215006865
0.030487354323408315
2.641185720807196
0.027863362703633595
1.7129032530733672
0.3020103605596535
1.2641949137899144
1.033992548855452
0.581419825684925
0.7307845269524689
0.4541735125646546
2.3413360477520495
0.7167105846607691
0.17344219015127435
1.558861881751359
0.8969248921441821
1.4167336251450209
0.8323247312503621
0.5489070286682581
2.1400429788998148
0.43444247933865704
1.04240189129016
0.9654889258747207
0.38140575782040786
0.39121874244631
1.9141184980731878
1.1983154114459826
0.7420353714973119
0.8382674750955889
0.8141560872403255
1.2413328735470233
1.3252367831531078
1.2195047630416196
0.46907037361459547
0.19297609026749693
1.9819600922840763
0.7645846610948095
0.7564741914770334
1.4280306655424477
1.1438359139024519
0.8407872615088268
0.9757333579420925
1.4874818140551487
0.41272922856010447
0.7779072840556288
1.5191530576413286
0.7241510196008126
1.6215194448426318
1.0131389972092004
0.2145613252468291
0.11946968525731168
1.8791258140433347
0.4198568758112901
1.4154953647032458
0.8146264484091221
1.233604048744062
1.3342246666569053
0.6882480109808887
0.6926138497713716
1.6210389583379312
0.2787590526348068
1.1342500093515595
0.8238550648740004
1.499990214603187
1.1231356639341588
0.4160814948607415
1.2882661962784312
1.0616826092131437
0.24476024832581508
1.7449002301341223
1.2091112546746263
0.5111523750787957
1.5598102520029058
0.5604281328966257
1.0045763591497854
0.467981919769654
1.9525229473375088
1.1691003051609983
0.11654772220411357
1.9801824353536812
0.1385013602721198
1.1689287498831908
1.7032011934408329
0.5665245835311453
0.6755878554645286
2.4734791145753303
0.6829809983240221
0.09833103515366401
0.8818304828326907
0.5592503927287074
2.0316724658517438
0.5652141248896249
1.1442300752576575
0.9250606631751791
0.48857214635323076
0.9620750391988845
2.1928421829747187
1.2030410914754195
0.06615149762380576
0.2606246301516877
2.941564230297413
0.6585593595034351
0.5977001051754498
0.6297724267176185
1.334779376325012
1.6898005091392594
0.8760398628132012
0.3254734980157163
0.9618689924936583
1.599201643961326
1.2311814524841598
0.6267010224868025
0.7680004220173455
1.0921518011478673
0.0744724405184634
2.6344820777308824
0.5478597792372156
0.8186529547937406
0.18242936959166542
0.8761276553898583
2.87465317866917
0.7068823875555846
0.04392034686868821
1.332740750763778
1.33473562682588
0.9547716545412808
1.3039072417949225
0.13512262036855394
2.423009093593934
0.29233811909095214
0.015371730146754558
2.4293905156807263
1.3141216647755953
0.08207284945766011
2.0256791285102875
0.25695547260920615
1.541739705325533
0.503592462034823
0.522081570302432
0.8878006495525336
2.1001119017896346
0.7961182012472969
0.45483821180991535
1.6036054860368978
1.0933954990527859
0.7903110649141457
1.0160800006393373
0.28623594362447297
1.3195504817137957
2.795778436091498
0.009891237272139988
0.34945367428652163
1.5256292681914987
0.3257934968774266
2.3404251221084604
0.8995574148531537
0.2907895906571682
0.3898219018583702
2.0993852778516033
0.485559406144998
0.6264938826681977
2.303178029571538
1.0064500848727649
0.32987117953350903
1.2037078692339418
1.504874925617223
0.8067003758102785
0.6874936249304247
0.5052219359096528
2.2941062688875253
0.23133048202885467
0.8433000171722416
1.0077618766902925
1.5348075398580503
1.4918205681576662
0.25627508812768623
0.11107858739949411
2.297423043170987
0.9208418984857055
0.8822279650334452
0.6792573483652953
1.7517456925346389
1.1211022829714583
0.008986869557974484
1.763549253181786
0.4447347517387674
0.91542209064684
1.6513209129317692
1.3255171637073968
0.5625631029176308
0.4858248170623189
0.7775826999376273
2.1572519207968526
0.9506200482433652
0.4472402342414328
1.0790880817752118
1.3280396797733451
0.7931848131337472
0.7912602385398508
1.6992748419015529
1.1830492936925885
0.08338034181396778
0.5671561273802259
0.663565362523199
2.0961482190032905
0.12869018519719766
2.1539067382333
0.3250993085774826
0.3550275370794984
1.0208336040336903
1.103219755977919
0.27569495808816535
2.5033212750053075
0.8966945760489674
0.21198217352518106
0.8210231516355817
1.2891066495854235
1.3178923993846365
0.6196592628876081
1.3603378582993504
1.5287891388404882
0.2568332839486792
1.1148925023220588
0.8774123332844219
1.4961195876489546
0.36923140206253485
0.6358554633840101
1.8566294026677634
0.9553147773941378
1.0396207022832344
1.0495638095964737
0.3207279088321794
2.0319231839358523
0.22402261704217358
0.7223478585367378
0.5114797479200947
1.460469907557279
1.5818028522319147
0.8703603049857113
0.8351047695272261
0.8908212527025945
0.689678225978027
1.0807624805914466
0.5126515904583695
2.399774663589449
0.2340286199116193
0.5065416253478692
1.4795115117637538
0.9657918767461932
1.2256459388527583
1.7764037481919628
0.023985630972049657
0.37446733385273606
1.033454763026599
1.461334244371132
0.6830444683878896
1.5432908411874189
0.13922715572214722
1.8694842140091812
0.2215891760828868
0.7460227589197371
2.2965912901618637
0.8084748684866854
0.6999802834932839
0.9388425562584686
0.8774218183506415
0.989019991277613
0.8979206897369361
1.0795710263019047
1.5025244564288098
0.3438392081883331
1.2224292419281169
0.4636702091483124
2.185786940416142
0.43423697075006085
0.4087899014601018
0.36766973745251674
1.4517580757935213
1.5653768033334399
0.89684204979081
1.1108761321244667
0.5380414728646946
0.6550381864759255
2.5526387571013247
0.7337015521685988
0.041443174248637506
1.6104534322099213
0.9102281108032368
0.6341562847634775
0.8210602710944729
1.9972784118784794
0.7974308857632779
0.7125529009049146
1.383907390424456
0.1676888272567416
0.8658134683815644
1.961291253058273
0.6512141130809179
1.0419273085831025
2.043743082444747
0.20625770754753212
0.33984922309132964
0.8067726638804392
1.3025747862924262
1.2253159200809907
1.044631811807778
1.4485032552155355
0.5627515938695721
0.3072859495693997
1.412880640215752
2.0579933925013743
0.6606995348199834
0.36224204395208714
0.27943266237553155
2.1333976307783833
1.083461848040735
0.8583838529872083
0.5909886791294711
1.5317218421193144
0.45433368874301655
0.4979562280189605
1.2643686199878115
2.241622196020747
0.3556138281078465
0.7749633215371265
2.432066668390532
0.11723279302077226
0.18299882087873356
2.0461280161936277
0.9782828186464511
1.301916191892054
0.22705657692076373
1.0139226312484158
0.6592739066567126
1.570488452648754
1.2373827382437947
0.7665987362030432
0.5271313693077991
0.7684467944777214
1.3736190645279047
1.6680266739198464
0.8695692571133966
0.5258728217550453
0.9542010877676265
0.5311948985279189
1.3034499679517477
1.3846107370929117
0.27698667424905604
1.289768593700336
2.214612684742562
0.5243773187194717
0.45347090622554215
0.8244521746214362
1.086568510343594
1.8443156286665336
0.35640440657484035
0.9565403540670149
0.8798245503697967
1.2604557491835298
1.343651258304944
0.5274703094783765
0.6218274200871274
0.4115358641896677
2.2851376206672738
0.8706404894550377
1.1019075887640795
0.2111977500797492
0.5575957037461788
0.8901421885239327
2.8382101231067636
0.07473437412078926
0.5668803168305006
2.486955948214845
0.5123492764225408
0.18987413974883754
2.3942534109529454
1.3032431697640325
0.29537504621538213
0.3859536094635625
3.3595996911195583
0.3841808613867099
0.22465948486029472
1.6326013403571171
1.0414524359763864
1.0336234551702048
0.7303495262373113
1.6049854322551866
1.3168713508252898
0.029747289227823364
0.4890041180979016
2.6784596763885555
1.5707191626725792
0.08136895886173523
0.349678910084192
0.9901114142173699
0.5410896416739674
1.8630096547756412
1.4025083965150102
0.383916432775327
1.2533431678415916
0.6158428255039136
0.7808955576679021
0.47090996587178785
2.794258823271995
0.4268479640958252
0.5059721412397735
0.6841481189661275
0.2923529074896822
3.3305104355154826
0.5113621512902985
0.08230683137333192
1.7944962193401934
1.4058837546041132
0.14788296367520323
1.8359515812549043
1.4608782440980876
0.051820016591204374
1.3808543966591356
1.1787534159249415
0.972534532780756
0.7266351441380166
1.367817014815263
0.47856349817889277
1.5886729734179434
0.8448259109315197
0.7711572493262377
0.6372452326773232
2.4945917326600537
0.7871880475054872
0.013942888058267622
0.3246360112795159
1.9998700719619045
1.4595645009141902
0.4377127494960008
0.6129159523953621
1.6812868805456733
1.6061329725261986
0.2708037483341572
1.227016846075415
0.8054422273483589
1.1307650738576638
0.6085826388860652
1.8729218702732697
0.49928021134694883
0.4154362595060899
1.353020963877656
0.7308914480282785
1.6848043680351725
0.8837675295542793
0.5658030872841506
1.2306882753093475
1.7485092276648977
0.6155075268157622
0.6596318296646297
0.3786639484802057
1.6577749734789586
0.9708922891793016
0.9763483038159129
0.8348781491845375
0.9867101288301866
0.02007223122101346
2.14084926523865
0.006179279064736732
1.6994053824060518
0.9037389132489859
0.9198420820336224
0.898826342800553
1.413004525902787
0.09499617940506247
1.0742341755288143
1.62799430453532
1.0868998694394392
1.2292218154302292
0.18546001599902226
0.24834581871050057
3.391167507031431
0.5423578172855795
0.34035629792361316
1.3667708909756926
1.2551322234614966
0.7871758230973823
0.5916320133183967
1.4202001746174757
1.508669522851302
0.40466866318266204
1.0238107168006054
1.1301653475675275
1.1937413350657922
0.32473828734342713
1.704881661011709
1.5784485780507347
0.5239816188762778
0.517307946777964
0.4722557455322964
1.0595471086504926
2.6092282979691954
0.3231884958314136
0.46004883534252655
1.9108743172343625
1.1383891501552634
0.8486924096154246
0.043193925532090324
0.8531473258779043
0.7313219842298236
1.6240435980573709
1.9479235841758917
0.2429052829991158
0.26896498701131166
1.986537673034971
0.6226678122759878
1.2700476723063754
0.7205536767283771
1.7997278640665115
0.14242177925523178
0.6066146435552199
1.812684562751481
0.824011634144985
0.2951652051585208
2.2503019480711233
0.8245653161295239
0.8309754654245646
0.2800475548984179
2.1712494494927674
0.34513908484619393
0.5308019425036836
2.4891685115531366
0.2954900029067717
1.4263670442079526
0.34785443865889976
0.26333712331378883
1.1259180720450606
1.8045668425743888
0.17584691382780696
1.0665557107319743
1.1452238932044414
1.4076864070226185
1.4205886054566097
0.15817091366612676
1.5470537348465858
0.057683634796552655
0.6388279305010824
1.871850176871791
0.06438961320862353
1.5784869198507754
2.2560778674582513
0.3052223418187854
0.16520682302441003
2.0772765825541604
1.1221121735008297
0.71446146705944
0.8903320868443567
1.686301564234016
1.0732399330255065
0.32355085564239233
0.607123057348796
1.3044533580035655
1.4111078063657316
1.128178042558532
0.3669445725479231
1.2742331227048276
1.0089833714044096
1.2712538853940083
0.8305545549231601
0.8631122255797309
1.001209126556799
0.42126388099490875
1.391704140532717
1.3366371234419272
1.227641851245361
0.32208644812327053
1.768037861224497
0.6630260239231255
0.16227138841624775
1.4916030641949733
0.7178830038656819
1.6488157760601518
0.9640006147108103
0.6821217954908126
0.35075252456036976
1.3128924470310215
2.1658981511704414
0.4463812310619645
0.7000307767146244
1.991095557682983
0.10881240338039268
0.8892146949135891
2.035309563288127
0.4735126000901302
0.7856590687086905
0.7331084062980955
2.1711574515351324
0.6650093620618708
0.7948024498774398
0.41308089461152336
0.9458480236610162
0.24729003008679148
1.7348681057498554
1.2927978631159538
0.9895719177672129
0.3861850829639495
1.3920438215088582
1.063989336686077
0.6672773370263899
1.5432189092827082
1.0369401963674238
0.9539972542726672
0.19763664551311733
1.3541684341856388
0.9689114996325855
0.9059035105480923
1.410612831077302
1.0909438537164733
0.7662394767554032
0.9936405848280292
0.477699908078275
1.4259638559407648
0.7606569403245099
1.2310764023292793
0.9792291637845841
0.8126820060202583
1.399922074574111
0.6272681456639342
1.2842536014370773
1.0476465119331795
0.35959160209333585
2.0711563336331675
0.45391464176757707
0.5530077548268594
2.533384927358789
0.6159231986658277
0.31657004401641176
1.6832301911204848
1.4884437316443033
0.4534195940849642
1.0347823128861553
0.7585649471463798
0.8185332360336748
1.194619807414946
0.1744463713527904
1.6496501767606513
1.0891114661526355
1.0395812837550114
0.8609382216830336
1.6999247268372382
0.3175241691438109
0.725993115197929
1.8393102240491257
0.24183791591748954
0.4751894481779328
0.8770303699143788
2.519558821940016
1.0712395888685406
0.12069633087593791
0.5801997943153978
1.0604734697273077
1.982191922718313
0.9823137599458915
0.29807587275420944
0.1564876582806541
1.2444958389811327
2.8409665505230883
0.17525035381152787
0.37719387826472384
2.9980707062381167
0.40605326322487845
0.710410840024171
0.8991179375134569
1.1828731112596578
1.04049205646059
0.45765537040670556
1.5586906774091742
1.7072596968383524
0.29348680263801896
0.5167191422262387
2.4960961050161607
0.9663606142862399
0.32197280993370186
0.5347342198577446
0.7264992328099766
1.8572917268157305
1.6428078110800952
0.23280600652536215
0.5448878314245899
1.190698730121755
1.730310327981841
0.9620074571665653
0.48378758020763774
1.5920178488691434
0.7617518581138262
0.59540913675552
1.3094916675033572
1.5251032146256178
0.8174933848765461
0.49364349330413276
0.2036807665598808
2.5571967824588597
1.0033985896013302
0.35833473198101684
1.4707688868756656
1.2220492656871211
1.0451410452491654
0.24504139268968203
1.2057893884104818
1.403206859466675
0.7643354636973715
1.3204437387708663
0.7599165222812619
0.7474685965084984
1.6537531243800436
0.9875276605573149
0.17805170547597093
1.8356364429413559
0.7452574347820364
0.9419256812103475
0.302523818559549
1.6106254895842522
0.7391372381975966
1.2890122518836418
1.416164111660782
0.3426482431492287
0.9222050067573464
1.2684125478640944
1.0025697507869706
1.4278539773414305
0.5634900608573739
0.8064691091398046
1.0483157500581612
1.6180349078986336
0.7447984855571135
0.5281953127647637
1.515616509249678
0.9049399956314799
0.8323352161392645
1.3598138714610968
0.20753000978747968
0.8898227114903848
2.264147945502824
0.9098475471871292
0.7593669909832179
0.6807820950283713
0.5173661100946546
1.1308101886067827
0.6958331805417373
1.2473304241406542
1.7772513455854748
0.4424258192494096
1.008913328430162
0.3447294942124196
1.8431609629493177
0.4226882405232349
1.1918160141957517
1.3181373912726986
0.17101605877808584
2.417128392482783
0.6395836695887384
0.06303791876336064
0.9131674937931781
1.3477751181324298
0.9173876793262465
1.1355563378111329
0.6777939310527255
2.005709027882033
0.3185321863964579
0.9548846697266592
0.2115937317560902
1.1183513027990468
0.8944340390592038
2.2293116171848366
0.4872814059231848
0.19088871065619148
1.9003717972822307
1.278858654333936
0.39611149050834876
1.305824512732644
0.7166700312447923
1.2774900962092448
1.2296530764624392
1.1445900269826164
0.08348560936102407
1.1159607279913208
1.0000498548625134
1.2036411403447975
1.8462160476325287
0.3116020081802562
0.4252162324918363
1.1044340695418586
1.6435768453757036
1.0086851241203498
0.6410389941980718
1.5522237638290086
0.6643750160838968
0.5785648740112779
1.5164858919407038
1.1834085564298948
0.5104479976399114
1.670739216117885
0.5079548276965016
0.6601478939683935
1.6169052150083112
0.29680479080969335
1.7119254882462542
0.4883642292202226
0.9886127522996997
0.8918605100555919
1.8970781290564218
0.10609376570729268
1.0918113739735984
0.7139009998055569
1.9448031335080012
0.0719983829998192
0.8455910149032702
2.5590912916820816
0.6036280567861066
0.6194333113625706
1.0000413390677212
0.12514271114872894
1.1856007570288603
1.2622576214319938
1.4318712446649648
1.1362043781689382
0.3603007387161485
0.3183458688247967
2.980352627295502
0.6841836962478048
0.4215591351306674
0.8683580632921835
1.671133269222977
0.44493280892731674
0.5436243874003954
1.864673934137653
1.0770108546311887
0.38492827964886606
1.9401905801452923
0.7251747306813964
0.9360426676071623
0.6580181073561494
1.054594544359856
1.2887700782055205
1.1909628429422123
0.9726492660383232
0.23401070523729522
0.5508436735673266
1.2899793744149504
1.671939548717932
0.457006261945477
1.5699719850987008
0.6709664740875886
0.36576881621820495
3.0571814736310206
0.018483878362969535
0.5043428613676372
1.7423414287831718
0.436496323888839
0.780390311891348
1.7077837231209776
1.5737208925221038
0.15750195224461852
1.1545859596053138
1.2423684619326447
0.899294589409552
1.569092237510049
0.40408279203653147
0.2503612669137671
1.831758445928943
0.6071293368134104
1.6888812473024133
0.04632436369353094
1.7643107929431738
0.6079903700804201
0.3130140256735645
1.7362406134949044
0.8880256988266225
0.9889909590776251
1.1371310527451892
0.7079409082300994
1.6229844236475277
0.6587904696135348
0.7034581695332675
1.7948844973362104
0.5961419009988528
0.6160003201671083
1.9959678636000744
1.0536359299147233
0.0634059645998959
1.3380508566879712
2.1187435950247084
0.8659754539051567
0.058036097318535006
1.717546705280621
0.7139568477130787
0.1255782227521817
2.3736387303545716
0.364085855061598
1.4529404676567932
0.8606943379940032
0.5372672036004477
1.8411383372343118
0.10056403595154083
1.1712973132847295
1.6758344403982675
0.07667544511530408
1.2794549572490894
2.40838932537314
0.6404853026926833
0.4204523684293249
0.34262463755825884
0.5679295643307304
1.8321146417421794
0.6455201992802032
1.3798162120135042
0.5440372445761156
0.9845082900635899
1.2079649171305178
1.69281744596577
0.16481240175348602
0.8483679395877739
0.7830550942984893
2.1774844921712386
0.7375360025194769
0.09873076174446381
1.5985841307098692
2.0228502242159085
0.5743505690689357
0.3843728875195851
1.479006791076867
2.176916193335664
0.025438386585407962
0.5121042778483852
1.9448876208140922
0.6280235498134382
0.37770929219068766
2.9878126904014812
0.12930074989453558
0.8181354367878219
1.5093590382824322
0.21326463650739988
1.5036566915228626
1.241520588574524
0.46230844262585635
0.5627204412209467
2.5373051733957475
0.8378053108420362
0.4152681717245076
0.5076127682359198
2.206723166444613
0.28466914847278524
1.4198364824676395
0.511708798872346
1.1229091926403818
1.368417206823068
1.0087113957529126
0.001145241006133928
1.8208656698390444
0.7982644310054596
0.5494603206081133
1.6258631254584024
1.3985608605437887
0.8539980691075023
0.5081873863961324
1.257932057012609
0.038143992566281065
1.5399206161948367
2.000430511452457
0.5400252379401308
0.6145384925892156
0.9563700188114831
1.569789736674597
0.6059702991357775
0.9046958258587032
1.0876891942881999
0.787535580676861
1.725525139262013
0.304519359511685
1.4494037543922917
1.221907775244378
0.18278964944248358
1.3238952889569193
1.3742223089351282
0.6130046119106999
1.6672020577563076
0.8468295594287893
0.44744533749372184
0.9141660966802801
2.0310730558201913
0.8948747071518599
0.21242892622023293
1.1438322096487803
1.8712525167313525
1.0257715617561165
0.17785303948282044
1.878649313735441
0.019625555586263728
1.0331217550315985
0.984997272030875
2.0159627330263636
0.4700519957848336
0.7518672001170185
0.9866251646603627
0.04271173141892422
2.3846395203101713
0.06810728783223147
1.49115198568576
0.0827128227072138
1.3195253890668663
1.1503688957536173
0.47540262965829905
1.5499970316305927
0.7446126596955676
1.5537004831532197
0.9844461567458186
0.17763745540069467
2.0439520892517824
0.36992200917400025
0.3183524005550037
2.2900767573037397
0.30090014647903957
0.93143901071309
1.6219506993595494
1.3175075350232028
0.5016914322751306
0.9818884905508024
0.6883452898076916
1.2622610030031542
0.7859356088002472
0.6857523638358017
1.9823553381144416
0.6949005632144947
0.8708570892158615
1.1262551259167335
0.44232361331270487
1.629391014091096
0.40901151827367765
1.3910337132427715
0.9052853736850387
0.7147128790171111
0.5428151806958517
2.62276171402539
0.2795574522289645
0.9392794621510397
0.4080836097436562
0.2788305847148477
1.5335129479275862
0.4387838836123001
2.365474975460298
0.26282608607938096
0.5242365801382872
0.9196974107613153
1.5413158853195636
1.5703682299191302
0.1976922100678903
1.069193936793144
1.7744355714616553
1.0799283315802857
0.289134804283688
0.5561481250538205
0.9282331830495268
1.2160311944753583
0.6618657531316674
1.6792073668388408
0.5538217912149257
1.1964005907733188
1.2590154465188141
0.615649512169183
1.085542033598747
1.2987137364291925
0.7705653089182644
1.4135121333999032
0.48122039625616364
0.6123929816992459
1.3299138948426736
0.7868998529748512
0.47229703908155446
2.2870208566379633
0.22117900831395018
1.158652486814773
0.41079292621175884
1.9468345995003202
0.3164260472915678
0.504477587392982
1.6661046555707737
1.5567234103681755
0.6342997578772678
0.8737111701208987
1.5340287827159989
0.47761541015892117
0.8992733289446672
1.4796357955376718
0.3450002779988999
0.9369027941259619
2.2244067559343836
0.7828827772036755
0.4359810544212942
0.4763218917924017
1.8745189603257775
1.9573934131372153
0.34594888558033204
0.05395223691375611
0.4263164448374856
2.3196943058552493
0.7536619692860276
1.0084925953123356
0.6597535952321487
1.8838488474821784
0.30899290101330323
0.8861211144825147
1.1961250535727543
0.9472174193448383
1.3226838832484202
0.1412601407497813
1.53912023762464
0.6864185112250027
1.2807401362679363
0.6598522261067192
0.8724940448973696
1.4631820813643752
1.0118579985505922
0.5263962308868737
1.3386460108975284
1.239654284384994
0.8321749473837943
1.3215860661654386
0.3592800856702698
1.0781001370455219
0.8956309278232224
1.407981428758344
1.4020040481251124
0.6361466469310447
0.03615023660711058
1.1214559821907268
1.4762779483528965
0.8376143026977193
1.5258599195232048
1.1595001136767913
0.46335533133958906
0.43953169480537146
1.176179201090731
0.932456176710894
0.3338995782956989
2.55413312558668
0.8748802769091
0.5089772059559099
0.34235042580476516
0.8643599540293453
1.6365293122622968
1.0804642513614255
1.2162815778779823
0.19627546323888773
1.812410135552475
0.19462533219590686
0.44335495916781936
2.111220459869195
0.4738568488444401
1.5577847736960906
0.8382784229519968
0.7511737418072244
0.20324170470712138
2.121615965703994
0.7327035895078652
0.8745846317080066
0.31317787423940835
1.8611194816278913
0.6203108536963303
1.1197226277049541
0.485905752373672
1.6945132038475437
0.8260725271121523
0.6118803658672785
1.615470395314386
0.8178251521765978
0.5516702747439128
2.003143011827642
0.46227401625984277
1.0471597114762017
0.7616861159415216
1.5020173111333803
0.30208857078498835
1.0308938387072577
1.174771862253437
0.7182471114761576
1.5297290928036347
0.6972126168683737
1.2555640391577807
1.1238982076479023
0.321971815075769
1.1672053515321934
0.7407866022741348
0.6445857172891717
2.3633693266017253
0.6266088429207884
0.876669270885079
0.5420865959787202
0.7451551362579334
0.5926967842666248
1.5431198598959095
1.1336224996091084
0.865062485965864
0.9024185486038688
0.8679281536811736
2.210471355911978
0.17151601163695204
0.34396591776321866
1.6625716580654109
1.9186775180011058
0.5883928485474266
0.49080830223756944
1.6051758092758022
0.041965203351696186
1.8410878877236283
0.3976681426332137
0.6838704243477471
2.4125024966182047
0.46534534061120914
0.612727030587034
0.8832240532922453
1.894026662179779
0.6538567399157875
1.0292377349384383
1.6253911436215516
0.21077827712781114
0.014783553833479329
2.7206566310505345
0.12467437389930877
1.1989182875157287
0.8724649758664728
0.8984937775479981
1.801238846533944
0.60683493786905
0.7152908531524654
2.057399570088474
0.13261452094386234
1.1287134074458152
1.1004654536702971
0.19588600163542552
2.5561876421675565
0.6688094512452781
0.16261859477685445
1.4619688213126796
2.201050608199877
0.26969370993266
0.9837299977559508
0.7261360039358757
1.2421895513638175
0.7579102193204023
1.7497451084445195
0.1776444042100264
0.7278728112387415
0.6463234204773564
2.3584345231679023
0.11525871678804532
0.8383067608498204
1.8566640609761134
0.40122251069178383
1.955312918950408
0.26857655303122246
0.6462977916899539
0.9475888623006327
1.134258833732556
0.7552231913543729
0.8278548335390186
1.3217899599417269
0.978323756357241
1.1858660035644675
0.7333933858455778
1.0804444069247618
0.8298576104331084
1.6667129247408752
0.1290483045752908
2.0452988860580206
0.0064221347524160205
0.1482330370446442
1.017502926865306
1.3091388096652556
1.2145640135600297
0.9755686557163232
1.092654210918486
1.0433828622018153
0.5796486708850564
1.3950546863046336
1.3429075223719402
1.0346151136314425
0.18610525164313946
0.08320955300871552
2.8995260754303924
0.4644825032472591
0.9455731456704439
1.4262001920398186
0.7365886080807335
0.9398957662184868
0.7472037362287971
0.7615756755650097
1.188937337621466
0.4865080885572148
1.8134777548479906
1.667257926106161
0.25602003450140587
0.5208617447612571
1.5422453706858883
0.481549210614032
1.2625917923361556
0.9457350999787045
1.2282582050822555
1.1082368043671635
0.348305897688815
1.8597909571251698
1.2622179008446763
0.48047965831133166
0.3526472087560781
1.048198204372501
0.5779446386146552
2.394137315482308
0.03800941134022819
0.8638082704166271
1.6437056968941877
1.2477206922963289
0.7862753830905697
0.5388990589300533
1.410815929130131
0.3911561283986144
1.2637737893358993
2.515574460941675
0.06869797414001495
0.3884243344430264
0.23444191314186913
2.574334775453176
0.8515194323534462
0.6190618270180683
0.032784655883587956
2.466758671180561
1.1626636730790256
0.2512356428048924
1.6733876620987924
0.7114170848801346
0.8829963730855447
1.4472673978361918
0.7101138121909774
0.8523475762615819
1.0963400548986473
1.635006773695669
0.5257870666687976
0.8911091754996542
1.0300723113244195
1.253211353808468
0.1577831807972163
1.1346342411771617
1.0863997026004801
1.4063538109482339
0.9489222280292927
0.7476645836008512
1.6671494731742087
0.7878097859193719
0.37414866975626354
0.6684421655019166
1.4884677574885614
1.5698932813365927
0.8297761687372157
0.6013194575322752
0.7071719442769723
0.8851362402396297
1.0332422276412374
1.0001369997126162
1.6418050049759705
0.843485096110322
0.3000874091597924
1.3417984596485335
1.954203728017905
0.29576431504907913
0.8570846254426601
2.5436887846255294
0.5555940725660378
0.30811947241915805
0.18417120866179107
1.6810012221628043
1.6966483464306152
0.049504836713497265
1.1107637403345798
1.9632540414348936
0.882463003946889
0.7303234655503433
0.6258418253343535
1.574371861226362
0.6321232019619898
0.3943729299721409
2.358135969802842
1.3563765578788982
0.13599058191685987
1.41441267618292
0.17061734832780126
1.5250545858712101
0.5752667410474188
0.4711666215204908
1.5554109695494793
1.5678926054550806
0.5907907842160576
1.1849125320635978
1.2927822085592333
0.44637398742171996
0.4118556241653042
1.9527133311196425
1.2851785102144582
0.617345058517998
0.49525890243643883
1.279042082981963
1.3588600282122987
1.4826088873672563
0.28459199101074534
0.7424854296195986
1.0701872789110969
2.2075979964590977
0.019151410284237967
0.36516786680916447
2.091331961280187
1.1995097549848266
0.9040233967866039
0.6704729182750199
0.9428867651299819
0.9432940820701028
0.33970805421305594
2.9967729782414425
0.6513240000765087
0.022049542449208214
0.3268769325167603
1.155278669884648
0.584510541628405
1.5636611451484266
2.033542892267477
0.17998039962751158
0.6050121832999888
1.1507700989629
1.1896067590267525
1.5700018182699338
0.43532675774015267
0.5644618990499132
1.847174708708022
0.5592192686521469
1.2336560069767566
0.28847697413053924
1.9704506382491804
0.46379132406538703
1.2018252103728568
0.8247349891806268
0.05446833705417341
2.950727910026671
0.2751053342780967
0.46786681061665136
2.1263419489256297
1.131327685181118
0.6131396744812604
0.27211868893104807
0.8711577608765888
1.5919463628455495
1.2211655124920333
1.192040903503573
0.3315224026300215
1.1247685774212257
1.10787404735871
0.3445477605992248
1.9801517755792803
0.4850721474028685
0.8161733212472635
1.4852015055954515
1.4216028156810416
0.11163496888832194
1.7746077921251893
0.9523706377493038
0.796311524233719
0.21502249000487872
1.727614368225447
1.3526400975093402
0.2012591827925392
1.1036734623161641
0.4291188922032213
1.8823162227189476
1.2237513888056248
0.7484989313146839
1.0928180160447816
0.7192568241886312
0.26994802776755944
0.7492255819711646
1.4261425625072035
1.9407565317302393
0.16272092980000258
0.7391406718822152
2.301281083460604
0.700818068326874
0.8270865542351545
0.4297328726312244
0.667434991008515
2.2397901505732745
0.5250639643830383
1.0523264587545988
1.191484124197071
0.9251220383927926
0.6089272270330425
0.8224746137659644
2.2742656375854877
0.43130595932716825
0.21965420324839321
2.0085889578914635
1.1152146411404504
1.1040047500241719
0.3270881982259546
0.9276276682900914
0.48811187243048837
2.5224553761784216
0.49278648956112475
0.41988911139016655
0.8621732585835685
2.1002191864996456
0.12992487500936883
1.0167778174151365
2.1260392731080886
0.7816545592379559
0.873559110380109
0.3848945478735404
0.7226080118680492
0.1546145322526337
1.9871421717273614
1.8928505419564046
0.2105517178822866
0.6874644622380787
1.1510107350202434
0.8059237558767604
1.2500524258720775
1.875758562328317
0.6126035261000777
0.2670639701201398
1.1151270527216457
0.7882284882411477
1.9092047404765957
0.5484531203076053
0.6992161797415309
1.477544035586766
0.9862258647540819
0.5033735947603445
1.5693624477527703
1.5240575792770685
0.4127050666995647
0.30885559028693904
1.6187551656795582
2.1719035039521577
0.05040486789012051
0.6498802977920553
2.650726727322279
0.47619406814519566
0.5930577703285799
2.0100213375125175
0.7046097397341565
0.7168012925235667
1.4577354803555544
0.32893945168316624
1.0944456550126798
1.7177194121482087
1.2149566233964855
0.5039632040852181
0.4855021828714652
0.9976319665140632
0.7458980873280484
1.1452811882336476
1.5496008898218372
0.9622480610041274
1.0036454347404018
0.3322370421476639
1.1828300014746547
1.0426636090033075
0.9996854219917699
1.0461254184295454
0.4008128847431317
1.3519986822957042
1.4001037459505048
1.5344366854101503
0.07271897402405307
0.6846666609640102
2.0159501535895927
1.0396218581834376
0.9005667432748675
0.04626498953091837
0.9564041527698398
2.404581000001063
0.7489534623449718
0.3755205087787485
1.1471145926881032
0.8071859470656372
1.2305544040245096
1.4527989068581872
0.7173889174952433
0.7577183711871402
1.7712912876872202
0.20710964499812853
1.071192652054239
1.5875895793812556
1.0515695155763571
0.7285209121310927
0.5890367716788695
1.192628664082183
0.6251157474255254
1.4137308850978763
0.9708283542828238
1.4632835479326183
0.5177601066110252
0.8827978468141492
0.09604072025124483
1.4478022120185532
1.1262460211082308
1.12381205742638
1.27744170656854
0.9710242146844684
0.07433071148146052
1.5245604147849128
2.015456508597022
0.23570357668626823
1.02628970788578
1.5440386201877694
0.4317531462860337
0.9535971134568336
1.7455693355742785
0.4143118936786954
0.7798635560366082
2.6916522534007443
0.15068169821219993
0.5130959262005237
2.9039258243582786
0.2546521275431786
0.6506112468249776
1.8749384091434882
0.6338322281316238
0.6319256374614386
2.443540643437341
0.4663829854058744
0.16429314693164132
1.9964226744881197
1.3400941474607546
0.5115036250720411
1.6572465490787507
0.3820956322536878
0.8517104950816501
0.8412199180916304
0.3365262018613795
2.649847431366927
0.6054702793601432
0.46912642809330934
1.878016695057573
1.23649819242533
0.43993573212295334
0.16926688870759776
0.7249641825920411
2.1554118156951003
0.5660072586437181
1.270559954949603
1.1282786111756662
0.5821417205919189
0.8790590536565308
1.0064684544170364
1.611538523575354
0.9894656360686771
0.36111452138096606
0.7549505364631703
3.121281500695244
0.20390562334902906
0.14535687052745022
2.913593969977969
0.3196633350410316
0.06501987263573296
1.312854302911343
1.8764515973482372
0.523048696305651
0.9813346339792537
1.870581679495635
0.9615295378814928
0.39553669602131103
0.5530430709929842
0.19837732857147677
2.270746462067005
1.6396146484655036
0.2596564657819552
0.8756858749966565
0.8655982942087135
0.12296444562708252
2.975992474204636
0.0868933006422798
1.1398169946688317
0.5897792719432902
0.5989970332206392
0.15267812837562916
1.124358626091422
1.1266864948901343
1.2622903502877174
0.8210260209398964
0.8370441168585186
1.4089832717886654
1.3202024387768385
0.9394655887265946
0.6343614386581885
0.7105016266092894
0.10222443016525612
1.1318564584882027
2.0748483789316907
0.7145791732012278
0.09534973637716636
2.3639258517241437
0.8042676194140935
1.0065894300669689
0.6967802322303308
0.5198543154024513
1.528941733269181
0.758508351864343
1.5985769711546407
0.7578760484659846
0.28616245311781785
1.763343769820782
0.7468956701786716
0.8960789154813849
1.8783363413050846
0.41170302423093563
0.6996000394624446
0.8897610540570415
0.9764158965997822
1.7647839653256678
1.5202337494418163
0.03229005685892493
0.2789269747689786
0.6699196775241636
1.2468686688239163
0.7420794310209016
1.990867046426957
0.12250556428421273
1.2066012738331073
1.5285358956536415
0.8993734014007903
0.7084306278994
0.6413247770672349
0.8477920959140732
1.4197642315216528
1.1113524380071984
1.1674052348216184
0.5654099145666274
1.3382212148779686
0.9034696135701014
0.7628204710783746
0.3998570709524148
1.024620730277515
1.5386186921725633
0.6717465900940756
1.3608783289632589
1.3110817528121688
0.5113197648802271
0.6662228358974814
2.0313426996360597
0.9997583623796948
0.10729649394525526
1.7237044325389053
0.9054737669085483
1.252836764545241
0.885286197696094
0.5107493770430249
1.007735872695432
0.734160776371216
0.521386707102461
3.1207976878071384
0.1427730932125153
0.3514199129502897
2.024446945192883
0.43988851715844157
1.857691204757522
0.4748455874082687
0.1399029982580617
2.092375655117481
0.916986573710847
1.0549683216196355
0.6465046443145832
0.40921332359929247
1.1679912060041655
1.8506211470819243
0.5470198183078988
1.6775710444353107
0.2648755385445189
0.3559136081350252
1.206653527725429
0.3261793003559467
2.6648097839031784
0.16850445158228844
0.8767104672186743
0.42153488731437916
1.1677504970580754
0.3814398063343973
0.9345745659398771
2.036003954852611
0.5072011179122657
1.206668710336404
0.8455450136470513
1.1723823711940242
0.34166186923785186
1.4064561824707682
0.9469104503044932
1.3794777475826354
0.5243105197681096
0.7661462638099246
0.8589112300187455
0.3726153242208021
2.385001626388094
0.9848057946782597
0.6798934789631847
0.5997654705095592
0.3813056096860298
1.36050364783633
1.869681340926723
0.46288876232563486
1.1645177568758096
1.0548064452978223
0.10943649830034202
2.3388315773516566
0.5387642912883124
0.6843690723824485
0.6221307914761425
1.2229054915759898
0.8739818689875167
1.5675705803830764
0.8085229243793721
0.9515869992055103
0.4455032329162008
2.564703081597656
0.005785578669060707
0.37833218055730566
0.9879146583536673
0.22698398250412746
1.71864521464516
1.0914138924644072
0.8109346422667478
1.029520974337839
0.9767592253792909
1.556269746579795
0.29367258801202323
1.2342207518929986
0.9467163473910823
1.5925990520985944
0.7663787120430543
0.04727153434979706
1.2992633666389106
2.1938455962659313
0.8481936350258857
0.4309794465023862
0.38520993689860944
1.976440522998388
1.6480475282543003
0.4231969859618436
0.14731576746181385
2.1821124277650243
1.3678988712553757
0.5782488153322916
0.4440104848910729
2.5129433320684487
0.47154913449082553
0.12225162415275509
1.816333129498854
1.7345515640413027
0.244931795990941
1.3167466300203854
1.3767297786645738
0.45371520955441413
1.6131263952800468
0.1867373524822696
1.0278894565509538
1.5989496014360554
1.1985377516725426
0.843858585470983
0.7368955112936445
0.47326665801212286
0.7891837618203402
0.3599325242411724
2.6769567957690263
1.0495190264307703
0.20907449754499677
1.5267739739299804
1.2158360185473882
0.022738483067957258
0.37475551165280885
3.7400571672805087
0.45932607264278563
0.17946095814009388
0.6581933065806822
2.1903601487223203
0.33547025293081395
1.0335591812062082
2.7362507679788344
0.100730035252918
0.4089036762404235
1.0211744362015425
0.8372343618035251
1.620009315964529
0.8128693373374876
0.4495264277564983
1.4292570712070722
1.0233920772878526
1.0275957788634102
1.3479026146218884
1.0428196087206585
0.23844393722997534
2.139994398212531
0.0433384993458254
0.4788566592622044
1.2444547129907442
1.5560137315484848
1.6817337071696015
0.016084612461846778
0.6991806336307007
1.3653542934342873
0.8567866911046769
2.2160979444383133
0.08275518800462857
0.2459714859598656
1.426507321007302
1.438858843158146
0.8179356950318608
1.490784805910339
0.08659029033593085
1.2405659896703676
2.2786027810759304
0.5089465795715906
0.34429934236932963
1.3064195470014297
1.1779565611654863
1.2071211329732825
0.1555603580197417
1.9998055633308733
0.2552586404339363
0.9931023366165461
1.1725702355530712
0.7422923283775411
1.7251114251406827
0.56881035231555
1.590895194629093
0.02574702038433116
0.1527133491069168
4.000216890435838
0.4474178914524001
0.14234386809808355
1.6448594744588376
1.8026515260977227
0.3681186032636105
0.6484171299034962
0.6611304918880002
2.268057964501024
0.0973029524313506
1.1726151641791538
1.9752434637181973
0.6403671750754384
0.09475456453840145
3.103598740675376
0.5144162329357904
0.007870536679036687
2.129138175994556
0.42462184617096654
1.5022228301022562
1.2927757798524733
0.353715234578253
0.7416507650479238
1.5436178810919752
0.8239917949570841
1.4946772334097649
1.2149629097818397
0.23862336577897988
0.2697821932703178
2.061723562696073
0.5996117931249552
0.7899485413859646
0.66628241369259
1.9941111064425263
0.662628630050622
0.6649870586899486
2.0329644568199634
0.5634089957736255
1.0355878910061456
0.1750171162780921
1.0772019769395216
2.691950966037047
0.012147741414586001
0.4851789593905558
1.0100085340636005
2.1198463154296494
0.6647217075932569
0.5822863604626358
1.3277405393990551
1.0487043590426959
1.5276137202965612
0.4148387517296079
0.9508966967592195
0.9034429427534377
0.2410688625499307
1.695532671669853
1.2891753299882955
0.4790942537085437
1.259603938196293
1.1882492195254477
0.45104776351088116
1.4823650482902286
1.051446805155823
0.7552104099344934
1.1592548815875219
0.5737898215759666
1.5207176030881222
0.9794860103842422
0.8856934630024244
1.092560945127118
1.1762616214130175
0.8996970206698711
0.5721075742202121
1.4242849222088578
0.4438345477315505
1.8954614708285995
0.5078677376124037
0.3145139008852255
1.2002077621718812
1.6233834089214967
0.3679411132811611
1.9461317705962353
0.9503680957015519
0.2141020382041213
0.5474777691239269
2.622262359806622
1.144831251589855
0.15063004797395682
1.3325615005489095
0.1613272013843315
1.335245323240444
0.9517297226240484
1.7533166688186763
0.40602203099259543
0.1783978860042611
2.3396436676275965
1.4399050310599346
0.7094147619791237
0.20204419678721974
0.1951319256469805
3.12491778039552
0.6781390415884949
0.6961576063592986
0.7834782411863116
0.20845836570243514
1.312699617719486
1.4612622299549585
0.963595141521691
1.4048869993219377
0.5416006414482827
0.1549383997389878
2.124482664014883
0.9257659293971621
0.8147921858828928
1.4099751054790177
1.0677248640935622
0.5851554837716004
0.5277823933105444
0.8341161187147983
0.7770940212317972
1.761087872647063
1.2279931993917732
0.5974173197289546
0.8979278464769319
0.7474726124837168
1.0022901230634575
1.2630013468048753
1.1639811986927666
0.8693906730198979
0.5584163541515379
2.2299360711107563
0.3786316013332875
0.45560168677291646
3.202060175387943
0.013632271670422469
0.30636526438325257
1.0911534274126329
1.0410545777805411
1.6083528328035561
0.7468244576574683
0.43989992858444205
1.5774722717126617
0.9795425410323827
1.4142921879382466
0.7800955023308472
0.7278615133175697
0.6338484050347911
0.32459033328283216
2.2535446816047044
0.48344550929464536
1.3684148073361613
0.654206155907419
0.2654216482704033
2.2453439319938746
0.9375841098295457
0.7870502181471735
0.6540628676782905
0.5944753482302975
2.0744834141491837
1.076668867413888
0.5192200181618571
0.5440852094813975
0.6841925566148985
3.0111070490944747
0.41358015419859834
0.012009862281767428
1.9661947998876235
1.0189540208408003
1.0949015441013081
1.253432222155721
0.7105454607631566
0.4684381306077859
0.9013902996792524
1.125832598260615
1.3877493375506733
0.4929738939134698
1.8121497565973155
0.7347953151938268
0.7191131791892152
0.6587001335253061
1.1666925268281465
1.5042160576914694
0.17744626947597023
2.169274022942577
0.5679537566287426
0.23697912211906164
1.1133126799940058
1.30726828727255
0.619036137983683
1.7744340855570853
1.216720434609894
0.013066173749202504
0.974431940943305
0.8620989088952355
2.272770683999062
0.2715484211498292
0.6756489042049009
2.1350117934351607
0.876072400218985
0.7070795417577619
0.4204731373473617
0.40785110842449107
3.2796142195185483
0.09335144988438077
0.4365898900577522
1.6371647665557052
0.8124293092753062
1.2636545053167447
1.1950472012423214
0.809037987268786
0.9596604938857077
0.3785204150975775
1.6874659559613256
0.4818953565483188
1.9432241100956165
0.43195163829427924
0.04566337420883124
1.6622758035961178
1.5697860267747945
0.7940479799614497
0.6882220828832312
2.0698447644104894
0.42879752619295103
0.3636947421399198
1.5506509460884916
1.2734258971415238
1.0703427163427857
0.16997842822154188
1.3790792305241377
2.3807489764735004
0.3333257149274525
0.6054899271624544
0.5169428175343844
0.3958792800556687
2.5301740588416712
1.4225087893484132
0.15930784927455416
0.46090034119790707
2.2888147784244923
1.6797037324510544
0.09633333602616895
0.19744834807138803
2.329226178562933
0.39557493360103657
1.7225709902419735
0.7232675796916443
0.5474669771005086
0.4397669445921287
1.1080886495702207
1.0217850449737094
1.5817432045669693
0.9066121198416187
0.39599519315725284
1.5355779609725466
1.4352483487728998
0.6977972740626891
0.8161344951388249
0.5497147099527658
1.34445526382023
1.317587346927396
0.9114006924949684
0.35353484807074226
1.9031644479034553
1.1163948821473841
0.25687859184562317
1.9075160297929958
0.7766468557868383
0.591821884941614
0.765228640130921
1.1442131128209239
1.569891535605013
0.90021366534287
1.131645333618737
0.3253679325616477
1.0673156281968066
1.3717589200905032
0.03962334036149407
2.2528222963646187
1.006695992824812
0.55573724148452
0.9734055225507542
0.4897708500579763
1.0416592723439764
1.7970053661908998
0.882080142278977
0.6167429113025049
1.4076827858777308
0.6189820096176213
0.7581164375655461
1.4620202764286745
1.6847053121880484
0.6102083230314219
0.12755142697562688
1.2878218679531719
1.3440906097030865
1.1586100902075203
1.1133020466294488
0.814445169779907
0.26296455827234183
2.1308963800346166
0.5083737626870753
0.5872898039693063
2.659256082855121
0.3419664018897763
0.4732470226717239
2.501742457888045
0.05940519240303404
0.7463531566810214
1.1563154663738588
1.3354650021709482
0.07371707107813037
2.109911755740837
0.8556436598606321
0.670003386406326
0.4784630122267777
1.5836409246984349
1.3179674340097198
0.8112277621963714
0.8063713794140323
0.9928633419216225
1.9560191321251803
0.5713407082279793
0.24456817564243624
1.500896682129041
0.7019912350403472
0.5129017979179652
1.4270571372283225
0.597002342574737
1.493338427128997
1.0722161288842782
0.6424007500986557
2.0094097937675626
0.5227241552854569
0.2727842980059128
1.222915631233042
0.8130854941812045
1.4761526028353016
0.5550883871106082
1.7291650475927882
0.6243123583730277
0.7495688794270465
0.2588555900096718
1.0102986697831542
2.0076459255056194
0.7069092994728876
1.1659886802213097
0.544111794921119
0.8091618328112966
1.5608975468312494
1.0107997348992412
0.4261597600389246
0.6160894907671892
2.676922825898673
0.16285556108862922
0.979347375872176
0.9446090896689171
1.0360705883077064
0.8475687150681692
1.929191199168383
0.15853292068949587
0.7889605466562557
2.0635643897393243
0.4553555996648586
0.6374972931519758
1.0630644118958334
1.1425065075463028
1.4984393650188814
0.2831272373317199
1.5418741172426567
1.3587045718292616
0.5927394538557932
0.46508899575329726
2.276310940927262
1.0448188770341647
0.18738695278944248
0.4137319266435852
1.2533682548473932
1.9133349297818618
0.6302064841933528
0.3674932158053548
1.7865076658387145
1.238306046993688
1.171778316404002
0.3652299363298863
0.21305350507188223
2.0046100543147567
2.1716557924046227
0.27305194592341775
0.2702039409411691
0.26074679059791117
1.0891277521223912
2.4897437889901557
0.6264877468227684
0.8079861517402673
0.3041457819872748
0.6066301568334227
2.741456309887108
0.4319166393458124
0.23213472016289727
2.6676753590150057
0.034440472839908934
1.0516523220912406
1.4705532263393466
0.912816425927905
0.6264918980760288
0.8089441639154752
2.0072607273003555
0.35154685466322494
1.3597990908256066
0.6935841740825129
1.032235908656132
0.9960830376005944
0.3796725839107606
2.0336197034902885
0.9917295062963843
0.7132908242542187
0.30099278604946417
1.6120110186633316
1.4942889945454174
0.50022281771163
0.5928599681216515
0.7342510793133731
0.9237332764514926
1.884759461879848
1.3189306262167664
0.48517522930261403
0.16708721164512552
2.111548580195852
0.9776672513171637
0.5104238916385114
1.7619912996948361
0.4073696026741309
0.33574532713635175
2.2955784460638498
0.6734969996492353
1.0165984893221347
1.0404278827420008
0.6173255665865607
1.6730623225583046
1.0687766788551403
0.5129248146323837
0.7511924046323546
1.5059510235196334
1.2776968849385837
0.9395764081980514
0.5108204527877124
0.6637505699334266
0.06217577877940893
2.008079057687093
0.14037961846708738
1.990517383568828
0.8052234142951273
0.3287558134117011
1.6887668495159431
0.9217549416578604
1.3637180971118639
0.4490667532938163
0.5951539188463545
0.5885013531526719
2.4294833627598322
0.6086596347667567
0.7841084697508187
0.8394030330872794
1.5513297930669474
0.2341835558240515
1.0838216610202895
2.201996941151127
0.29199524832360163
0.3432382707475356
1.256270819213443
1.3031347236186823
1.5351657968242327
0.2744270902878961
1.3871335864374221
1.4467305734992997
0.34468410007227157
0.658109299803209
1.0463442042779152
0.8883644532218999
1.9857814877424989
1.2732817203137647
0.04847896512750521
0.14639134035452941
1.7017836165978957
0.7131370582460187
0.9052211693877663
1.8792942834662691
1.0416481067221337
0.32921319185118214
1.3332797924182336
0.5658013065144436
1.415384657457947
0.7496369905605924
0.8256752358811507
1.3091278679607063
1.0869351179973425
1.4508110440921136
0.1117215205597519
0.7234736502591748
1.002952756366911
1.8629622787609452
0.7523103675336013
0.8957328314881999
0.8618591040781974
0.7320857183672154
1.1259972665716549
1.0532095819987985
1.827266017939927
0.06150454300643299
0.7833421388769046
2.2491096626380194
0.7356059352263659
0.8980844453907437
1.1002881290773074
0.15914572974934618
0.5544915227981005
1.069001756437246
2.1336750499279433
0.910027841208343
0.1730858575931686
1.9269077809940531
0.7111275090191459
0.6797212256770473
1.2237585468147105
1.674270347647054
0.36313534636505584
1.2461100649306482
0.4455446010429363
1.3082450338788234
0.12388942784586292
1.6036791422450942
1.0292178062575499
1.031265588944242
0.9167758509610963
0.7051724938024575
1.15655101576883
0.8443044506442972
1.693951806214168
0.17982401156274855
1.3186535915131894
0.5311617278957795
1.3767516004027196
1.8360548654135016
0.40979729248783725
0.46230950551734507
1.1510713246324498
1.113592939021029
0.6201790917880701
1.3288040218088517
0.5234296476465785
1.8357738966293211
0.8856992494846254
0.3663995716592052
1.2315558279419148
0.581994163830513
1.9261247756722486
0.9933799504916537
0.10592963624876903
1.97838285179021
0.8052837627156121
1.0199204164658755
1.0439684671363874
0.4042482322017232
1.62627910366937
1.1733519246474957
0.4537682742487417
1.4563918833860403
1.0042108237513678
0.7047092341982729
0.7222120732944354
1.1172695787329168
1.6678891796361293
0.5379175030919092
0.8080439069152967
1.4867137092970735
1.224834153544579
0.8589487580093409
0.3617416417042108
2.094918710320156
0.6212047783691201
0.20228727313401612
1.0303533099303694
1.8912091413129961
1.5892116992509147
0.07936913710896196
0.7211644448755555
1.2141203089317136
1.086458908181935
0.7101717704549871
1.7971425233447427
0.7877273404475919
0.5731574525745333
1.378637598300806
0.8030662808511932
1.2548065301544598
0.34698138095780207
1.2910679474649112
1.515301174628469
0.46740478661648144
0.918618256265256
2.3425616108818996
0.7493159778877201
0.14458781312292485
0.28807127008081257
2.9464732490274947
0.7655994038658844
0.2504367375542381
1.4577818973974555
1.3698631464002273
0.48618152615073684
1.193832899717024
1.7558529056361756
0.7826255750006977
0.3637772557527498
1.3521240874054579
1.5698385985117307
0.40088003533652783
1.300679408433319
0.24298911144273339
2.1201011009436397
0.7393697391991589
0.3620516512622544
0.32576130996380226
1.5984572885763055
1.5292057196970064
1.0276065175463416
0.7088505090482714
0.5751414999141379
1.1704553156294695
0.9374868365363672
0.7639770823193972
1.083960284612391
2.4870016146707745
0.05438670651060368
0.30830853443745343
1.1644378565519928
2.144022996970041
0.5612287499326596
0.5587395055206357
1.4416880841690842
1.2627723424636308
0.7967196683166751
0.8612015907551455
0.9642814066751508
1.1305230995769544
1.2319525288341642
0.6340906927282778
1.1331677629583268
1.6481773709958634
0.3798845686059247
0.8127961026435054
1.6384881670719547
0.9645856435155425
0.47766813536084746
0.8499138638686841
1.6633546793782947
0.03801681099264093
1.9233275483882832
1.5353018306908397
0.6135519777395789
0.261147305865876
0.49700636244728563
2.3137638284954494
0.6028880003034065
0.9469955760972475
1.8296460813326327
0.37879429351384547
0.6140011847592819
1.0385754655208101
1.2288984861747347
1.6594442999107155
0.6768648499604475
0.3178333095362565
0.9266941333421604
0.4661567387708108
1.5066537043255188
1.180802948430486
1.5726957991224353
0.41645668309640504
0.4020295522025318
0.9647354378204228
1.3724053900722708
0.8650688294909226
1.3830280675118687
0.3142113918099814
1.223679913648585
1.5076629369207604
0.7395907196504288
1.320127737764352
0.3353265730754483
1.5943877622215323
0.6403295380281456
0.3506336282814219
1.9418310237473262
0.8523553002734543
0.7014318859580453
1.196607532717999
1.2272933814352542
0.1498527648140003
2.071597733832544
0.47662910250753693
1.298666641443366
0.22297915182242828
0.7673439922363143
1.5561102886350688
1.4800504894200681
0.6085546941308794
1.0352148001520207
0.5663222746393107
0.9853034940308452
1.9579982898899178
0.47195976182911614
0.936706581515043
0.7470445550382555
1.2361470608768848
0.6255386700090038
1.1409328327590165
2.294269608184893
0.18429792209048038
0.5442953671837228
0.9278343222298282
2.2401334579481538
0.027999793687624445
0.36177906322845876
2.0613400362115923
0.08295305534855323
1.6417772910410655
1.3281130777504184
0.591792009193739
0.9813500611942428
1.2199095943023401
1.3095361688074798
1.3260884858448607
0.05783008161011933
0.19272729334902378
1.8856026079881936
1.0942025142657095
0.8379149451667092
1.29918748636381
1.001623677078762
0.8234448735280685
1.121774211648398
1.225545689182041
0.28318130749140585
1.1996329327187762
1.819348521463222
0.5233076439470185
0.942711929537403
0.7691473871438647
1.2141754336692754
1.2165253370108222
1.1211718354380011
0.5464032602597139
0.9700858824872732
0.24769445145634794
1.6743865840954253
1.0260457951616755
1.4640383745221268
0.454046293793242
0.8405927059022797
1.686204529217447
0.41984100763902665
0.9839200253210588
0.7306972188455243
0.32149052211204254
1.7687592200595108
1.7459599457660937
0.27561606313982695
0.8886675048791173
1.785003029998824
1.362070695530049
0.1250351681211249
0.4940151974198445
1.4910893588252394
1.9641401997237493
0.5780801363942901
0.7262537358558141
1.1530417275026366
0.9100632866280381
0.4644267929489664
1.2742789793950287
1.52481352784512
0.38474878313511096
1.0733855830969974
1.6436390624551054
0.9222656143660449
1.2608199510822693
0.1382152336524014
0.47780093361518156
2.0546897807425712
1.0656239417537279
0.6341047601406298
0.8717581326642933
1.2879276352813211
1.3014667962635744
0.5249952823211366
0.6267787533653405
1.9041410224785702
1.0157161541093347
1.0212605834115105
0.43604770931124676
1.0140059563268446
1.783197403198262
0.3182121413255051
0.48745155227565096
2.804877448134929
0.3699688606991643
0.9032494948410019
0.6126436913590975
1.0483166644941446
0.6943891452194286
1.7419271712284996
0.7383950786964233
0.3271506013458746
1.816253001319432
1.135590743008087
0.8665174789219648
0.4372170804861535
1.2782550495581158
1.4194593739267618
1.0274155809482617
0.4497699771486051
1.5179369536365046
1.6244589621697014
0.018401034503405075
1.2521246427386934
1.5858142072072927
0.7075835467017677
1.1628924279746906
0.07256394194360104
1.2338898179303226
1.145203568116923
1.004259086742684
1.446020022798624
0.895799969700441
0.6822005517997017
1.0951889950875395
1.8247462291005991
0.37290337241071575
0.04435652970055368
2.4685715619925395
0.32095683351940685
0.7691040900792266
0.498073061043366
1.9199522936815752
0.77435630137724
1.0033172721442547
0.7476617429122044
0.5804301106804582
2.4990617078859407
0.253486069407313
0.9975184691929003
1.4050305035735826
0.1839639221331683
1.2823702390879743
0.4676634832494639
1.79983290016524
0.46182399523444745
0.8250635986905932
1.7526901340154744
1.0049308121048546
0.16643546977114
1.3105756093291019
1.4145122103807979
0.7108368472808105
1.4864979368427742
0.41570603633889636
1.3483045967131033
1.2124856967201902
0.4380754163499992
1.4088445013473478
0.10098302484017965
1.5804930273728686
1.096171855320602
1.3078309376461539
0.5525526518004664
0.6111273721062943
2.431183447419492
0.3551114031670671
0.1594308247091042
1.6324791123935707
1.1584466408767813
1.101110062912822
0.7407054567503084
1.4386648507663267
0.7210411482066854
0.8100091302983631
1.3600911033291423
0.6957390752586631
0.6931155680189253
2.2755567526994716
0.30642176598526905
0.8180713449566858
0.9805464938395337
1.8140601554961602
0.1943479987004758
0.7811968356416832
0.4168426095961603
2.1299697037532757
1.1809770442651581
0.6642719262227214
0.5770287330087212
0.8958563408330635
1.3680587617824578
0.28112072992053516
1.2605736519714654
1.5790622428572703
1.114170467439334
1.1737101945848651
0.08157484066680021
0.03573334224761532
3.039691664224939
0.3871578774328232
0.6078265143361822
2.476210565904744
0.4511576374802481
0.3572727331408854
2.2257871696886427
0.7519323429542437
0.7971618504097326
1.2296605795179345
1.0668265990428494
0.37005353374585825
1.9020654076040333
0.4734307066584583
0.9468493510244993
0.9027673253524516
1.6297582846713097
0.15320724108668782
1.7564248767221629
0.1933214697331502
0.6484374456576697
1.8205309642078389
0.7971594972401258
1.5440324284643723
0.08427153957538121
1.129187703904874
0.4628283771057625
2.2523781537288894
0.5813939765196101
0.15242357533610149
1.8040297925815991
1.01566302786541
0.5332920225805071
2.1586002457828664
0.38670248025686543
0.7071955209291847
1.8215932338737855
1.2321609419237445
0.20466558432274554
0.485746121235387
2.824713433130561
1.0132441046684937
0.08352198039969283
1.0190440754360512
0.5467885228239491
2.072931617442734
1.2251923824968944
0.34568261355086494
0.9691186263608486
0.9825686745684569
1.0495210028680904
1.062462234881507
0.5244266716991669
1.1765242475479227
1.9106191453688517
0.5706823088701143
0.5263007483756498
1.742674215461661
1.0435978344369041
0.9550005017682498
0.4763480495802588
0.5162568926983082
1.5945316898739246
1.439231417266342
0.6142622266833364
1.3931839988647297
1.2366326873614413
0.12295941572186639
0.6418478312821889
1.8576304206415448
0.25675890214404473
1.842239612971716
1.0284052752242123
0.12230712613175464
2.0317729686280512
1.505125173461442
0.5703721942321622
0.3070593333296301
1.5129173402122784
0.9062647833304459
0.22014043452939003
1.2889078656229978
0.6837738896607123
1.948983575045205
0.318412885747359
1.2378366423894203
1.6505882146963669
0.23917685242849143
1.0546980215008421
0.5570121583349167
0.7789102148200885
1.47389310144482
1.023380577306227
1.2606918510900478
1.0041140367462624
0.8645632974612087
0.31724796090938506
1.0103581492336982
1.5128183613953654
0.1463929286464367
1.88054066467685
0.6493087664755126
0.7593459408594325
2.2226468140513176
0.6750889798468017
0.26992028848818084
1.327609648749152
2.2909855933744754
0.10228291771027374
0.3044051740107745
1.1677961900852403
2.2639254971312357
1.185466924192709
0.11637936479487264
0.37114753166936426
2.5329483151186385
1.0408068708110643
0.04543051253203285
0.8194447823378255
1.8855812318502407
0.9873627236983616
1.4971678195587255
0.3063365189421753
0.4966190281336907
0.14824390366368842
1.0569308574251994
1.5890829453759314
1.0413714226326762
0.12307955419749789
1.6345512383560312
1.4866291571988592
1.0735361289077494
0.6171030814358619
0.71256402504745
0.8976403364374161
1.0264148663137702
1.31337909834773
0.09073230323741865
2.342753239669138
1.2763562937504274
0.1030616038903005
1.2834331513564714
0.4954325808021647
0.6856059303868239
1.4566982694700195
0.49359580418746546
1.5517117003052732
1.1158698296182552
0.7069119880874599
1.0009992186137102
1.7540835831366095
0.49967016960177546
0.8544644904985826
0.17544375199658707
1.5245962793054584
0.7961188061294165
1.0197033483299152
2.492728379921756
0.09388115347161849
0.1706769616124125
1.5246512186954062
1.1213249624853037
1.2387625849924895
0.24412608308518388
0.767599123296948
1.7261009842902009
1.647078681799738
0.8304067944774557
0.20993172705863292
0.3678492282520398
1.6237882195766153
0.31067403067761634
0.9891334302965136
1.7065743130012092
0.06963352461780878
1.81133668252875
0.5352658417194708
1.6492399951415058
0.6623364004101644
0.19486970882569007
1.3897000929126024
2.3564777065819893
0.13458930996918397
0.5237533739850628
2.890646530006135
0.988061685316994
0.01748838083477777
1.5099571898045228
0.9052626492380954
0.11471459504999189
1.8820301730454398
2.3556591133350286
0.18105545161485126
0.18550055282383518
1.1416723718647013
2.813422030521058
0.38772696300999815
0.26352770987745056
1.6178733220441475
1.155530686889772
0.9068456938368307
1.2973870006500947
0.13414917759463924
2.120426174831895
1.1495218600067778
0.2133436118546393
0.57507292064714
0.47475639466500363
0.7837112203873794
2.2439611401431963
1.3049764724044388
0.42649446242977573
0.4644136114122716
0.9700236879862129
0.6009377704208422
0.9362812380530399
1.4726743368330943
0.8198917477232776
0.5488292371637897
2.431275653197504
0.45192157578011477
0.7678052949756093
0.8665479305780198
0.852004182350992
0.6425340272259533
0.12956259375831156
2.4561920415803993
0.3597148491874227
1.6494314571865758
0.6619693081136029
0.20329749554996054
1.1224383628249164
0.8299859765418008
1.212171279700453
0.4173629149244462
1.1783887090956002
0.6717339449768124
1.642370009520542
1.676390671921435
0.26600434482710256
0.4771557424741538
1.9079745656926805
0.985939435771705
0.8283107522534876
0.257404355006275
1.9290818997051677
1.6316779024269432
0.11634540704947752
1.467697324240379
0.5236140485682915
0.3914758728157542
1.105322242173471
2.0585349483559927
0.3573947726101275
1.662082796974662
0.37359792993401886
0.5427089106579585
0.4578918972642652
1.303620168772447
2.4562905422647656
0.2700299888817005
0.14818106353039898
1.1529382913083406
2.5090243512563
0.6908617902295447
0.5432373034748017
0.21749964835335328
0.9973818525959338
3.1139331074382905
0.15459066071024669
0.4020434860012289
2.2725809900691
1.2328178475643112
0.09647262715291008
0.7584891220264928
0.3685689006955806
2.9261895779908302
0.0954436325074012
0.37213433101223653
2.9549093987538004
1.3095260342160362
0.09655701368254464
0.3157167458769154
0.9005434943208654
1.2306272650550514
1.526009225236555
0.8176093376006752
1.1244637428414812
0.19422190143632434
1.9565295304777965
0.806977902195946
0.23085197661425172
1.426012130106872
0.1917927880058275
2.623116084191361
0.0036064397603304
0.9819566584116365
1.4918008159609706
0.43969696134601066
0.6885751648116933
0.6045837295235416
1.0092463689409008
2.262898319909877
0.22062909387782725
0.8083379240145601
2.1623050047912935
0.9457926824948766
0.2351928856534155
0.9559618568518584
0.21906190858459068
2.428280488129256
1.146659719286333
0.26120329185036995
1.6888785228625047
0.9309242142214134
0.6964084824401336
0.23135431824236488
0.24325637744224957
1.9129777449871819
0.7386047601929071
1.7033494358105248
1.0162699953846066
0.16083414183049322
0.8655038744712167
0.45632271502198307
1.6697880801693492
1.3549380991820343
0.8570434478964452
0.28027073378809103
2.305147392824749
0.5811430451916751
0.6540057327737668
0.2877370291024482
0.44124701180618375
1.0089127780557634
2.6494689016526456
0.22371806104978245
1.1976743878282552
0.006617448241944272
0.26389889569502084
0.6667609188104907
0.5235098019141633
1.860749640257926
1.069580671274
0.38362034384672195
2.5376431010724327
0.4910292520734276
0.17086842820641177
1.067545151666059
1.4760962097055037
1.3049200190713799
1.295384668821644
0.14366593197832336
0.7203405460009498
2.956408896905549
0.3008387335744005
0.1194704958227388
0.004603119122673362
1.6772442497620812
2.8590291062186877
0.4125961569070183
0.02945090671583789
0.4615686329310064
1.0303485201612046
1.4066005257717817
1.0867202296364256
1.0067492797808526
0.4243963743262807
1.0734418985924565
2.9747656167946928
0.028843033675444482
0.14161345269785655
1.3127448538902362
2.0457380603092874
1.0365485651740887
0.7268624846693047
0.2824551012297485
1.6096747215810807
0.45909840667734325
0.19386743827039968
0.27603776973711186
0.0336658295290636
2.1048955259899063
2.670591739846462
0.0038768645769875695
0.3133001131693396
1.3305274457802725
0.5739246094780235
1.837060763782017
0.7381577552591174
0.36670144406715693
1.8301052526121613
2.1156366968759963
0.09573763540207653
0.11160350977242071
1.7303882853228525
2.4012699337321077
0.15894700932019618
1.1221513312762552
1.0172713544386356
0.11333653391905574
1.4637746846737048
0.5498142876033951
0.1271432460727628
0.4438799601667922
2.0471126787463247
2.2018854455069223
0.2373727626015813
0.08760273046190879
1.8716539859697523
1.3994009358983337
0.3516582770341185
1.0490021522710724
0.8332982496800847
1.9725942259655707
1.1279570692895322
0.07230067203143187
0.26849863876905067
1.6572911669417494
2.5137680124712314
0.408302395021309
0.25061795446308677
1.644424787730139
0.08647250633484448
0.6072072170262787
0.014547668188709669
0.960402217997088
2.004921312356401
1.7330013156158535
0.2621796836111589
0.3337500594576115
0.26808514287363594
1.4779353514413611
1.3468236433744756
0.7007209781536154
1.1487233617374286
2.19995331766588
0.0741351958566632
0.2564089938153685
0.3810977219071177
1.8838214903772892
1.3593391052238328
1.3360861334028848
0.05584894564788907
0.9083220339944277
1.644651411021754
0.2214463626354805
0.13228756732424055
1.2791610174811516
2.052585549852165
1.2980225077386778
0.15004876992509789
0.8766208165930908
1.5311414040546005
0.2108262542281377
1.3839332685725951
1.42475250061805
1.3276284706539443
0.6718735015652085
0.1879296305609671
0.18698018561187635
1.714361323910576
0.7217772475178603
2.129026547805214
0.23164217371274523
0.6363674357617534
2.1945192243867724
0.12463498834583908
0.06194626247270095
1.5809491621446226
2.208985859638408
0.9988629013879412
0.04987744314594148
0.8880812192434316
0.37414842297950424
1.2958048468772472
1.0956692119202773
1.4800946517717797
1.014493927839607
0.8758723940812089
0.1373885159295797
0.2827199099416641
2.505803696725252
0.9623448020021018
0.9590624860219872
0.6116839704072838
1.438533393505612
0.23975000097291965
0.12324582650819896
1.9547133502267113
1.6160132653905748
0.8082507280474195
0.8893715379594823
0.13106534889816307
1.2881321259754728
1.5059915557154415
0.15222647789392665
2.0532861487746574
1.0479223371888138
0.8668775615396767
0.055213206451174175
0.602839558045253
1.7923380666405933
0.7669761533319758
1.8233102118203106
0.4221274139679589
0.4808238863039682
1.2304292504665009
0.16553425390129098
1.3670194400068245
2.6134157644494764
0.38116495494359387
0.28882173128324
1.274213329690609
0.4029883664251288
1.1769341388010752
1.7203211039375843
1.1076409827177796
0.9419873590184923
0.29266474628897876
0.09302600293422122
0.3928981584324539
2.7890378614908578
1.4435245982178762
0.20891394620093945
0.37349727271366995
2.062189434502057
0.22713870506449815
0.9631806342497482
3.1413042515442644
0.059989885558340825
0.3409932989042692
0.5932497363846311
0.8466341888088738
1.57415564647444
0.8257940917585892
1.5937702152084834
0.885708829442075
0.3252487323066235
0.12153891200357897
2.8883979421576043
0.014413866726681579
1.3535080162079054
0.2358146791418813
1.7567910743980648
0.503502775644752
0.34017055869754725
1.032096908160496
2.6388694231512875
0.3752203341271127
0.4565113815866335
0.9238822969007285
1.4735787590309088
0.15441540131977882
2.532750594591946
0.8077331607317694
0.1361915634443945
0.47362473635958
1.0665032062392075
1.7396481231207175
1.4981583731794592
0.08142895793153579
1.6288637205383871
0.2582331363890066
0.28950630616047346
3.182612101687621
0.6061425081173413
0.575681504030412
0.7489246056278592
0.14032026400486247
1.6256861362970019
2.8282211590129127
0.11061487419283983
0.1328494083949954
0.6348348952833986
0.5152585093711647
2.2740328401697134
1.9184157619583313
0.00605744372252014
0.03765730550966414
1.703972011457057
0.26761604230561997
2.358714028083531
0.48739037275367864
0.7243382911549574
0.7857888606543575
0.44120147465539444
1.4515432781616657
1.8109656531959637
0.776155816188196
0.44677217651217466
0.5968583498722251
1.8987328540194723
0.7958139397087536
1.286352870666138
0.05563595581849978
1.897092497717168
0.1371816147691824
0.6574451422284449
1.314814646823005
1.961727979606261
0.5398614627831123
0.4527401437636455
1.1659518818751453
0.931114766379762
1.9599589172933762
0.494846707752094
0.5322499976299088
0.9875302927979798
0.49781129442077543
2.4973580318989166
0.04498451329142157
1.2151372876460163
0.16966126042460325
0.754094417260763
2.904502354190509
0.45963653818100336
0.5720938820462066
0.6400559204585953
0.1146506066617659
3.4560795124341106
0.2304205254875645
0.4859554251203615
0.27756268968852593
0.854712952624295
3.120889208214546
0.04621568316389301
0.8692770258295864
0.10449359176470606
0.4682273192058142
3.7182803560531412
0.22686611678205137
0.37392102627354135
0.6144539246334288
0.07401930508724294
3.789641553246474
0.556921134516787
0.005618378249269693
0.1565139729411806
4.2352929857134916
0.410557576642352
0.11314279168844099
0.5938538983765613
1.0975331361714382
1.0177657677792176
2.509397263255702
0.1599670817109367
0.08125453216947832
0.7720803849411472
3.4328212256156565
0.465911395050747
0.14627975198632912
0.36881235419085884
2.330812262744401
2.007966382271874
0.017157420645501017
0.22534996103856597
1.5030317566631612
2.512280075385089
0.5180673778762631
0.11163344132594417
1.0002243262476223
1.894597638778928
1.4879756429409554
0.24132028436351993
0.5952263486581537
0.16543717805266728
3.1023632377444583
0.5099906304097279
0.35000867060468493
1.4448538633621817
1.187347414312738
1.2194064704485326
0.5506294332245927
0.9937816698994323
0.07746504143792382
2.4299597093142222
0.5346972698579899
0.55410112318527
1.9609104487498201
0.9824739178830605
0.6403742366335672
1.1447407657903363
0.3200654938502326
2.2367371305653574
0.21848400929956205
0.5728975514040077
1.1986017089271521
1.500099006339491
0.9661483816885761
0.7348913677764686
0.9018070461969635
1.9001127461371818
0.6604814962624457
0.25725994323315543
1.5529719463002878
1.0393655450267383
1.033639278823616
1.0556870650213614
0.62599494051798
1.729736307966014
0.9325082502920864
0.17849871141967005
1.845821763995585
0.5027404320469421
1.175588387502228
1.4507987637824111
0.290056529019583
1.6479131104642277
1.0766263672447938
0.26498575881554937
2.017183200272362
0.028285937463794687
1.0525807377303606
1.4347410847769657
1.274401669890423
0.8902140590193321
0.4606663106234974
1.6584798031336643
0.3327077744503996
1.4094578411404899
0.38930828564720005
0.9920325537432317
1.3405537222613122
0.8756722994408905
1.5257521818450492
0.3917574929394298
1.3493861615163563
0.609113032678928
0.5907044379175269
1.4945953859448293
0.8345071493254503
1.3629183139472658
0.41101378694124885
1.7203561398144722
0.3512423019840289
1.1093916421908183
0.7736114236715326
0.7656386172392949
1.6296582261328378
0.40374858067518477
1.700380752860771
0.15697964288344218
1.076374341874843
1.0640710894244687
1.440974649404422
0.30411363144834913
1.6932084078828904
0.09577226407581593
1.6282772561898735
0.825561564607802
0.31181014360305415
1.765789093738754
1.6890877466207994
0.07862382008801
1.6063560734499205
0.6782701593725787
0.5886187072430825
1.0641839008839005
1.5448198520209153
1.3406701507455787
0.4280111399706665
1.0707930266294257
1.1266723423332254
0.09503684283188123
1.5189931353586346
1.3957085355217693
1.1915043364775315
0.7954766212034451
0.17669526886001097
1.3493694890387788
1.347179518713644
1.0871978598782588
1.0739008437736959
0.7501738283419159
0.44298922047401984
1.4148334541223078
1.256133742891136
0.8882172999251988
0.709677325220086
1.3118688366089313
1.1065842168339788
1.0216286920648576
0.7843409465380687
0.5566274599646457
1.7340842509121752
1.035856871216798
0.6361950152403246
0.5673221896986457
2.206996780141761
0.8403148060865709
0.5002261382166742
0.45224848666644074
2.541883627216676
0.48814360817832503
0.3755448279943319
2.844166094926725
0.3927905511609678
0.2769806772322851
1.8914763684637337
0.3167791902041294
