1.2380541639745848
1.240589681983669
0.008445122864869873
1.6610567436972372
1.6456758951841615
0.027718874771803344
1.6699783814730451
0.049038600341991374
1.597014806779738
0.10166831160973946
1.6689550434581732
0.10504347609563684
2.2268171291947914
0.16961844834165296
0.11612241346198467
2.328382550811221
0.16870741694512462
2.156012735071575
0.23933297114865523
0.1733848947740434
3.6276325685009683
0.24939628540941533
0.19284994665450605
3.3109939550045233
0.32866659127765013
0.24339378373764428
3.2891752651929975
0.3284913991142764
0.25572165128753516
2.914500862119784
0.6641013041097522
0.34102867535603865
0.4210481483791892
2.9205147269781424
0.44476766459424694
0.34350812267635517
2.523027544556196
0.7789701087878281
0.43282106515065505
0.49579715770924254
2.552803189596887
0.7438224741949513
0.4924021157476366
0.6056152881007199
1.8858625161745095
1.0132872026811222
0.5836822173114782
0.5700012011059217
2.18855204588517
0.8517670820887628
0.621698082476484
0.6998379071122688
1.3974258253312546
1.1627920315056968
0.9338417850895223
0.784732509538176
0.7306208438119126
1.4388493614492948
1.1106066529491465
0.8879778516735565
0.7976156247638886
0.8957325870065634
1.3151273800089363
1.0684262190423242
0.8930585417709207
0.8210744280466226
0.965496856553005
1.256408278177765
1.1444458905740182
1.1187545011853008
0.5035607927020169
0.5968930951576277
1.2167737434074446
1.3069127231458566
1.107293960668368
0.9150168924901295
0.4786014904668708
1.4467032816331353
1.4387638504501152
0.9643814889287369
0.19450863422483944
1.2281087491267335
0.650491332545449
1.3549235806843603
1.413525429760059
1.1140241737110201
0.02812300595796979
1.2683711068863732
0.8370129277881106
1.6434637305182767
0.5600656115926871
0.9608968308502909
1.3928625204049196
0.07033522642400311
1.6737078304158493
1.6065723790333544
0.5996057561857299
0.7461455255884952
1.4216950211363764
0.17386295799293944
1.8651098961579993
0.03005208758640814
1.6041430276125295
1.02336138176767
0.5889940326558457
1.466719678825559
0.18278961658061849
1.8156927079828136
0.2511004832121602
1.3953680044857173
1.2546692699643882
0.5048861507344167
1.092080730161836
0.6330245363139387
1.7832082601705042
0.40497742116442276
1.21565754379922
1.2814487853060421
0.4699638883241949
1.3015072069209548
0.36834938281419416
1.7678994543102085
0.7366132672601633
1.1708679379218059
0.11151762038513036
1.3601016587758021
0.6572416123206205
1.4742072757956215
0.13741998399651756
1.7699867147200077
0.8686715757692841
1.074523927112803
0.33025868091720834
1.0590595781483507
2.443505499209368
0.05364115895636345
0.8644846521114935
1.3657463668509102
0.9490560324336228
1.2562725727073283
0.5283923291214075
0.7885142638236738
2.2736784590312147
0.21330868252562943
1.0365930510811505
0.945364071764041
0.9802127688831569
1.417411211099023
1.1020030370832772
0.490912576949463
0.12701881902416762
2.531929457018476
0.3777537552443281
1.2104945337860535
0.5072744361201
0.8954109468970982
2.4824367102058416
0.3311089961432776
0.26659556493675884
2.201916619593153
0.49704157488942213
1.745457671769679
0.07574032511989776
0.28744714711764424
1.2162044682692612
2.6167653796320423
0.1984262232433151
0.5976323907850262
1.8189392860476976
0.4905329515466022
2.069317513926191
0.31172603015067046
0.009297450758269795
1.1540926351724028
3.0853316205871946
0.13792575688568698
0.5482883309835483
0.6880817942545345
1.5532646363279794
0.49189424711163904
2.01263133468617
0.35658548079090496
0.4165508710686609
2.8788736110118767
0.061705780330447074
0.9338738766301535
0.471113072350489
1.372026606794665
0.4992755664421098
2.0701766087498332
0.36789344406282215
0.5790264347817797
0.12484637162180315
2.7835610085920206
0.03880998682714276
1.2607370397942015
0.22227993326203965
1.156023086081031
0.38708743930824246
2.5435125767613034
0.12168359468506741
0.48876450204853583
0.3338734575908421
3.2972718291565033
0.07068509776470089
0.5231654695396484
1.8821338058412262
0.16087188695124016
1.147335738944668
2.709579617148377
0.4873797503834189
0.11054627985029417
0.7103516958139517
2.9601465527940527
0.1535676441737944
0.8941061562363759
1.4488625526121048
0.4143022457974351
0.9649653587147234
1.839147000198902
1.0296620623370842
0.7812617971567364
0.3206281502312172
0.5942081531899317
2.4699764442334815
0.3033740749820174
1.2364564738659671
0.8863542119118228
0.6107347698107659
0.6890496227961417
2.3261954024892297
0.5630943709736813
0.7984018994277375
0.8256251375910322
0.3479952240746146
1.849133201981857
0.20882609610518424
1.9981930082528478
0.25016261121443983
0.7117509262791586
0.4386936789020469
2.8107833337600816
0.041021627005119965
0.8741701308636821
1.1732640717311043
0.22882173704940337
1.760625375169242
0.2251314765926011
2.019272938137624
0.36185098017219225
1.0527048154683099
0.21485155072808
0.6632033438242516
2.7897682582412044
0.5454591610816606
0.5447344168422714
1.1670306024410784
0.4491732888635577
1.5092746779927122
0.682211966343612
1.6246377544420287
0.9402949536224047
0.7567931045297206
0.07370163812297903
0.9433366085482725
1.9614668686507282
1.0951330995012778
1.0461237705084627
0.21244511503836677
0.5119398992115981
1.545780215002582
1.145109847231294
1.1502510192580278
1.4329004532780796
0.45236130482736453
0.036652434449231164
1.2719748523815857
1.530700425132519
1.5851333093263333
0.5356408436953681
0.47500474809292587
0.4917732881683792
1.3527227462663967
2.1686181675817706
0.6402436254577692
0.05165438465263654
3.0165392409220684
0.29521970159469674
0.06862712676008473
1.6001530312485823
1.0138120179515204
1.9556556552388447
0.015742060623867293
0.8993004305848664
0.25808118064068275
1.2564756808680007
2.907771142654552
0.07875816004498472
0.23923940447428468
1.8085326242039033
0.32525264713066293
2.4124334206292226
0.40727590779075384
0.01765364383237843
2.8729036977687725
0.6379150968654651
0.8151518617566408
0.14009221112830972
1.1197721398981018
2.853731976790511
0.42893581112704876
0.13283766329850893
1.3438107446958747
0.5760555117582674
2.7013748519651073
0.08138036921847644
0.14430851616494952
2.795426670175618
1.036675244512179
0.5754980712303229
1.1987094784434147
0.2660219661116149
0.529621253873904
2.786573385618146
1.0064123600346364
0.17108893794880967
0.7864189811153576
0.8501727408208637
2.6283463646172773
0.005201837003832258
0.6099405295710948
1.961805252792015
1.420455021768413
0.3196602806104944
0.6576707020883312
0.5785565745256535
2.250824555843078
1.5289940124996435
0.19199133476906258
0.17252505457028344
0.23281363043406753
1.1200393907305108
2.6652875507604055
0.1605697264114772
0.8464340282533747
1.1284782136682954
1.7423193099046184
0.2205538605438782
0.6057090926032545
1.2434969562164493
1.6080018810564791
1.3446988477720534
0.5986689521025
0.06265309732496359
0.42746657867471394
0.7107601521575467
3.150688687916762
0.4403187940660539
0.25027785486774384
1.3480773441081852
0.4385791486455735
2.0006637772719684
0.33279258447902027
0.6582032562989683
1.756087977623708
1.121641195577458
1.081689100801249
0.7241785688497867
0.6852082342231223
0.7283790042979527
0.113658779131974
2.6419229482071747
0.9324360955645509
0.6986742381196225
0.22744100378168744
1.7132764170487518
0.6740708458721105
1.022817596402242
0.4488993277578925
1.7970291570395507
0.861702666753942
1.0662607835401177
0.7647565558513604
0.9353920691993988
0.4998700109062307
0.7829881380467881
1.7096032740959388
1.8117205552980051
0.19859587648755048
0.6107704439147859
1.5446377077058895
0.8030587394445523
0.6449274813538841
0.8584564589610922
2.2006763154639017
0.45239270514376373
1.1340118173908134
0.6363834789187872
0.6610926987635546
0.8169100844378019
0.33029898644219724
1.4607010166801893
0.8287770323040861
2.0909625955815407
0.4823114940761768
0.31504278334900127
1.2329247207898377
0.8509159272903218
0.18527292641713936
1.7237392945831733
1.9352593270086438
0.6465022325165607
0.7031423347394907
0.012817382948615787
1.071795820049468
0.17218251457807804
2.595076658438468
0.3048503719924016
0.7673996200597758
2.1110670635057125
0.9245658529332232
0.47888182993275413
0.4877799115395425
0.510571922054346
0.0431707997224284
2.821905305689052
1.284889301613383
0.26986610461656046
1.3979614968630136
0.8718786123735214
0.4412389934207039
0.13366622882976859
3.603039441261095
0.2679305752129305
0.16820943717325154
3.3193822608194705
0.7703811564999554
0.20388096883635062
1.109984172080849
0.400751890120617
0.5253468048039838
0.8052645039679928
2.626452398364675
0.21106486012557385
0.9723617589286461
1.4850717787750882
1.1222427661904966
0.15176401017609487
0.17171295623774194
2.293436802551615
1.1300645393170323
0.2837551794798088
2.7592808374458007
0.16259106947731794
0.4183944701698594
0.4136252950921929
0.05105716601962646
1.2170473109407003
2.3598539482435483
0.9565594209209944
0.572774026159119
0.0034627768555362238
2.2198781095909186
0.8995835956184558
0.14562379633636607
1.0862773740677198
0.4595946662671034
2.0980300690585474
0.2865124274102704
1.694685965869524
0.8532486760880371
0.315563405119467
0.45562079758756086
0.20608091631280917
2.0432662719249874
1.578910586380049
0.3307344886154931
1.6012633909140104
0.4381145965207532
1.423904924004501
0.31859426796881357
0.040429217587824084
1.5204837424743347
1.1137143911664271
1.0564997074197875
1.7656238100081243
0.1659366675710404
0.8744245630805662
2.4927589082605155
0.6220078214514693
0.08082946544938943
0.7164314844927963
2.61249138897074
0.3839015860883459
0.6953067216961771
2.253639539062156
1.241370188967778
0.06523138990352474
0.2660806216634276
0.9418577728748907
0.6965900901234034
1.7625504627565711
1.9128685993236412
0.016359423068007722
0.635448320075335
2.8527250895060727
0.879941363753659
0.051552391122686565
0.34098213384938025
1.1989561369362216
1.5097506391357034
0.7677294915981289
0.8700215125181124
1.9357530278216093
1.1610385300634
0.08914941639683216
0.6839926314305333
0.3691665342606381
0.20117876512167882
3.556088197101707
0.3145604881286534
0.5320941796502805
0.7389933145092255
1.5012570943459018
0.830128771522216
0.875891184057702
0.9558822480548076
1.1165508471293648
0.13164929414076834
2.4539328582762985
0.7655636105275003
0.30676977756742807
2.2799618581107666
0.0028750335064473822
1.4829523079942462
1.1351553934989644
0.1319264528573079
0.7988002255775246
2.7829052186254177
0.43293274571538914
0.770751079486767
0.20168557178523763
2.321542450539294
1.047784603433911
0.08509308381650606
1.3315314933573432
1.7132390032265037
0.07133504734460636
1.7200126914405285
1.429251782528915
0.43003352434600267
1.0059631416615242
1.661844907628484
1.2629138119391363
0.07233857213335029
0.5989156390741835
0.9757824003524757
1.1228067811976958
1.3508766125226361
1.1129169169653563
0.9137780149091577
0.8811257234131402
1.6089447219009414
0.0148607552490906
0.5449177669550355
0.8859590515274332
1.7920929320398473
1.093745093549596
0.7332519751840496
1.1863931038067386
1.1026881139121267
0.09536726234756879
1.78546910043759
1.5994494937501413
0.29706253084973355
0.7871632540666531
0.39450476823947683
2.4357196449199034
1.035034318719574
0.17593312487024373
2.32574286643016
0.5263990173871144
0.05663315059028338
1.1761718040946323
0.35579521663870245
2.2946588905577725
1.3048778581875495
0.451822393235894
0.03349673323790475
1.0060464093827135
2.204422283430123
0.10739510322622313
1.6057390064036956
1.126913046478059
0.4237383190863376
1.301245657960069
0.5389962872852723
1.7067204438961954
1.149639816060666
0.18066071984350865
2.161947507936948
0.7754143163758053
0.28245902404784795
1.1218525535297221
1.0268558629934936
1.5764036097835674
1.3868538453352317
0.2648754755793777
0.2454864843951035
0.7037533091584426
2.2292271746655876
0.9859706271718455
0.9634025118016984
0.13259533771801943
1.0737836551287143
0.9050594824124528
0.9382023379928238
2.2627523028154313
0.05093589917352865
0.8439667276243369
2.2672475208594056
0.5180718485884077
0.7476297292929855
0.550915556923745
1.2551396565428836
0.39247919125360203
2.0643148875263604
0.7189884157658593
0.9227990856235919
1.1076691217819654
0.43197081850947355
1.1507450489925297
0.7460516076641835
1.4853331194453618
0.9048383002686594
0.1294987586149313
2.199495173314201
0.4019973752308339
1.3046424177473
1.590141928388321
0.15985862566902653
0.5782067690817028
2.811870499844568
0.7321624735521487
0.39134514577317453
0.010246045173766389
3.076574640807009
0.397902481201319
0.7439440359324141
1.7705553291040792
0.27838548554907205
1.5477033906744413
0.1178368864335165
0.7313992285811052
2.3250400709548384
0.8191198323008201
0.7879776142406555
1.4583817024894727
0.18041602683257632
0.3646089931802673
0.712190545120596
2.1983533180425243
0.0006197698742461543
2.066065023737808
0.4256074120473954
0.7609096786410934
0.49967374267804976
0.1058148252456957
3.3995448126051016
0.7099295103111969
0.006216494985510525
2.6610491216667866
1.0947661108295157
0.35339921807659425
0.19058630433732712
0.9165998437118801
2.40897648899884
0.09949947290602806
1.8145692867834302
0.3638851402493734
0.08537132697753691
1.6306979053982846
2.3381674370956946
0.7295506897115656
0.06539388462446634
0.7229746716120283
1.0964132399489346
1.9947960081227218
0.5575234113989691
0.1659194042689029
2.8825085454938946
0.5234027941822051
0.5799694246234841
0.5613025940038522
2.6236571546032144
0.5976105717630389
0.11391723986176569
1.2520670205945883
0.526646408698421
2.5438097667512602
0.46899294281821463
0.2944659760580082
0.4946022444515068
2.9482904305150126
0.0848005789802738
0.829951342735724
0.8615772313014417
0.9007222966822869
2.3020999163902927
0.37919743287378277
0.4679713900509279
2.06634001366243
0.14782534237399042
0.9552615385988501
1.2074038409329597
0.4700079629120676
2.827577350830662
0.21748051724900566
0.1392678825574168
0.7129452525260395
1.7934759681943915
0.7694735241859871
1.31808793134978
0.8179710626665645
0.8763607885816019
0.246281303689401
3.0281328290277263
0.04531907974397462
0.3672785895079437
1.2281271254598334
1.6099494982827702
1.3509649144117226
0.48930633613376395
0.5431313486031127
0.7736823315302194
0.3587730285935887
2.493732310898026
0.160908983085819
1.511080009703221
0.5232026153889477
0.8048923540579287
0.9392234167020348
0.35277039722430475
0.806316110728948
2.9147508365766313
0.5450606114579857
0.24632147135680815
0.8699899648517967
1.9454358977775745
0.14157161330668305
1.524009460531321
0.9478327271882482
1.1308434815016999
0.08803779481381528
2.3225047079085583
0.5321417042998157
0.31566662359929426
1.928257405909403
0.37008575969544144
1.9466522928870986
0.5185055595965785
0.25845664337963153
0.8382027970699869
2.2445972625167596
0.5137887881038415
0.8887927293111939
1.6991891270638775
1.0343124753627646
0.504820603132727
0.474235412061963
0.3416974835544538
0.7404063895557471
2.038502769515497
1.2393693360652054
0.48339377412198753
0.8423055695895227
2.0669183478463973
0.10080252848704932
1.610751443068555
0.3547677015767061
0.17797431371078107
2.036998203528592
1.80627904688564
0.6239459182049908
0.26354894963352127
1.0288925258243709
1.5348583131907347
1.0018306768220409
1.2263319558226196
0.14888993345808435
1.1907766286022958
0.19894044644436493
2.5555799585122236
0.7403171957963144
0.026314305379466423
2.5981186743759364
0.27827138443331584
1.2894537735510394
0.4017779821591407
0.12608965021291077
1.862398330189355
2.3100426107530274
0.2850288510038825
0.6297275129622972
0.35275410352973197
0.3930082421975105
2.4468690912186366
0.7431239989276385
1.1081994036480536
0.3074374574267506
1.2357049751253848
0.40483582963236153
1.2943420722697452
1.051337006858937
0.6837979715023071
1.7954390291412228
1.0638374660985852
0.7614830314324648
0.2693092303495476
0.7129932181194751
1.0150341124616948
0.7408310899384434
0.9074795454274323
2.264974185164083
0.6435294398541563
0.5691885444948003
1.7251576287116959
0.3635864017052469
0.28370387090688115
0.36507993987397414
0.5240742863187867
2.2941575294889134
1.0021448050929045
0.792638750204599
1.1733555813560743
0.6533605531754346
1.3736853428975337
0.05953008931184066
0.3832491006277811
2.5301871258274526
0.29920665327837154
1.773799135390225
0.3243047608533825
0.31028143192458485
1.4479417606998295
1.1881392933788388
1.2393145064504822
0.24062801360487662
1.4457459390493932
1.1243890300424244
1.1103396106275012
0.4882392209375373
1.5366504608213236
1.0553956038507801
0.21371214481052211
1.8855692032845033
0.3851889044027329
1.2750289504963617
0.4718842565464152
1.6256612035559952
1.5697868887654605
0.23867975647044135
0.6768870577113287
0.25183495239807296
0.9764214013124393
3.3615802952734573
0.1780003814047023
0.09696125738240491
2.3516264965982137
0.16242409276633085
2.038863662499518
0.1395720970572806
0.27383682169667617
1.4221338851170635
0.38651602418342135
2.429774499612103
0.5172662209927267
0.6998698495997786
1.1483907074517474
0.3825077294479132
1.2199206111418288
0.21343117923827581
0.7630146080248464
3.7380460139487512
0.015132607283687793
0.20120215111463535
1.2709860322403186
0.6890186947596583
1.9274725910111323
0.4062847364486418
0.28031102771886596
2.357808842325307
1.4542107159756958
0.216909012926214
1.4712686291185777
0.5397892546778579
1.010492333735499
1.3282191130282615
0.632311153212054
0.45818918999985153
0.9375734268700765
2.117267900571699
0.7994119855188597
0.9032189782762251
0.47133300743244383
0.7766520735490298
2.0857032425371207
0.12181161338732384
1.2348451500227156
1.400979711465956
0.7826294176528549
1.0605974131414506
1.8446270677825027
0.01764376034629627
0.28021186383814517
2.832729399751399
0.8414184595422606
0.3373400678539943
2.3405443760660107
0.7216254791946485
0.21046282512133774
2.4815124828477404
0.7869483668450563
0.1397107651889874
0.9202667962274205
1.3333241808272793
0.800536300071602
0.8356251192213596
2.2624377505109816
0.7575099519011257
0.04052192709155506
1.6486117911266336
0.27821969262009477
2.0181158699233506
0.4439474970582179
0.5237848028972154
0.6572358135038356
2.237635120518749
1.3423285894903614
0.35915806056091504
0.18638196961055842
1.7446350343945674
1.4240117912446155
0.4169026758648953
0.35249940633134746
2.913219563748236
0.7714960884253749
0.6195128491420292
0.12371980233877677
0.6567244578358982
3.1284729641214235
0.3649748655425784
0.26539984753781515
1.6161080826870349
1.0178782678394578
0.34268342470213975
2.5744528419433217
0.23276286830541026
0.7593750154766421
0.5234004967359979
2.048481010471219
0.5089347007346685
0.6905023595430744
0.46239297975715465
2.441791070458593
0.237072628592034
1.3305319348573397
0.35566322154785296
0.36797218941420073
1.8409312489713414
1.4443710917311783
0.7546925592883327
0.9490678695054954
1.497658560047836
0.1410477267811339
0.16405630950881953
1.575945590558787
1.3681889617592584
1.7329987753372724
0.11929276241205143
0.5039595804221363
1.2542347586952345
0.333752280389302
2.2077288574835645
1.5618338529722815
0.11298214966163063
0.4614935611553845
0.9789824802305288
0.4053475138933199
1.9912393321532773
0.6930188411007168
0.8734309593189564
1.8845633496220346
0.13802393934142912
1.422876735507807
0.20611611330667962
1.109568317680267
1.4554929315570801
0.7229555672763001
1.2637168031519468
0.6426925144294795
1.316605693708643
0.40393442448962436
1.6132416002065177
1.1365687050857027
0.7523101044257233
0.9809988430538238
0.3353677835537176
1.8657337795041793
0.07368943711043452
0.9159135038719346
2.735224792796328
0.3231977921730292
0.8301130830478992
0.9315201214642661
0.6574940644667828
1.701160286334905
0.10179221094763878
1.9377072200346293
0.6216493935283701
0.35121615863017164
2.0205615818574936
1.0929600666467474
0.31012590365471404
1.8380783940836738
0.8350288342811698
0.38983976323267944
1.7871870708878397
1.6107548282794304
0.32271532452865903
0.8273930936332992
0.7974675843437311
1.4789120411492018
0.21423241831652134
1.2791499100665118
2.9340785215719647
0.0955975364664284
0.11428122348362113
1.6658267798497957
1.135719976949757
0.8706014986283165
0.4719443418156957
0.9217099652376017
2.5862821618020924
0.324392134168095
0.7501950826771469
0.16966176182580572
1.5605371083975406
1.3519872242267956
1.3012782641942782
0.5062703164058489
0.09328726461060959
2.4687248052647246
0.11157449787057462
1.0375034916165917
0.2008966575728677
1.7367832739190947
1.888369776817817
0.8083121224260283
0.0550964723991651
0.038015987320272636
2.894511263913367
0.625009555982295
0.5917294009567587
1.656231166689214
1.1284036068989327
0.9072481269721664
1.449763838185835
0.018333268465501148
0.03431476076602121
2.4483803625759917
2.0157777220195423
0.31011077360448835
0.4429577311962624
0.9763412610281799
0.26443118189382725
1.128963032491382
2.7849432898380293
0.5399130934726865
0.21911978897566642
0.1445580858578891
2.1410460121452854
1.4588150738484262
0.395002159813343
1.1682457953906435
1.823077914938746
0.35398117092967435
0.7395532274791002
1.151939108885662
1.0253237197569263
1.025082663710733
1.6234030309129082
0.1304423893369412
0.9208618432089442
2.610383538721091
0.517110366582033
0.33433812132780244
2.6315302125106017
0.2410644680050452
0.516048717310741
1.753316041472403
0.06746104730127302
1.102330701712351
1.2860376429250353
1.83944653858169
0.7960288495740403
0.17882674626347445
0.3989216935402986
2.758279721071344
0.006248282183430586
0.4993874849099101
0.5837535921848949
2.811771853441074
0.6768247668518622
0.25781640640023845
1.912717771831636
0.7748824511929303
0.644530196292124
1.8803524428215488
0.6574651908401555
0.9884744947911723
0.9569832085887909
0.08029992334497389
1.0950082045933098
2.4387808100347335
0.898106465329262
0.051556112754638256
1.56249696268052
2.01752662472106
0.5418280700685825
0.7351733616875263
0.32296462969451173
0.4018468139506495
2.99123996940386
0.10207221263327357
0.8314043248145826
1.4284151071023312
0.9177056994707224
1.1860738643587672
1.2611988927162971
0.12023458773128776
2.3718541318885933
0.15727223914446464
0.24579693330467375
1.3005384011510142
0.15336761322507236
2.548074238496009
0.30987253438939594
0.8173993443272961
2.771278559124663
0.04248625530161702
0.1682646129251165
2.693108946499616
0.7772359447164768
1.1514623002158648
0.46325405618384713
0.22834460630278275
0.4783728931074313
3.359878873407762
0.6398529718961569
0.18097968818455704
1.6126657356600917
0.07746502130044804
0.8975417016538707
1.6362298474990187
1.1527962077617322
0.13680777467960542
2.786561744473764
0.2531825844458964
0.44466789671224827
0.6413583530392561
1.7319791323907485
0.24823578864056897
0.648766039665472
2.4637268936650734
1.3580791474222733
0.3616969518663535
0.06590571492069267
0.04894734631400646
0.21807322864793782
1.1460571527514654
2.2575844660534155
0.5751480436124818
0.8340429776335602
1.8467007415199908
0.6377486123972935
0.3028489060331903
0.001743828144027239
3.604150758615304
0.7031738253228617
0.14910787805198591
1.7904698996916713
0.7596284043032971
0.9194773178862979
1.2110785890481794
0.7167485625846737
0.9194397641655174
0.25537759281092093
1.723125155992016
2.6031761559452526
0.014269681964797621
0.22704013767597117
0.05882970521047762
0.9227126429605861
3.096010060725216
0.04254946671918282
0.7688396606714883
1.3512021709315167
1.1379609739818382
0.8854537798818165
0.003658767364589533
3.3361143156217437
0.2981448909493172
0.28882632453928936
0.1859588851148924
1.7403017547595916
0.07505171652299182
1.6473255886378921
0.28881906803006535
1.5548534565716687
1.152698011436923
0.5194742002184365
2.191028055361791
0.669299070182523
0.1179997892537821
0.7481805465258731
1.2380621665038707
0.852637222915128
0.32874650030903707
1.047087671373213
2.5276624192578505
0.024171765258193617
1.5054621749499633
0.10046014771226851
0.5852816586949133
0.15876067873699953
3.322729427401299
0.40784529942294884
0.15104927244729163
2.9267709909845694
1.1949054356652835
0.0022159918413719375
0.8051631824787788
0.3967689675173399
0.7786257531046047
1.7452500483158893
1.7913243217444812
0.5524098699899852
0.33127377962445587
0.45854799028847487
1.4433450799601233
0.18692972245377346
0.9382901993774206
1.067797624082719
2.070483354512639
0.8641793296655185
0.33824843808261074
0.7491826085567156
1.1837011075157857
0.08010130840267327
2.1039260972002953
1.9095167829319302
0.007031902193637993
0.8331093483013481
2.2720618822253633
0.15917872972877628
1.214290423611699
1.4492151810676792
0.6878882334495202
0.25805325674256874
2.4786771142415835
0.6774362091837186
0.6966909465936822
1.8084679016241458
0.15813902023303542
0.5963293735141474
0.56839041072698
3.0575938559683906
0.2684190412445566
0.34641132379727957
1.3922506099077379
2.388567611053088
0.08677508060390579
0.24499466688240787
2.9906369494860026
0.8130765327775272
0.6841995593203253
0.22965507648510108
1.839261442557861
0.9874640718738168
0.10672322240951611
1.8586292396893254
1.1012981159739261
0.9953667462567981
0.9844461602677882
0.47612618283132097
1.1656529557891684
2.3284618336739062
0.38935190487080407
0.3048820588070984
0.7050142096366961
0.5666699285315469
1.235992776643718
2.551377403887689
0.16702779117953417
0.5441711393114534
0.7820117959559417
1.4423871788267881
0.8268014452181598
0.8579462961578778
1.9836792364639393
0.41697796918905056
0.387272688047082
3.050315468749229
0.2782845733216545
0.6050083124479334
1.4148492018765706
0.1860582938299191
0.568166167305986
0.888335034136223
2.81186207318875
0.062146347051227145
0.9246445572728236
1.362237621318399
0.2892130701690533
1.934352115273874
0.034462260141078734
0.5506106544202278
3.6324236113568684
0.4318697210646278
0.08572160853695834
1.0344568599447255
2.1755281171291387
0.8054821454096085
0.5156312312355207
1.9925375364794027
0.9131521998983674
0.18191907283770176
0.4493157236434744
2.4392989779962657
1.2439339273360441
0.2114900797887411
1.6309908027325886
1.1174491021597721
0.209690398759349
0.9411939838487708
1.1708998980137708
2.3325924070750377
0.014187176316339374
0.6294361657991107
0.8181012990002501
1.6209723430885574
0.317385567990922
1.7607394982071973
0.7199040953149793
0.9410753982285156
0.6126248883906369
0.2005385658354704
2.901907915706297
0.8834123300835716
0.35878714149176005
1.5476192523783345
0.3454325792098938
0.9791652847746465
0.8760939094938395
0.2515183801604927
1.8407373917837664
1.6003275516295536
0.6761032337202507
0.7146580238094931
0.587547465500499
0.7138309388587356
2.508378520451753
0.7660139170859938
0.5151564021034831
0.31189770568064645
1.0856790830842629
2.4543475072253065
0.057183141521427776
0.4414899852911167
2.089836487115345
0.8336120033593258
1.3326444513520843
0.7599492201638578
0.26736200840246904
2.0911333319200414
1.1711026004036336
0.21666819003245436
1.2205385379796097
1.5583451483146984
0.45777078264051474
1.6503349062004604
0.7852795814537487
0.5734194799262393
0.29152069150128235
2.8489969040068877
0.5971761040208867
0.30742479980655246
2.1761155244936288
1.154652963079252
0.1973571912707822
1.931947633923894
0.006566041070353312
0.759646421887116
1.6310807055831604
0.9116958392343639
0.9766569971291074
0.5146526379716398
1.9506630430408392
1.2299565748330523
0.3580154731292941
1.2911561013117911
0.18953481404829287
1.3629743654982238
0.34772285892978655
0.5284044639312765
2.2236350131405973
1.6631094300424474
0.013931248720616662
0.9633324853922623
1.2234149983681168
0.5949066181182585
2.002857266531641
0.4475619937539241
0.9583225530921641
1.106176741343382
0.4398607923282375
1.062831337893499
0.813309502844479
2.1725325645288645
0.599986784995993
0.7883074491924101
0.1390702969602379
0.017838168709830075
0.5678873641070972
2.5806484714668767
1.4557216041557317
0.2037175752294079
1.1366879482647327
0.26708890330898577
0.9185263451746242
2.030172554174933
0.18456089384131877
0.18842206188474706
4.016516249452205
0.11456155483151316
0.2664286691566396
3.1421823704363843
0.5134688515154322
0.3229585185283321
2.255954355924229
0.9604973488376409
0.44880833080904897
0.796925717007344
0.8850396776843212
1.2290284833949991
0.9662678952900362
1.5062667689405511
0.9347980305674901
0.46623141775059995
1.0174322267168308
0.5924700723130688
1.3533098436257636
0.653256853266633
1.498777722449696
1.3487256638927207
0.4552332334089731
0.6022095752905893
2.556883589131076
0.36439781809696814
0.836578384682108
0.3948461839104411
0.26448628159912524
1.8944889611337101
0.9719577337405538
1.7318137794030766
0.2597263316705005
0.3708840133479991
1.4858536037208816
0.11526594259050173
2.303112519337986
0.30584444120374293
0.07708661658689671
3.642395458183473
0.3902844143835362
0.44969765389314226
1.653036068110901
0.41891418616191306
0.6368151683149054
2.724814162524725
0.1285579244847181
1.1334892467447542
0.6618561213100856
0.393157287396037
1.1417623006454456
0.8708019489541694
2.1401882492794493
0.8727335260710244
0.01838030932697973
0.6622735174503758
0.7591690016200817
2.4784848462644287
0.11808895275593664
1.0305309067372763
1.2130304070303015
1.318556764760301
0.299293326061398
0.9497644609503646
2.716942824771216
0.1420458551473115
0.774066636081625
0.07269402851010723
0.4573067023755158
3.4580612549978698
0.40089849564763014
0.4785801657152719
1.410127635282221
0.6102426216021429
1.5943536044609032
0.08949721656929667
0.9799450249252469
0.49948850373912446
1.9388898002852226
0.6656927476034341
1.2578664139403195
0.41773570494594364
0.8744750866295584
1.8649117385449667
0.37093538343408056
1.3540343393095047
0.7564787039815115
1.0921272966569782
1.0247489379586672
1.4387478876382533
0.0560978179762272
0.6878469433125749
1.4711983748430904
1.7698076499683193
0.14414902693095613
1.1158079599794133
1.0158714725047813
1.3058189709112988
0.1727690108705111
2.2168512137124927
0.8873830321711791
0.6264731243535238
0.2021917035106295
0.14157456762073856
3.7846548515850356
0.653788153868485
0.10174512242491356
0.7951528751801195
1.2780357844847023
0.9506885546161754
1.1353642125404284
1.4240808023992788
1.0087455851059781
0.7435695762905573
0.6547714658761162
0.3511925765596709
1.7520036038445252
0.41939882422900987
0.511008228173843
3.251566640394375
0.48506376544533
0.2308192642548853
0.15560537122230791
2.200417289463548
0.6646240488418262
1.2150329417632268
1.2013845769942189
1.057263849867479
0.0873325143029612
1.4446033781230438
0.6955610072962698
0.8864331775128824
0.39972351072598505
2.5975362111144005
0.36154680480880746
0.41366988744737626
1.2229233123587173
2.2432613802912624
0.4703039794513227
0.5585641026557762
1.0180019517238106
1.4337618817777247
0.9275724937859926
0.12582060186861613
2.3494977874302694
1.1972619452137683
0.5818320437626385
0.4401610687854978
0.6420063218125027
0.3789512295625325
2.4614571533365224
0.40161020868787467
1.0335299073474633
1.6670540478581732
0.9884656173066328
0.12010773038015578
0.5239969809661394
2.6827834213311585
0.2955300503776773
0.08189447181927562
4.084067682050532
0.4411236749536311
0.03801894673603382
0.5135573170376379
0.6231303241087701
1.9337280223488327
1.0482942658198506
1.0230454216974065
0.9724476940976
1.0910761857230347
0.2787450420215065
0.31588773018749117
1.468488358211588
0.005011986574368921
2.1985059184223883
0.8875141153982854
0.8462097373467874
0.34923697842217694
2.2922271378759946
0.5554905835308576
0.12298276597685028
3.050492222740016
0.41280771474574335
0.3789325498058728
0.19507484236079498
3.6678665154200156
0.16397155745886563
0.4930423122558429
1.0533901748924837
0.01234019102795405
0.5257079975797943
3.172996562855317
1.0364015781341605
0.15869979402539036
0.4940539544238871
2.0904231107421167
0.7950336160325016
0.7252872489294865
1.2694805423458166
0.37658971753087106
1.3003740108727275
1.369624824088999
1.0379771246481042
1.0884985186966882
0.3423481926689953
0.7935631527780562
1.718682313241251
0.5275966778392456
1.8857423888646296
0.8058245118660469
0.19436514454667417
1.316774335686318
0.6022224157182698
0.39438660140454745
1.0540635227269501
2.4167283939527433
0.17966203740342224
0.9038643052272659
1.097059380994914
1.6976214923670045
0.7151806215293371
0.3567377810662929
0.5093382926964942
2.921493571924469
0.5826068213758858
0.2813387093966657
1.346482178976107
1.2759139376769817
1.307713260401334
0.8494202615816387
0.43392044003326413
0.6421567522546977
1.1398309434166736
2.0913128526507223
0.024681707107676566
1.5747760126797017
1.360747766555663
0.4361884356618147
0.40294961919785105
1.4119998858518161
1.823967149185325
0.21138148332182186
0.6100414162493821
1.7830837300769633
1.2461508369779115
1.2368282514636444
0.30356207026085236
0.173766451615959
2.1367019354591354
0.35514451821627335
2.1369090226336853
0.18476741436616195
0.2924352766947438
1.4003815855507573
1.4807616854071923
0.4912120666917732
0.5160159215918653
2.1837473281648636
1.3595255951453196
0.49628432765513875
0.35325342323301895
0.8185359522761434
1.58378611405615
0.8114328952914045
1.303685580860207
1.3916453562185824
0.31988597453862666
0.5544553108262666
1.3263253739694272
1.7639269126994668
0.6749609619540418
1.000845648169624
0.3409714414695109
0.8740083991538989
2.1176465471835906
0.3466864759564098
0.88005559441189
2.576753336124092
0.6089200016773739
0.10271753205097499
0.9123608550247505
1.272690402003398
0.8138450414483602
0.9576521185390449
0.028301085595043067
2.0965189469626244
1.533637237963677
0.926223971636099
0.062255361172680275
0.38438723060517144
2.201408850011414
0.29150111789751904
2.1891936118935744
0.2883435015802934
0.09349837743822315
1.8662144075709775
2.5545285149716346
0.030199063166512167
0.024446569496947314
2.7235083309024586
0.575554147041152
1.4106747029222875
0.6916096887446648
0.029115948953720754
1.9697692709007484
0.6579195095668052
0.7754797762677402
2.8043375357605176
0.06767231878186433
0.4754319476788908
0.5562838865483328
0.07115563203941012
3.342526089492412
1.0036932075712754
0.14033129220857007
0.39547277351901333
0.9308523696126757
0.5597229588675292
2.242003588382647
0.13824184920464722
1.667933159955154
0.7185975553415177
0.6130236682750183
0.8234683013310611
0.8185414662750526
1.1535480540489946
0.7852240050850768
0.25630255484107556
1.6439120033740857
2.4156245153686204
0.3227300368000416
0.22722588657537887
0.47731019801442554
1.984504868591507
0.31183761322356696
2.3182925717110296
0.025429905230013806
0.3417082842267816
1.802297697546864
1.1337952728663268
0.42211482440025977
0.5004736575924029
2.6140499350882784
0.8359130753449289
0.8175231633509464
0.043713410135871725
0.32344072185465017
3.4309087256627118
0.5600290989329945
0.13274641232065784
3.222458209057283
0.572569498279176
0.03839580309421161
0.9180431523103629
0.7494861582945161
2.161322794837938
1.4353650807745852
0.06508772934086421
0.5253099107480114
0.6073973132063496
0.1936196183694946
3.307949528890703
0.0799385935964725
0.752546437372391
1.4884995443554683
1.112427474904408
0.8249856294630694
0.7626919700233601
1.247643537717334
0.424526617802297
0.3091510436790108
1.331123636862957
2.82732531915459
0.3332621221633983
0.16771626013786253
0.307887127510627
1.9891915124057344
0.41824644789142607
2.0636130336840215
0.7479688997924269
0.11243864254725632
1.5551973081943626
0.028368160132706315
1.030813492877085
0.21934861754270282
1.7609007676429862
1.333536956798897
1.3566744786440084
0.3482730345062676
0.02808595789952735
0.5998798360578146
2.498900470351552
0.6140119182412811
1.1406063359922618
1.1507079891978462
0.2495687658271772
0.8170212664753314
0.9342780683988565
1.7062973489333546
0.9544691163697526
1.0101535233178052
0.8972633248821295
0.23722000937448115
1.1377267540726788
0.4793542253634517
1.8604569446277832
1.129120988693707
0.7261188618283887
0.7016447720242549
1.8611570502780401
0.6667458697293883
0.38380529727774
0.7802250350036323
1.5369812049905445
1.1030133749580713
0.038011116816216155
2.9132551864284193
0.3598799922928194
0.43602099965385493
1.3128689762902266
0.9495569706585396
0.6417793597379899
1.99785586112756
1.3759897565780208
0.012406854707929163
1.1343793420899457
0.6408536347425482
0.23252518027325872
0.6535023554401986
2.5299893766802812
0.6634350516537559
1.2094275739655775
0.13243003219384414
0.2386764606533433
2.0685749063128256
1.313926034669332
0.4307039036618028
2.0045461573802763
0.3392553943588303
0.5451576734029874
0.7693995719912753
1.0341170210122956
2.693312418350604
0.014121532042490835
0.4237383259011236
2.184152364661035
0.6036552513168985
0.9735588415005824
0.4138844759629685
1.4159143757025605
1.9941006183159327
0.5706278083335713
0.19104563192564927
2.639234271717957
0.5385910021735909
0.44461298906496305
0.46527397186439745
1.2222792034675465
1.0146413978711148
1.8976279366108302
0.840182925645194
0.21058327179707106
0.777662074687928
2.191230779960958
0.9454791519934852
0.20364777598951406
1.673631168709797
1.5408883483685842
0.787321891498898
0.21692095463189995
1.6672453510359004
0.94502001445722
0.1498922958078727
1.4485648409192096
2.5596689680363767
0.18355994740175818
0.7304295384332763
0.879641994907515
0.13067454630290332
3.0030271275514955
0.6588977058730449
0.1626606573249696
1.5965784185976315
0.8424137418193846
1.620207404981177
0.014768023878343917
1.192392555846397
2.321255499584869
0.12309595229711634
1.0033032182468753
1.4123778035361252
1.0871479387182028
0.8071330206306762
0.04592441695000061
1.9811585293069467
2.2271713278949856
0.13749577877345626
0.38359000823228007
2.7818333177525667
0.5333368957433471
0.6294363315548767
0.0617240204019589
1.2820569437959022
0.9956722247299788
2.284691353139113
0.008483102206913335
0.7817944377024808
1.397494380373913
0.21956979089781006
1.8118034420322269
0.9783255188199483
1.2889807002139055
0.21638136425233498
0.24032020031633067
2.4338391446330645
1.1137899052265985
0.26713945191988325
1.2491046184359387
0.4203082105836698
2.5446851929278584
0.23662619601694282
0.5361174459473513
0.7189504277353503
0.8682051311486125
2.955537800087293
0.22710396807900005
0.03310343610650851
0.9751935622099591
1.5775770040687436
1.5513640627855867
0.48051474395755067
0.9413248158236471
1.3673209354066913
0.33830261528650823
1.5660837400501049
0.83165786560999
1.4722009772408502
0.42222152463659235
0.2137480781951396
2.202951885815538
1.492061601278968
0.49488854763358575
0.5879928865171602
2.0296258659050435
0.6847491146654797
0.49391925583907526
0.5902331996189387
1.221707632711329
0.9844726574466008
2.0987506949334716
0.2609062270170537
0.5351256901078805
0.9899853759167602
2.4175243661588017
0.2568293283097595
0.4853218289693573
0.3239694648393017
1.5444539571222242
1.7033404720533791
1.164737377920779
0.40399155938060083
0.09911245760606822
0.06043202252567511
3.3259715601372775
0.8258679783939615
0.449762551903534
0.7996141084568082
1.489687985060449
0.07854767132562403
1.841555054935072
1.616088495859197
0.648750763887513
0.2383220927522468
0.3699951084974581
2.0722118390812407
1.3459951877383907
0.5765942217200647
1.2504430308179222
0.905178221569394
0.027403463901757654
2.168789056059631
0.3273137094455516
1.8344092739247218
0.39302857777787814
0.04386476884145171
2.494009460473139
0.5355067919336303
1.2611534283066097
0.8022306219233593
0.9487492920629589
0.8598932492415249
0.535378299927735
1.005053886401645
1.0909125519197451
1.0269438707398628
1.8464933168650068
0.6573684163806355
0.4681803442794455
0.5164375742370777
2.318006350500353
0.20330291574308032
0.6515389572474088
0.6088019488319522
2.9113358518099646
0.1341043983036449
0.45562313213976396
0.9150565275328563
2.4983774756348747
0.15053754742618825
0.7847440353418231
1.966577787365368
1.126773012971585
0.1346246763252108
0.6828615579727794
3.432641116376589
0.1468974164870072
0.3028542514402029
1.3853394325581225
0.3574608155280282
1.8689761344113633
1.0267847027699462
0.7826954938844192
1.451815232133166
0.11625168719899616
0.9287283902480996
1.9082446356275966
0.34119067314680884
1.973786705081398
0.20110925336582408
0.38792213162962336
1.9549569113265892
0.5420674784113302
1.7552138401315884
0.9808143149928956
0.12706727730033476
0.8569221254398185
0.7517868285399535
1.3343489345315334
0.8983040077991153
1.1088935744368296
1.5595164197886628
1.1803873077787777
0.16603216238787954
0.3053046173911776
0.4138815677383563
1.2005619567892993
0.87796798834348
1.4328921517365
0.8675558470762758
1.396800005778087
0.3440895135792507
1.1264035818780322
0.44873133838920665
1.7410813054681624
0.5871318969749708
1.3320393664647567
0.8482710020370122
1.0447043312075426
0.20280834245632415
1.2228552470334257
0.8535066984116086
1.6455494537662545
0.7074402800432279
0.28551573900070737
2.0617605467423497
0.7385569972723592
1.3004271512634273
0.23885183881868255
0.8188190582830647
1.353235677015193
0.9402250247859871
1.2145174943558246
1.5326949776750827
0.13557399080391028
0.8743602293283911
0.5979309654559414
1.9355463571130564
1.5190785442788766
0.072163472280167
1.346693700712071
0.2466581005675111
0.6853708989371486
1.7805702873796745
0.6881954726025672
1.474523701143184
1.2485337069289322
0.2933644761813625
1.339442736336066
1.6066161595341413
0.10287757204578149
0.08442656057922845
1.122779697275818
1.5713373252095924
0.855218331273152
1.822232653705786
0.16577568177211877
0.5514710307381144
1.3853589392329722
1.1927506564876598
0.7238755155179162
1.8501951551096847
0.3571984512642013
1.0054521960497582
0.06247772527239814
1.254753281226489
1.310673249456839
1.281475109020035
0.11217609318350996
1.9622497433592123
0.7256589230867347
0.8425918053153181
0.7743281577836416
1.1454301299506087
1.2393143307846235
0.2816346718572451
2.0582573461368896
1.12330751826044
0.4528771787334216
0.37021811817533595
0.8299989517083604
2.6013451125648324
0.5208285710004023
0.6727593150746864
0.7287809786287448
1.0687227591382091
0.06636856945411469
2.114879725817876
0.584214763615612
1.4971160683690854
0.40674216718474604
0.8821169460614129
1.4345846489371856
0.38805286144500606
1.9295134679808084
0.09963105582326409
0.3411173258747296
0.6316487512189033
2.788187717126424
0.8465001821610116
0.362040317472919
0.4714730901000272
2.9930186887894834
0.25659504115169346
0.19617433310875798
2.6018581625994432
1.7907834863502858
0.030994888612751906
0.2543880300681738
1.3247212382862144
0.6275732357123138
1.6744572715761077
1.087564154021795
0.7370591160112464
1.4865193739198321
0.233263970956468
0.8495023500249532
2.2754525484090715
0.6751978622944714
0.1459020493862066
2.8534608706531084
0.9226278456170374
0.0860818877896882
0.7130306324203507
1.1666703975830635
2.1356281449231678
0.38637598604761236
0.9463894596579658
0.3079442147174695
1.0826099800455595
0.37861307793913673
2.846664356479859
0.37469422204489433
0.08351168129450783
3.5317838098877234
0.1830585175613405
0.3755072102031309
1.505474571603147
1.6137017469321446
0.10863865971680511
0.7691068274054601
0.6464535532069479
2.2886763198360924
0.8144606287740888
0.637546915838564
0.789351180156969
1.4991379679035588
0.8153976412161672
0.3778463743787115
1.9940205495718433
0.9391280074670748
0.9147623976602899
0.7355473826992291
0.7528826055744328
0.14378343436099245
2.2058019108703197
0.984943143201934
1.2516090089389027
0.20740720301141968
0.1807864146281766
3.4442733297436696
0.40407412619840455
0.2630003162094205
2.4070924378033576
0.4877773963823948
0.9987926219200406
1.0158103718894274
0.37762661802739156
2.0621832144126775
0.8249438327220128
0.7259085141237182
1.0460769885913879
0.9763442674581851
0.44727597792595086
1.7838719499512032
1.0631173962119624
0.4690520434125434
2.1251890708114143
0.6563262304945554
0.48902316470496476
0.32317401162619086
0.6130583945898768
0.7803697194977035
1.9642134020646855
0.5813444234902242
0.7112138874965503
2.520636501355225
0.29902796377308644
0.6598408961864338
0.38334461492451904
1.818319780777844
1.3154897573991142
0.2080152419804394
1.557478419825795
1.0477760853498166
1.0977399585711092
1.0131706968453682
0.26053192014045934
0.6314446125481805
2.9777213906969795
0.5356269001227862
0.3703180524628688
1.0026756962363284
1.023520222238534
1.9685679100044091
0.30485190711077587
0.6918534306971587
0.9456158216945821
1.9809556837086084
0.38191078249142
0.7838758733436272
1.710264202588754
0.5860401609333967
1.0775513576379558
1.7631716667175363
0.8586562391980118
0.016338533732321442
0.5613344093776204
2.6677957498078726
1.0129951921824203
0.6314676242637584
0.36818239126083546
1.8036922991477957
0.9755584157743613
0.23789913246059347
0.6491858836156847
3.2709439949461974
0.019307094767075123
0.4177957231733495
3.901587370738305
0.2942247919790136
0.03470594111289818
1.8827534212563766
1.0067962305657063
1.1148204062831928
0.7652569184251025
0.6692845649563458
1.7957674686355234
1.1364858374071878
0.7000371288802293
0.11471343240505648
1.2928891212611902
2.9008480903004346
0.2941172156743491
0.11488905324008815
1.3281561638046278
2.352302315018342
0.40408242099158764
0.7163280550759826
0.4994297070047182
1.5522548441385724
0.9702196474732739
1.4599548546218992
0.7466250224970662
0.011893373216275796
2.4649262785191772
1.4682950861291562
0.183125185350723
0.5630168779219239
0.41995486107536295
2.4994028151552885
1.252413273817523
0.2812945772005328
0.6442687519666387
2.6019203968993043
0.31407850477635185
0.3579538228101591
0.9198343845275937
1.567897272063155
1.260391137698725
0.08750537631186572
2.2262664912894974
1.1756259124274486
0.11381852567213548
2.165534156757937
0.3168010841614701
0.457870883161588
2.339851030221184
0.021180429333617707
1.2006558781042675
2.764393638478019
0.22772074390164393
0.2438032699202007
0.3292349647588852
2.371326766142509
0.9840138840403188
0.7829517616825085
1.131208006587806
0.024359795002570114
2.4002334780817876
0.8178068115377505
0.41081564622882005
0.20272659425031847
2.799150803857821
0.6517862664388934
0.6995984015088523
0.15008773947749937
2.9477281510107716
0.2558401749029302
0.18584801173596224
2.5284728117054907
0.2898191660440839
1.2081071579031946
0.9329408524861855
0.8639191768625386
1.891331909583065
0.538078293818519
0.5000530630260489
0.9962626489513003
1.2452318929619166
0.04541086294085589
1.976513362837011
0.7750816900876016
0.8995480226667534
1.5440919267543964
0.5895162942235278
1.6129795343886177
0.20722344728687833
0.3952934788969628
2.0440887956849276
0.22338907335273855
1.1638727402066076
2.7258406378808018
0.32602714573737934
0.13548582972866285
0.34355776629159357
3.2314303638062585
0.3661509868859341
0.5233578836580987
1.6596067350120305
1.6116404348743472
0.5365065729871045
0.11156026613104719
1.180326810939359
1.677384481858931
1.1236739231484407
1.0451806472388894
0.5038859682403851
0.8594949627498519
0.3080503483419818
1.3423416803625265
2.8454669786895543
0.07054869926528133
0.21624311511283248
0.986981719947466
1.3979857035396834
1.5708198968908447
1.0653361776978245
0.26726135579774557
1.049951509408796
0.005608297323579587
1.2302299501209855
1.0963262127502762
1.7036914533006016
0.03059572060568249
1.5626040074648764
1.5343699366923225
0.5688687656453342
0.8680117198265365
1.1517594697076647
0.9236543231780385
0.14399390618211333
1.3695450673229441
3.006181111851248
0.04415415837947844
0.2602091765861035
0.5512344521214877
1.9916855259732367
0.9110541532137691
0.9248950172998718
1.1563367380180265
0.8518812765992968
1.0388336391893307
0.9771561539272562
0.8025438353408743
0.15753711937935674
3.296052405808489
0.5749854064565348
0.09183809276649499
0.04652086858426709
0.8162454641095371
2.104602649905927
0.8809778408613169
1.3772318739479577
0.21243818342493304
0.48714904621438504
1.2703965993805146
0.8610345057830767
2.459395388376242
0.0044736472076207226
0.3360436953933768
1.3572420040716953
1.0821932232944511
0.42767980517231746
2.087945978091086
0.6685822522965115
0.5635616457375318
2.36642221581082
0.061221728152838766
1.2163401472260877
1.3530632742844533
0.447205646638513
0.03552884589643386
1.5119233219718204
2.3316351097293944
0.9444083397065358
0.007708486396118825
0.4989273904804137
3.3826353372367945
0.4381900799968492
0.12355327041994221
3.2409160961078056
0.22490122547607552
0.5971103741719367
0.8179618525848616
0.5370969697029871
2.3650119598868082
0.6901501023307909
0.8995663060908375
0.18876929853326785
0.7675074242772137
1.8567618723275625
0.7139748866256637
1.156764649520641
1.3284536875404087
1.022443002732226
0.2520035921629612
0.1422131190340136
3.2745443860387207
0.6721721449569064
0.5887443447352906
0.263506786937906
0.5764941493006249
1.7414206685821765
1.3273584255915236
0.6766533482952465
0.5111194835460457
2.4864618915990486
0.6348382359147969
0.49476981614684806
0.9566022795763169
0.833607396226119
0.5151229933583673
1.1369881780292999
1.513035542338669
1.5788469952031536
0.30211918830938445
0.4600810216911104
3.1771078477557593
0.2465685551416682
0.00855505219642435
3.3662986393103513
0.5660956130470861
0.44440607636756374
1.7219369276206067
0.2188565106300615
1.014862635018977
1.379107454622743
1.9717205615647082
0.1626576638562384
0.30408979695512994
0.4445425753697467
2.6901466087029506
0.2991524824522077
1.1880626346697816
0.6603765323649035
0.7729304222161731
0.4687670593179073
2.5026071107531402
0.5061023376668862
0.6516667906342535
0.6791319477703652
1.008100315294776
2.2288494074965137
0.5633294985043323
0.05780939361450931
1.8874989582091235
2.190623359521651
0.11145580545916327
1.0075452116289367
1.4795445231242086
0.33746991282899497
0.9610987476623207
1.014168406183498
0.5437631690169896
2.8113951204252183
0.23181432073467298
0.2905445837602586
1.4849062453944104
0.9162919824654867
0.8776660480879765
1.7646134137626635
0.9609561869656619
0.5282174863966643
0.6666843474249434
0.6041293831985824
1.406363120870248
2.037763484212131
0.5642809363839418
0.2521059988658557
0.6838984156737523
3.1146730088517316
0.38256045764438645
0.21609857201779986
1.7320247477111579
0.9230391689935284
1.1644699412614743
0.9224527414400909
0.6800486878806997
1.5646659507626115
0.4047793652183551
1.3549480468749642
1.0415496116685534
0.9942436354684928
0.01622143639988734
1.893469097242447
1.148493462937246
0.8146059794192314
1.4450628608943332
0.7879774660994562
0.4339683108196282
1.0265754574654289
0.5843271762535276
0.5362951439287241
3.48428555798753
0.10732260037844915
0.1805093156816478
0.27578301621062856
2.0105492595579766
0.8967438776710406
1.3911578463112577
0.6393756165541467
0.7380418674147999
0.3885645137017383
1.8639028841730692
0.4607251930560395
1.1270545537991583
1.2612919927433475
1.0359970693122655
0.7434764491502455
1.141105847269088
0.7118459962769463
1.4843167667872592
0.5290239288203696
1.1597173892853179
1.0349153224056185
0.7721753571087641
1.0602277270748628
1.8692885749455204
0.09114174088455014
0.9629433079628698
1.2355566248571843
1.3318851530385551
0.4149982155489795
1.2817758539149897
0.2495474391168944
1.9716438048670504
1.5384718944657776
0.35388947002140503
0.681787382356635
0.3342291952748804
0.21974383742213252
1.449547855639854
2.24409063149761
0.9262985104730156
0.21737821308715274
0.15909076526025973
2.2704693041546293
2.0187492990765508
0.15982648515804318
0.2222643316092693
2.0780392363604685
1.9068764754710592
0.39535866804217223
0.09349665501135077
1.6765215316728757
2.405810207138419
0.3158911202589677
0.30205132185217365
1.5994008308744974
1.6367678452130763
0.7115899486150301
0.6759294113287546
0.3046221627265839
2.181318928748068
0.6547348792144237
1.2880253983425551
0.3523906687459316
0.4182870726805739
2.2837491679340713
1.2626323380040592
0.6139870550968034
0.2500029390442579
0.5237498337948099
2.9105839332685135
0.67836279024701
0.700969978694129
0.34409710581536224
0.5301160254307389
0.4301186966436275
1.7265909031406885
0.8586814177836819
1.6479721403492527
0.7541323723198777
0.14363428802491443
1.861144058982912
0.4352341650778391
1.4092229404573102
0.5253437475674367
1.1172981755753004
1.550258655962674
1.0122317250437167
0.31761077246607383
0.30117066118726227
2.8430375022031384
0.76577323333512
0.45565539616391826
1.3567935149873065
0.8495112946370924
1.1684222086522147
0.7921797031270853
0.42144479530947243
2.7626937835472902
0.6614482535783313
0.16489770209731677
0.3908272339308906
1.5833778836013646
2.1757589390696292
0.42484739064959187
0.7363088745860329
0.48241592378879444
0.22352907324893279
2.7077060464084393
0.733590611569347
1.1008213166788103
0.06010352637123879
0.27164211287328016
1.1583581969940424
1.5280342109724199
0.4577405495483129
1.7076260496604758
1.431173786851573
0.5639483562023195
0.0745604103406753
1.1689651225285282
1.743743368877309
1.3120228213036653
0.2921740379834329
1.1900812032207304
0.45956430296530576
0.9359992279201744
1.435467292349929
1.7442168531192952
0.17410802607078701
1.210107005473014
0.3148958975199677
0.7441278592397279
2.085837197728792
0.030140309613434123
2.090988633463637
0.4832864242328415
0.41341974148670535
0.4147571506491096
1.9428537940137574
1.2428899048765427
0.9197644167332832
0.9374279134305152
0.41211492761710145
0.27903143509816913
1.9578213827979454
2.1149870547033234
0.15988191105877567
0.7704218746900668
0.6869245839549923
0.8538012394049834
0.32775950594437286
2.007586179289256
0.9495715403335009
1.0215264111038045
0.6751211019394747
1.254750534981789
0.5347903964600614
1.2612261993815448
1.1088727856199905
1.111030789387504
0.8697032323895006
0.07231337354784019
1.5307413161732364
1.869992487524073
0.991694638111104
0.4896099827881434
0.1043955474170427
1.4980446952224211
0.06630085835723877
2.3679080854755905
0.45510669494270123
0.9459218712201178
0.5864045681359252
0.8310653912435719
1.1850567806426067
1.606269804154279
0.14271298929583737
1.7482287154445861
0.5138643229800416
1.2594748358085486
0.1303712252411697
0.7584058684048016
2.7002573802888032
0.9822633001692584
0.3692482471748441
0.3693131683130588
0.1531212878363328
0.8891713055760607
3.1805988911997507
0.16753371343499457
0.41182942027053543
1.972605016310301
1.6969218561397812
0.26940618006608613
1.0110415562186297
0.4652888273717385
0.35999034543260044
2.2663026559294277
0.9959150842435156
0.4423642069276616
1.754371783174461
0.9916942917960989
0.8281555641424813
0.15194970987589107
1.272861370999594
2.4626516027157863
0.7875826668549963
0.05120215793351201
0.1990395450617865
1.7938468163586407
1.7732981792516658
0.5985124424995436
0.7460910646735975
1.017173986626006
1.6241255847330056
1.0295362603288674
0.25701301199023696
0.5019353419541492
2.231960958172759
1.2318295013250262
0.89100093158569
0.34709037337949517
0.052923266186321614
1.0913255835076265
2.2993123225321597
0.3522170810201715
0.8793994120927143
1.4640101102694463
1.7482662011928254
0.20696983172108135
0.6911522029300751
0.2652063561761226
0.3830088816952206
2.439665420926551
1.4480288330197455
0.4784434180093329
0.16705426393231773
1.3006350674192035
1.676344181239208
1.0580139099135761
0.47006231855239056
1.673226335144807
0.23252786510806636
1.2101449940331201
0.2962038460678578
0.937225995295259
2.39248684861615
0.45205216690104205
0.7794511457221427
0.14996914692750896
2.890258234012779
0.3353736527149567
0.24085886240003018
1.8643437545796915
0.7930454957005972
1.140284980376938
1.7584228444324153
0.06755665055335985
1.1446360731816858
0.12846742765062355
1.1519039641385875
0.2834473912310817
2.452291105206572
0.4256772188648813
0.9986047675373642
1.0500427992584118
0.2887208958324456
0.720770841862617
1.6388011156943203
1.6956119020902176
0.5202950114336967
0.42335157096890447
1.4160648342600137
0.6883079229502275
1.3325880339328193
1.698546705118033
0.3889058008170895
0.9810785203424908
0.060310844466414965
0.96746986463964
0.6412713893334402
2.148901199771816
0.8616136477322867
0.5903196926195523
0.5638013423395961
2.531083355717853
0.04753242366726979
0.5731066171708892
2.3854618363492084
0.5696707376678464
0.6523889750624684
2.2053644905017156
0.3255663746532026
1.1834739133584347
1.0389829220579352
0.26987078167823947
0.07448493529611916
3.868695168696398
0.3874845275034796
0.29470198237172296
0.786668162226024
1.0506757965534204
0.6211210884394771
2.436135390317839
0.22498641357140825
0.9168343385441182
0.23454701502098507
0.6954903790629352
3.2276603111652427
0.07828046268368252
0.5475711309846988
2.8368802815548895
0.0797265257023777
1.0129038532471573
0.3452459323670227
0.5613739914667042
2.0760811251312523
1.113116315531641
0.9142609899989861
0.4172970767448527
1.5762981040852437
0.48957775609789467
0.568284694199777
1.276906463756644
1.582182941020878
0.5154301915379204
1.520067021776809
0.9111274471466052
0.8905375856580717
0.46979222683560473
0.1600292103451207
1.722343867068771
2.493394461409621
0.031129086871978916
0.7393111250712692
2.3435753283176406
0.30804289501835846
0.4936372533467391
1.8827952357643025
1.930858314630165
0.1601968925279638
0.40677221041141204
0.2126366823394298
2.687552455909621
0.3111287024090294
1.2473525147580138
1.3335361929195726
0.3467415832271083
0.7977572103243871
0.23074486844643813
1.5868604003471247
0.4992081119524933
2.048315300560143
0.8580820622547057
0.5417679392707194
0.14437949028624103
0.8932494537115124
0.39358767057369215
2.146863595292233
1.6067802046529207
0.11009299913841325
1.3404429022119841
0.36586273341687475
0.6452674916123621
0.20250469752143707
3.0564863068653536
0.9162268516989844
0.14490038586037973
0.5188898761359811
2.917796836401419
0.651671810198399
0.41885176790407114
0.6385279268321495
1.80961570613353
0.381405675016004
1.809425773381451
0.5502370511985715
0.4851723425994209
1.2595801851022073
2.0285686299709305
0.4716818628536973
0.7588002665865582
0.3016100055226763
1.1814082258331458
0.03198518318503207
2.973012103130135
0.662789563150874
0.10614537314006618
2.5633827885940708
0.3272409738731617
0.42158853268540813
0.55869206006819
2.4222075020717084
0.8274511852898642
0.8056225408753626
1.2028364748829456
0.2347115940942093
0.5122597435959448
0.23389753394034107
3.7115956232872214
0.1895088525697614
0.22643719109027882
0.4706204356128265
2.9542739993420084
0.569358809485733
0.43197382485662217
2.2606999278782816
0.009397140213521598
0.6864451102138582
2.5726619601695004
0.6090042020021448
0.9738228732708181
0.04841483652887931
1.5459741732440253
1.4390512222894583
0.4340975118198559
1.0939827091386816
1.2085107976211789
0.5578297911750737
1.9149456681878847
0.5613185113952233
1.1459983562405078
0.31682764817470993
0.41882824253369666
1.983910550410882
1.4422651118868108
0.5470056778871838
0.7013997228541459
2.1472273094342134
0.8980022585521664
0.007378078880699787
0.7302671255090004
3.327487354126079
0.4021480077007867
0.11682418543215704
2.4916959622732247
1.110251106450041
0.6806213615808018
0.23768502993308896
1.2746955158784077
1.0683973917421172
0.9756647377082057
1.0550192922807198
1.9647393128636506
0.2270001722423677
0.38436646002730857
2.923204809722563
0.47042454053589505
0.11462741197390214
0.7420424044772301
3.9477218403400216
0.028805291332483645
0.08598954768507715
2.0240182959476924
0.477449389626364
0.8223348737895827
1.738756057456391
1.6180566704943204
0.20594278393686005
0.6803916662373496
1.7180008587051376
0.9653368089502673
0.5126304100558426
1.716600351871653
1.1868398157623674
0.4919195117093695
0.49168944180060853
0.8736271823599507
2.700038104678402
0.8610052534103597
0.024746545675843532
0.3491372163440358
0.5199332414593896
1.1264244120413633
2.110140971343113
0.6565644395633257
0.9569304305068346
0.07111204201887511
2.4272790099932546
0.5383803333566736
0.2149367815707195
0.6359213615047814
0.997766969108501
2.0536826697212445
1.420904618676144
0.0644911772254534
0.6657711778226478
0.5680615484452173
0.20680619773476613
3.5498925729283743
0.5782301220247205
0.028096214790490636
1.6676319505485033
1.5745095297485947
0.383351480337409
1.2348568177499843
1.4018029728396977
0.5367964353321869
1.066010804718803
0.5420869221559788
2.1307557568622015
1.1018843262776847
0.1930361114170823
0.6481831967294545
0.993636917898597
0.35447859075098387
2.336324698689436
1.2172905871124666
0.3094955166474597
1.0527598649858787
1.3986809013518644
0.7184471515030487
0.5392444443618573
0.726175082798734
2.187696520859767
0.3137809165834816
1.493856018924714
0.08186417238205489
0.9857524585662663
1.3955696363131367
1.0301677641554872
0.7862024467651335
0.7108274215532914
2.700504931256455
0.032525484494164716
0.35281744010194815
0.4457067809989842
2.443980553817178
0.3010116624632782
0.7889829950400298
2.729443830144134
0.6299187333780568
0.06503735212345108
1.589705621374654
0.3279886620749189
1.0717629195687386
0.38242236493267584
2.173244454495237
1.0766271451658358
0.4653537870632893
0.7235423648855333
1.726335018912196
1.0503490587712012
0.6974312432102655
0.16639351604877506
1.9388307739709114
0.1673117334590115
2.171762414207655
0.07330394995719165
0.542812119224407
0.039994747764920874
3.1931434987691327
0.18725489950835658
0.6618069962442531
0.755664490999939
1.6238550113174381
0.4033778963327397
2.2752751989390223
0.08382353101303353
0.1070330697581997
0.04249095145094172
3.6407292690421547
0.4038923301978145
0.7104135536962847
0.7616933041126107
0.5064411797573549
0.33621364605487636
1.1943333798731657
2.8046769294383678
0.36561488538245157
0.3697259766119161
0.036397919517396425
1.5642411128994123
1.0617167518929789
1.1195859805939221
1.287161705604811
0.3898282509713704
1.9237593323428406
0.5726893497665135
0.4055841593113499
0.17204729741026736
2.5571777183812707
0.3770494121008997
1.1188259664663611
1.0873740125699942
1.333656955099294
0.5380330042404876
0.30945807476511106
1.7130654614409075
0.3325542748226803
1.7649373463277926
0.25912930557687763
1.5729354459223825
1.249318060577242
0.4508270954531902
0.5392384723516684
0.6533122541784092
1.495678006029859
1.8189511501014166
0.4428912550612426
0.8569549787483762
1.4344340131367947
0.33247100942474533
1.2426579458230935
0.09829230432123433
1.6261828494447883
0.45386054900883416
2.2382607647064487
0.4974699197527917
0.1736336083252376
0.7583122918531823
0.7766012080987703
1.5134098372353983
1.6993680062642864
0.23069648105003882
1.3797262797185117
0.740680872351999
0.6886258738511877
1.664037915708437
0.5928937893386846
0.3202682334887855
3.0080487987365574
0.4369051357416599
0.6925148208774546
0.4250323797704484
0.16986328445645837
0.21437303645308783
3.505872043371218
0.9373870429210003
0.08767179357360952
0.7891358060048228
1.4880289087191363
0.976752210875164
0.40397152920313084
2.7268696421150347
0.08079243009189004
0.5123102717346968
2.0010229766881347
0.2489124399281542
1.6670309235731962
1.473155756227645
0.15605355549879768
0.800106411282963
2.224931381293971
0.7816798210903042
0.6486101897179103
0.923017000064511
1.22082421254754
1.1416565294380965
0.015176732737597814
2.2352097732952636
0.49990546851919027
1.543568158600548
0.1772758953272061
0.09567755666814448
1.2666203902470334
0.9935343451710916
2.146239711170052
0.23802967913026432
0.9008558118843146
0.7831205079853256
0.6652400201913904
0.5665165424731913
2.1539361191037516
0.13389954618256233
1.9741947140717835
0.3247340515485975
0.27938929677382585
0.12843928637335364
2.3471230731701
0.17885493432618843
1.9872528056431824
0.8958968456187343
0.15503024244767352
0.41206944720124544
0.47664589216082004
1.9958682509652186
1.5436673684375333
0.1320077535280399
1.526868676435494
0.5760591454433173
1.6854971566837575
0.2688101675464239
0.5332624060065451
0.2291758929277883
2.9290722554163735
1.2393355628005294
0.14495136436792508
0.20827508675725642
0.6829781817879843
1.6876433194027765
1.9292734759117958
0.24011702957219058
0.7270391630711197
2.186104149290227
0.12224263628437242
0.9550780341298659
2.3191456324352284
0.29570470620597833
0.7639635055691149
2.044067127674706
0.6799247186796146
0.938800213942866
1.1443497147561494
0.40293524198235736
0.15436995048357405
2.6745412105912103
1.0550060356037048
0.5805454378905427
1.2278802248310545
0.5012245501626891
0.45087249168369975
0.8035411724528605
2.067401422137156
1.1168674446355051
0.861620317414223
0.19658397267383415
0.8381047092824889
0.8164369046241392
0.7686973982848609
2.2805227698716046
1.0866675138030806
0.23686374073105051
0.31448448811445745
0.10489626681951607
2.8651558109731057
0.28413505503727887
1.3805948309178853
0.5020658270636905
0.6115713316855597
0.2658652825742682
2.0876164355587576
0.3490400659811998
1.6037169281143147
0.1879408194497903
1.3662570227899566
0.16124443900690155
1.3506284201792842
0.7154436363598944
1.6776717103099852
0.3882268758027587
0.8113980180815555
1.7015092462893144
1.3139986684027776
0.756510058763512
0.18069306933486132
0.39366885161120235
2.23826931309461
1.963463546932533
0.1402699202921078
0.2488583033310943
0.4142438085624436
3.2264070224408585
0.27179742560431214
0.5500092571596574
2.2961503155769503
0.46696810178264564
0.661685815649841
1.5561192103583434
0.5545250241528522
1.0330170915746144
1.6467684521549573
1.4508974458980346
0.2914144055455794
0.0293578992044887
0.13282584204650968
0.6784352711729713
2.8114674009943816
1.023559396222761
0.2016097378589782
1.563724092435471
0.1986606667179915
0.8322968383283359
0.537926285097644
1.9573714293280238
1.6030609664792714
0.5228036264387345
0.1701747029144989
0.054354912588822885
1.8436465299503804
1.9682552491968142
1.0165785434655563
0.07308495170689977
0.3079430579485709
0.2873702674740904
2.7985712740503486
0.6186685974546419
0.8391672790557194
0.8604919429253262
1.307120911999549
0.1932255160913997
1.5311878348900443
1.3717868397905948
0.7362948040574298
0.3654344175749885
1.8968181438046827
0.3131005555601571
1.473546986853789
0.40207940858612345
1.6290245047641791
0.6425896201184544
0.25450793808124
2.412307233736818
0.9892627468465457
0.5999238172493894
0.10266680907948991
1.9156387898594505
2.2407439572521963
0.17045255026518671
0.40352853535383604
0.10584455276636454
2.996011973735266
0.7014558381541723
0.3213214661576852
2.0211135072563096
1.002444617570403
0.5590809032535736
0.8777177842727141
0.6990187514823346
1.593479976286251
1.2179332601755624
1.0039884289966707
0.723030673016532
0.9217718723234144
0.04234556131445155
0.2587672776283799
3.4187683610314576
1.001449011393156
0.10701672301035478
0.9007697137409485
0.38192927412683186
1.2393802296274672
1.7696316210711245
1.4830391710576123
0.2553235727427961
0.03638311406085418
0.20055752243401576
2.074444930863644
1.781416084949672
0.8198291250236323
0.1945157164200269
0.681267378626137
0.25147194463447675
2.5076491643576566
1.056784338032365
0.46871294370258626
0.7849327008782686
2.0172560319784094
0.41720014015390133
0.7084582636696614
2.31272442440679
0.40870688042131637
0.30904627488499337
2.1414534861039027
0.6326578177492216
0.8319125205553611
2.1373425174565357
0.4624868749795975
0.22523127061263803
2.4379781631956585
0.7507480442798495
0.8606024910437371
0.0919823413311514
1.5170169296816278
2.627382708203377
0.31571216727784207
0.11365448255697251
0.3376437942550853
2.9205157993202255
1.0342507221001176
0.09874410157824179
1.7019850336764748
1.4508453282529685
0.7815310332295119
0.3915288627693587
0.6842797444428806
2.3736148643180712
0.6340144815311693
0.8258317131542204
1.2010421900597812
0.4164684409757325
0.3584152487939283
3.2119474174146965
0.6266259196094031
0.31781983061886443
0.5346223462473889
0.37054605947976155
1.5751314312170641
1.736691548998267
1.2692700785878306
0.15080955381933464
0.036759757238333725
0.4173294272907307
2.1910717661491486
1.588922993662773
0.7845849725985421
0.013883640633007413
0.9114599291267682
0.5272663908822947
2.050356176092853
1.5644182947971155
0.17525796678460165
0.44205574264338793
2.788121546716013
0.12240127226621136
1.177851749612711
1.2119913539424974
0.435925919108632
1.2180163275513893
1.3488530197317639
0.2386487396516807
2.2827710070425717
0.27081015521314183
0.5883013041808797
1.924639773324841
0.6426723644272071
1.2932536902786254
0.11270732244702587
1.279494883548553
2.729354397472503
0.1509231459418325
0.3451897914997025
0.0023280646522563743
2.8944886690837404
1.1479175342006251
0.18682487844872522
1.0821468266523246
2.832375723199394
0.07332322969270705
0.35996519416584005
3.1880621641122833
0.11744136487282948
0.932597282326578
1.5006819858278058
0.10818046911501257
1.0209492585520052
3.000501770239288
0.06412966969660167
0.8973840822586895
0.24016505474230238
0.122845896315941
2.1421534861240565
1.8430886256215788
0.7464647107256377
0.12263313948955483
0.4215014317592343
0.45511054757591823
2.38312688516174
1.3077256566155728
0.44499083426668623
0.3764319477472252
1.2704637336033089
1.4977308550085484
1.7988598942456422
0.055080817611498585
0.03991379466807093
3.0861355048491492
0.7648316806398558
0.6048017622526415
1.4779448766403813
0.8800870873901786
0.27488325647772216
1.4646646556311789
0.7172598274335606
1.9442764932808279
0.09566554509387848
0.9627355711133172
1.1448629597760356
0.6938830405645162
1.8533909809762563
0.19017670538314155
1.0768404118985395
2.2411721895224987
0.24604028704170505
0.5803214110272419
2.31793805900397
0.9414598830163159
0.45623252776122236
0.3382858164479963
3.654845827735961
0.051692695627187396
0.053953825669848327
2.9009751543896023
1.1213602906424196
0.5065929089653256
0.8892645995811358
0.36353576863133275
1.3237075275860652
1.9440684879186427
0.9777209169266917
0.3994582494210038
0.3725804257644422
0.022524938334786953
2.4937291288471117
1.7601242442641278
0.17392345886458588
0.7359942716196503
0.3499692472853164
2.630416527081037
0.9740357161971619
0.10451517710869845
1.0495165236203687
1.5254794916838998
0.9372480110593618
1.3788755619199575
0.7443302124041064
0.16567631032567665
1.98165037022538
1.5002179906206985
0.38584374134068294
1.1460670894328622
0.2129411971008921
1.4834054682319966
0.43059663966946293
1.5970507627523853
1.7074695443604744
0.025719244773497168
0.8383283313591029
0.9350495786483162
2.0891786530893577
0.31590134419575405
0.9155620042870323
1.3839833148972407
0.6451381161009109
0.8775979367096501
2.108921543318966
0.5963586898881018
0.40626990725065854
0.5592690068956816
3.122912438093725
0.38392458643822847
0.17213195417880217
1.4594565200637186
2.607591892783314
0.28529920889566646
0.15738176554749606
0.950814152261624
1.4341342631018765
1.9064759177301083
0.5744966131945658
0.39753295492944024
0.05424260393304878
2.418350019063382
1.2782470154074022
0.5656747645715708
0.8330170862710523
0.16989833400689902
3.0915848817656535
0.20815567887719785
0.29345738778562147
1.710354875192199
1.6590742956790794
0.4522148168586048
0.897189343911518
1.8852043757359047
0.20894886571164153
1.0231020051220399
2.194353617986198
0.19582904928184666
1.136721747418896
0.9654322740348908
0.47280938291225394
2.10281700717426
1.2665983570143435
0.0792644287657429
0.8816866203290569
0.021653814921134988
2.686983080780615
0.5938404711437613
0.8176066378058487
0.3334963347514297
1.1267038886536855
1.298644037164318
2.1186732335684635
0.08951074346199007
0.009699005727299606
1.6099968273027674
2.189641365045605
0.6375167254124386
0.1947072568583964
3.0260431694159933
0.39351683157080813
0.16116979919110483
1.2640086818191225
1.4323944501231334
1.0264583759314454
1.5215479392208031
0.4043110614712437
0.06821854394154413
2.254609144340937
0.5282140317802421
1.5022076202684373
0.8031738472407014
0.1300883190714442
2.602789855553486
0.8158463817762908
0.10483042336950596
2.108015478781674
1.1796593731500207
0.015292964502725787
2.932815138168192
0.18336783189061942
0.264818709621606
2.980850417673438
0.2399379820965971
0.9677499179656651
0.018766335753525043
1.3301684289960154
2.2523811742540176
1.006779572798829
0.09698053309991635
0.052584984272111036
0.9253196359741318
2.916633307910009
0.7812330654164049
0.16944081090287852
0.8492113693294705
1.0915557119638208
1.4914555981413595
1.1949691121673365
0.3549701180683377
1.168752275248646
1.3535026531358905
1.2323754854344946
0.1587933578213038
1.8206093215126626
1.2791583298395468
0.22547879693714282
1.2659084263747582
1.4057990238161227
0.14582781447939322
2.5563004865354255
0.5859257829777649
0.019913946917519697
1.6133750059035674
0.3795642546177152
2.2091868637745176
0.36731255277838815
0.4601039536538141
2.084704652786185
0.29501294250081067
1.606172341822536
0.6324909137420229
0.48666722957790864
2.9936262585516547
0.19108764957716878
0.11326854871006493
3.9780234271298425
0.3812514194252723
0.013119651552203172
1.0956386972403003
1.5445967779963883
1.6474516976216433
0.3406077836649811
1.2811091239540475
0.024890100738066544
0.6369860149397113
2.2465667097796
0.9726498971000994
0.7249751950713604
0.5242721767840242
1.820978101886626
0.7273950152463822
0.922277112214298
1.0758303432700385
0.5919585052358665
2.1814927123395966
0.06582671084315757
0.8260629616171182
2.239788648040522
0.4722172326905852
0.9958478159861329
0.44583377619761705
0.8025966315355573
2.655098512863846
0.6405335806416848
0.050443281684485926
1.5439394391731185
2.4390138115908218
0.0012791152732402368
0.872635706461991
1.4606234678485792
0.7977592390328676
1.736017391273274
0.009277861196903074
1.0017003681624124
2.170960500246738
0.8937240655596723
0.0018822651453174264
2.4532758742640994
0.6809774430048492
0.5341691981982006
0.819560423851619
1.0170309137266318
1.9867058532996413
1.056090441391031
0.11754544322123776
0.3338738668635449
2.0115088547701587
1.481395884976216
0.7413684251882806
0.07399827768290705
2.168335030957152
0.17677875698947784
1.650541924414905
0.8508969772341839
0.09932248590620767
3.5051019145785034
0.03202677105954017
0.0449829095668515
3.1467797318373747
0.6959585080381642
0.5228276304131992
0.8990171843397144
2.1474710651030393
0.8675562442172894
0.15219019547696122
0.9574943982060905
2.21646757713754
0.44370274023194517
0.9423393120868425
0.7944624014101014
1.3299813551434787
1.114952462189561
0.7965081284287504
0.8744184132312232
0.9416164685393814
1.4804371139136192
0.15434127684367635
1.9921959003370446
0.8768631445176119
0.4952242516357202
0.7536587678913769
2.053266090056707
1.3441353548327148
0.18078058279960804
0.08696403545037595
1.9580767521725715
1.9260324327677631
0.30871791494497564
0.7977130859799628
1.4760528676314961
0.5107309470780091
2.0551689975199747
0.002954534223686428
0.7516009648270863
2.2339368546554583
0.2102180778854772
1.605497581778599
1.0892474399433099
0.4468919840371445
0.5996171796310763
2.098046693694711
1.3136771275547208
0.295791701153867
0.2856646230122812
2.021598458633652
1.1446590616148593
0.9513488309039768
0.09346329874375588
1.828737974714981
0.33938697778191695
1.195665468591087
0.6496343637718868
1.7437777112056114
0.2948056619968208
1.4766975728064078
1.3301206539220916
0.4038501346197557
0.44388363532292036
2.2033243729909495
1.4643382053179603
0.1923055576366394
0.4544109445585477
1.1178734698677617
2.008310945503188
0.30741293061949304
1.2310617529024535
0.490543596915671
1.0527767628594176
1.5138708619545616
0.4493850818644647
1.6712428964846058
0.38512012465484774
1.340258969749255
1.5975932551708023
0.3468810412717913
0.2542290499773383
2.2378099529369058
1.8224251706549504
0.07471010959248876
0.42755155157417757
1.6953550299074889
1.7178446840486141
0.28811877658362034
0.747592772206775
1.428004609681882
1.4145902189773325
0.33883761005011837
1.671398394352598
0.47985408635401405
1.1983573077507523
1.8923151262748337
0.2881686839914854
0.08057113520643068
2.244800446363169
1.3580103219233726
0.7587841718583734
0.7029990062278327
0.022730818144890926
1.7434081249264137
0.9037542739954667
0.9045012924876923
1.1362756464586055
1.4338028657164479
0.2556678277397134
1.6716482178361822
0.5774614171856146
1.0724837291544365
2.150068624396083
0.09780713360680132
0.12298510853745981
2.114333411408824
1.6317145435785052
0.5828910335467662
0.6427076940242172
0.26829833062310554
1.8306138114821997
0.9689535300577619
0.8920460751781327
1.5124327122382357
0.16983477212706163
1.6720076609698873
0.6950725283175048
0.9264287162973707
2.1508470828352206
0.20377700786272723
0.15116982223372075
1.766060798245207
1.3957868165778156
1.1781956743084228
0.16749549817752973
0.6213519101228074
1.9254505149318453
0.946631198087191
0.80360127976126
1.5928947850023423
0.08304903048865699
1.6724810767028393
0.8303838018646545
0.7721552887057507
2.0419153533419316
0.5463866198886799
0.05314078855882816
1.2687117550083395
1.4013268688826392
0.9046180007146952
0.5739879931129854
1.5945317073314536
0.9960672004291072
0.7436864176714593
1.6707888799447834
0.002514277638125618
1.6704463728602983
0.9717304329909303
0.6329733171720295
1.9246030086666954
0.8915682926221219
0.04477427411603069
0.8082883482415899
0.9388659606692877
1.4289035089316486
0.6067276194791538
1.3997921050706041
1.0574958614947436
0.6736284238777841
1.6710558992900661
0.08411194427721094
1.5858538280272831
1.092496594319863
0.5202038015120266
1.8044028686828946
1.1980229922937755
0.09859264114963061
0.3051592182393541
2.2358378464208997
0.6120982436873545
1.1838566124892422
1.1152444602799858
0.6085476643614849
1.671235381808735
0.15835077219141352
1.5079612878800017
1.1998844993311246
0.4228178148942096
1.7109584421681223
1.5007024931111632
0.15571731832501717
0.004866398792060699
2.4247592714122854
0.6617755192303053
1.106365199634068
1.166751367993712
0.5512302157134148
1.6712133058607832
0.22112399211522918
1.4416928091558137
1.281159691870098
0.3508951290263827
1.6495892884596093
0.8954616549330328
0.18149222396478226
1.989510275479154
0.6843730860971259
1.0743522248764081
1.2090318814175902
0.5048841860407779
1.6708452622128445
0.26764718958349276
1.3928960355198237
1.3206707234766002
0.3165974742166343
1.639357459152449
0.9090637166244052
0.2208616341643873
1.9425774094530668
0.7152354709607359
1.048348989670732
1.238801708766666
0.4730731492620595
1.6700080416636578
0.2926391836965632
1.3678810100057754
1.110235410682335
0.3154048059095411
1.7771699978567008
0.23939068841139793
1.5474450361123728
0.737733911650382
1.0304334632431758
1.2527306329676433
0.45956535280049854
1.6686873273839842
0.2907065420648295
1.3724484419512324
1.0827309932921698
0.38521979014067526
1.721300155356215
0.261776400412736
1.5450478988479461
0.7503299048440487
1.0226902603018102
1.2478183054085454
0.4680884282463306
1.6670410008917573
0.2569177814862976
1.0382651118829296
0.9610695428152722
1.667227442696172
0.23044096861798918
1.4437821411553267
0.7514353571727757
1.0269919175573103
1.2218164653836663
0.5020090215458723
1.6653597156260647
0.18744592653071904
1.131129372379632
0.8593136439367808
1.6668877717436037
0.23552749498109204
1.4436876250777608
0.7394438552992347
1.0447475537540083
1.1735694623191062
0.5639933990735707
1.4721045298143907
0.054548729668294424
1.738840861343588
1.647701705594121
0.18078736436190163
1.4548485263815538
0.7127645615678353
1.0766749897390113
1.1151798040312557
0.6475706195474549
1.4731388531967666
0.04457341794286683
1.7223243578668663
1.6660589165438224
0.16359749827386394
1.4780956342896379
0.6698515487097577
1.122660618512542
1.0540089609535954
0.5282237917267246
1.0100260215952996
1.6206635292192164
1.3371948067159412
0.13270642108736044
1.5138836056805411
0.6092206984732852
1.181751235475437
0.9731627840148767
0.6304931272675799
0.9289093179250348
1.6344639385891968
1.3626294433611943
0.09143036679508712
1.5622555205632342
0.5294480739315636
1.0305997415380908
0.6101476944533542
1.2689224729446928
1.456544329353913
1.2289425789968085
0.03771206759920612
1.6228514018740638
0.4291473365128691
1.1313463211095551
0.5193535212123769
1.2720654007192678
1.495525974783023
1.2087237070282468
0.02901278352722737
1.520637252838709
0.20573926928409564
1.2710011954183655
1.2442126780471034
1.232273051456945
1.1507000573627642
0.10919233775413478
1.563053945030387
0.10557447420967803
1.2835023162096788
1.2783254969388858
1.2342769966995866
1.0862155635969473
0.14944754953746012
1.1928100956442886
1.2613083706426782
1.0581573812766967
1.2363613473659854
1.0339302008659719
0.22790767107378243
1.1282872570129425
1.2590974351559006
1.0858904048921019
1.0289405082695842
0.7651641060171223
1.089671567313362
1.066070986566172
1.0615081997948612
1.0471318890660586
0.7108309721194646
1.0988968022418137
0.9542309762599356
0.880466294503424
1.4089296248041463
0.9143345405545813
0.8219524977466665
0.8930646194914592
1.369558560109305
0.7275718199406005
0.7159630903495484
1.8858705242317453
0.6459449818440925
0.6386714373368936
1.3570730323804399
0.578314397530478
