0.8890049294639856
0.8538336851528654
0.8752825601894947
1.1015228127272974
1.2912155881467835
1.05361073914048
0.18119910661537442
1.2393792586846537
1.6628118859919279
1.0457124581765294
0.3132861314121793
1.5320321455930617
0.11565546843117305
1.6554533996338667
1.3204897791957435
0.39581111682974024
1.4847126512760425
0.2405096501527712
1.789030451313509
0.0020803036351851674
1.3048706223009587
0.7087354820813129
1.4336856200123937
0.3217962190463248
1.7826486518530649
0.06932605079127253
1.696444524334909
0.7531521858710115
0.14725448179539533
1.8112945409609058
0.45838240581923784
1.7734638364000335
0.14159026299501845
1.5213976217419558
0.9699309024660034
0.10014915350795874
2.777683661255003
0.322895499224669
0.26563148443749446
2.561138044756742
0.22776413237229276
1.3345568387083537
1.2037789580546325
0.04090213584290613
2.52521390302028
0.4903756256928262
0.24679489760688145
3.3519231546626482
0.034534833480949996
0.33090550547166825
2.0045404406701537
1.433402228680021
0.021589046893629015
2.2565262626232836
0.6661961517697389
0.21045898235665603
3.1330264927045763
0.11211428398179375
0.37113265858525823
1.619856848623966
2.0587862361613425
0.3867177553721593
0.10768294234402993
2.7048124326361203
0.8540398157868215
0.17336026832968257
2.8803892076623416
0.28746972619524347
0.3559515593796138
1.1906349659608166
2.4802741792018472
0.321720105491129
0.20233255177838905
2.5442125508003257
1.0635704267876207
0.45252720147134934
0.19219662196981557
3.1234157300536998
0.5008217523460581
0.3420299892410902
0.7520949875807281
2.918806421026733
0.24960701379749642
0.2808012099864681
2.2050776058334027
1.360094785251511
0.4877385856427333
0.14204184561396693
3.298181228215469
0.12997464498512187
0.6649850193229755
0.5470161448497153
0.3122221738182416
3.37393565210175
0.16879424490836248
0.35556337505239505
1.8469530570821302
1.6578760108803017
0.5317219430794285
0.07385959666147858
3.1066146512242216
0.33358627171105243
0.7584297338141204
0.39543042939419065
0.1630471166193776
3.670838626767128
0.5616335434283108
0.07720425069087401
0.7265733864108259
1.4697692781477778
1.9557844382378045
0.5865438603785992
0.009077872238359853
2.9883545691604305
0.5819986840749499
0.6621989113289519
0.14936412525301168
0.5275956601914104
3.5641851468272003
0.5469611297996736
0.02794555300002608
0.9133887841989835
1.296964316799408
1.9616348502569891
0.35797732684951356
0.718574737070858
0.07626493836760553
3.0239646052624245
0.7904354621213061
0.16849427784620394
0.6835246316400396
0.5258983442381003
3.0944215637949597
0.49093303033650965
0.15047830820700767
0.967618691337989
0.7859139970456993
2.2597309824353005
0.42691225855382436
0.6957795441732832
0.1815141540893445
2.836029057249767
0.7910357092828199
0.34639797895551433
0.06620343238955036
1.0056442153608274
0.5236966284643583
2.8555808801316176
0.4454832088779212
0.2958132592846489
1.0354246486159284
0.26834718558185483
2.5592966799170145
0.5072468480198558
0.6814331221612759
0.3219179380540503
2.5213693701739963
0.3420477179725921
0.8749456183786823
0.15898857538344727
1.016846334776692
0.5346462133807631
2.923025650403141
0.3785224817493465
0.12594379381689094
1.1298109662151274
0.9199862395054351
0.2586361468818235
2.6210553559253063
0.5691350231635597
0.7135286324281697
0.4959598511896857
2.0631669485299424
0.13801692761347004
1.3025132226866782
0.23743816694536762
1.0592602930135901
0.5391130590428631
2.7823522818054824
0.3368939207275296
0.17011513984497362
1.3343633141580402
0.41332932056398364
0.7987947670241065
2.8560894069879814
0.6619070891291291
0.11400533874480186
1.3436541189364812
0.8187532632007012
1.2815971117503178
0.6593451774651627
1.439294586250693
0.28643924877389954
1.1627352575540246
0.5502117544077244
2.5955803797804218
0.2961472681630998
0.25645333612119936
1.2797119621752426
0.10569310673084344
1.2698484877946412
2.580426613837311
0.6987325476304115
0.026917507694736657
1.8900675081239038
1.0970921030534826
0.34057168033147783
1.238419030932673
1.8284199445332494
0.37198611858703495
1.231351531643886
0.6713416162372406
0.6064044552566628
2.906349757988507
0.27469667546705956
0.370711671091947
0.5121803568766286
0.8540615442135765
1.6778041714565766
0.852894149491644
1.355782944659129
0.9229147279526589
0.25772291521766355
1.994850864973943
0.3582481518545012
0.6864407649540595
1.0677469920996978
1.826200492232893
0.45499929914885884
1.0170470145607768
0.9729102271746495
0.6501569572118999
2.531509951622595
0.242052084496598
0.426634328326816
0.21050335247986302
1.6502267437288536
0.5177327599444222
1.3967737534191473
2.022089525949231
0.004425676064825672
1.0834010663200633
0.742492073451018
1.060105727838195
1.0121966788339976
1.154733009639718
0.3370487015378115
1.9114961647130275
0.5746787870875497
0.8292596438550205
1.317565907732231
0.7299643107352266
2.2484247925857592
0.028848250088782633
0.25223790380855543
0.2121418537098164
1.1915347181674427
1.5830216622255604
0.22965445728224249
1.7046326237975997
1.4547054128307986
0.8850785077589016
0.4445570189144384
0.58051844059038
0.09054144885682555
2.682532101797832
1.1340161585563275
0.3497828612836009
0.4164295401785498
2.0640081696289716
0.6703047323387071
0.6997940858817208
1.7101799511370608
0.8141623954197995
1.6400863927022384
0.053420832463290394
0.23637635274895039
1.8034752853777472
1.0160774538694228
0.905079443825485
0.05993050857719608
2.533264122121809
0.8207443582874911
0.8498504082364372
0.2804463317848584
0.9652580437904408
0.34863956079086167
2.706983095229578
0.4022277000168235
0.3320285890620077
1.4605248165599847
1.1620858892576311
1.0925089229203673
0.7317434623453465
0.5621929500715028
2.2488940746534567
1.1552965080785005
0.21189813950604683
1.1811017793335694
0.5340494657333443
0.3220986023803741
1.8815748667767636
1.96177219364257
0.30225114281769344
0.05032905826127122
3.8520929805569852
0.09812264535119238
0.4254958533576467
0.7781690718720191
1.3572323265867108
0.5682033594510082
2.4239982059942693
0.2443692198543842
0.11775840279755158
2.730385709390804
0.07810485562381635
0.8995100844949975
0.6582368543085861
2.0745773452054905
0.9526644073992994
0.7898388256699672
0.43156652951666574
0.8754738093097012
0.20430722107594573
0.529468728352214
2.190959499147217
1.0402470623265416
0.64083948297368
0.6255867429102859
2.4530114606580704
0.04830574794282415
1.2118533206284867
0.29271588869553716
0.99625040554909
1.034901640482672
0.3310267321350659
2.6369174871852725
0.6199713377252996
0.46175748308001074
0.1687667135631983
2.001346508605943
1.5308970115579668
0.21646113704038694
0.5121324658179897
3.862890575290822
0.13540846100541867
0.13234460027686523
0.380818680383805
1.1589569184358552
0.8282916768058827
0.6805663762243306
1.9933202158104975
0.468706611999735
1.0727911925279325
1.008685715138515
1.3243227651298153
0.43744560792415027
1.4075700745061754
1.647831063544139
0.4450018198623685
0.20214292350043295
0.4423280513620704
2.5640137744923286
0.6175129761282812
1.072204417261132
0.3594772387560663
1.46066823485912
1.0193524929965947
0.6495374046503576
0.13322244955520077
2.169428992118712
2.034889598977774
0.34534956190041133
0.04896809926163647
1.2869695666093013
0.7582055926749245
0.1621561236414882
2.433284714463979
1.2608855710860514
0.17497292356966682
1.6399948278634584
0.9225341823076273
0.7563851573273603
1.0700870946236538
1.6645078732263223
0.0042042349417466445
1.9096929778871936
0.06318173957025719
0.710669983449894
1.2989569216576444
1.4601340047753382
0.8283162810896801
0.8774855385312884
1.1928232436203223
1.043996283547803
0.7929462108515276
0.8437749294191998
0.6826108118577503
1.580043710740137
1.8829628806629912
0.12737689908379468
0.7219589680361372
1.5661746399945502
0.33220090009931375
0.6471835495058296
2.8085923558177477
0.2911757792344077
0.9211382986275298
1.3302664312224726
0.019453221166636885
1.7073741658816375
0.772965845772634
0.6037831093574741
1.8755642090008189
0.1377288592393666
1.388271184341446
0.4034143014769785
2.2299467029362194
0.532087095026861
0.22453968731983964
1.3534755691459297
0.07954799237474831
2.7153491584703073
0.38332237375187117
0.27095026020061613
2.7459833836302776
0.6986365425389855
0.5070016582640449
1.511989741071778
0.7499031160759163
1.1062821570584185
0.698414047497196
0.7578262636712672
0.6821182484098479
2.767982209069341
0.17913800581066158
0.37956937950155273
2.970536559316662
0.7319635403360552
0.1980844184446118
0.2784599021065646
1.4194240247298553
0.6372772115683288
1.689193405650448
0.5434917676530908
1.1540736483051024
0.012713067167868386
2.2752369517647177
0.7626235146334688
1.1548669433424221
0.055715944882699056
0.2586482548301999
1.8125815300307622
0.8671257930247795
0.9527440729771085
2.329709950926437
0.2252459453608283
0.30587962163084553
1.1556273505361818
0.8257946268879265
1.214660029954284
1.094829623740327
1.0837968661356874
0.5366132146059338
1.8123340051475385
0.00459082405994143
0.6868475283507
2.294834140556823
1.023565805532537
0.6566460136416719
1.1619600374015366
0.5652842483067603
0.8043774638765533
1.665526020735671
1.3666889177856618
0.7603368388606113
0.03364695592369629
0.8771680368885842
1.9148554200233001
0.40845579864721165
2.1205791581253286
0.15671915731962155
0.4776777841404655
1.8552106262621633
0.7017589396010442
0.12576777195920716
2.477029284645224
1.0573015138769288
0.686581046914454
1.2730795971464832
0.06473790090164462
0.46657590790548104
1.0983580321913706
2.634722342735816
0.1502835566730705
0.4992245553533922
0.6895637329940063
1.4125230738906311
1.2386272474526472
0.978112766105498
1.4875981983804518
0.09229553492437464
0.9271771805936231
1.7346551043152565
1.1025381465225108
0.7090671054213987
1.1547194479366765
0.5646485303017436
0.9191504975248725
1.2178306286700133
0.8848569634662442
1.145701637412618
1.310782751759123
0.37704019912763614
0.6553940531941187
3.5235019014536197
0.08810933885113109
0.06372885206185702
2.5187770156746474
0.922039183270729
0.15657399645651984
2.5065332630131922
0.21450514780135208
1.1417057574139324
0.6424622792586848
1.1433363905521785
1.4408218518373477
0.6470800592501571
0.4574449568350836
1.5962819444977605
0.619245219131825
0.8456552359732099
1.5880403604491624
0.9429895982898692
1.3573812177168008
0.01427985988680516
0.9712200178817602
2.9613784947417714
0.09684867923571397
0.9517381956591281
0.5128743867161248
0.8377034391538914
0.8260097062240064
0.8532972959744253
1.9281729526498683
0.5689319137622751
0.3354152761890487
1.7628253379516057
0.7083063939926619
1.253037445666127
1.0615189545313268
1.2221851104885169
0.32703252301125957
1.2191306524987873
2.049439456613777
0.24999278812861186
0.309744168442605
1.0978382901061043
2.1932942311103294
0.2565345875339499
1.4224728109968925
0.6065812883198675
1.0149008906676997
1.4374740192554594
0.5147772600376711
0.9220692521338311
0.4181448387084436
0.56712773938755
1.8064058639482419
1.6948305379933082
0.36942425749375624
0.6314891529905335
0.9320727324988872
1.5193980385558687
1.3063035268101995
0.5514006484965887
0.8885311478235292
2.113113840595393
0.7325147707132698
0.24962088224837783
0.20481307360864584
0.36023810169099574
1.346113284334289
1.2038737669603887
1.3426262650960508
0.6100502375696285
0.6747303498940351
2.529136314701931
0.0766567858688303
0.8247624532402339
1.8240743887170887
0.9517984010359732
0.6049757207819882
0.017308979901791047
2.466800140803152
1.1064809448470798
0.367132236214564
1.7099590947122885
1.0994398076279377
0.6150837391941664
1.0793008723231508
1.1823531775305773
0.7368898142062758
0.5770180854701825
0.7125553951190167
1.2840886286501811
2.284270757083201
0.05160945563317978
0.36666206364456355
1.9659238396435088
1.4230636594897608
0.5434912434234597
1.5131040652383934
0.49604662298522195
0.40354657285432777
2.2182418836974294
1.5171148884169021
0.15088563211395847
0.8626786434918606
1.2497544083823127
0.7607559549821753
0.8654246783282606
0.8533178850295795
1.6749591680578626
0.6233213462360104
1.825358782242711
0.048639622829244264
0.10061500082654112
0.13406937579308648
3.0895486721985232
1.271029571490211
0.1945399550573552
0.5637196519320588
1.8631957859672368
0.7788128387656327
0.8521776414010488
1.909912154714879
0.26842268403286584
1.0722854968909556
1.703180353895002
0.7889141280297651
0.11489315232986792
2.033330114391606
0.019646631095362698
1.620619082154072
0.8884915968359637
0.2519539316493357
0.9146799006138475
1.6666025307584065
0.16709935238252768
1.709965515052408
1.3184946458608164
0.810643858195633
0.7407339104941003
1.1630457852036429
0.48245936345845214
1.7156344851606828
1.2153715321003857
0.26532465316111853
1.576688747197534
0.497868175612519
0.7010116302660385
2.260660451569391
0.5174991945966739
0.20035084204089623
1.689721323131266
1.7188818190283497
0.28038853437878064
1.2912397391444537
1.984561530187425
0.2236368266141703
0.5720821483451615
1.5990054574015866
0.3315852316685837
1.8847565084776843
1.3204846635677103
0.21295244543214187
1.1663043914156206
2.4604317038235677
0.31307287586144544
0.06395004694748375
1.2220775849025396
2.3003062112327313
0.38845408908642304
1.2478580904147574
0.47986219056525586
1.0673092048337107
1.378810250650982
0.538221600093018
0.07654810121319812
1.7136860893608847
1.2966554478415209
0.7518836653320561
1.5537943221765083
0.6997499442805049
1.1894559005284164
0.36727936961838414
0.37541459620277523
2.370727345674866
0.7082235366461236
0.9810293629749035
0.04477332020294516
1.2785688112484004
1.0876024698026796
1.2210024104447201
0.6755683019412505
0.9912402212756485
0.6801034634836192
2.6459430988646395
0.2705032655184812
0.15536708502521984
1.1091939338785992
0.43710231300855984
1.084704336601825
2.3986344677933276
0.7033290195409115
0.18518323490293417
1.8735509546039153
1.2727652524979998
0.42412459013472736
0.5302698450783631
2.293947043692244
0.23725875874691651
0.8770014711474807
1.1693218449614462
1.4281358737512695
1.5642625303728874
0.04507011015196287
0.5412519551796441
1.863953557918312
1.3673938344838568
0.4824311305743741
0.8533116277910052
0.865224060082343
0.7145207851363476
2.761033206558295
0.3593792624508646
0.20236219529607138
0.7506350711877103
0.424344704013468
1.8590995125847916
1.978964649185619
0.14897035194727368
0.6085803932473262
2.426915971579421
0.28492588724074136
0.7640237282101393
0.6599905582066378
2.3518046466616
0.5397795600576729
0.5250266111563477
2.068690342722902
0.5725827459251298
0.6755686650205087
0.614462617434737
1.5652491425018056
0.7732881494433553
1.5765720550593842
0.6008271244679563
0.2675298777946854
1.0410623809599777
0.947631227999816
1.5669277540605746
1.1599511487842509
0.9792525291552464
0.486668609565859
0.4378637210037139
1.8171607984562264
1.1990952670211754
0.2576362202280166
2.7089386696519036
0.14854967662980303
0.08846211684010138
1.6069199266327008
0.9733810562182539
1.7077843232466858
0.8760944700179087
0.27759495159744085
0.7799339947274563
0.2755035456281659
1.8631837619389626
1.40794607674839
0.6739075192193256
1.2298772327490506
0.12542166844929709
1.7674670306354012
0.4510584903623531
1.185681091986255
0.2818815858550456
1.4028596755798277
1.0968261820844085
1.0677349943332648
1.09537193475185
1.0481040978365481
0.9926172098692198
0.21205869331574542
1.2717688562833964
1.223552310616086
1.0125810383027232
0.8316111731955327
1.0748538717054246
0.7941808859559798
1.725383963775534
0.4534217727284171
0.5308083130500401
1.7545716820996895
0.5732196735001588
1.1230665190840299
0.9780843013415973
2.075114164257992
0.03205740904343717
0.43243416771677395
0.3047862849247986
2.3905683145280876
0.4001052043583589
1.1968774016261066
0.9705506220257274
0.016302231825767868
2.2143840692778727
1.0260329325971087
1.0521135987093118
0.7528134491316514
0.3093222128398684
1.0868517723436533
0.6844905179612427
0.9499887099967886
2.89638217747668
0.05317372670448877
0.21477770003150573
0.7807152507129115
1.2626636982068176
1.6698033384532154
0.2662981288520814
1.8743176123803866
1.045928008920995
0.004773522588569681
2.1856051450535725
0.31086028509542435
1.176505060391855
0.5658112434141905
0.00179413226600039
1.9229430337103184
1.2546027093779868
1.3384075495367458
0.48981032093054766
0.5247209556892104
1.123852040135279
2.526134953309518
0.14866515855849838
0.04298047257684945
0.9132494353019034
2.54387450935703
1.2210309249892901
0.12676005597022355
0.7835831034095879
2.211234043299332
0.7149272650964851
0.22004808964516723
0.9372396290821281
2.4910084688539857
0.48213769705516185
0.9434386510996499
0.28757186060632006
1.4379460170666052
0.7516954126443384
0.834531314143434
1.2123982539253049
1.7177667532273277
0.5159468673445985
0.9236060972018578
0.46800744352827145
0.9109376916155166
1.0892884444427424
1.8713084423790767
0.2837539835928682
1.1020344878008126
0.9942852771121403
0.871353770474957
1.0490013316969877
1.439226323245629
0.1099695269612776
1.4254918744365572
0.4081508899333073
1.602219544463281
1.1264138457670005
0.6033074811523526
0.8155635795846885
1.581636712411226
1.2645677218269542
0.7393211156148122
0.6555452898862674
1.0857641709435293
1.55922027256189
0.695983997290419
0.16735503842252394
1.7121979746886025
1.3142625270885968
0.8991587725235491
0.7374426214851376
0.5486238126336547
0.4730832414937249
2.4723803769359667
0.48409950177002575
1.012293125379822
1.0894483818565246
0.6912175627540763
2.076789612003235
0.22217259146986149
0.11945340053075328
0.26427622978337184
3.197260248861405
1.103021583588577
0.1807197710076069
0.8804942634453016
0.7494508408393492
1.9846249085296748
0.6210619094438733
0.5779255680165071
0.818070393408903
0.7252492043443315
2.5665983552574394
0.38763552741417645
0.4732666751727672
0.23878562920799296
2.5423263341983793
0.7659817900490733
0.39029672763056217
1.237114284427053
1.3182688157265985
0.948180287873594
1.0428639546670655
1.1418295998545827
0.5112390180399423
1.8651767017223757
0.46594925607610826
0.9909962873321131
0.44427613861365833
0.7169782253423367
0.5728822469805951
1.329366859919235
1.2268511462419893
1.0818685718327739
0.7115590982540765
0.6792654895907438
0.9426872508276606
1.6502337436714278
0.9596620581525668
1.0014030131271427
1.2121984033396198
0.7725690510749331
0.07134197132113355
0.8702809249401375
2.9924336030590495
0.0021549710365228758
0.9080629064379189
0.6796656276312075
0.8425245307222556
1.9729956127794206
0.9265763399816227
0.8089097502453048
0.005935649325130835
1.7187744718212457
2.1915279743015046
0.18340672492623225
0.899349296221344
0.48215303088794514
0.9377931960761409
1.6522498803494963
0.9514086272795002
0.09973540476644588
2.172251896809678
0.6903284930064546
0.9670515321375097
1.0247671143828756
1.215765797850038
0.3111741422746979
1.2023235091001898
1.4844555012969787
1.3424043922510567
0.31812333699021955
0.9689360181099728
1.4171415887120298
0.31036300887512247
1.4982462800283736
0.35429357628039104
1.0226598321251537
0.439090038552323
1.8131429717285603
0.7879951805129647
0.8980467090194663
1.874971149405857
0.49880272977221085
0.8511122445572089
0.408292225780842
0.8300518637135016
0.9934499284998464
1.6760831135022312
0.024939302570701437
1.5517346280644833
2.02536910159849
0.4393275700099672
0.4845337232754507
1.753536147157004
0.8502870031989626
0.21320957912315217
2.403514707828419
1.4174266584927633
0.11648838906800886
0.6599228185568105
1.8009027894355993
0.3439402019130443
1.537676308822988
1.9102621480301807
0.1144933508792306
0.4338294057176572
1.7999768898956892
1.1936202849641413
1.1564419002857094
0.5056358767040623
1.3432250027379837
1.1912248792974276
0.12847866088178705
1.0368938545962079
1.2197732140499475
1.3969639206997617
0.7192868139962819
0.8847954854274134
1.0584794807609483
0.8472996742750193
1.607462520607226
0.9681799803420291
0.2378286884944413
1.8163411652796821
0.7688369157747418
0.8242404622955941
1.3886109045824846
0.27640882482239837
1.1904163243428816
1.2535846096153753
1.4297030978462628
0.9823018304893556
0.5741547669880955
0.1394401917463917
1.6945316647183157
0.5785419791908293
1.122173569940515
2.004055678930632
0.20737519671180915
0.6884701438003975
2.0349788871192915
1.0136133675980077
0.18285243085741318
2.096386504887243
1.4382413158967309
0.4088765791472799
0.05471658159644871
0.7650123964177205
1.1990456019757534
1.6354510536778448
0.8533495151701876
1.3849070543072481
0.4029107906770624
0.3666536132807344
1.597617232548279
0.5198843837254217
1.4122389750912452
1.4575197408923
0.5678542540006972
0.5645120338134171
1.6148925141102108
0.12756138605719156
1.7956331661978853
0.6991751578415449
0.832993411977403
1.9182066976762204
0.9215258024812688
0.2585681992581438
1.0215240530595164
1.7975824260136923
0.07089944463145038
1.026957491534603
1.498484473296941
1.7268909353572612
0.30964766587355
0.4262956539625002
3.1081327870579223
0.646392549728496
0.054825711555167876
0.28585721778139767
2.025097008356692
1.5528819526505353
0.3451530133594523
1.3214960350001241
1.1298166959227178
0.7909311213449717
0.568856660626581
1.3661666526539156
1.8769107367104616
0.2924901289528287
0.45855551259423816
1.932151685394358
0.7684131402230845
1.082626010691294
1.2736114457054466
0.7940871074839659
1.0487999684989262
0.6359067730250244
0.6371281156958588
2.8328392742153907
0.45348815897157263
0.008963025246837506
1.6595024573569885
1.5089666503144121
0.7525155560325725
0.4111297742048712
0.9391139523600182
0.8567935621266922
2.0182377871152526
0.6067158327054186
0.9358409167520578
0.5158205058832623
1.8427592338238692
0.2684175899013326
1.1742346073705208
0.7253252697048986
0.5870393351633879
0.7766013453449118
2.3136543681090913
0.6132417292830574
0.7738975900187494
0.5773434229511734
1.141458791791932
1.5776070169378626
0.7393247831971853
0.9897677707808118
0.6761142516046865
0.8570208418851988
1.055344933374826
1.120993892486984
1.769089611578766
0.7786886680014742
0.02915274198998902
1.3052560805701763
1.5452108396474062
0.21665346987161022
1.1362294608992827
2.7774984927023723
0.4068331476873054
0.35889282667462463
0.13923276155979078
0.38324834599207186
3.7119789888035997
0.6262756358421179
0.07552795453526495
0.39527050926837326
1.43492610692716
1.6367597193354746
0.5959723909400192
1.4574756303999719
0.5051055005725406
0.8120747486951662
0.5647760429152834
1.0818817692140916
2.3801345629493955
0.7461908186152798
0.2114779630591499
0.6261127454525063
0.7638232365871308
0.5759496169289733
1.7321024971964654
1.4469401009792051
0.6584319291099305
0.85346978214986
1.2175249253029687
0.8214124104622574
0.8242739920761459
0.9188928865754289
0.19134734130631284
2.780122690674325
0.7482286564945902
0.21795237300264425
1.8534037038107074
1.2108101049553692
0.3274239682215065
1.821127383487843
0.4049330683138316
0.8342066110329235
2.0058180408619424
0.054521412240345825
1.3306895148497944
1.3302442691043752
0.4897236176323778
2.0185405158043177
0.5467570080769567
0.016672263562046177
2.157593417224115
1.0898927275971426
0.5237312768842974
2.2569286371095925
0.5844495095842606
0.2807814933129214
1.6127764413960846
0.15554873356949045
1.4812323954984703
1.0395856265686874
0.403116643353476
1.3193908317558236
1.6175265138997517
0.45798277921043046
0.932826994801039
1.3381670254731832
0.88969824285629
0.8186311799521878
0.7800804855097057
1.5536942291849172
1.2779995771027286
0.7977113077088962
0.8132004943246387
0.4967238287938763
1.1697654683992467
1.7178273637430819
0.08712776567989955
1.7233981166258023
1.0491261003745338
0.7778254826427132
0.9629560506310342
0.6785381495030081
1.226232334341253
1.076488445513193
0.9510384811541014
0.8779149032976976
0.2912362883936569
1.264159560794037
1.5051741496194742
1.3909960426759531
0.42905183678290615
1.1299565990434872
0.5715184131023379
1.143141651706508
1.032585896909127
0.7184578628873147
1.4040597018804089
0.5242547444656112
1.8094443956646618
0.8291909591046891
0.34091103175961884
1.4513794860020734
0.8159508501301765
0.5811311245024023
2.0294334096054523
1.025557263555151
0.13746253582761717
1.4056410458527848
1.9416324584031945
0.09651474193772065
1.407814318735178
0.945851215779486
1.2410776733716176
1.0352543131935448
0.2653238858729388
1.6291371331212043
0.8097626355859757
0.5357192014972241
1.113142338111475
1.6636604326228903
1.0362333962112464
0.8620152831216392
0.848916514020017
0.2344213409970958
1.3689696856762885
0.7459893466733478
2.120344237036204
0.3156427926009672
0.05450341603687398
2.5108624730732663
1.3629393493959456
0.5308630989956831
0.5899393515232745
1.276983458034146
1.2676368148165904
1.1106575852320693
0.4369163342648686
1.1386410416228063
1.64158325727559
0.4811518486576502
1.542225337521028
0.6505732864312297
0.5051594841403685
0.90677502868575
1.4147894732950066
0.33682807923805963
2.1387864269648325
1.0098052090780496
0.28512277784962975
0.17487725692359612
1.7957929907761636
2.1358306400157776
0.21451242976427537
1.1098383206940943
1.5890421925655487
0.032369745493860916
0.7775381970971089
1.7369238187960634
0.8150442036635367
0.8878000262119335
1.666181391492016
0.2608735942554824
1.9830397466037597
0.36180393697158514
0.1352576145080911
1.0740640292239647
2.2191222175831027
0.8786992462060348
0.5129140722627684
1.122419158557456
0.9607823677026345
1.6467708771443077
0.8069248547477162
0.037600027515076274
1.1687766710168408
0.9051233927643503
1.4188690675955287
1.908443849754514
0.16367854939672755
0.2612635968143262
3.1114615762159894
0.6060426168037975
0.5036860388738706
0.5526258651031053
1.9692926367700112
0.5649507145917098
0.3998635942167825
1.8821849112045244
0.7876225160231205
0.937708260982802
1.713611607869435
0.4132069684141997
0.6380252427349168
1.6695285223502676
1.1146402350019295
0.7721220303315738
1.6880128307441993
0.046616073329089396
0.9166440501273393
1.651823920143735
0.4747291190692011
0.5614069023866026
1.7688864969596954
1.4943065516661262
0.7172384324718422
0.5725470051515996
0.9945528446818701
0.926293506313134
1.1000141078811512
0.7018487691550925
1.9805976978966022
0.12014986603631267
1.2768911451479816
0.22230848713998866
1.1928994128704626
1.5429122077261719
0.4835208410226904
1.8342106707093357
0.02433394676852972
1.242585865439142
0.4780664550548258
0.8563806128659451
1.6323491912912533
1.3557495600999172
0.6902227097895692
1.121941735770435
0.13940163609157422
0.590861645263779
1.8769316648038064
0.3992178417913651
1.4663457098965837
1.5188466588563916
0.4127209170468571
0.5878998765677835
1.2839934413477936
1.896576342507795
0.8323567360364105
0.34039379886447724
0.5276938052298044
2.706174647877136
0.40931055410396927
0.4145626864012301
1.6446791866984436
1.289912534574602
1.0168103883462984
0.9136019918515058
0.697553782344459
1.1936251226285115
0.11364320961450303
0.9739950105487852
1.4693489309183538
0.7161161464548622
1.585210491902903
0.8346167497631316
0.9300542818461986
0.9946262473611653
0.932268775945362
0.03442651132872854
1.4732096562562462
1.6348139295327646
1.1831949687564054
0.0934017249691537
1.5441157353702568
0.9995907436854351
0.782975212929297
1.316097206659269
0.9703879607462462
0.7962812232107462
0.5117368296701449
1.58117111426459
0.9838429090885951
1.3361052093542571
0.5620978268687025
0.964387886645666
0.44192339708180534
1.7277866270551896
1.225046187456432
0.16848668172805936
1.802844610377718
0.25030181423221276
1.5267128610456107
1.1696933729048
0.07538143594504065
1.3304078553999512
1.5942287312515235
0.9544783855227722
0.913572759448055
0.7586495075942109
1.6532911750589716
0.3777773284519064
0.8986524579281349
2.161986460481457
0.44387235918813717
0.3343782583247624
2.820926410215661
0.4082807530367626
0.04705526417540176
1.692668017413954
1.7471661337037991
0.6038639775723457
1.063610497623199
0.35777634627308313
0.7432095203918002
1.9885580227251802
0.5936579776662048
1.317840611973502
0.5944186332769249
1.2819044957040164
0.14797892193265258
1.7792374823364623
1.0336430870348963
0.8185650125010807
0.3912314000349556
1.452363052815227
0.032465710817385765
1.7040704642020315
1.9064791934373333
0.46387466433965296
0.7421908694233721
0.25853810084025824
2.234487673145878
0.40601094749073124
0.6907866340406806
1.3855997961430124
1.262136916997897
1.1005947895059862
0.47557164214973385
1.3034670508324004
1.998919861719255
0.0045368345248146804
0.49569830639837165
0.9441849206117249
1.2036189578552345
1.0730975387978121
1.0611401976548338
0.74832230769971
1.8243709587377008
0.6883481815669699
0.5242644307290935
1.5412695510850656
1.1092911488028672
0.42566706462761095
1.9612303701472744
0.10996928948040491
0.7015884129236908
1.6856953024504455
0.6106305041451754
1.2939501024512923
1.170035880981326
0.7796336743792197
1.2272272712018697
0.2775274767907842
1.4651255817444737
1.77955458382176
0.262962641365236
1.1331752732557263
0.7386792683385633
1.0634524787854334
2.277963549621651
0.06823559260935343
0.6696925288914792
0.9382693428780853
0.667362426690995
1.221781121916913
1.26112111139443
1.2215016867618331
0.6414977076261722
0.8545767026931698
0.9560692049401336
1.785950620136254
0.38408248673090334
0.8249921992448952
1.7475216489303138
0.4881920913198964
1.0673971908050282
1.328210362291745
1.094465778336401
0.7981518150589934
0.2940299148427495
1.6634842721894405
1.8546414842731331
0.29333925916870984
1.1066927531439696
0.5711987476689918
0.6839697372663031
1.770625143957418
1.2386096695381947
0.30332525303255203
1.2141437070441352
0.72468720953359
2.0704135592621022
0.4346436406778728
0.47397299950613353
1.5453250707673059
0.7837618999131117
0.23327408995322543
2.7470069460069904
0.4861531646586992
0.8038131654220941
0.43550720004910204
1.0073655372021757
1.9672737332056562
0.5963748280585425
0.48809885906500283
1.1418089219934913
0.8073149746127979
1.4152656998601023
0.648355550802819
2.0499529891372523
0.2352032445677699
0.39692519822554484
1.3173061616127875
1.5088522686466355
0.7470359502071696
0.42639491642625277
1.8601962293337129
1.373625751452458
0.19348688018235458
1.7362752163141166
0.42264369307972105
0.7347048473113547
1.7694206903337006
1.4097181894845154
0.19956907329756143
1.1243526964411767
1.624173552651535
0.5294017836718065
0.47813655349796397
2.233485032691404
1.130693744941973
0.12606821514384114
1.8696734573768385
1.125448237312247
0.5733604068394624
1.315142514402931
1.354304064826699
0.0477160031784421
1.2966495581199988
0.1860873869177619
1.6000474902569655
0.8635455736244664
0.8390108813231012
1.5115419976162017
0.8048700899267657
0.824344397127812
1.2806338062232367
1.257638894324143
0.7316638630900469
0.3330495651451833
1.5607139328099642
1.1931608407522036
1.025920151379532
1.0838223616649425
0.9615562247362011
0.1323959033907181
0.9122754132754206
2.4398644341256603
0.9282462606194137
0.39791645604285947
1.172037463138977
0.9137826657136086
0.5103800548481915
1.3936047809818848
0.42928739235291324
2.1712399230702566
0.8554592086602338
0.1581476105715546
1.1730135076593555
0.6773995431033727
2.1925519915200082
0.21314880430214594
0.5145531285029458
1.77347523926105
1.6730826326617294
0.5899589489419571
0.40115092800959506
1.150562921901199
1.0734737797657101
1.2390801883667777
1.5226981364094108
0.6252783277467251
0.09198061636214705
1.4625188375951457
1.7813229725856181
0.5628761374790432
0.8790579237646348
0.3830602754199725
1.6983298227583963
0.9779293183079387
0.6350938751494425
0.9585570350380355
2.3596934128167084
0.43581800281345945
0.3961898289697349
0.5393558231548377
1.2820940323563985
2.5995486418065927
0.11323064729646559
0.5220499047081276
1.9487921153351977
0.2905268048481806
0.8505673445381763
1.3162008981647795
0.5972589914839043
2.3425814230613073
0.24084870372476844
0.4559611737041889
2.024531564980331
1.2051956133241848
0.1858945564290699
1.1593457478435174
0.24328179280977583
2.2679113691719124
0.42392529222748343
0.6393887865553065
2.7655733472525608
0.46255050361364325
0.07623595462448857
2.1556189685473814
1.3149545189257668
0.4244558677415371
0.6745396764185223
1.3775297759335758
1.016086957420067
1.212211143659519
1.1702724922668466
0.7790011423081912
0.7986355195729857
1.29289565596506
0.5605347674882102
1.011830361073464
2.190131242987834
0.6962167728310844
0.09311810115941277
0.8916475252123183
0.8075685839104781
0.43951040880092085
0.8376525803814665
1.2487083753272392
1.5395760427780543
1.3267786598859659
0.5029509245047025
0.22429904479116225
1.2095751720322523
2.3143485407683406
0.6335469260895873
0.38370925364460584
1.86657175433297
0.30948400096006334
0.40625281048326584
2.215149043023374
1.5954769252891743
0.13102329669126728
1.013130881268278
2.536168547114749
0.25377982413905753
0.3120676530280718
1.4237053341788057
2.156846391092781
0.5341452014392258
0.4047797848258294
1.0355350866471396
1.522337395208464
0.7370019588289671
1.579859852368033
0.0997408574815312
1.6025979057311488
0.914490793952038
0.15776704059891727
1.700217911992954
1.1130895226596653
0.5911887207065494
1.8004425156988346
0.9895984348067687
0.6300534535796719
0.5301240308878242
0.48110161019727443
1.4189645037653507
1.7266524233703588
1.0256443152513657
0.5993944025269206
0.9181034958732012
0.24095320865136946
1.2355473164610027
2.033601683262555
0.2518394720046007
0.39381227411837527
1.9312932045378883
1.284702629420609
0.2709137809726164
1.717856749081876
0.6919874058805677
1.3747723966839547
1.0403103326954115
0.14113687165829802
1.2202222381606522
1.6599080313156613
0.439678102767148
0.6222887903480462
1.9825384615085226
1.1148281966492686
0.6497100961195295
1.497451778343595
0.6478668293751386
0.3823374570079558
2.1703696857513353
0.37008516357740645
0.031094690373999066
2.122954229931925
0.7888133752866964
1.099908416901084
1.370112074226978
0.9651234517288085
0.46983148503628064
0.572624263170853
2.8072529434443747
0.2603070330857272
0.38469877089447607
1.1261315228166602
1.1167245627861175
1.2175400968709318
1.263548475420596
0.900580119810316
0.9966675479034274
0.3648352230723846
1.0242004930057056
0.7673731279072641
1.4650796750263306
1.3587356706541036
0.22557386229799897
1.2636678182749224
0.3506323684680483
1.230219448052635
1.6523383301329757
1.2059436212181982
0.32201140163881
1.1777847576609741
1.2536278725137115
0.8827608367337123
0.6219717724544949
0.783463788501262
1.586574857510809
1.5719632514393767
0.22939479267915672
0.6571735947973937
2.091497308035509
0.5962249402427507
0.8881363020643797
1.8816720361689745
0.35353353939328175
1.105422890597881
0.2088806872329924
0.9353758624780867
1.985297756083145
0.7363702452963871
0.9942598640150315
1.3616508624766963
0.4633615046525205
0.4900076265549744
2.431406476112555
1.212897186087383
0.029617594093252285
0.7942139784153117
3.299112665927863
0.522610344736195
0.06486488669524722
0.28740347023648694
1.3636968277223618
1.1281220533011607
1.1807901317665197
0.664996861689473
1.7577870719962376
0.29827558573527874
1.3473189336376994
0.428329995423324
1.3690371843460307
1.1381988884725875
0.3094700363933351
0.6892179097797261
2.7067885004497465
0.33359186048207506
0.8796636811505363
1.0241751933134413
0.7278519063060778
0.6413916014452229
2.257226029667991
0.5093608199666869
0.5026468357257352
1.3042213159869152
0.2567214101174653
2.274106351722852
0.42848516081741095
1.2514615667401006
0.9122973570424329
0.05335038841185937
1.4371129929575295
1.039907844515974
0.27572596427923624
2.35577182267191
0.44198460912711307
0.6532195922263523
1.8682186434902215
1.1000606534128154
0.747906988822852
0.5264853587982686
0.29173258888423315
1.2420569952645
2.3890602037415336
0.7207917556249405
0.21621233995099629
0.8740903788411539
1.5203334877710117
1.5004325566126262
0.767348496888388
0.7203114299264299
0.793007016140266
0.5877053465677466
1.4988787106997759
0.8787386662406393
1.1926377120344616
0.20340724728721768
2.0774174476850598
0.6997060565956735
0.5572264546481953
2.0957511918034197
0.9684933151836929
0.2965584793988168
0.2985209672409723
1.6422950940296683
2.0064138805944696
0.021878403168923997
1.6535149645270983
0.7807792613646053
0.2692618611135284
1.4052865182372671
1.9705659425203013
0.8240884546717384
0.19831952066126846
0.9240600049446489
1.2172425672286018
1.5539784411252198
0.669165412354855
1.2149922733940215
0.4134986765263719
0.928796870019014
2.38108295309608
0.19462224005367276
0.7049663842848105
0.7156167160661832
2.2106597222216915
0.9238824233658262
0.15220521500393372
1.5441147690708836
0.23076409313667695
1.0664440429778754
2.258105638017245
0.7344900387381615
0.46370221842283976
0.6250411585856472
1.3391035258674175
1.300139557186257
1.2662336742909837
0.5296214931925317
0.9077259804913683
1.20985186907437
0.8842683568311084
0.9796266921589
0.9329296549841829
1.7148512391016881
0.24430241066341798
1.0599295325521159
1.8788318016004117
0.4541017070651973
0.4867478918318982
2.6122954107735685
0.05051833143559881
1.0328674273091865
0.3911983727054274
1.7772171505633496
0.05183770194841278
1.4749771529760511
0.5697308922617442
1.1999038587829516
0.6175636549321422
1.5202021821991443
0.2354030639431343
1.0003613261173694
3.2678294221108124
0.0482365429202409
0.21775500321418925
0.7924068944684807
0.5418784892696186
2.233388904250642
0.5554894489484515
0.8393564760512865
1.033353908108424
0.9608703371308064
1.0886898544195933
1.2325905084733468
1.7183253625437243
0.07727161081457175
0.26211692880128346
2.786005540519619
0.39027982804109707
0.32255198277248126
1.4154347956398403
2.4122901358233473
0.7158092144435183
0.05310947706006465
0.31373404981949515
2.600338806841829
0.6983774783693721
0.3476463938434516
2.02842919131364
1.0043970787158625
0.9554510887146487
0.07064287868535826
1.6405530580064371
0.06535206791382406
1.8275082647801233
1.7462982070185313
0.5068437988114116
0.27290272549635236
0.8293866621043844
2.22788171900637
0.4500730143951385
0.156319093552147
1.7361621852493139
2.395324335551859
0.0950018101134975
0.8806820640567011
2.061147849372958
0.0019411732284104896
0.8231798390537971
0.950618190640203
1.71734391795246
1.4759707300007456
0.15328986190077185
0.6593803691018032
1.891584410663044
0.11443403693094116
1.8968264465435096
0.6623847646473264
1.1608567427822967
0.6480152463071536
0.12078428596877622
2.222022210921092
1.5679840226423511
0.40265376546210396
0.3090944748999639
1.8470129909227369
0.5997710755139598
0.780097472626774
2.1864257411957015
1.106731665919018
0.24899483817940427
1.0723613102845855
0.2974346904236171
0.32214345069622913
2.4669894477149414
0.2859805329295597
0.6665164136753651
2.987970985681421
0.54204538894391
0.15032529294467223
1.7770449890390903
1.301590119277776
0.529794418700916
1.4341250450420153
0.49615570115632673
0.6404082730897084
2.4915374970482422
0.2896672944461933
0.9111026902958199
1.4436099003439344
0.7873667683222125
0.5448793680292596
1.6417217061176241
0.5315567019329329
1.5719590441766933
0.8848299274795048
0.04946681627798862
2.115732721381115
0.3821388192760316
1.4452730775377252
1.1097213183750587
0.15441632523931456
2.046480959115078
0.48749201153530775
1.1882238148085336
0.45835825868461705
0.9646585627755448
1.2931479142334474
1.0957340905243
0.9534295202606808
1.1460993852734176
0.7352618669602597
0.9065249386869902
1.15169069341962
2.0600162509740136
0.05501566016117197
0.20867076681272018
3.0177508624062908
0.37615256415504533
0.22933023947430298
3.5337575761788225
0.039665514258497514
0.39566085467375134
2.595611439889077
0.6417967257184517
0.95936286064413
0.3544784848799866
1.3353092267612623
1.067883883064123
1.3707981724846268
0.7362225848181068
0.40256828580786125
1.0371330858631578
1.1478859698761055
1.8607096207916174
0.08869296183160542
0.9728642942536634
1.4339439808328243
1.4926419010542267
0.2459530474006506
0.9881847314772035
1.6379260872527817
0.5580373862472063
1.1051003698435864
0.7350713566221038
2.2321808979063196
0.3259391876404603
0.08179365674408412
1.5446094668773964
2.229533548990847
0.6249182530800739
0.37419039495208123
0.40802824278178496
1.9199062890741254
1.6910202419534421
0.41477960282230303
0.6263930211847403
1.1109122111130116
1.4781444941253612
0.29351986035398503
1.148988006245668
0.6559017417207406
2.301658026656908
0.6585732521642088
0.22148262950500158
1.0403502027021396
1.596220761223531
1.0187815918174015
0.15938519927526276
1.8179871175731128
0.6886618272684524
1.3068881380248007
0.7029310602909872
0.8988706204366977
1.8541719641825576
0.0751330213091229
1.0407716882503506
1.2719618954665879
1.4448479780360803
0.8573993283908709
0.09367137740314976
1.7860802233791286
1.3526587703824793
0.5081819462740899
1.6902149017761638
0.4774439474896562
0.655999342266739
0.2974459187685718
2.323970083185476
1.308900674066044
0.2503451930645771
0.9064351985974903
1.782240963463557
0.6853730166438586
0.9184755671805095
1.552369195904462
0.20862180367547842
1.6439760766876
1.2329411249386624
0.3395122829016594
0.8751493226116575
2.989916667576374
0.07125021825591443
0.27601600381176294
1.4908333857482117
1.1353767168263211
0.4919242641846111
1.5182057307165526
1.299957823663146
0.5665913210084825
0.794808160845912
0.9187741397519293
2.0378611081010582
1.1434233284153763
0.10087929139822813
0.6555257971765831
2.2301618428677905
1.0229272062319692
0.09543857581246194
0.9979947927065607
1.7171630642928915
1.3087941746070753
0.74881244478786
0.4146302190986604
1.4026540904084515
1.884164956359451
0.566813932760467
0.21116379453150594
0.7860876180553948
2.4297075675907243
0.573765404478486
0.543345882803771
1.2381458785615358
1.0388652624334715
1.7149947490947939
0.7351194229835111
0.40915080985100166
0.7762186046976104
1.9403623409667243
0.3393254410415132
1.2381050776386444
0.6613649917606023
1.5096827425974146
0.020821904496586795
1.2223773553156212
1.2527994278585808
0.967377691007111
0.4025554967952732
2.340818156941281
0.537534186212354
0.6539236912788169
1.7237725526000889
0.10646206982082632
0.9393659034937467
1.343398344208769
0.8858820333733683
1.765877883378449
0.6449258015130042
0.39581357626090036
1.5876080609420375
0.4017537136819341
1.6205876109378348
1.1249574646382887
0.6477239031232347
0.48261833494936107
0.6689023319604528
2.4120347422292197
0.8273691299087287
0.45827818097761713
1.9773596198572851
0.43289298962536815
0.29606352455810825
1.8722702226649262
1.0017065016379303
1.0986446069196762
0.3997513150438751
0.9668157842962524
2.37672106964597
0.5116419217815926
0.18053053374315375
1.083412025480783
2.134525524791116
0.6174286114822083
0.8946541164320574
1.260776765984124
1.011488857354867
0.2077188005164044
1.2214818637644298
1.2179247136881677
1.3945449094414342
1.147761173174845
0.444187538647436
0.792967938156066
0.8807397617667037
0.7720940734836469
0.46285275381398855
2.1226819881797554
0.6481669820854511
1.2849523111923142
1.0863751792964238
0.18872314705457358
0.4503129316833412
1.6947647785588433
1.817049127315632
0.5847809823536254
0.3071240350221263
3.1232986277448482
0.004184550853749041
0.2162985790166619
1.429143581193254
1.4823808003587422
0.7827879997567618
0.8995512024364437
1.5742779706216572
0.38970661670819945
1.0550932079061333
1.9143405493653014
0.8734231757583116
0.13253377351578152
1.098498320205991
1.980373738796175
1.095907680578481
0.6336892681862146
0.5176263194034251
0.3419843042110181
1.1261836992006333
1.9276797832844603
1.0099127578301883
0.2862032515842409
1.356441398154408
1.7026631003209338
0.7087750942879061
0.2934192543350029
1.2691822599039142
0.6515046431901584
1.721160288786421
1.576467827946122
0.04089659604325278
1.101389384074103
1.2188775979631432
0.8747770552691031
0.8800959568839669
1.5260595569468591
0.5246010902759659
1.1414824519913347
1.3473575616316906
0.8787207377436764
0.6121593044691835
0.5893904467177383
0.9053152325735947
1.815988175012582
0.7856294620488098
1.0752947141930653
1.6495698666622236
0.1309753724602
0.36596448799283837
1.849128250463031
1.3997482304697868
0.7637410578235022
0.9513697035310024
0.3301454059570013
0.9386127275737101
1.2931755633925657
0.8222283607972276
1.8854317807309418
0.43857338102198584
0.5370954764473345
2.1673779712247896
0.663091418657248
0.7708826097109112
0.7247428872864892
1.2994039869086362
0.37771159349005395
1.0165628105028068
1.8746482744712099
0.7744437056750236
1.1227166493084793
0.9541065743549982
0.025880238730000386
1.5283906683399384
1.6128154423360004
1.1810641602403589
0.5141715687657561
0.4023048612384929
0.6767883492970191
1.2979658541899202
0.2697114291773793
2.726754217633024
0.19060531501018343
0.48100813697584416
1.0700597974394348
1.597097204985159
1.1766497491718007
0.4379800638466428
1.3434594509400282
1.4025707842828652
0.41998270100049573
0.8648919174233531
1.1937266747990634
1.0192727654443454
1.1544586192346233
1.063502654755013
0.5579354058865542
0.7625822052854857
1.6912290944320654
0.9060559489977066
0.6423619025237257
1.700822712649155
0.9462039852980924
0.7727967653065855
1.1590502674796042
0.8077879667318398
0.08247845596507772
2.2988023097429036
1.2824788836616383
0.06249486920785339
1.2183385343101598
1.042582887067554
1.6047423358308743
0.8709737088447661
0.5808916419936733
1.1726247525730678
0.2799954329652109
2.172197872550483
0.7555238287562962
0.5492251035183665
1.811283637795067
0.5788152409236235
0.402127601515698
0.9324787055632221
0.6418765209106108
1.839673372378074
0.8642325144337618
1.0372455739459874
1.0934019149573115
0.5561212126473666
1.1453840316432569
0.9728788104028305
1.1466469822769296
0.5034352394455507
1.7451843503059226
1.227215825695712
0.3711219580458192
0.4505672533538109
2.1808349444833603
0.749749620751085
0.6049878339681113
0.9550868560669388
0.815972141390731
2.0142229254993107
0.9047186299360709
0.29069330572531143
0.9387715371026267
2.0521991832178452
0.951655467248593
0.775641628917836
0.1493055561736079
0.49058450103699935
2.345346908841268
1.023935285890475
0.5103125135997364
1.0209155298076422
1.8082540169617372
0.932001006126977
0.40858338104585396
0.8800494275998582
0.5627932254454271
2.147762262540247
0.6059787934422391
0.5441826942658842
1.1437509005274775
2.3826519892260047
0.2260949398413135
0.18235781134545279
2.819177689706745
0.7762074828110146
0.38556082731208635
2.1632295866437774
0.47965339372417676
0.5816223351280527
2.0941681948866893
1.0043882329891378
0.13585176235009122
2.014410645923996
0.6685870024628315
0.200370647727666
2.0810513326691233
2.2253743026488535
0.08613143389860109
0.11166956761822602
1.0209136646789674
1.2700298891544415
1.4810769973855873
1.0982501052689264
0.8691601118183253
0.4840679976222339
0.33531672579448063
3.0113714874891486
0.6219721031866629
0.2008981032639454
1.53930085635665
0.04383552939699862
2.1849531521136605
0.19289565071556716
1.0185636219507799
1.5296843176245571
0.5741544876926934
1.0597165984815062
0.30683376405926793
2.9506482861635646
0.06414162727877758
0.29316586930466015
1.4154277286183792
0.5777255629503006
0.7996442370632436
1.6806561662695674
1.8456553872341683
0.17192344772083407
0.5359115839590942
1.466534944801695
0.9383196475378786
0.43206800188365746
2.018427445907402
0.9014504564104492
0.6821756839897997
0.8207159854396444
1.0797679830622091
1.6560053717948888
0.67155826591327
0.5092734363519349
2.4801951780829103
0.40132892884922433
0.1905061608698738
3.1400185642685874
0.20153392929372413
0.4375050292576762
2.66075392130007
0.11150656668254587
0.8877618081398129
1.4876156496334487
1.2541886968956908
0.6092657472325289
1.1829885856357658
0.40254851985585166
1.0796272862432976
2.016359250305054
0.8731978895953895
0.3543984352726151
0.7690860052439397
1.1907000761587365
1.3937765146793797
1.0163182941963926
0.5894742090569574
0.6508075621985364
3.0022756649148694
0.10840530536279688
0.4389680270202797
0.8959215803749707
0.34258902901179566
1.398165141395195
1.7022924897377414
0.7553115939839731
0.6991905118499533
1.1205839660603896
0.8008446281038986
1.576414563399001
0.773872295833073
0.8325408116518108
0.5950794894399156
1.3377802367229483
1.0035220513517413
1.2132723231924913
0.7821821008591326
1.6425583991825734
0.48884005557974863
0.05337338002703786
2.7687483825925736
1.1725545668966046
0.34903382423929064
0.17739954185660922
1.5460419158409546
1.1675459662065875
0.8567488764221185
0.8340099079622407
1.8498179546455635
0.783006354594033
0.4183913988557057
2.055522824637747
0.21064331569567377
0.8522111460911173
1.2377457134959216
1.2459550135615922
1.0980155939550884
0.8292571048753342
0.5239842969643015
1.6616537933820716
0.9911928834018439
0.24267124991038366
1.6519056956200102
0.8565183950225318
1.378443597907035
0.6123223331008903
0.845423475194921
1.3526973299331873
0.3479735053255559
1.8723682471073126
0.38274198819929217
0.8947051151652924
2.359809185807888
0.32319254557521515
0.6201296974739167
0.6941289870298208
1.1429418794892718
1.6357500157941225
0.29625368999341717
1.6739967583881616
0.6864397089341129
1.1865374817523544
0.45887532037925816
0.9736152806736957
1.034639275323991
0.26071453413000895
1.4197896539776282
2.0897244031828692
0.8187593716466788
0.11073408560093508
1.217378881492879
1.30949892993243
1.0726213630986434
0.7617542428569782
0.7599120800720531
2.0199370497366194
1.0891835702766983
0.2460537634607321
0.12375380337727543
1.6253250930731857
1.1589253686562138
1.3664218344961498
0.339831802453332
1.3688714877035686
1.3804736999331222
0.6963239539357441
1.0389271615034752
0.448990890589933
0.7470081248663897
1.6356710804051584
0.7315915802252506
1.2003214617717057
1.2000623994364854
0.6647548493472707
1.7768598007780525
0.23135090138568995
0.2115645139622316
2.692733184966689
0.5970066445390687
0.5970922715776463
2.557533933521782
0.0820502300837963
0.6406051547935556
1.587572661313647
1.1196969709328473
1.0315282277287057
0.5493114545118535
1.3047578057243554
1.6144165647636828
0.6144436924409126
0.1965943723474801
1.1817920657854804
1.7146032145861114
0.9340219288983224
1.283413881081118
0.20514014014055015
0.554675001412002
1.0094953382989373
2.322509488461193
0.6943894887433064
0.5792217308227594
0.44964015862507933
0.5625208506159938
1.1369189563714326
1.4332057813521253
0.9753748847688126
1.2543051081672516
1.02279437986404
0.5272487050740252
1.3434161679692227
0.12537273343996735
0.934243357272794
1.755701640884509
0.7438062819387194
1.3441300647022851
0.09435045063947815
1.4617803896704185
1.993733775736007
0.09519190656704149
1.0881636036151339
1.1020104042467918
1.1599510376428268
1.2061089395680327
0.5390278784487493
0.5674892746586879
2.518043742774616
0.9350673998229629
0.30443664898494865
0.9830671253279198
0.6427396139797491
0.7065965497202499
1.260247811060942
1.0450318662578557
0.7589500728587024
1.2420401471541842
0.93877672856433
1.19783095056008
0.8241085105879163
1.1879289320993418
1.124236121650293
0.3531575427701273
1.627593423898931
0.9960725354555283
0.8310902725528283
0.8092483704966845
1.8950301757122858
0.04125744095090753
1.3404413581576557
0.2252409191460906
0.6932526707617896
0.5306469180690705
1.3269300450563508
1.8279193010384525
0.8997280632830326
0.3239274959098275
1.6317356163615904
0.43653789012407973
1.099748394867666
1.8565959495708066
0.5992909824944266
0.5790538062481535
1.6652129225181616
0.8314632742587994
0.40614951593274334
2.351177069918637
0.4614130959947007
0.3309476398367075
1.3053875089414715
1.680257893623299
0.9722452649424452
0.3076426505804904
2.5207036063672468
0.10207198706950915
0.34284688146702474
1.584462962289747
2.033926831521798
0.3645779496920782
0.6291549378471928
1.9383988441344582
0.7838934589280079
0.26863103536137656
1.4384688265435013
0.2691829684200956
2.291493806948197
1.199615724551763
0.16841405297101208
0.35941077997847165
1.5155546408484777
1.0608534338355269
1.5166801632441018
1.101949196604395
0.5602416625473381
0.03347639059649347
0.41981777409018345
2.6251903942083152
0.820122225234342
0.4148724577199173
1.4168009206398693
0.6297078952907132
1.096519374428814
0.9283203676044468
1.3764554734302954
1.0485234326739488
0.9925987322635916
0.2876723492661436
1.452906991893275
1.4374930347075552
0.44663180835068794
1.6854255522416384
0.1605800027283421
1.5514714344193936
0.9034289891084184
0.4704266638549865
0.7423464607120487
1.8368638114154654
0.48557028627599874
1.4152391399614144
0.07531653727779951
1.6701798449021854
0.77354912355078
0.8135597449432383
1.1536703004635793
1.7001327917826046
0.50195685777458
0.6044148401945447
2.015308064765803
0.15750754581248186
0.7680394986390409
2.7013553558347407
0.3389992988022666
0.9750981779367559
0.11613457441393653
1.0233696254482207
1.447236682755232
0.7541476212049595
1.21560328347867
0.8311148841838891
1.0781670255317433
1.011646889256002
1.4732773790677554
0.9369646934312663
0.008183693073172352
2.4393029887737083
0.9203560927685545
0.13125724599792635
0.8231870864543185
0.41882437683188234
1.8514203662012678
2.2338237114433017
0.050851732145863415
0.3299973603128437
1.3178491802633532
1.4244922915383247
1.1119572298047586
0.49299026741062635
1.5917179690013565
0.9976635014507279
0.5390281808422207
1.3256281299041937
0.2806878640830266
1.8421864453714973
0.3756486743620792
1.2752393184222097
1.0459731243341768
0.9872874072843218
1.2534388273382238
0.14501631049505614
1.2579834812496864
1.3348545004991945
1.3788989687579858
0.3279858072894696
0.6965549013485847
1.7476453168894308
1.5122286565572256
0.2654967763183897
0.8234738119920447
0.6913297854709852
1.3240234570737006
1.1794758861198351
1.3265544670102247
0.756662316890326
0.7462467903636583
0.9865777265087956
1.0483534419993583
0.083432009827849
2.452634894373788
0.8783318328627088
0.33118736689771106
1.7463364716369432
1.7235232285904596
0.07922386706894467
0.472759741788282
3.4324000872932356
0.5635435226887641
0.03753259676373448
1.3080269864458431
1.089348467085938
1.349467441255746
0.8053300744244056
1.2350771461691363
0.22332090754057307
1.2214930191958386
2.394503723189266
0.5725699804112577
0.19850260796181438
1.334302914795711
1.82427232838004
0.21284798833086593
1.32255498654491
1.2853253816642471
0.5478695102273907
0.5860988897683146
1.9109944749121013
0.0788860189797381
1.649406879200066
0.9868330539162775
0.918753732016091
1.0926164128692442
0.40886086048637216
1.7952645101074918
0.9668602668300982
0.2787457021049017
1.597696844001219
1.0876454315472206
0.7608022900986332
1.4938594967653067
0.5833389851294812
1.135022823039272
0.7064808441004634
1.5091593587633065
0.3955091842671126
1.454007011793045
1.299567266938625
0.10057790428091958
1.2626205700422153
1.0641483859241796
0.40205235361426017
1.7512577780079397
1.4972440384588672
0.5541067741734261
0.6292873052918292
0.6389745509425953
2.0064844430587
0.19001284018940068
1.9770095247922699
0.4704538474816972
0.3302279616621944
1.3547309414752435
0.7050226699045319
1.3493383182534633
0.194138021560316
1.4290679710106788
2.003856682071675
0.1882624002787239
0.965344509125038
1.9432133502628732
0.4393288033436336
1.33308128598059
0.21555315968072664
1.3520118625660267
0.8452356740373825
0.8461297357034325
1.918688982795622
0.42043040355359945
1.264654726234431
0.16342898192188604
1.011367885074547
1.6671250166697813
0.11763233415803732
0.4427709875699866
2.7128588756455727
1.257024417059424
0.28330610204662465
0.6388075117983021
1.2167414740972
1.2502734481966247
0.5978233565848724
1.5494048250712145
1.551513893564946
0.38877092404291774
0.4912567881868091
2.234739057451599
0.1639265339870033
0.7779964886001849
0.39477691634904044
1.9111555111535914
1.0023164279561976
0.49485155446217216
2.035956187001449
0.39580210924205916
0.6289384725810978
0.8114836520273554
1.2955819742364671
1.93530432090154
0.5847708700564805
0.43659523812381307
1.2389977829881378
0.48149947476510463
2.4935281175795656
0.30296466833804114
0.11506684755416156
2.1040398930420268
1.545672607066932
0.23880052935172102
1.1378539156047782
0.7412529419772459
0.0727673669713809
3.0585734358307306
0.9555189912359312
0.31118997285394256
0.41521460988683373
1.6178097771839723
2.2004940585950945
0.30087860365769453
0.09821644423272749
1.5761778631417962
2.1815876416708098
0.08993333727596327
1.0075556899800977
1.2446881600054702
0.5389818782534707
1.4137315912176702
1.1949804641580657
0.8255385828599623
0.8402843873352475
1.2703152903419743
0.8610148500156354
0.710644987723166
1.7111437781670384
1.0335599879030957
0.6559852384810211
1.5348912828606212
0.47867826626906623
0.689946366687675
0.057625627542622626
0.6711675307962787
0.9565887400557732
1.1025102876640598
1.2512645230369632
1.3747678786540238
1.0578904510159974
0.3137795793272137
0.6639185276513829
1.6386432683906487
0.9192650639448782
1.2707603768731481
0.23697250873624617
1.684653347275565
0.9060565403959147
0.6735386496939907
0.984945432027768
2.1333186813964238
0.13554269457435178
0.7785294055130002
1.887041364427838
1.027049377343731
0.48928105870745847
0.12657529142413865
1.5102752339041547
1.3482671970998725
1.2725565721680507
0.4777214644733365
1.280648363285385
1.681796766806541
0.318940829675645
0.30400888493455275
1.9799171055519398
0.9033820080844129
0.8609305322844487
1.4437398869137754
0.9442515866412987
0.4552573088854413
1.2098635514889784
0.27249083728012163
1.520666778856006
2.015606790373058
0.6751312068516763
0.3147614125650548
0.2863785632979137
1.5289229934434687
1.7954742612280596
0.4305984403102465
1.1908643133328092
1.3820030740017506
0.6177731203339597
0.6347771424693821
1.625477980980328
1.4808011941790957
0.22844164894037194
0.5248094155964542
1.6212883986336304
1.6682933438727428
0.5149820854856164
1.2827787598208322
0.563068674637089
0.2820948081879797
2.9064484121382197
0.47827770071867304
0.30882088255734175
1.0053579745939762
1.2763113139051254
0.8401748491075655
2.0627714603095404
0.5121824949716626
0.23832692085586754
1.0316102337347706
2.241167304070594
0.6498083939910607
0.6088865255021698
0.5925895407412104
0.9017270799998517
2.0420883468219335
0.9205171436536997
0.6406096276837695
0.8916656536658388
0.4647481626760145
0.5424886380461575
2.3212793131912135
0.8286872814892414
0.6808947028356153
1.5630749688768575
0.3069039998508819
1.1001280523434058
1.691409534464605
0.5139878909056518
1.029439317293626
1.1902935330699362
1.1458938084576407
0.815482336410125
0.3606347881706002
1.7267672729301178
0.5802948010292843
1.1465508475785346
0.38563138095325905
1.6920172851103428
1.1479441007142186
0.8435140528005707
1.3015617187157422
0.25195566333591773
0.6044384060430554
1.1993751843804619
1.562447676604504
0.9639634850396485
0.750648930848009
1.3461085329286513
0.40784541159726984
1.6495293310153138
1.3208444522020204
0.18821324108789242
0.4425587507490172
1.2623313470262063
1.2726332625530574
0.3738769536319128
2.153193112624459
0.3275521964193797
1.232239078193723
0.5120352957397561
0.5646875209653309
1.1385517858876237
2.424752667247326
0.4989481226517034
0.18239452330026032
1.1867542068692034
0.6550801928069796
2.4378007161892445
0.5930766795001302
0.1066125310299699
1.646412221556945
1.1917646858838076
0.9711068317333703
0.4932111885179248
0.7953513712215562
2.2191591051604105
0.44161380027798897
0.6350185475529044
1.1923635245772146
1.3922889430700762
1.2038364222352604
0.9851511123813477
0.43896565507928426
0.3843277572612377
2.3323544955408395
1.4098129978381295
0.19717061470633662
0.376288385259678
1.953754771630898
1.5473294015877337
0.5117977949586676
0.7985079494665226
1.1042557129568416
0.6456953241878239
1.7549824971630898
0.7777022586140626
0.5362102343734364
0.6255230542797264
2.4934885482375693
0.8882024315500668
0.14280104986134945
1.5560509699387162
1.0177892566011757
1.132569176075607
0.8487368487778426
1.009790140926366
0.8659609857923857
0.5153612863125414
1.4799405764288378
1.6291621028893206
0.25279100414512934
1.4036484160849079
1.2226235891577628
0.5395492280131372
1.2214801075941317
0.5505742655481674
1.2457361108681664
1.884341813830428
0.3789448037111963
0.6439246984158763
1.6791027709981112
1.2077665004022697
0.7297161677026867
0.4360232804436425
1.6014166076182414
0.2600436703125069
1.418177620482467
0.9626259031218849
0.7633323706526215
1.931052378608387
0.1266791917631755
1.089948869891026
1.480723576971504
1.0107756043631697
0.635164357348664
0.9378541467931071
1.80060629181514
0.4499612699047829
0.48122945629404873
2.51845163805894
0.197250091456282
1.30149624841009
1.3694425459798305
0.21353857909447096
1.0221216122686414
1.2196433289565427
0.09089672100551208
1.7642481649674349
0.4389038895988481
1.1822170343887224
1.8794319902476992
0.4690264222567363
1.1760052240649157
0.44147220012033617
0.9120458806656556
0.15561270588139517
1.7435554430157096
1.5186695763349987
0.6029316441288314
1.346631175098271
0.749814130500367
0.8482016581220146
0.9757400234950494
0.36146343251040614
1.4059848032773121
1.4093501877114107
0.6576012070298092
1.1341763739328583
1.5460270695381726
0.19729140484608582
1.5805668618147122
0.6802844428749959
0.8588353053505902
0.2882891990058202
1.4782872203339097
1.5922610451078414
0.3187141726342761
1.1770790068163781
0.9162369244251669
2.1353273224497684
0.3638970721728208
0.14915453556835262
0.5264264480111642
2.2391367051929136
0.9136334079661553
0.8688786139533179
0.9323827725655077
0.4092312482983284
1.9548176587445159
0.8241799985652832
1.16681548106807
0.20941719093484915
0.7775673116977222
2.1236963318236475
0.09267291796574426
0.8589334351995042
2.0553573808755994
0.6501605668664854
1.1753995290843657
0.9029131745023216
0.8899507802356967
0.9064105965183827
0.7942467686864306
1.2172630012752876
1.268307203794008
0.7698391935705984
0.48891538182195604
1.6498297605275734
1.5829517330018315
0.3760505996926778
1.2341408724305185
0.6974370913339955
0.7991275997821174
0.25541224422282255
1.9633245936607688
1.2666368010874882
0.29340892326465734
1.6326741172715835
0.5654912550872304
1.1030314099977556
1.2610422903823686
0.6505040691499315
1.324721825849194
1.3170325497750535
0.5051157913273551
1.0894290951789116
1.2044929799449289
0.8082244230699777
0.8688337425268365
1.5485837837478609
0.7862059515129523
0.49849072077443185
1.128343693283846
1.1998928598854328
0.7039301262624689
1.390805747573868
0.7012177259218666
0.7633241228029142
2.327535195145296
0.4309591952978241
0.817042490914917
1.015725132908378
0.04228140832413178
2.2667880671687413
0.46555362864895977
0.5214149153563323
1.0839015448989966
0.26049366363251386
2.8750139790419973
0.9237270659350976
0.020431213788872988
0.5873231626925773
2.3392440090771256
0.5992627312128707
0.931190351627439
1.2840633148010392
0.7302546076949671
1.671847760020898
0.7446103759425557
0.26682792256642784
0.9314830585871
2.0218907082815405
0.5742573624950635
0.5285442824180834
1.71262838991383
0.6826857931440895
1.1596411960174244
1.144921357178063
1.2712321021476525
0.42507618887570336
0.5621624649920183
1.4776527848796523
1.0842375658836123
1.822896687867744
0.18453001664356866
0.23082381187582515
1.1656152773127193
0.9023760014242419
1.4721296495764844
1.6941004200043264
0.24454419375523453
0.7895501428757764
0.8457473715603456
1.5383184131684586
0.41067246173646466
0.5766043053429244
2.030167215315857
1.2141278367077826
0.7523182193931104
0.5884530382627408
1.0186067010605964
1.152696814618169
0.6416735202151391
1.5206129115674305
0.9331304931066601
0.5709418861637083
1.695156410029894
0.44919476300744965
1.1335303311129736
1.1382927608869182
1.5560163481699114
0.24566756478243365
0.8527939733572247
1.5011307836887233
0.33243001171748393
0.8053641804515963
2.5317758355641105
0.7630900046389874
0.5344909893086425
0.3094028649752168
1.0502932334614252
1.2108890428504793
0.13088206562704702
2.07343717847178
0.890501858415501
1.379729449606917
0.21414036464330674
0.36986547874860054
3.0237836500238164
0.2778852428206171
0.2924100929616513
3.2969966923953176
0.3296137638434944
0.09759891734077329
3.072103112263174
0.024587723088885894
0.7830940906761581
0.5204209667251889
1.8208868143415753
0.7559619178724539
1.4153521913851554
0.989388414775186
0.04167873058075834
1.4549096731210394
1.9977777220365511
0.3018559197886251
0.8222366348558959
1.6414641125680072
1.2866917676822924
0.34395537221261596
1.1861535897732103
1.0087143462196257
0.4347658267526338
2.5060169958856013
0.386279106216963
0.2990395204723347
1.6031991972694055
1.657114474865827
0.6326528068726511
0.5982185451110562
1.4533861160666006
0.4518565054409451
1.3488150670006072
1.7085627476059577
0.4262445929262246
1.1433717326085595
0.5079731544851794
1.7035699914893823
0.44881457608951725
0.5155446163161681
0.9872417799220807
2.1814322148898873
0.47672497418592186
0.7593593233735679
0.7674054043729187
1.6029496132142231
0.395274193962715
1.287114925204714
2.120639632850352
0.1962202342255493
0.552527112538832
2.8919069235006742
0.16777865991266266
0.47354613427966524
2.0979121526456943
0.6331446677974905
0.689596866311729
1.1579670155303192
0.2789545877715712
3.1824075231866833
0.09175456529976989
0.0695448262787399
2.1089577124703234
0.5222469517082834
1.0329453680896659
1.1692365405287801
1.5105124572473358
0.33331111707972794
1.1580668603374258
1.907617796900233
0.5701636343263662
0.49941797861211723
0.48464881220609374
1.5464009261522262
0.6198157962274217
1.2579683788259488
1.0319143066473069
1.2080013842623945
0.7318655123910455
1.1949063193436986
0.9507974173149615
1.2632690964853346
0.1355612904274396
1.0443800312537068
0.9353443150238637
1.123789191459985
0.8834848879453857
1.9120730374154835
0.16909728941377167
1.0345950141378315
1.832496241103474
0.285458862035844
0.7812065139866632
0.47480248689049065
2.3494507120442933
0.4593062152541754
1.0108807433588238
0.33535398075331635
0.8552968132613904
2.173477402032162
0.4353269242937434
1.3323859260772257
1.4920016661853326
0.06441083036352997
0.178646006309931
2.04410628304708
0.7607583387278002
0.8229972855655701
1.900739324903083
0.027178874358204298
1.8372838623228482
0.041918038817241494
1.2169925925785519
2.1347248303387
0.06831431188408327
0.48124839557264915
1.79583047423426
1.601405013326814
0.28120113034890437
1.9054175792944947
0.0521396646785478
0.642917490057006
0.4004824240520216
1.742704911556377
0.44492950815349447
1.581575071378909
0.7949108371740703
0.633368045709112
1.3387004502190691
1.947443791408274
0.1467481380442356
1.1756097407892998
0.7751410757015561
0.24540017438784376
0.38175928280595667
1.389229917107449
0.9968189091928404
2.0496956586109425
0.2106711849079478
0.5669887629982742
2.644346284119874
0.6083142547344883
0.26522026768333234
1.095117064704357
1.369653318238302
0.5500666265094858
1.2119107631326913
2.1053967580621067
0.49823551299483704
0.6249541902183188
0.167076704279666
0.4006892116064875
2.306881841502048
0.39176412347451756
1.2510524064128472
1.0730313432129581
0.7382095311848553
2.2187637013841237
0.014689663111220684
0.335139185015682
2.164149145988874
1.8122730092164157
0.17843294681128233
0.33918262057589
0.5688430687514817
3.0842183047663747
0.6572344472637355
0.45367822472519603
0.08079997837300115
1.0491074748588396
1.224808594579854
0.7872005919166166
0.39461226309293373
2.177473433396477
0.5438985023429348
1.4592543573818426
0.4099935100238806
0.8313055769766811
0.2385933844434213
1.9765841390290897
0.5257928276630826
0.45308105800807397
0.4636242723052609
2.1096075309586064
1.2286529047725838
0.975163278048333
0.39257759812369164
0.5625482603141023
1.2845846707260506
0.8778361561321603
1.2248321890675737
0.8332209390079837
1.4926342480168702
0.18888591530996954
1.4613037435152916
1.8295643150384482
0.3215312560808118
0.6167424500006526
1.1271214738401478
0.03318837903986298
2.467217211524352
0.5016804278583427
1.0163023103467743
0.10949484554258718
2.121184963835093
1.0316808477945558
0.4601835561069998
0.2540878840631003
2.6147176345100087
0.1021218729742733
0.796929995069711
2.7102440587136267
0.9568674919793256
0.0645076959667895
0.30829928408423957
1.4587118261077416
1.1029765707515045
0.24213409488620355
1.4189324178187277
1.581833481213266
1.0637403101714709
1.1323892803788502
0.04580044317784482
0.8942674459790105
0.46006304268122133
0.7646584311478655
2.154802007505293
0.6649327068388756
0.1159231429647348
2.7893194225130555
0.3267035668140473
1.1535975417784519
0.7334993474343955
0.6180270289609615
0.4033805405738601
0.6709955166821617
2.218168661477775
0.24382563988763836
1.5463258211044544
1.2187637598467618
0.6289765096394682
0.27805626000180184
1.5284624422027697
0.7967851552922004
0.8605357224317811
0.9197663471818863
1.3987510561155703
0.9889691330935589
0.6625699238075377
2.13833554295977
0.325263635288707
0.3100903345096583
1.3445992196706653
2.4384733890983714
0.054038197351066415
0.6485207485590252
0.5863452357654283
2.914894937701359
0.044208938845510005
0.73650259073238
1.2775616243478896
0.17937054209521153
0.5271643508985089
3.1874933069485794
0.45463520641608113
0.6309889381131328
1.4586582493368583
0.34369262702439357
0.5156732577956696
0.6274260367425731
3.007476659215655
0.018167020133274744
0.46678464831425426
1.0456776228724598
2.4139287724722567
0.6979124581261177
0.4575460993335035
1.3017592806874962
0.056664564400260506
0.2727433771684159
2.9655894781133245
0.4000544465925336
1.26334744672821
0.8002557217585511
0.2346847089798906
1.4044403631407898
0.23000231507725946
0.8226825663777656
2.5706741645291182
0.18337110310645374
0.5046536101713797
2.6355385284377166
1.2985602688479259
0.27977145454242036
0.11487331605901488
1.4057301622072658
0.39016405784695235
1.9320160423285626
0.7475494827600084
0.741781600414528
1.49943873110227
1.2395586802898064
0.4540899501242208
0.8259837959295244
1.29138514773834
0.08569675884475164
1.6637342736507885
1.8392269037378814
0.7957076226853387
0.4873303879033244
1.1984163093995155
0.4027388668307035
0.2943801465025665
0.7922477501752077
1.8741616858966124
1.2049679752345017
0.020418250572517362
2.4061623999694026
0.7316892569190283
0.7039350201734579
0.5184183079596671
0.6288837015169771
1.6117348181624527
1.2001365784847657
1.0915654030383946
0.6638997279065878
1.16459117522183
1.4426589137256085
0.12119473623531134
0.4433792729418396
1.962001862397487
0.9168810897690819
0.4117135913421944
2.0729856706732903
0.8949850679647686
1.0387684668245136
0.4774579948694634
0.25523027094733625
0.8412410703769547
1.843542927346551
2.032185930342061
0.01228197314569483
0.18760585889302928
3.803472855612867
0.21386289098357228
0.46505735687096234
1.0779266260241662
0.7117347041568837
0.3097920685051143
3.003823945889477
0.05480677632955366
1.210008679709484
0.4496176961055336
0.11065123852032235
0.2364423199283917
1.0833294222398582
2.9127748595822953
0.1296317662105401
0.5526097303682821
1.844053069701997
1.574963258788384
0.3971547188841526
0.41396760243001973
0.6315105615488348
1.9414688608089579
1.3729998055298847
0.7325366222510956
0.6326368054791789
1.15741109031923
1.295884698856473
0.2269428904948225
0.21430839258862305
1.0899040034581438
0.5146636246349078
2.8877453790581087
0.4492824401038089
0.35451253349248707
0.23340935805089238
0.05102993097923288
2.0668249379994528
1.137574433360731
1.3119797367143649
0.5823058165179696
0.46345133375227926
0.6545897642120828
3.0051970168436686
0.2064533918967373
0.16839740871338113
0.9714053471667242
2.603421293481756
1.1205691617114764
0.006333154971664974
1.5119397598930757
0.566782522358115
0.4230111403298331
0.2478579736340446
0.6670005327005348
0.4283096966264921
1.3947082616667885
2.8165749213502225
0.07469752713212023
0.3174173655169272
0.7190709210981142
1.3249813876902043
1.5388389699318947
0.8858343367567356
0.910417509383563
0.7393546648809958
1.0172767928365392
1.750295209809525
0.31567875265228806
0.14460476994210844
1.3979818200247338
2.974826968767493
0.0689912066258973
0.6462173436452786
0.09049946083297576
1.7477085552288065
0.24249527121948
0.11484394572410628
1.2180564105090035
0.29277478331807566
1.6629500234695243
2.3490548374103777
0.3462471362217897
0.08056777311376782
1.2101187025194229
2.261564578489669
0.35799973192488443
0.9252426307428302
1.1432965887946878
1.674764752314846
0.6406878302275699
0.38518896630556415
0.0708819540309121
0.3454967223812481
1.5586728557962621
2.7642812331568924
0.24088652464517776
0.24472697779075067
0.3063954094044487
0.6101039366562058
0.1311101671393126
1.1683443615215845
0.7433083694031296
1.6792681091851105
1.6892058123251341
0.3224374158260334
0.5831433331495434
0.817732571587738
0.44842159480611016
2.149830571228643
0.7283285404567381
1.023016267749391
1.4006435117924798
0.506755625726607
0.7749457461255194
0.025189047380634367
0.14864243388284004
2.2028643264893177
1.9119869689211282
0.48063457662009773
0.7031857751279466
1.018621723605167
0.3827698420338726
0.030268448100310905
1.1533607065518825
1.129336654453757
1.7729130807686693
1.119863066717193
0.17685761978895714
0.7718345770749567
1.364554698811661
0.959961250794905
1.3318606302447196
1.353905470343014
0.4254794609228912
0.9810999631737762
0.789919104235581
0.4038787044821024
0.336231755079792
1.905283786085597
0.4085378257019461
2.0677138405469515
0.6452602012943379
0.46608318189102144
0.6865088568524641
0.33553229780410715
0.9009374967042386
1.4235757354573906
1.998576066343161
0.6328146670909963
0.005161900580274674
1.395715642607148
0.6791547069131787
0.8252000727534768
1.9107834734282991
1.4881226994874706
0.00508117525864477
1.2820703537474267
0.043598669781179086
0.7425339440113086
0.3595284470958088
2.307289157695261
1.5689326375160502
0.23894040140544787
0.5863277568896259
1.856398288190879
0.43838153985882444
0.5342161585970682
1.8676244602056635
1.4017177755260546
1.031133194723487
0.12117923660735322
0.26630520881970887
1.0344001995222605
1.6050579251244217
0.6789023014036162
1.97807526122465
0.06738801320765293
0.8972677485243472
0.591148518046197
0.8906117122192511
0.5142839633719504
1.7924201846478762
0.7282163439074919
1.3886104708953089
0.375437157507364
1.6233664366560705
0.29903560736183876
0.24766641779696014
2.078602261191139
2.1492690992956365
0.2823003448886637
0.1314103614580339
0.984441042723667
1.148363580388165
0.8792148929060936
2.1502116265866547
0.2809213581483489
0.8911603324075277
1.1897346038654915
0.1833818599793062
0.7219039300592943
0.2850343076953469
2.680844405353953
1.3557383739867286
0.1360028791124825
0.5319133196734778
1.228146136872842
0.6094267488729236
1.3791042638014446
2.2622777842896276
0.2685464755902594
0.33336898044535335
0.1925542135334835
0.5135309470625415
2.22252024056244
1.1428982443363838
0.851160387456882
0.7077443250307798
1.2383979847678857
0.6233576014245161
0.03013992633298296
3.047774279363089
0.03661171042381392
1.0811802534740715
0.04761604841895501
1.607881710378264
1.2862836132651074
0.6628084786983929
0.32424056294054965
2.8837314311730284
0.5061135876198939
0.2930058782266218
0.42832973191991053
2.2784975253449753
0.03234257228465655
1.8140892175448458
0.6909450103192936
1.0938772235461733
0.051191622180636887
0.6741750051808145
0.6662023471423052
2.2715167911679863
1.142990079146254
0.12165877897064148
1.7999230115915046
0.5055070687805315
0.3049480240272804
3.2818478820610473
0.06512664487220947
0.760442627774652
0.2320155775385993
0.6738561968731117
1.755542982831278
2.0911957307365534
0.11617203341280902
0.574773448764389
0.5871832935984889
0.9187716799378537
0.54793576913544
2.1700892637896767
1.4373827102532324
0.2144465107497732
0.4701172461318003
0.8289182185536834
0.9079044162000491
2.7429089012438745
0.058876059929126874
0.5694673655284933
1.1480469957202282
0.0571925553754653
2.021850610414282
1.939272876366588
0.3611338486805332
0.39721254378161247
1.2672081923092071
0.7210016991135464
1.6543551651270434
0.6549051576989118
1.2412181815646517
0.342647228265532
1.5871081265337326
0.9044289339934135
0.16090372149923535
1.795521476511027
1.663621475028427
0.7069090224622478
0.03581752262287421
1.724888377055157
0.8658202245151223
1.5868684050727162
0.3214578894919148
1.2305902309941432
1.2639201108664346
0.03653390073535411
1.041803941281405
2.5676668323345195
0.25981697527322006
1.037022958965608
0.41359154459204955
0.8504548016137993
2.6440325813596135
0.7017272452614228
0.09604925761358477
0.984640622920827
0.4166610229898467
2.746831861987551
0.5950670602269785
0.28195720350359366
1.4578578467158996
0.8941556303555397
0.036784943411843254
2.972887235479291
0.22884396604191803
1.1213934953224625
0.0833521536364423
0.0008954460887908395
3.862045135674584
0.39478953760779967
0.5492792942953099
0.21281089639407016
0.5126854880169698
3.5739290653949602
0.3091090630287137
0.34366813097721055
0.08090711761244876
1.2899724024085675
2.8447491252830477
0.5261095225917494
0.11474349274564676
1.0886659223908088
0.6088655491783389
0.8336721018758361
2.992776755994692
0.3642735576174424
0.05957278502692266
0.40027273902865784
3.6223211613798716
0.568588974977566
0.25711533484230115
0.11354812564987238
1.721189115336531
0.47876944603942134
2.583713718177442
0.01170465853426464
0.07371825964923764
1.3088013328828263
2.847238271036448
0.6188423152629567
0.03138358572463312
0.7784056217719867
1.9238230054319292
1.909294729750091
0.17817225376645146
0.3250286667183279
0.2824532770016144
1.820334486407054
1.899962843230601
0.5700521789948346
0.3118046278298093
1.2513048438180816
1.3246032781683077
1.4788761085692614
0.44861019089872617
0.7007222538557809
0.12863048171897273
2.7593396779586805
0.5753071567805198
0.528076479839231
1.6886979848908565
0.5796952489097883
1.3063854165803865
0.8016369706353491
0.9848138769115844
0.4174859753664638
1.9799179577635233
0.5094469452353938
0.6918424282457815
0.9608328980624723
1.563296918928424
1.0705376758799292
0.7885947167968353
0.8992587522285038
0.9008185348146259
1.6869941113263591
0.302895508076044
0.6892581376194498
1.407808684381386
1.107169042172588
1.0874040817341548
0.9302195814273124
0.6302376765333358
1.9120695017773115
0.6880728955965204
0.48205039155765006
1.7773522320260267
0.5426146852742498
0.6579036251707713
1.531116920906558
1.3036050187214272
0.3307304601906113
1.7733524731753696
0.9045579799554014
0.41611112896687746
1.6529600867151784
0.4114206132936683
1.3594346081865172
1.610520008426885
0.030275030771520283
1.6786712879558765
1.0306358320926239
0.562943325134066
1.7647256510416414
0.07905405852100722
1.4526288323858225
0.1773100949113712
1.2919417726838398
1.6586329234801525
0.7944208500341143
0.7926084937546821
1.368929783715182
0.22388450325259568
1.7908514621280462
0.21386291731389895
0.9472666199767064
1.4826792970270057
0.7522902445101732
1.5478715233808398
0.28962880081958436
1.6299177199261101
0.4402505352363048
0.7400033781195658
0.7811741608273747
1.228446894973244
0.7618122249814432
1.5870756661145813
0.29015928625708964
1.7036894823260667
0.4386125832598998
1.0863059837984863
0.9127236636784523
0.575582991408998
1.763367656282951
0.257385581533571
1.6959495312279753
0.28445221371382495
1.4106897447395224
1.0551248964209519
0.09646516159735975
1.9480495152686426
0.17100469637840282
1.6912667400551895
0.24617244815603556
1.4692992390405002
0.9167933264988165
0.296649851190449
1.693207706460873
1.6882647910477337
0.20345382742478746
1.447971004288155
0.9244458527375703
0.7501746450868048
0.8953066608616281
0.5147438496916975
1.6728427916629214
1.516831470098242
0.5409530318179363
0.8878559079443776
1.1779991299045989
0.13303515649794967
1.4863497586255026
1.3549437881961939
1.19178536908445
1.067524139852632
0.11252514170947989
0.7910161946594606
0.984699247518945
1.36510338771714
1.180076637985439
1.0583958662951085
0.7889847403049067
0.48625993498135167
1.3803133029005492
1.2381386135617074
1.0656686233802615
0.8968012181170006
0.5479060514459017
1.1291717819505078
1.2682949608689107
1.0964008005004409
0.7749886164900194
0.5865971915602415
1.7546709392120798
1.0102679996217152
0.912163302898684
0.6668020787451235
0.4141068035498839
2.2134403526600877
0.9324919606978107
0.5175295289594355
0.47496823899069635
2.5508962772441723
0.7635469994686188
0.40590755594291145
0.3413931351388341
2.9249759668324327
0.4123852078752786
0.29902412744110834
3.147231410741937
0.327916230008802
0.2028216634666423
2.013996469664549
0.2588595424195807
