0.8950606519760532
0.8589844241129992
0.8594389196704995
1.1110891261390403
1.2975504623519987
1.0335565159705917
0.2061906968005436
1.2279885684055805
1.6628902236606795
1.028962021612766
0.34715955774307894
1.509338369074762
0.1472091694773912
1.6367279091177782
1.2922977183485518
0.4346261871610315
1.45978095147854
0.282114099182182
1.7843886590223215
0.03685025238446962
1.2551831321383022
0.7657305171060208
1.4147908591486262
0.3641091817132704
1.7752051612955775
0.11131086538302207
1.6077944121267294
0.8671478099059856
0.11223543944404211
1.759351134139103
0.5162865332699682
1.764678388646859
0.1852218145089924
1.4250367272975113
1.0955880237286493
0.05846687670251061
2.6473078988480303
0.42324946136390745
0.2346057723174822
2.5331019590662027
0.2806400916966765
1.2287720719312865
1.337008021448251
0.004831555845576959
2.392809078491574
0.6012858310311757
0.21041533966869047
3.241411290815922
0.07466885345142117
0.33567605120398736
1.768266374308893
1.550687102478048
0.07157648156169628
2.074608877682198
0.7874318497938789
0.17056639672359244
2.9834315284096085
0.24674735591762406
0.3384261047726844
1.3850904676975169
2.346478827930658
0.3074945707711208
0.1691170493159346
2.562467517695979
0.9880259217839938
0.12894833496208222
2.7336567078826604
0.4551813246535258
0.3192323792989647
0.9482336095895686
2.794844659113309
0.22736651287948093
0.2678520955013709
2.3411181524116937
1.3110525276390659
0.450469369174352
0.11750341767720218
3.072547805422158
0.7127016868197972
0.3009598392266841
0.5025804990479805
3.262397751932816
0.1370772750864756
0.3449131980630467
1.986968695054371
1.6234213203777978
0.4847625852145827
0.057185262532599306
3.198592007030423
0.3618326197655645
0.6905410860464903
0.45739637185531873
0.052083879713353064
3.748904338350302
0.034171858059655495
0.4183240566383463
1.6178466350778282
1.9314476174992168
0.517656061357941
0.012110631236294724
2.9865542279888717
0.63956965301323
0.7450040242958257
0.011038838463614614
0.459757190024577
3.841248472969497
0.43193103019784335
0.08464388772351836
0.7661785352043007
1.2203889855498635
2.24926548013287
0.509502633616014
0.07814685070969384
3.00649688214501
0.8681997126899725
0.24446482547449339
0.5194606957789994
0.4575471087294431
3.3647711194310483
0.34611080294741076
0.22390022872828605
0.8468687407408214
0.920996139729888
2.3616656745698843
0.3717925431641349
0.5761552492271949
0.22648601990390527
2.841430313308678
0.7844909144823387
0.2903288789406344
0.7838185014221385
0.4205388022856351
3.1053541788302805
0.2687331126160887
0.39001502391949455
0.8915983520936768
0.4187095847378441
2.711317342916018
0.43994605712559454
0.5413339849651079
0.3834589043230962
2.5257211127139185
0.5472673492848412
0.8641714168557345
0.10633982084831878
0.8997174166288853
0.42907464349907715
2.978467534094663
0.20405396878726625
0.5819810436979372
0.8571536684436999
0.08660379880914693
2.9833892147967163
0.510059705744672
0.5210050848255112
0.5962503444142742
2.1763198875970975
0.10991038716815626
1.4307111714674845
0.18958067291585362
0.910923531610545
0.4150901478025951
3.1660567178772268
0.17592580245200437
0.16761957726956217
1.5925401657524645
0.38328038654898167
0.6148379504569271
2.8242033355147877
0.5405247465103324
0.5693997769155336
0.8241062500829667
1.4810363017501982
0.35238345982180874
1.7094020401066687
0.24803602474273656
0.974378049619557
0.40294428396072146
3.0592495728757627
0.13082826496876376
0.1875126067346281
1.5151242514548198
0.1427888536820544
1.0209763822920475
2.9118024752796834
0.6652913323455686
0.05346040899199377
1.2454990758208067
1.3597729502839537
0.6129341115212342
0.8475054039677749
1.883331573016784
0.29161604588985957
1.0657467584554814
0.39335057996461475
2.920690453485497
0.11572830255398263
0.163253875148822
0.6818663728761695
0.6862401326937366
1.1061269229507737
2.4087421298819205
0.6990085870543027
0.0963884325514074
1.5257326321081042
1.1136826638387973
0.37532355098222503
0.9743907002817876
2.2386117451780225
0.37976817623154707
1.0642487417233293
0.7153509026299556
0.4156665919705501
3.369633159274558
0.13398702356113276
0.10410140152613839
0.0501099667112311
2.287842296472778
0.030010491750641136
1.2004669782788115
2.4328195816180846
0.7095863189937515
0.3158000462344497
1.074388220358829
0.41424590795924593
1.2517700210438127
0.3486662949858521
2.191776802068319
0.4886395973930419
0.8682726491238141
1.0530586357537293
0.43283536694411867
2.816264204866664
0.28386952147355693
0.1497371765782163
0.0050105587835605914
2.7636238726071745
0.5985029750645884
0.7541266012337297
0.5268958505067307
2.2702287998082533
1.0422864613119067
0.4249051333315213
0.17504328422554116
1.7444285548793006
1.1982455351189691
0.26185549768812916
2.1422193677957924
0.5806609190722122
0.7670143236825736
2.266976112903016
0.2019724964899281
0.32556631846255374
3.0510640019492206
0.9779074891694952
0.11603650512425706
0.2261624029573123
2.324502111497675
0.14308372482732995
1.7023156019144017
0.19606041486759984
1.6609205148180202
0.913386494658907
0.2807448013624887
1.0644302872589722
1.8666485984920866
1.0184261615339354
0.3215347051872221
0.7900968673367141
1.984560593807556
0.6662385011956322
0.6309857619067056
2.1450579230956124
0.5974020181094025
0.8877550584798116
0.3701118364325795
1.9382539420817848
0.19663305753359753
0.41756397247789556
1.973991753743665
0.2041032424211535
2.165317053681883
0.5718386698714735
0.6165542784726034
0.08663015278912543
1.0675765543711753
1.400347724664737
1.8207393958387657
0.3251157024064766
0.5149738735528792
2.1983124392308535
0.575631731510537
0.7102421377293656
0.8986090218657043
0.5738157128093818
2.735496384391944
0.6799127932407927
0.1190349359591664
0.6955735557564876
2.837142953186141
0.577504280185927
0.08209412493441962
0.7342166729537732
1.7061838975924273
0.5215736664950736
2.189459871805161
0.6577898894595166
0.2102048958273529
0.04584790958144941
1.0814224094872231
1.635932785417809
1.881866902726397
0.2064711184762634
0.27952795425913324
2.7099274234491744
0.1807099255598466
1.4770117817993385
0.23751337560531322
0.28089583919087385
3.6550492233730063
0.1941573421966824
0.5424301561203987
0.5710441568794199
1.1133717759774913
0.8087601150368353
1.2583227185502044
0.3669702550130388
1.3287353559509134
0.9616254519011062
1.3873438410977714
1.4148919078362094
0.16825291177539767
1.264857988225197
0.20379312721185852
1.1256129691807395
1.2203036810460848
0.39230948170816826
2.2320647613547866
0.5341564267161564
0.3263487588624824
2.288992618009492
1.1211251729084581
0.47540585677977193
0.45286075805593656
1.2636795254752855
1.9845370709374972
1.115739206747435
0.061762404124593794
1.1065387723468176
1.0097162146942318
0.11539614927087308
2.1103575849413203
0.684677945938284
0.7539508460829799
1.5130996602684081
0.5163249439943047
1.7322782629554208
0.2515695275407708
1.286569028449442
1.2963193024979098
0.3115352117608978
1.0465655339516242
2.5615070999207945
0.4335271815045851
0.10261258373571425
1.2883350548832837
1.1966641100221833
1.9050109593449065
0.385721124430842
0.17743192717471734
2.9810345161442027
0.3824206522417033
0.5631188048393407
2.41353836261424
0.3632155193377954
0.6717876733825361
0.5491147413090267
1.7765464558835198
1.4576890006916337
0.2674357799388037
0.7460501104616372
2.044386303831299
0.6954242385702518
1.0543510810938495
0.24417791880922096
1.1277677949698495
1.392679064344312
1.163800646555324
0.9622299849359491
0.5403589284077351
1.3539959970351647
0.3264105952747623
2.6213187155978384
0.024727038072134788
0.12309197998984403
2.3195850008070114
0.4104531616571614
1.3836977629118346
1.5581006969364195
0.4849842930471001
0.6237967932129224
1.8212389806804998
0.36100143492270725
1.0851575407593532
0.6511367980902728
1.8479933019770842
1.1706715340230394
0.4357341213235441
0.11230725658281994
1.6247532122547859
0.07754833622799415
1.2548254164587178
1.7674366209152612
1.2601643854025848
0.37651953381456094
0.7530670428954535
0.9192280514795341
0.9044791301859625
2.6997425337215235
0.10206736195550997
0.025831211508859003
2.0325926991359085
2.1478594187217146
0.47909195526174164
0.20770656516402478
0.5815752019082266
3.7543381855918487
0.1889568637825965
0.09576813374546264
1.8415774718703894
0.6242262094126207
1.256168949983689
1.2702238885666868
1.4285512969282428
0.06376979495054712
0.27874982093916023
3.6750599485479665
0.28709761456677957
0.42918422316337007
1.2445777594217808
0.7034268843119078
0.7053840412271766
1.3566685764413142
1.7739705567978066
0.1773744812675519
1.4997818734722923
0.48882155548180833
0.9556889661513737
1.9379988691772525
0.5610618811651368
0.4626489508163392
0.8996993663493111
2.3509305536613025
1.0112304122563391
0.09801499962181662
0.3272421926276396
3.6866795382212354
0.0029791548784610503
0.8050156455619436
1.001838780013307
0.41658906998042095
0.5452883975787799
1.594655559899623
0.8322285856466032
1.1763974293352053
0.30237844200760783
1.2432382842664114
2.008008600186934
0.1888363050310549
1.4586396354135698
0.5615247528570424
1.6450310461234758
0.249344930960715
0.07256479108002861
2.5177870222530947
0.8588182863105891
0.8323927931687296
0.2340182979855917
2.7746461343858515
0.4842813390449415
0.31571446098148614
0.8674991287882386
0.8254965294990577
1.7753679894053678
0.953293327964055
0.6173056207932629
1.3769321640741066
1.2762708483566896
0.5371574601991375
0.7727686038542045
1.4011448241252908
1.5773767004032104
0.3918434537029005
0.31450798461151286
0.5252067097789084
2.6771443818550593
0.5531366409589317
0.7007250403309538
0.9516332438654326
1.9017752318557326
0.1534487726154562
0.6255099168596615
3.31115765806207
0.4046210640015799
0.047923241238230704
3.053276504814302
0.18605755942025295
0.9630056956906079
0.7606184260255292
0.5096549540286129
1.0239305242027665
0.9325956938575594
1.352788406649669
1.1653585153994734
0.8580766576585643
1.778943320488134
0.017444278817274717
0.1423873366971544
2.4882159824205083
1.4127928090511663
0.7564722283291404
0.27799415134338634
0.9828628600544539
1.0876315731414856
0.5953981219869633
2.218581649472633
0.6587777444941395
0.3387102118087858
1.3415776390144645
0.6424092833725327
1.202707111379631
0.9630190077716384
1.6183352957176544
0.6978514471250297
0.4689983598678676
1.9746138776383815
0.04378387840048324
0.9625401978190377
2.6936252959691522
0.6207571562494723
0.20912065802243382
1.7752976780635865
0.846357923995664
1.3779410044025195
0.2910483490498436
0.7221309064846723
1.0061932676479886
0.13777679875929894
2.141026913860076
0.29690543978895667
1.642596859487241
1.6430625847931115
0.09848535124324326
0.03559112795590241
1.5827254740041214
0.4836899665840366
1.3770215667828984
1.0045106487194329
1.7237285145201096
0.27230626912839984
0.9416209898994742
0.29638193166426297
1.7215500128899137
0.5832748937814447
0.9737902190599066
0.43708385355302387
1.8377077674438713
0.4399553273217144
0.8333560233157601
1.391776861943284
0.42463710522556486
1.205699585872158
1.4445308105397365
1.1304690349933155
1.157630229320584
0.28366767703063817
0.8252888406626402
1.990928439895725
0.08189880998257132
0.7829516728402761
2.3659475149501787
0.4357279268618963
1.1821355458901477
0.7123987922098811
1.340014005545769
0.3590645569224285
0.50132193471933
1.972854546023408
0.4944404902574158
1.2887431302902563
0.8098006643758845
0.9158758736110526
0.835032558219459
0.9734834560731328
1.7271349913829948
1.0556224585259895
0.5488673320460634
0.5197567661343218
1.3118756414681108
1.7103894804195487
1.07730667995881
0.12381074856119949
0.769520348901299
2.0559475277495287
0.3400753419498064
0.3652548524585158
2.0642106540350995
1.3934068187909712
0.3641725860998963
0.5625186092211524
1.534251191447473
1.588392686247107
0.8578593083756367
0.9573963693298535
0.3994499983489822
1.0993578695354316
1.2940458749908768
0.0621126335574622
0.892919462314003
2.7998244309528006
0.12903625572008956
1.2655523690368327
0.23871851169699115
0.835174844528739
0.22358058065342248
2.569394727256954
0.568792256925934
0.17565118441473462
1.4315452594506668
1.6091852518484313
0.9079261785467668
0.8473531747494291
0.5720963176860911
1.680439586347532
1.5521547708360846
0.38112929222029307
0.4290070167968701
0.5161970459457534
2.168546600878521
1.005374260830523
0.6602525509294481
1.2963761308421797
1.0279925240191576
0.42004587144751093
1.620877127177389
0.7139437141936351
0.42493087102000277
0.8621129098356733
2.622399407696775
0.32055048780718176
0.4386748197793667
1.5996948690170596
0.9034126755795845
1.708497034032385
0.42666747821017
0.9520832382881634
0.034909742923722384
0.9473912304975871
0.48377794570181015
1.8213774058480885
0.9702333457582126
0.9044498718577116
0.8570641859335422
1.1135101521591413
0.6411830000142347
1.0451864030727485
2.3566133771589963
0.34385467100275086
0.19668857199511486
1.0665457221091776
1.8058398840787844
0.4490065533874016
1.5363961639297246
0.7768425305784977
0.6971308598903636
1.486846757076481
1.3501122290823826
0.009417339882251933
1.6686151121812602
2.3288024593315275
0.09331346783717902
0.27162072025420364
1.0764814104692892
2.6738905378823508
0.2615349061205451
0.7417409218165376
1.1438692947581883
0.7209303249331752
1.0480370128604863
0.07791626367172652
2.396419848831453
0.9540716457512299
0.48819029311486767
1.2858656880592854
1.4759942079873378
0.48246674450208904
0.7027941988055042
2.4130419388075643
0.5949123076013333
0.177405555244858
1.4620112167766581
1.4920817809971896
0.6661524630648593
1.160920332140832
0.9895849642408807
0.6013941822412332
1.80607582624622
1.0203153101166447
0.1668972363836027
1.6532886939341342
1.2324153801864843
0.9837928898668985
0.5570044259201794
1.4425602860201523
0.3188722501535192
1.0282069446559106
1.5341429855584294
0.474754831236388
1.143990175075003
0.984089510940211
1.2154307408689118
1.5768628703584817
0.06766444044180539
1.2835693182959507
1.480889395234901
0.8674975201956028
0.9334352005962988
0.37366741953460786
1.1551357211977922
0.819196515076468
0.7285633961757041
2.3075659926951206
0.34009289750509963
1.0018166435271572
0.8639452720038319
0.5141717343394435
0.36799140937776476
2.729416910576831
0.6281187082370865
0.5326418261325712
1.3802822076183399
0.7225722471961245
1.1355941840202903
1.1638732300827652
1.2290110286181557
0.45826047095912803
1.4088374576142666
0.42663575039304996
0.9556907871592211
1.7619454343003849
0.5195890877055124
1.62625776013847
0.8959382552734049
0.13724518538511982
0.8314991627781863
0.9395957248951617
0.8191273930261761
1.3008869943139634
1.1646400271343045
0.5709061009494868
1.9354214042833944
0.7584097119946773
0.02604265651597137
2.2483238095674762
1.0511701418407398
0.6925560296235369
0.7950152125289468
1.8288430334524897
1.0525754604072215
0.4433198756614861
0.08891244044278585
0.4483159947037636
0.34396404583027357
2.3314495732612257
0.5319987458446512
1.0409100220265322
1.7023362670807947
0.6361591100904331
0.44101420030599564
0.7654607847105552
1.921948620110481
1.5239736635748173
0.11512573258399872
0.7521437110329572
1.602363221959464
1.5405001292677043
0.551794471967135
0.9253598860538013
1.0639216016788557
0.607927341606437
0.8982294049784215
1.6198054146853038
0.0794405859891668
1.9992104325660849
1.1941172876440873
0.645112002430607
0.08130987380292332
1.0760766814789962
2.2936769723881194
0.3211643866419887
0.7047250915039682
1.81721975859359
0.742763865691122
1.0941956627639522
0.5192262723181646
1.8228135813576865
0.6932624525046571
0.43898714742937134
1.416482480698518
0.8665677227691682
1.7458512126132995
0.9429333772884333
0.23073148577670693
0.2780503499938278
0.36502254783663207
2.5528605755753135
0.13155684154943953
0.681602819103801
2.3865534134593878
0.8830566719861033
1.0492166631429896
0.30044499395395574
0.04441883387484195
0.5902773744738968
2.6335858859006325
0.7204588609258668
0.1444691947280522
2.9714188812909827
0.34717445141108955
0.5211628004473186
1.6827427180721886
0.8214751143383983
1.0925543627106284
0.8313571765195393
0.28165400564233173
1.6149762592503403
1.7425998412188195
0.8353977354417922
0.4669392193513642
0.6654948916869317
0.1489661566327107
2.5729508584890097
1.5822449660838858
0.21396895744714295
0.028852273606411558
3.5271670879857555
0.5734331914310552
0.2476446896410591
0.5505198680016535
1.8123835776130979
1.074502844897473
1.1256762564533818
0.7227304319593164
0.9012929493698077
1.6501392639010593
0.12582156374134604
0.7085864002157374
1.8776944686604904
1.1441741255859423
0.1696169573377975
2.2302726196640266
1.1258087272433928
0.1696868281817814
1.6961263527926826
0.49042109318008076
0.9121491561324973
1.7943178244788347
0.6638114671543021
0.747700100566878
1.8783436060233039
0.12705515899449885
0.8672385078676139
1.9514568404852117
0.8221868730319609
0.3532622414792396
2.256540456508055
0.32968885047463153
0.8584511732712232
1.3908857947585156
0.6425254198457063
1.5623580147037515
0.3753255872037158
1.1209464845635824
0.5961685384316546
1.2240394705832989
1.0950342341915769
1.165901343180601
1.3410776708060859
0.4517774771339976
1.376768821061362
0.6510001560655927
0.05175937674374627
1.4059528146585427
1.6055542213120804
1.7456814721408989
0.03476506742779664
0.06329814735685423
3.2586654036706397
0.7563721719968896
0.23141789175476915
0.7099114375871161
2.988602439105236
0.23943700346175045
0.758361407216569
0.43972674968240316
1.5105563209215005
1.9063674902637084
0.35780788100937305
0.5827959942330475
0.45408816992837175
1.2304024279042514
2.031065779402429
0.21955940835656568
1.5312747324997564
0.4273037219234507
0.7184811507534293
1.8602928273840813
0.6285643126639875
1.354657450201152
0.04728921392376899
0.6223750557109465
3.0209442769903716
0.6013726287707981
0.39467827868693184
1.5916584402399012
0.523013303419629
0.9786466460764601
1.6366804702430173
1.1538733264416503
0.0573408676150597
1.370748222873313
1.5094148730665262
1.1686546059989635
0.7062424508148316
1.1575363020373874
0.15309133983174864
0.4380995489772123
2.8373806736314364
0.5957453306470635
0.16511106975110473
1.9027434423993699
1.3338355431505655
0.6265495249707667
0.6860628701472561
1.1787060684265038
1.4154136281021779
1.3777031273690135
0.5774877902426901
0.42732166255111337
1.1610292831883036
1.765808103797834
0.2898464564410608
0.5275409076102945
2.7273593781751555
1.1166336783372008
0.10578124924833246
0.9428092123413117
0.9072873105050926
0.32345664877998787
2.4849481064229706
0.479362535842635
0.7139156921910939
1.6349480255529223
1.065952018617829
0.8355733614217014
0.6538320656212844
0.6179418341689987
2.195201126020305
0.2268449111230067
0.6860565073798979
0.5534330678729154
2.6650358688323474
0.5500928590884788
0.0630603522676081
2.963656260836757
0.9348014777227166
0.21623663878496835
1.5074902213937391
1.0895725811329284
0.3960464647148667
1.5686289621264864
0.6208336476701005
1.7330043820819652
0.1763744341253133
0.8562149638237834
0.7846003216169918
0.7769509723563617
2.445574518285666
0.6305172777648075
0.24050482714225155
0.930942331781944
2.2839086181786055
1.0125648415831516
0.5245147939189837
0.12046011460935739
1.2554977388633222
1.5456551776830973
0.9882014713373806
0.24126067182353822
1.9739350929014479
1.2021694041382411
0.47654735906725404
0.8736590174795924
1.8836725247824928
0.6590041461695171
0.11863038125450295
2.375217842744851
1.2363439903960756
0.2908005074328052
1.5230452733737778
0.2961154105384403
1.829122185061109
0.4207107436409593
0.5667334383227839
0.7973833458274298
2.3956076681229606
0.4572045829408102
0.8286691943166627
0.504426719534793
1.0572878180897247
1.3834611051670975
1.4435751610685907
0.015509927834606502
1.4481326381759243
0.9441947588533575
0.8491155440461908
2.212056071808839
0.24615400905396986
0.37289993698547963
1.64963635570424
0.6141522824914358
1.1255094851666776
0.399503804911191
2.0577479484392924
0.7277208355051676
0.9800341697617793
0.23730651290008323
1.5764725419873715
0.031447073162181725
1.5529417611433982
0.10663654393645862
1.9207647617878154
1.279761362191072
0.4321760364501179
0.8990255149781571
1.1931408783936783
0.46282171176957043
1.804709051787049
0.2097495718307598
1.2854047515109421
1.1576639543619347
0.8130816389644615
1.5883902800199199
0.5562074624335613
1.0456642221466443
0.9527475153610224
0.5094545875260634
1.2791198197844398
0.3900721070589141
1.7354980822041133
1.0898712421298418
0.5178451867713202
1.7892672394606544
0.9059861841528739
0.8209222486168067
0.2812417130470328
0.5249419468274689
2.267919535182441
0.28766971685954634
0.871140154322555
0.8606148283720332
0.993498241901922
1.2410648124645272
1.174847162283335
1.4983294522185215
0.6174528009939202
0.3249460445847479
0.23219491037122905
2.2585634823321734
1.044783145645844
0.020494613010148054
1.406072256278053
1.0786757801174034
1.9454768907628346
0.07302933869542808
0.8689158960628597
2.1528854389402663
0.4691138672005721
0.5801783947093009
0.8340022369871739
1.2013930701758861
1.712519539331564
0.6001423002484854
0.8007160251441642
1.0430211027097256
0.7699064420824442
0.5755271864792145
2.7539698292413877
0.5018576551357281
0.022073566158603133
2.4723147487125843
0.8040272260762593
0.7867306584594969
1.2068401754631493
0.6640909409757806
1.5221370022802485
1.0097216300114367
0.4505198501801658
0.7216140813472703
1.9925612562458117
1.2762379541923776
0.09756596686782998
0.6163677781817593
2.2047480098435557
0.5313053353137093
0.9855324409911893
0.7309581672435257
2.3405638574547827
0.2099522220261343
0.36784787759404547
1.5607561519423292
0.9462903761681507
1.8321400373346337
0.31298431583254877
0.2676783643093622
0.9671308148159259
0.936649520993278
2.4393643480363583
0.2918573647921195
0.46248447844921875
1.5130797187047875
1.4932699345393423
0.6453333131166666
0.31443259672183166
1.8789181815089857
0.8706527157311003
0.8505482655721633
1.446601388983708
0.4626641713805808
0.8968944519378882
1.7785901949184393
0.7931303498613265
0.9941337791372229
1.2481331837591807
0.42083640078535944
0.3333365614123136
0.9886703101466789
2.9272251674154326
0.44977662044550215
0.33483818636775525
1.0740482939009772
0.062747432607066
1.2573260209076362
2.857081517698119
0.3427943815674895
0.27226613041927605
1.2985716309605824
1.9165451556135034
0.1651057240015181
1.4885290568414393
1.4134458181549778
0.12453179433917307
0.7973174832918435
1.2197087934537565
2.1234451809181216
0.6720877556840414
0.4796510305066391
0.2589399241477588
0.5399879758896573
2.6995873662086485
1.1182669088715333
0.19577745687632145
0.9718460630392187
0.8649612151450871
1.0722055425893917
1.6322296040936897
0.4003247810802026
1.0732310447120312
0.045185582803379414
2.8526225628098483
0.8007084590486068
0.060455816628065644
1.347483611570942
1.0350416538125118
0.8873896087607097
1.1305503983701282
1.3321478802933424
0.817745286418276
0.5928222509944528
1.1654671876068359
1.6188820487354392
0.5314117886620634
1.4482271295462399
0.5089593416416257
0.15198085577533768
2.3678560359961276
1.1709302356483304
1.0345956095100526
0.14258872155107463
0.24988734129079035
0.5505440918408573
1.9510047028671567
1.0624672901761816
1.438393786959083
0.2137860341089223
0.4442172353372973
0.9239108671701535
1.4373772389224773
1.3534707831124655
0.5912304717285122
0.5954177985104463
1.98357867723679
0.6169863271564404
0.895387220534714
0.7247176916429432
1.5885332628545357
0.9233422104000953
1.1175842525865483
1.2415955674659676
0.1748972386090308
0.0008396014420900215
2.697495360128014
0.9981897218084796
0.4803883683545506
1.6222141855757637
1.0786406869357066
0.35206643512000596
1.5246193721434966
1.6204781288356287
0.4221078584712326
0.7526160291246167
0.6062043207271055
0.37086343197140426
2.39056828871604
1.1678917129037596
0.5859070645021356
1.1042919183165991
0.7069760540906348
0.6742035552623268
0.7724945440879676
0.055652133645792565
1.5564565351183384
2.550556345237958
0.04957572021359964
0.8373725609893481
1.7604234245732324
0.9977859046118541
0.5982535183193849
0.342071615106395
1.413746252891481
1.6312215830807497
0.6619817145419772
0.8591689530181735
1.901277094435475
0.4196281287858518
1.1030769874762432
0.13213469004944586
0.9579803351436753
0.6372561950613697
1.704685525691384
1.1210376778641036
0.25410667324707403
1.3335758316129591
1.2020571280948555
1.2935866335332347
0.7039305095739502
1.0986674845059647
0.9421851802543137
1.042434976152966
0.047510168795012055
1.739873882766207
0.8669676427685996
0.9742228722092144
0.8290421387881277
1.3481079044108333
0.6511338663419356
1.292936328455845
0.8268070516944318
1.249246663056705
0.08902515657862753
2.1317086933462814
0.8130195193997225
0.39494145414712517
1.0274311587658778
2.0940590378074964
0.6793243121479369
0.629003030289844
1.4892550270076041
0.45612135023528383
1.2990581411159592
0.8228727176824708
0.27809709645839836
2.3033865602423984
0.4837793778882236
1.248710948209604
0.6246853367769825
0.0915868939558636
1.427879735802952
2.0747941860894845
0.9056315582366037
0.15782634929682537
1.5762646633559632
0.6806666143895959
0.8443293125420834
2.0008487889031263
0.767052129698802
0.655521679835785
0.9004076738996138
1.4936428089929918
0.8893759106009874
0.07639551759013749
0.8618537435894517
2.045132338249094
1.5141013708042792
0.39304649453167206
0.3789274448290765
1.5210809314758262
2.111051278926758
0.21023680825384125
0.35269063064088896
1.7312146763505853
1.5134890866477548
0.051378063835630046
1.05693273560707
2.113198177724271
1.4461265575290267
0.17531138674428168
0.10524988403154427
2.387645813993834
0.24124781053569527
1.5672951996968802
0.2563094658733232
0.5397481372317636
1.6549439899551484
0.8330708139754935
1.098964636636209
1.662479783188082
0.5561422474581661
0.8954280457808511
1.3430687484376482
0.2422597820740068
0.8519985143429771
0.5409875202093822
1.0985726292394022
1.4319391123086824
1.2866446003326173
0.3652931914284239
1.5773980423187046
1.6155730076742758
0.16884820131415512
0.9456004722967695
1.2726321472827913
0.9064750340479464
0.28939578220384277
1.828211017049019
1.5183313527398976
0.30010991549876787
1.038843393675926
0.848055074591688
1.1997716956995295
0.9453096825184284
1.5654514479769583
0.6452891026273125
0.5617878356379972
0.8971380667359881
1.333062623194694
1.1823430056782462
0.7792813512851566
1.0984617790185034
0.8721535517797654
1.5193370084230762
0.15536966225432483
1.3726303173734324
1.145246109690061
0.6577137602333654
1.6441310310083979
1.1817975274254524
0.10439617466779123
1.5310290869194514
1.227025239955465
0.33474132439057325
2.0315867729976316
0.759561345641457
0.23453924673915116
1.2489947908212977
2.1389924557462936
0.08324608773946261
1.6024778837332876
0.21482546407156372
1.1735071494439149
1.6442301694072028
0.4097931085455496
1.3233574484931543
1.3411884924766966
0.5399590707096893
0.27172123896326084
1.9353680247027858
0.5340946412206116
0.9275253016390671
0.9979319289798869
1.3523312446080584
0.8148729322625684
0.9467648691422229
1.6112632105551872
0.6511079374948495
0.3151564328280188
1.5543370571693504
1.9659683420111091
0.41439662122704757
0.8171866323715717
1.0155435049508612
0.46252654375947533
1.7682622698841726
0.8150062199966807
1.2475650451673914
0.5245715603093031
0.7596656402244066
1.4181127539360647
1.1772866124717813
0.8886996007051027
0.4898463159315663
1.5588228369462458
1.0021592052171808
0.8679517828202727
1.2686089116164074
0.1843603999622352
1.2073915573941796
1.0368000993163309
1.0843283422670125
2.2476880715598244
0.06980710391090554
0.09425089996848547
1.6846809141041246
2.2158417973510574
0.1436337600411436
0.7528075451555681
2.24704199505744
0.5861049999561246
1.0078798622358645
0.4903119826245368
1.3897940910470667
0.8567318491085375
0.7790813312345182
1.0345932804185165
1.8410452149008096
0.6332787729930297
0.12557694225073782
1.4486508543691634
2.0847374293297105
0.8625917265260784
0.16895224661319477
1.1296493720539713
1.4299136888768729
1.271728711808057
0.6341396256213201
1.2290962984431637
0.6040774734999135
1.0699823334898848
1.6500624769396175
0.12139747518706458
0.6721799281820884
1.8780511480411928
1.641137492465571
0.4194455800740434
0.7539007030931746
1.2658785280868394
0.3537204931299049
0.6299836615113836
2.3205984711713374
0.037051660283129166
1.592819214947313
0.7361357731983247
1.0753330565548223
0.17401842009678695
1.6033282578664294
1.6119043511587394
0.4916006324534929
0.25265715635865416
1.9848502312364065
1.5074502352603407
0.7784082858595588
0.1111704096395796
1.8732991235088323
1.08217952515445
0.85548116304287
0.6945058350041581
0.8471328824001501
0.4335581061297992
2.159705335945093
0.9854186212209665
0.6474008121859475
0.6142818766800981
1.5161814747162075
1.0755019133012893
0.6677579128516175
1.626186328896141
0.9736333458708846
0.14410994719781658
1.1574272303159603
1.465554627399929
0.325579839563673
1.722441117960192
0.8117338508754565
1.4801034892812661
0.2970912755776723
0.44331194760135434
0.605966490677442
1.7186592853313565
1.1768380392676259
1.0392027195803775
0.33873561306065675
2.1461392647096407
0.2978481155872045
0.39999612195189344
1.4744182173833233
1.2893033318479847
0.6833538062495867
1.6914191871670858
0.4143789515734174
0.8483118961319174
1.955195650003645
0.960909349922019
0.17660440582210152
1.0270275321805833
0.46472286902881854
1.6767813652517534
1.6771532887070797
0.45343677764181567
0.4890457103281333
1.2508627616709367
1.223346480303732
1.168654768580452
0.8221153337854646
1.2040120424616034
1.1103265298707985
0.6834092630429713
0.2063392680595567
1.7587047439828134
2.166217613075362
0.05206966675870273
0.7421996554858404
1.4471204634223842
0.5568980416716817
0.6421999540350669
2.4722700409082714
0.296597815035471
0.8604795742765744
1.9586235926356008
0.3288900280015276
0.9013780992407391
1.4095302825241816
1.0305345453658337
0.8405900620635355
0.5115361307378493
2.361274678427957
0.9286197165905193
0.16829803228636359
0.6646925098472912
1.446994725677008
0.9631576523628501
0.7782080880050187
1.3982513983238998
0.7652655050694098
1.245872874157874
0.9058704395211844
0.9245285765536743
0.653131560586382
0.8821001441394235
1.2079167718711448
1.5731631252975429
0.564731947309917
1.2884286293669645
0.7446656045582601
0.4725290940246225
1.9300458306512966
0.5768026772503413
0.9452751571530009
0.1598977626736718
2.072095959783065
0.9399462341420451
1.0342859802812836
0.16087939546375074
1.7268802625938897
0.09158567026944392
1.4454338195704306
0.2759524797407991
1.203812357255426
1.917624723057407
0.2358150804890909
0.8350961547205227
1.0492250840598796
1.9653622578430712
0.888885594642273
0.496795868627516
0.16184514759469223
0.7712062881379967
1.2854465143019884
1.9168380275081685
0.8417236350015951
0.386936867036705
0.6696620805321326
0.9524849340309036
2.668520655688135
0.32569517557494443
0.36707471440974154
0.6028944133118261
1.1923297156012986
1.0284183291362436
0.6497074525483262
1.9647073460802373
0.5838999245691364
0.6231811346982377
2.27232757379762
0.20036022697857211
0.6105552606549801
2.3870959006497405
0.17533530375905007
1.0081606475610572
0.8864611655469775
1.3090158046110814
1.4189671705311215
0.6486275661618502
0.8334993883013146
0.6524913813412627
1.58733163288875
1.408509648199569
0.6967424279074561
0.40228534684244055
1.0420012182859795
1.228539260481952
0.80820808702778
1.197954318611989
0.35748307049747596
1.159871902732052
1.7273463860520382
1.0091978245179254
0.3276152803797265
1.566328932952021
1.015058025011715
0.9871411149428383
0.7780410485605183
1.2905006642826584
0.268090416138162
0.9472479666399687
2.4922953972928266
0.3366970894255856
0.7961752549878254
1.5255625688012013
0.6359266526596691
1.094778400921952
0.3954726253830117
0.854477797360052
0.7552210912100253
1.8172711272160171
1.1961136145343927
0.6239917440902994
1.092591415233108
0.08681712733602373
1.734725008451868
1.1062317850184473
0.8477794227068677
1.3178715979575144
0.569374721907754
0.3265895401098948
2.827824947863014
0.28282273420872023
0.533890170664334
2.1179648653462984
0.8521953539287659
0.9401645339174267
0.26667171854254407
1.0674505116884578
1.0019038455067508
1.479266397305741
0.7144470529700974
0.8209417829912962
1.3318468203729004
1.263541513111645
1.1740206522930976
0.398405996147006
0.6054047356391625
0.9935597424641067
0.4704590040340789
2.594977751581826
0.4532371849828456
0.15285700189089652
2.1593879266439493
1.2243859735885418
1.0787061152315967
0.18642269348449048
0.44285879104804726
1.5244839195100475
2.1519741181493144
0.1328247964492793
0.5717836221721845
1.3817692496205796
1.7506210345626596
1.0339693926290876
0.4207451529191484
0.9984913106083496
0.38387197689912195
0.6484068792348001
2.4258062514144902
0.27463226869257995
0.921230118002488
1.8011602693235673
0.47415869829602114
1.0138930184836397
1.6811126697277612
0.2770152160905959
1.3206871146170152
1.3147113863733153
1.3035473288091126
0.021311428936638618
0.566599230717642
2.596848293475765
0.32640826313703236
0.9853611751498182
1.4303508685329671
0.4486723293888702
1.1627406263436375
1.6248327450849382
1.0366825384952383
0.43806286144033824
0.34695666975318257
1.3698709098868374
2.14642284109242
0.7714522275817145
0.24592429388725087
1.40663499561803
1.3497880534100204
0.9758661896195515
0.4578919525216893
0.6263342981085682
1.843058138020049
0.9390315229736241
0.647082244819226
1.9831530990188415
0.6204055109039059
0.19170328498290926
0.9144848957849652
1.7724798734655898
0.6976486657716463
1.2655295104335957
0.6503095913196009
1.1709913840650394
1.4869529037994806
0.5390043839547735
1.1278330683618656
0.6385464868172134
1.7600839019172054
0.04649791551129274
0.6067089601084038
1.2077787027418478
2.197305254028992
0.24568111731413206
0.7776267372114781
1.8964075866330545
0.7004302131100139
0.31047006691129564
1.9603243935443873
1.5341352873098386
0.6470493424289581
0.43755315976277726
0.0701222143434182
0.7405728874311235
1.9030456670090923
1.0203307140564448
0.9301181617893068
1.0686468813856762
0.8582504470273554
1.155256270773227
0.8047525810957007
0.8710533720908006
1.5098748537760103
0.9452181399299261
0.9580687111157965
0.26766060769378963
1.0100328861030952
1.304902618930249
0.5214490381649673
2.097865593871098
0.28922107704434336
1.1736654252525416
0.8072307256686199
0.5336003254189994
1.7501914921769117
0.7831332810121902
0.35281716685914194
2.1167032011225797
1.17354494424798
0.24692742113422192
1.1911902337318452
1.1394694528823166
1.2493959250644788
0.4049341400954386
1.6734530804077241
0.45632086966706564
1.5377476619782038
0.17972542054965085
0.8491524419638347
1.264426716193873
0.8018111118583273
1.7295643352594052
0.5012398705196054
0.8439471025322489
1.4408198242356274
1.2245309086170464
1.2056328013048507
0.03815251586391374
0.12781732265165371
2.2626782159663557
1.1177659808757423
0.9483262172351461
0.06333194950364422
1.4046826703837787
1.5016619827084277
0.9687320154455644
0.4218754646110742
1.867431096532303
0.46251318569250977
1.3673612230361287
1.1798087218278275
0.29865032153587406
0.9367555708651505
1.8318592264634195
0.05089124879906705
0.5546997293721996
2.2326580569221437
1.3728104144877802
0.08938226930158931
2.388514250325861
0.610440739581901
0.038777858296739916
0.20243725339054244
2.075312697872692
0.798384153384774
0.5946401839201859
0.9540978850020905
1.269778381589753
1.8306202868442065
0.701877266821251
0.26953943307197187
1.1566700301676474
1.7421322947839881
0.21125509667928313
1.1263085789868517
0.7256425834934827
1.6266303080090585
0.933313342074738
0.5951362089859412
1.7534618046920054
1.2782502818036428
0.24226994297513166
0.18904326889266593
1.3567715315597484
0.8111617461860537
1.8669154372095358
1.0016648737423448
0.3248855310001225
1.2866901096117223
0.5462955815303242
1.3591895638016513
1.531969175901259
0.3736493076307401
1.2051687628317524
0.7222488262312557
0.8247426438507146
1.5736276281813228
1.0224750850381459
1.334327290077898
0.1687765500751331
0.6665595012960366
1.3434569794229867
0.2467176151322902
1.797730482254227
1.1332833458625253
0.6595069842029707
1.7128931393477385
0.8258040167669749
0.38611990830467363
1.7508657016769125
0.5341027022375497
0.25044867703360335
0.2344132762299928
0.6719530173566441
1.4698699454511086
0.422878007857669
1.7073091348360017
0.8609633102196961
1.1353721144164692
1.3993126555143005
0.5439781217837989
0.18369871033645357
0.43149589858755766
2.532570681616593
1.242812999073204
0.20549302847809953
1.3572904777868973
1.688058874747283
0.29468798046829797
1.5249403845553298
0.48162381332811416
0.660216274498306
1.9494436891035545
0.3292270061890982
0.6798553230544945
1.5066591007054557
2.0123671120175906
0.538276154215005
0.059220648518322885
1.5887275307513142
0.16944772597264718
1.839711644424943
1.2311796451113428
0.7314609572825406
0.13801920332449172
1.561337100639045
1.3712808870576916
1.0555829485793955
0.8900884005653839
0.4375944578017299
1.8413871745721462
1.243074248214596
0.015827007497376377
0.889806417213086
2.6383074193921816
0.6172521365459329
0.4592050320524244
1.85591014611367
0.504578505092744
0.8271774007178353
0.7862360555910172
1.3558265227676876
0.9698425515584628
1.2191401267425424
0.8331678837882309
1.435717717986935
0.43060657314191786
0.6916310052620497
0.7592179348417515
1.4265130697854609
0.981182107216286
1.7141987093527387
0.26215651391724565
0.2613513867756517
0.7431484730126875
1.6379849189117068
1.3285689482803218
1.0207683312090072
0.4621228618010638
1.5245447114943687
1.3749450255468498
0.3146958337074896
0.06677937837029914
1.5187769958872608
2.1168119588687935
0.3133822249748398
1.3996000778542879
0.7220989741115824
0.620295687800238
2.1432500373156143
0.7045039414414308
0.0028958385689392546
0.8402099679880541
0.9689920609974672
0.8852961281347895
1.0075861953514251
2.3120168446138583
0.13585877498842952
0.4063094558585073
2.8017573105608133
0.6485647676246064
0.6986241733011587
1.003755660989683
0.5908627363566402
0.7435304566926586
1.6832032688517942
1.7597006152556793
0.16592448401359838
0.7048771885898932
0.8089761148379541
2.007735166355164
0.9045681948477546
0.541832969943123
0.20479673983672597
1.7097592803616082
1.5798568712098204
0.9393238362644396
0.1127585175770208
1.4335156527614452
0.5427292673203211
1.9636168954389632
0.12394422690442297
1.3967123116948372
0.8449834780096447
0.030969580534109073
2.4986831137380405
1.0513402837706525
0.16441334911185007
1.9800426020824473
0.8754473510400905
0.5790809266367872
1.8788437056417002
0.19190090658555048
1.6120650979184445
1.0160752495090866
0.02403945297579256
2.0290619549987463
0.45698498517600067
1.0967986643545287
0.5817039702459053
1.4359280735139177
1.1588218481330466
0.7788203100802393
1.076386066333607
0.9433960185590556
0.4730533453279277
0.9307683310022061
1.5444543304060214
1.6675824491645703
0.33512095608367726
0.7802937185185108
1.0908685280817376
1.0775552284405847
0.654282537519985
1.546766488839107
0.05363671076509197
1.8949333638670216
1.2616612504521996
0.5692951670521689
0.774217410976901
0.4223042993021185
1.752466157083612
0.843603138333745
1.6201005058002669
0.10132512196695895
0.7356089796723857
2.8951566231802284
0.5741645206008318
0.04119736072216264
0.02973742934685649
2.4598910011487534
0.4856746118225959
1.0714802446483602
1.6033157801223181
0.2898656071352668
1.6901489943233872
0.8713009052257009
0.7910442396785113
0.8585417540464504
0.41280252149738134
2.415942912382945
0.39168993982486555
0.40937172433792923
1.668185073005281
0.5735536412707407
1.3871452799541288
1.7189360749011893
0.30333776566225046
0.8379006884029919
1.2348399810783235
0.5950993028879139
1.6930782240760367
1.3392050088826593
0.4601319060659064
0.3514771275083322
1.8374342948602347
0.5352344149080375
0.3679081530704436
2.193529998845653
0.9767510788729632
0.8525587800922105
0.8759014361054941
0.9984207660088507
0.3088340215461032
1.9131908897804324
1.693200630854248
0.3780347686106533
0.304942373962849
0.23564485644446403
2.7909504756382257
0.7017935907782865
0.5327228574838103
1.0362653793934526
1.9285118889328818
0.45871340546234535
0.7940091531741857
0.6647779067273318
2.294497377701618
0.5787635112649581
0.3062624871133436
1.001012901728497
2.0105151362399143
0.5182286777614435
1.0838471201473818
0.36883820698365916
0.6575777003529584
2.264952587135564
1.240760158667018
0.40305830271418613
0.6999191489667995
1.7724937242885614
0.18227762103363837
1.07501483402214
2.799026766211946
0.17459804371319648
0.316392483880813
1.0803159788372056
2.1264666124683935
0.5128017262093719
0.6877794640389684
1.4302730682651212
1.2572391018092026
0.9305215944867525
0.1472305594118975
1.8019457372875476
1.288593458926064
0.6858507278878818
0.5639082610858229
1.3785345956345807
0.6575626513416549
1.4139063902225828
1.3696668674006747
0.894936886191433
0.0057434271794282775
2.0720434380719546
1.412114056923465
0.28951292977670434
0.7218878762516449
0.751728636297285
1.4138040754319499
0.9998754681653529
0.84013163849116
1.1709513246889245
1.9770755483446276
0.26158503160226115
0.38046677528065637
1.5101375772733705
0.5683482204279682
1.0188083954930847
1.524261979563428
0.799501385612219
0.8144968420689548
0.7722395410953293
0.8573637444634418
2.1839995403142525
0.930426813884128
0.375681702193902
0.46626602996940314
0.8027643466773631
1.0880964043097496
1.1415774525351832
1.411054031529692
0.8759534771171918
0.6576120439060468
1.5834667638150752
0.6587570838588234
0.6595887699197717
1.834952645722074
0.2642829182501424
1.702374238600561
0.8895110983031167
0.04588848954924278
1.6349926538510202
1.651345908960181
0.8216263186714726
0.06994376439463307
1.9392152468426413
1.3170057429885251
0.7444570647660221
0.6202791185590367
1.0439440935515034
1.8442975543881766
0.656338064699672
0.7871656082445719
0.9310188702749403
0.5529347102439278
1.2990813544276247
0.4606611372587204
1.1476521184073385
2.6408589366957607
0.06439713223232241
0.4488564835917462
1.3931628530916496
1.4322661067807583
1.5703653853727826
0.23403370644275792
0.2422000252511476
2.0574264032159792
1.3345508894159792
0.5621576111550094
1.0785224075042892
0.05477489805430145
1.831986490606065
2.1068407566771694
0.15462426116326522
0.655795822223053
0.8671434885407281
1.4360861645732759
0.1557844008999389
2.6637267013563948
0.3122825562050534
0.25979739893194126
2.486548639581861
0.5286558259971941
0.8150485548272978
0.9919196590858786
0.43848709824777926
2.2766044504561855
0.29695118058582354
0.86566167939422
0.5686847374264656
1.3989336573551878
1.3429485440730446
0.6177993260125317
1.6409374637135323
0.901836541854241
0.6574278060350975
0.007864591176691683
0.9779042089073242
0.6228135818896519
1.3893179029963358
0.8967021834739128
1.176725409330089
1.672161972230359
0.28645787953489166
0.6610933695398221
1.130382588237436
2.1754997889241063
0.45493668728643577
0.3501932290455208
1.8116198517702786
1.9580804504578357
0.08830884559178238
0.2625373901080394
1.3810999860444162
1.4189693523562754
1.061101097715949
0.6303335122877299
2.3286940338785933
0.18893610933370933
0.061347364979642584
0.6682754743558135
2.0731438416138834
0.1279813210345123
1.4603033184669225
1.2433557894420915
1.115782540125177
0.637561886835319
0.3747728214993589
1.5578047053978288
1.0673420177326398
1.0556921977527791
1.4421417365641223
0.6040933832457367
0.4599757811530275
0.792057287233644
2.7247496280319794
0.5606659257627689
0.27234754397975
0.6224426010378111
2.289991702847787
0.8061041711889948
0.3405466004015373
1.1496538600234554
1.8488193828630113
0.6269441949924576
0.7198532315269817
1.474613513474851
0.9407031432931551
1.030080529120561
0.40595599202052196
1.282824264448129
0.9252894305809917
1.3277241426082789
1.0615794023309297
0.9754531673605682
1.0030167395462242
0.7200721029446693
0.4818039718841604
1.6710065228443514
0.5191617356154572
0.4123980217120677
2.5388705677007763
0.35221595934118
0.8540052915472846
2.1106470221408467
0.1955701744811678
1.1592191116746662
1.2706119159032476
0.227052268147312
2.014320031898327
0.7009172479938592
0.8452891399742238
0.708397442668918
0.694940216697687
1.6750442040264981
1.793658899261289
0.044022138324515625
0.6025337786693687
2.047547955146064
1.0960569980345798
0.7525445469091588
0.7056585328808682
1.0142319187183853
2.130924978171126
0.3014853621106552
0.49021495727915126
1.3622452564669456
1.6479594982369326
0.26420523636612
1.6619314164924597
1.098855895859096
0.2843189920026567
1.388720346869173
0.5346777923202767
1.352435478496498
0.55367183000502
1.143555641591448
0.8864618976923926
1.7782565773681158
0.7542001549780984
0.6760945024552797
0.2518002712792377
1.5736937207077841
0.1256244618508423
1.1859006502535219
2.315461939219384
0.1864547322010587
1.1997219963700663
0.5660530915858835
1.0281981955611035
1.1509600001976923
1.251827929659824
0.8032531039893066
1.3450192702444699
0.5132843506915586
1.18473041238434
0.5822471667496931
0.534418458962517
2.067948081330747
0.7432730033561263
1.0374237735161347
0.25527682641959565
1.4700938342684624
0.5887188431567627
1.687550640162516
1.0684687885313415
0.019162986947216496
1.552361847544829
1.122795072931254
1.1860002638525184
1.168366889659721
0.5326176340981611
0.8203124989206311
0.9119898968413565
1.1317645083212033
0.9309895665366853
1.2883708149999011
1.1159650948020103
1.2440685341089635
0.18101880614732305
0.5177450098180816
0.8601796071408779
2.175748608865354
0.6926022766818084
0.9904354936344796
0.3503482967944279
1.1491458977292877
0.30550014647398904
2.2066600112745425
0.9461800488168993
0.2277229632888872
1.285918070298275
1.2926116920382587
1.737713070780756
0.01418632722474061
0.697198972638572
1.0228965427196806
1.7343299443181461
0.26114294545992234
1.7100665418893068
0.4490165508308281
0.8221022229161352
1.3457726234792973
0.2686596686384447
1.7892227251931292
1.3618317445553954
0.16068786214763506
1.7552316438228046
0.4630959199165958
1.6150945088603936
0.6787792642714693
0.3341167682347385
1.107406024649136
1.0802428670145248
1.4491758290975454
0.35631053827754
1.788645127319039
0.846169714119551
0.27552756076582746
1.2310967963319652
1.6534683166241964
1.489410427853071
0.002964311642160021
0.6031321285584624
2.8845755436068057
0.5257309531388332
0.6074762323226025
0.49306411813463535
1.7138564507102818
1.0960529182378225
0.518520465073443
1.1195592954363274
1.801159914297457
0.8376917840871927
0.20973681773763067
1.3575599105976235
2.437302882963834
0.5784660905730817
0.04977594773410415
0.7208186944204918
0.5939389489345406
0.9041835484475638
1.6679697881491216
1.6464144942745995
0.2966022722871259
0.8576311571025589
1.7995758604686658
0.40897388235073634
0.44669187999596816
2.8010535145891393
0.17515505059682104
0.6325544507777566
0.6581615178092936
1.1534824626483773
2.0683681719641247
0.5589730497832692
0.6485364880327426
0.31310345507912923
2.009020979566362
0.07038550079460132
1.6384290828962678
1.5241202596846914
0.47203098758618495
0.9017144067280568
0.6605873765694062
1.0368489066584434
1.7134233632608462
0.897770108385772
1.0840311432019778
0.46022435551086643
0.36613653773720894
1.0648831579341593
0.8417753495244797
1.215024653634124
1.452570750977637
0.30908046823460894
1.884198158871152
0.21712260542040282
1.153302590243093
1.2054501986624377
0.6115493620793082
1.1643538204864352
0.44769308672773794
1.6193315713500824
1.8646742760274602
0.31113179284607456
0.3866022532721799
1.1146901419578548
1.070827254032181
1.1764125026844905
1.337697870707108
0.9707964847040137
0.622244700494095
0.9358854633519708
0.9504652229453324
0.24201916916913419
2.5122689133375515
0.9854638572585868
0.09454492002633647
1.446110535906223
1.7273481288748307
0.9683087231302279
0.21383398106945492
1.1132074234025242
2.6982553983841235
0.2524457192285373
0.4076301282245947
0.8529457644018337
0.8815279773850608
1.314339964369392
0.6049069397782865
1.9996756957081658
0.2573649445415772
0.9764675494041186
0.8276743604989439
1.1769778211030384
0.5809672786878176
1.4268702284064314
1.7475349009056578
0.6358504480530494
0.13508822589847927
0.7556210077060158
1.944836876411799
0.7810690766599011
0.8562327463197296
0.9442810975753994
0.8660151584168496
1.6555169026412924
1.19474837998088
0.44393811995387994
0.991788164717853
1.0939996302845292
0.9692699874214822
0.2860098038911218
1.3288697813714168
1.5049407485602377
0.7444594549422396
0.7644436094996007
1.278734982470893
1.0735300632851208
1.3661992863851629
0.5061289351454478
0.7715555805218899
0.7540792976740648
1.5253298897467877
1.267739981720597
1.0738690653302772
0.447196828438913
0.7224908428325767
0.8759865401569038
0.34237053237714377
3.222940309560012
0.07263739821648793
0.18492086816248035
2.274360069629087
1.5881972170114778
0.4417700806230659
0.8621336494906964
0.6044654857005582
1.2764846725379695
1.7185393920037575
0.3634198876737461
0.75018787102923
2.7536252733424273
0.24149306956921074
0.2867580670907975
2.2169296053990593
0.5818212830177351
1.0195644812309541
0.8845424696695958
1.0880305236948746
1.145177318580351
0.890711809745893
1.5104220530766024
0.6152122514390813
0.6335494511239932
1.4594458131250703
1.082234523754058
0.7337504756050917
0.9729305908354197
0.21248286781295567
1.8278868249729512
1.7283196445806153
0.28082970090181003
0.9211558567161733
0.7450775933091489
1.3019837375250827
1.3466143168648264
0.16063805416328614
1.8758398609084348
0.4367252540606497
1.0731061345381945
2.474628794579015
0.11799065828072133
0.18447753278506646
2.423821563633747
0.15028176249693945
1.0424665923256955
1.382796424315907
1.5506240886510292
0.6569765888326952
0.4098153519682297
1.287900242731692
1.406820680617715
0.5171793589830943
0.7463478646250588
2.3365363047976153
1.094609138512502
0.08678224860642957
0.2550994884097039
2.2534065916114434
0.9576533040802117
0.808343141308677
1.0210656574882082
0.8775378889084628
1.3532811021077842
0.6712510757988333
1.4136102187240256
0.650577813810146
0.8149543333369518
1.7611300121451652
1.1614594924786579
0.32297765247135074
0.46633622786099255
0.2720647420793527
1.743357807053972
1.5027862379729608
0.6229659394062526
0.7244939541935743
1.373207727459769
1.264211582336049
0.6775300472204004
1.631273603297496
0.4310989713292666
0.8084819969270817
1.3172645979450557
0.814360224075943
0.8924705317147749
0.04848218090807004
1.7021667390738586
1.3610901982062293
0.6196586566660421
1.0424312485052658
1.890925652130519
0.24964506068832235
0.818552127198646
0.5831060183133797
2.538383699204197
0.5376528470926599
0.38370263515805336
0.40299810577731415
2.120369155243169
1.066755285866906
0.5327105784231682
1.3925816043766244
1.6095284758010777
0.3835781229423796
0.16091017192434584
1.8731046047890638
0.9991034988138396
1.0769881590504014
1.123365394720968
1.0294112323224736
0.1185862748233165
1.3204749207146802
1.9951457144780969
0.5701081547908754
1.095215934855526
0.29063418540705305
0.9397188698159298
0.9530023386797472
1.2313743144392242
1.8973366980081787
0.5298086570054051
0.06399104299543404
0.9306940464002328
1.714697595921403
1.1583013446583739
1.1871821955935709
0.5921949705572894
0.6367154416203574
0.6865935713773185
1.8700698269346574
1.1786802872346926
0.4391151337319726
0.6853375045942771
0.5757492710198684
2.1551186663099156
1.3094380354760748
0.03830565406118245
1.5597581348432656
1.0237259181588703
0.4155518611337588
1.588325004225113
0.8973867099567783
1.2980184570683027
0.16456373341790795
2.2090799693775676
0.437532539827557
0.3634285052629977
1.3456485791644306
0.8594260567492772
1.5411552880512434
0.8543816055162406
0.6412931344774939
0.8592683584837092
1.324654829823844
1.3877642782740844
0.8317788912399003
0.5903317713271616
0.6917329912769602
1.3614560079549063
1.6469627740270336
0.26186569317796254
0.805803701635034
1.342282713322158
1.4907945231569726
0.8211733978974852
1.1410823565165582
0.2576759403061399
1.1340191345063593
1.413048411569386
0.5441211928844691
1.2084355157603472
0.6379461252906874
1.33002229681995
1.325436433499541
0.6504724812606483
0.9831185016742969
1.7033623111487242
0.23457310105820714
0.6449639170341326
2.3382782319552793
0.9588952329290248
0.4450507514524231
1.281511153178604
1.0222675514004547
1.226031497728718
0.05905283675114352
1.164694708101508
2.0152347509573407
0.6174121945841586
1.2457541546640445
0.4226857774228701
0.3784274709516241
2.096524585596189
1.0759781707611076
0.25395759162468856
2.4620465816972863
0.5826239487376382
0.22440796419016018
1.386272415819035
1.1508859466344064
1.3032517607421172
0.9497922673437528
0.6100646726826741
1.0387716124851327
1.3547548247736934
1.3388059282562073
0.39684951162249943
0.4866461773289344
1.1292722547809448
1.4505993027633803
0.45670366516558897
2.0613248184379556
0.8726049671337766
0.2613295075405728
0.46836255862246073
1.465850161284696
1.7775068526003814
0.7152959154276084
0.506170297625969
0.8408414404123511
0.8109287281179531
2.2908433488330227
0.9131575431076735
0.27228771018090875
0.5751321896430895
0.5269846966194291
1.1543007643643326
2.814274412452251
0.22109013853757278
0.21464994205716778
1.616607736527951
1.46056026601214
0.2505832111754085
1.328137432008047
1.1349065546778632
0.7901666507083552
1.3163214123261673
0.7627830206874698
1.1221084529687277
1.8023479743206932
0.28378270546836626
0.5122105382207273
1.9877301583730111
0.8636139119585853
0.7246988310716296
1.0978408657905445
0.6226238354251719
1.6867095036016597
0.4508753928605114
1.063264481705004
1.2754203342124164
1.1781352513982273
0.9242965412280603
0.3553029472374039
0.8656998564497211
1.1320228478909604
2.272238219858234
0.3610362876578498
0.22850205184574995
1.62271572178729
0.6438722318504352
1.731509812204047
1.0015855502880104
0.27877680525498216
1.2056665554025425
1.234835822659957
1.3965660906229043
0.4898215986301881
0.6761583910677388
1.8752986078375267
0.4539957567980179
1.675763472738633
0.7222396743538834
0.0032504073355896683
1.7453806562394405
0.41326587467897663
1.249460187682307
2.3155669902876426
0.14302999453444065
0.7823412827122342
0.46873693780737247
1.0174263628678466
1.82805471927873
0.706434093147966
0.46255619023739103
2.095065700165337
0.5792101791442291
1.5055631662007496
0.05588207150358778
0.2558144557558598
1.613100984835093
1.210182267953103
0.8670545749962445
0.7671283261249021
0.6180500756368255
1.9710329036735663
1.119210095651268
0.3435662726706918
1.5432825459098958
1.2057031678338348
0.7280859487569737
0.9637727568438408
0.42253290070509375
1.3838297190921451
1.2289034569758974
1.252990170188612
0.2802249598573103
0.6720309102524281
0.7718026765930428
1.70188048311775
1.0978980016556825
0.7975844683287078
1.1235095282491865
0.8528401769522171
0.9084347322819566
1.7444411384110197
0.5525238531375269
0.4012466475406446
0.6707899826338201
1.5737274964488535
1.9501315345669727
0.47164043931427874
0.3267507882982104
1.036739393331152
1.776168277051485
0.5330224729702909
1.1497035434897183
0.36576149904827987
1.9497068645655649
1.5851349680193982
0.03363125665643455
0.34542987800105013
1.6241056307185189
0.9433660861425793
1.8200714827194178
0.6264297635322652
0.230350126008315
2.3017128874066857
0.0835240913435247
0.8626884683423561
1.895341301969244
1.220004266545883
0.030478143566030888
1.4139298103524236
1.1260033753454928
0.695533133397296
1.14936224902883
0.5885908798760581
1.1573500334444082
1.0428931875442644
1.6487516452250441
0.4147145757544648
1.2794479595311221
0.25980498273865293
1.4091363699210626
0.9358044724866468
0.6374229231282467
2.1935175514668677
0.4814693647396501
0.17171847944445845
1.2413684870265393
1.0467928972524168
1.4961194604117065
0.7066140664816533
0.5467473602971032
1.7988473286265019
0.8566448997306286
1.0599113361251726
1.474844555889113
0.1079427135475512
0.5622789313516796
1.9434197422169388
1.2790425078641774
1.0381187471703444
0.5043182341254431
0.2969730257319822
0.4739039020901826
1.0155060306692507
2.199510042454549
0.25535535243328933
1.5749735593466887
0.3452428523567125
0.9106592693169356
1.266343833444657
0.4602021652250527
0.4932312872813209
2.468180619429029
0.34728743491379804
1.1957611922230613
0.5371816167028826
0.7980008311262655
2.6114428900847573
0.039769860650536455
0.5085721190048501
3.0040926498703278
0.3769602639723548
0.27180147273924177
3.35580260071122
0.555770782805166
0.027448263410536838
1.733343865439551
1.7206451153559392
0.21612851220457088
1.9239575986519288
0.9535282978090016
0.03677398278964548
1.2093823474764989
0.7030427394553146
2.223345195926343
0.5515154109097257
0.2681304926780054
1.4055134483883724
0.5232106412151682
0.69719961488815
1.7454451264785906
0.6689791992986189
1.760634471960779
0.4985067342548624
0.6773104673496686
0.350200633710138
0.680271690973996
1.2702665668620712
2.6036852219456477
0.2454428029098057
0.18780825105357157
0.966602032734715
1.832297683836279
0.18799187660799846
1.2487033148677047
0.8587015811595838
0.8650121326009078
0.6594348198115721
2.1292942957243493
0.5943572430536701
0.9477760575425104
0.4195589183066541
1.9660107261288917
0.765907051312643
0.07201729884213345
1.1634047805274055
1.0450181951706188
2.0621896190462325
0.0931343530401326
0.8876313607029035
0.41523008230733316
1.5695587109220628
2.0521099941079033
0.12869526663094655
1.0327050856970437
2.090784627835233
0.21578129861138562
0.0066958336008707585
3.1982883335476906
0.9905202830188651
0.2138391062063217
1.5844264728955948
0.9564869301882827
1.0703779231509218
0.12412048220312194
1.2487761652589593
1.5623582830442477
0.8249463881093165
0.8296647083339722
1.5628304240845006
0.5203775982078919
1.6302219119452215
0.4212251856829141
0.22305367376338892
1.4871445738783724
2.132392532627414
0.25086302791199033
1.1479434584805865
0.607703218290341
0.6640509837244475
0.8388894193988609
2.331255303434702
0.4437265128088971
1.051665074064055
0.43713839453344727
0.478067047696289
0.8918525115015495
1.6592071304537854
1.5031676618033742
0.07741368214429252
1.2971160869883862
1.6333279505035625
0.9050397607115789
0.4049396249197801
1.590437792111368
0.9091771226690076
0.9126788246178307
0.9497748644456652
0.336440772174584
1.074723712659687
1.2904876961573277
1.9720666752990386
0.12834521565733606
0.6435186273396033
1.7458152424629403
0.46964129487771905
1.1415835873571163
1.4238286888743827
0.9361131278434166
0.6976934073253666
1.571881610905102
0.6536078367809629
1.1981769646063158
0.3809976736549103
1.0970304008873328
1.4365034610729186
0.4392114663739524
0.6222063742630406
1.327043711313139
1.013824935159012
1.5280058979856521
0.49041666268054335
0.7264396460079368
1.4639827903350087
1.158807033636439
0.6062718216595654
1.4863419183713071
0.7650627077578839
0.7748029573024777
2.251896107522874
0.19389785912121035
0.4340393978559892
2.292779002376787
0.5509939248358794
0.7317002630021824
1.0441895347119075
1.650370600341817
0.4466053110851297
1.2117778606781258
1.4813641479654958
0.1635160228361364
1.0640749444804525
1.2078225970284644
1.610354372971637
0.9007860675472578
0.37512801469804763
0.7943734873258573
0.5928504579558915
2.0537982814875657
1.1013370671834115
0.6810112239273239
0.24601129131929353
1.2760876197318922
1.842530448775246
0.20264268071233704
1.8846463586517626
0.42346220855383476
0.6871683178629399
1.2789009016506692
0.4867607327896827
1.1872309047184986
1.5083799346436042
1.1965530380424299
0.34006477641074745
0.9377186781924945
1.874543960163104
0.6247879667563128
0.9155449422665481
2.0117479095104405
0.00562860287616785
0.3785179269571872
0.9292655898384038
2.2842653474484678
0.0344173709866028
1.47932955383845
1.1324740514004852
0.6718067889211385
1.2038296596705729
0.9453871079861815
1.0171445490992819
1.1146578649991699
0.19760814035268767
1.322567461625918
1.5099540982597495
1.3713926074501903
0.18875857519614878
1.2033003004912453
0.5142773500404244
1.2879727081846963
1.7919501384560774
0.507776419641203
0.17795070622670242
2.1064346102013847
1.4329116097939611
0.7151638435950628
0.4931566413527787
0.7439976174821975
1.7597319563623512
0.33341528183902946
1.496948572391873
0.7756117578180084
0.4202950101915814
2.527464099244632
0.7408136031341852
0.3322034451480646
0.6798642001408595
1.5062445473274924
1.3629236098000623
0.7163521781788781
1.2609685779656643
0.9771344906767849
0.43359213499426497
1.842973765424426
0.05947036555057366
0.9859182241860025
2.6444478587180678
0.8461343581148097
0.038164536966656504
0.581126508533141
0.14151715760385097
2.1249479732506504
0.5769884292324979
0.7533867258376377
1.2521200440060254
1.9180338827095929
0.10042899246864952
1.2836727038909692
0.8725847622963441
0.482130575899331
1.51045058819951
1.5072612332107609
0.445473305384337
1.7858766596676032
0.42141407781650475
0.5027066908199088
1.5117785634729197
0.39569420644467396
0.6892832522434911
1.4579374296404664
0.5259394444268688
1.29559088521159
0.4385653166053943
1.9487642781567476
1.4546714258177826
0.22892066906996075
0.5011709217698507
0.2547383707356032
2.188470447339915
1.0405041009367944
0.30479908050969046
1.6897873219520934
1.1782676964721825
1.26660858726181
0.20724266934598945
1.0014468092261115
0.3145523464734124
0.9083080846716727
1.7833837188011423
0.36653522637850583
1.197690235049223
1.519880819648434
0.7190600724923726
0.49264279701866664
2.2481286132469456
0.782491617393193
0.2544372741927528
1.5706963102379141
1.7956099258743803
0.20926699042072652
1.0275224076546232
1.271305760116453
1.2050264532808201
0.7045615140854578
1.263741715973725
1.051035652720891
0.674238650678524
1.1769422795309523
0.11535030535570134
1.749144561725537
0.9460698688485857
0.6148104976786044
1.119335864870489
1.8834506335874373
0.5065635309875943
0.7443283202748058
1.004421319972441
1.2936355472627215
0.9162648115617813
1.2302351415824229
0.09649253332235247
1.756425484337386
0.6864470238818209
1.1713901990952416
0.9487248628392507
0.7086591259410032
1.7358459528264203
0.13424703445940778
1.3060475184668605
1.1805693344960715
0.7904460424756833
1.2579757883497367
1.2551966941691388
0.7185899793546018
0.5801079252941458
1.1050727918477032
1.0525199291725942
1.332485442604358
0.06009960050917824
1.5271673662371839
1.293277250140628
0.36722589760318464
2.2029010553749555
0.7381658105361549
0.6351965281770188
0.7122896691639969
0.5927364394808632
1.5493359846875439
0.8800747493975244
0.8240231343320802
1.5082102670884754
0.27562267643575633
0.3660188631857797
3.2677924533861162
0.38481734251534244
0.3963380840458031
2.2575504669443505
0.8613728086136495
0.24259225196262912
1.857998494797013
0.8853441981255759
0.8973322043483555
1.55203134041007
0.35482555282463696
0.7444891161355598
1.0276995059652918
1.3101282671491934
1.4931561517765217
0.32803752259655683
0.7039452144345001
1.7218734239929294
1.315766176520606
0.675081207237768
0.583944622398391
1.0842121729728154
1.3004243427631597
0.9317291914132986
1.6178331391149365
0.5288761096028128
0.5085402927845154
0.45678036189444937
0.5869470084716971
1.7257379613393058
0.7821412989823094
1.5014624370346716
0.7392381420733346
1.007030593230881
1.0810941312232778
0.1089271846841162
0.7975866009187057
1.9638200224418927
0.7873496801912907
1.3742806585239202
0.47916037758865465
0.772280604096937
1.1897750844900419
0.79370229208851
0.8414216440702365
2.27825961141832
0.6289339901987111
0.17624894075487854
1.1611326038456087
0.7624410022191509
1.2142827155576172
1.0628154241916627
1.4685320624752485
0.4937571335263134
1.2451627338568434
0.351757240366058
0.845666453698092
2.562241178376889
0.5616938307456668
0.4986102229516617
0.6679232470204779
0.5557647655232814
1.4371164774448009
1.2200147353496622
0.9452997805635129
0.949103373558055
1.7972111223457516
0.18239774793365857
0.731431617726809
1.95742350114169
0.6487167174009872
0.42393112079721595
2.5796217252896585
0.2645428801382654
0.27518722045497457
2.8557985279915648
1.2822850326244353
0.15423467284845888
0.07841948115774282
2.124308322491345
0.6165357363172709
1.7259459837689053
0.4404149269940541
0.7238367676457291
0.767990131603434
1.8240867739289301
0.7912102687488368
0.39740775769109726
1.669627732038681
1.5472439433966458
0.3084445306497655
0.9605327572154789
1.827202340173336
0.4266595423422534
0.36227323800557015
2.0512588910618637
0.3014348992428288
1.6496485059434627
1.171845483762889
0.49018765449555896
0.7250913170777141
1.1922996122966207
0.5997359966631631
1.4143431951512304
1.5922028780630757
0.42441697756475727
1.3567668560367296
0.2677943122293742
1.7155559749592346
0.4464629040734817
0.25791115370330925
1.3731234676453996
2.2392710584454547
0.41177454858249224
0.55542728152626
0.8359554029094766
2.0119708472581825
0.35645896776985403
1.1719553717533198
1.5392995996228993
0.14738539619463792
2.202568361383644
0.7623436567057228
0.10486824614942636
0.4478835440123977
2.426331470644154
0.4516076928880739
0.9313505724038674
1.004084600275376
0.3070066965656849
3.0349290933766646
0.10650913762243565
0.4799738922215997
1.555709437723993
0.24737313291322124
1.131373937991587
1.4721176850770066
1.387563549155323
0.2572486802981355
1.2751562864181116
2.0366301789572154
0.4504945329804282
0.4441826941157583
0.05958841661431251
2.041549335583709
0.6271052322737575
1.0529552249566845
1.134273489628987
1.0589065637790585
0.9701621622139633
1.2926996446922534
0.8767643031465143
0.8151015605331793
0.40372867111041794
1.2901449337184847
0.5959971220757161
1.2139864570622003
0.9805501350982453
1.834439108527661
0.09260793896086937
1.1379368831185028
1.575130561308276
0.5315148481265778
0.6093719920302001
0.7489589921647846
2.2170323820011664
0.26393003110441016
1.339753366825942
0.10794787180677361
0.9991075540533105
2.302165462973165
0.1427051202548659
1.5438321013874154
1.3927046015927453
0.21764279793127436
0.33653461379004057
1.6749487353701131
0.9385082986229307
0.7201456171956536
1.8056754675947
0.291044965507115
1.62145514416692
0.3922142578003492
0.9213347200854501
1.8240005399073689
0.3203495522100705
0.5608562788011054
1.6165972936076556
1.7586109479424081
0.12827816484143775
1.709852513811135
0.4892741913044522
0.6828603616121026
0.4633742577250869
1.4887198532011587
0.7263201966829625
1.4660331817276704
0.6578101431915532
0.8630873512139128
1.0540289338483513
1.9146157305963858
0.3721814631674428
1.0558859709802517
0.34124347495233703
0.5438832124108588
0.18504712355255726
1.3862226520261265
1.1137789143079426
2.0938852654940296
0.17321428284236937
0.3235686489676178
3.1127095035320727
0.6781630304444367
0.10660043636484139
1.3702883725345307
1.5651526963256146
0.2770329789148035
1.2945254478883155
2.658284931735541
0.23764343893731976
0.09701862007086152
0.698006964441706
0.3594847902202127
2.25879180345204
0.5241642117223044
1.0209848788377947
1.2950813763439075
0.7367876743425771
1.930448640168116
0.03409520700066504
0.3344867760905037
2.411796790774124
1.6299361254295657
0.032885183954138336
0.5525058061907292
0.24872285612351108
3.3511995359121025
0.4498822668603839
0.4830119255215628
0.2859002187382795
0.5891566249415813
1.2615575038843805
1.0397604651456764
0.2497958391808636
2.271281661297313
0.35542719247659454
1.4702254245944326
0.4167218235596337
0.8703755194670505
0.4562107773653916
2.2343383353396313
0.1618696672995631
0.2644670430924254
0.559463014819099
2.3682285913786263
1.1156008906047672
0.7524536042560765
0.8146097830179349
0.20738566355128055
1.394234165420542
0.7761658262658127
1.3909434605632758
1.227116091128406
0.3997802460544231
0.9507627679077446
1.5597945778777444
1.4405143873611075
0.41878976032066234
0.8567343351009518
0.6901169725865947
0.2180598968992744
2.980154101430358
0.19218243848860406
0.757668264663611
0.7850046006664677
1.8393088478023956
1.0867699998100508
0.3421330010145296
0.4359868275593746
2.7197301342813733
0.15208743380476283
0.621789039851073
2.562560953168386
1.3638102041316196
0.01424498721477473
0.24086577937151527
1.1958658134059834
0.9444912083399561
0.393111425777968
1.5788816506513421
1.5463058263919038
0.8652792382456052
1.1244403649717234
0.16063088480625143
1.183922947250639
0.07377078017403738
0.9625803551091401
2.631960603696394
0.3633522457577831
0.15530639716185438
3.1775101906026126
0.2713423757243033
1.0617206644527168
0.232762455409663
0.4250505667506271
0.6686883382418601
0.7490289987701788
2.092420736299589
0.4854768912616206
1.266056417916313
1.1946459214906073
0.7731475576511867
0.29647626695431595
1.5221097432997592
1.4127339787034743
0.47623561135135106
0.32893948970169673
1.9726273448682528
1.2776134957952272
0.5349583552011623
1.8103398407882356
0.3948996052820354
0.39530380603197396
1.0359985703851713
2.726706898815962
0.4411205528173387
0.09773542067058785
0.9326156488290847
3.0994130951253074
0.3179022782242179
0.4624291407921629
1.9996705257783418
0.023569005019101762
0.4124896020557957
3.623637598747999
0.1197194363366818
0.7340678507405325
1.6842387633969493
0.5226000246325818
0.46177150154848395
0.3780631467080804
3.265094530539617
0.5713995106810169
0.12251922154262679
0.08079018097113193
3.8464003698622244
0.7911876184988804
0.08915982442256372
0.8643331164976428
0.39994957768336087
0.09188094628916255
2.9769445078078265
0.7454918615667883
0.8663069483412427
0.2611513554126064
1.2247457634667183
1.5309788692999724
0.17212924469094681
0.7952706045359016
2.9118011062054796
0.08660979518558752
0.3722161366832638
3.031522588919319
1.144004008861276
0.2597308900200825
0.23404166515796337
0.5626849156569435
0.8880430819787597
2.018136579183263
1.009596807191755
0.4257882801988961
1.3950677432393241
1.723695135604722
0.22105289629578312
0.8818263143490266
1.4241909780989457
0.2077726150296911
1.393753045677388
2.5959817340045372
0.04274841352615291
0.6768760719030606
2.5849219751817722
0.3163437850829151
0.30457312365661016
0.5812716307201924
1.7341277418113834
1.348008791042943
0.250004293658911
1.8599935546552346
1.2593931831692613
0.5459565977958519
0.7385945609080186
0.4893616454641606
0.7990261893748508
1.9636709844163944
1.42064040449994
0.2400454692859791
1.1448053855739466
1.771563361315574
0.255317590855012
0.38207816111887616
1.3648921415710749
1.2406853290412458
0.6762022486093572
1.2340581312107932
1.6641860384536646
0.9166362405060048
0.5272756867593703
0.04267898529715185
0.779450186594525
1.8957453550804968
1.884309584360862
0.23347771017394295
0.18824866404147075
3.7003560246054983
0.09702498938875011
0.4570742869887444
0.394019213575404
0.3694448569695812
0.6315283638315109
3.002531975440425
0.33730855254070374
0.9668109408057057
0.28279687512024193
0.210567349263212
0.15839182197874627
1.0115262101923193
2.5939467976268245
0.21532476269855233
0.9151797273724535
0.2006035644447199
2.7882063438061144
0.1762043329400756
0.4419879346529718
0.5104355374647034
1.767237376078608
1.4355319317710922
1.130437366903885
0.19988624254352988
0.6793232237383175
2.2516605880662057
0.5948143042454856
0.19557525982298749
0.4477188159656852
0.9876462191440163
3.162440370542175
0.2632546453450046
0.2565233403866219
0.3926538013841256
0.036122184516499616
2.671122168884841
1.1085684656035635
0.23543897691182583
1.892211608544749
0.1354598738187057
1.2547548414086176
2.3215044849723183
0.4060105806678746
0.11249609191731312
0.8827902966946882
2.4617723571581043
1.1382943210832122
0.41972381347801174
0.802490834689692
0.6702802174795445
0.3304571019818698
0.40005928045334777
0.48070743689931283
0.16296626816784773
1.7006082880665
2.7339768824911603
0.20099726341132396
0.24654270546105383
0.5319030104398075
1.309573604391752
1.7431905823990592
0.7025228313301692
0.701164099459584
1.30727023413164
1.357444960420351
0.9147291578889005
0.43326625944649916
0.2663088750559827
1.2783452430626612
2.160389614186488
0.691879555863075
1.0779160845224494
0.26914567016501967
0.11122657536937619
0.9936600811535456
0.8812039435690958
0.4930220587531996
0.4216894325149864
1.775705967784245
2.201594530595941
0.4102657652027375
0.17004407475808717
1.044273105244792
1.6507308427186296
0.5542328606270084
1.1443932966915724
0.9765798005195085
1.6579930188513146
1.0132881794117614
0.16873939274403604
0.017788945826954467
0.4572261936027491
1.4702868999573215
2.737008840733578
0.22497627397076103
0.29694763533803237
1.9393796378212667
0.10230116175596712
0.07558399473486711
0.8606448223336461
0.8821163241282277
1.7699964256401646
1.7709006245797445
0.21879511668672286
0.28117980329618425
0.7664526945609029
0.9838559449774896
1.6589032367478131
0.7409848863512705
1.1694261985257657
1.7119945557155558
0.2734291271395892
0.33127979190747797
0.6128504206688612
0.08649742158867452
1.9576754787047388
1.2283976506396685
1.3292431170194234
0.75296596308465
0.07979244538396384
1.0401104100838734
0.1679643251370833
0.6951387246365291
1.262195296091325
1.842179273308076
1.107330994384457
0.24687313208433698
1.0465355564896162
1.2231748834945477
0.33349237135795073
1.7291541612384642
1.4813302805646031
0.7011346492990319
0.7108040187012343
1.1054042765014134
0.44966084001531503
0.2595339382564697
0.8526565773912205
1.4395294411582369
2.259870653864711
0.18715564174457083
0.5268322696252077
1.941496843306605
0.038699062146103566
0.5245828014657014
1.6112542965387067
2.0695803949063474
0.7600154274781359
0.09728815520692917
0.6592933955141491
0.7049491058982763
1.206587023889963
1.335243491281401
1.5780943451389695
0.4079258856354678
0.9440442448077537
0.4499961849918637
0.8181454484296175
0.059593077713708066
2.3937963182763404
0.8875672601202432
0.9164703498214575
0.694020534540829
1.794491688687997
0.13889056672075195
0.14937674634478293
2.2208760769997435
0.44583891183034524
1.977301332181692
0.41682057927811295
0.13166774344866064
1.4708048014471853
1.5008645805723728
0.15729465184691774
2.2926347812493693
0.46290464142373755
0.8897230046140538
0.19108705546912813
1.5126863035180382
0.08508122297842667
1.011269089077802
1.6367223273261287
1.565869504600784
0.39032050591714074
0.9729008682482155
0.7339105151070436
0.2330453134343656
1.7478461479732406
2.5518090137812033
0.029510711782301885
0.38427738087160945
1.317606460617393
0.24525392405606156
1.518509947854453
2.0535880231033055
0.7514124566625147
0.201430274173131
1.1983466307074429
0.8410098570321358
0.7952843981686988
0.22223215820832803
2.5871392416306955
1.399376731469072
0.17812037255269353
0.33068030012470695
1.9786961411312463
0.41769271492944804
1.0618797900986883
2.131291787078553
0.8897380115604998
0.19792247680325306
0.4325922348931408
0.7735810437549713
1.8709525305399721
0.736443952890849
1.3958067532789795
0.8512015368698694
0.7576384775141308
0.3904685033864041
0.7470831206273855
1.9561602616884821
0.6448087965746427
1.3088403342054864
0.11758727218097093
2.013987479497973
1.132575840528962
0.056755161024867086
0.3393139266156381
3.836127144637317
0.037643416997517665
0.5026864962220998
0.7237713863535166
1.4258442161985811
0.4930621360971171
2.144188858070294
0.6996509484006588
0.5348228924972657
0.7073198124501668
0.4317927370404726
0.5557364707558139
2.3720935687186624
1.3597044864488526
0.055381492328385025
1.7083763371262897
0.19277453548128945
0.5430987738379512
3.1303559672890495
0.3408760933450817
0.8063228209756352
0.2323522891083815
0.19977475727073712
2.150485677698035
1.325145913139124
1.1316960058266714
0.23320433674939334
0.5005490938008964
1.0586784386263086
0.8134868032010294
1.6958626301294386
1.7081997034449645
0.19044942996153122
0.17212187458077777
1.5963310698511517
0.6083828323543881
1.8903409398811462
0.4593169617803139
1.1024155379716778
0.8715055955337005
0.23523697522693415
1.703363613993878
1.5613705171495007
0.8682779575967707
0.4576540017871302
0.9588096658533587
1.3223907293541892
1.1346467269582368
0.1765826236372291
2.2341436676471136
0.23266108111473002
1.3188326881318235
0.3977130938890189
0.35488217847037107
1.6525268169049145
1.959890107486388
0.6030133203361814
0.2546258785577121
1.362068057221118
0.4789727516492863
2.234852982981982
0.4787435491408254
0.7696279963830064
0.1684471300578466
0.9964335831219453
0.3935568339216236
2.5326061743934023
0.17166836200402663
1.2746917508586804
0.0466433193754905
0.5724778640301978
3.2730807209781996
0.6414837507148319
0.32545276999146455
0.1299116286102807
0.8274423585973417
2.1315535043562814
1.4205684677478196
0.39386565691327013
0.6570868085595203
0.6155306402077847
0.6859812520412798
3.0925382133370727
0.1074688021917392
0.5109533014669352
0.5461426348037032
0.42579818953431725
2.515925144081817
1.178701878156666
0.4586488869168597
0.3822209744513726
0.06220542719467019
4.044886984562054
0.3204509071627801
0.09935715069189212
0.14246999496265444
1.7607500349646361
1.770598126091249
1.2039325068882791
0.09156301359237948
0.5809504630514013
0.9089805576448694
0.16675944895285122
3.6797562342348944
0.024930823930850585
0.11482799670333875
0.7571915215713053
2.8850120956281144
1.0356195935419514
0.10857187707346141
0.5687614142820182
1.4337718941632749
0.49778961066783795
2.520907948768714
0.2546224946010346
0.1933101551291522
1.3738353699261154
2.1643798660938938
0.8902179745213791
0.1613251741287371
0.8905349348767746
1.2217663123093339
2.309577603185423
0.10527320807315038
0.36564814531033635
0.7796245256708337
1.817907183322534
1.2016735888844985
0.7875199964405855
0.5289967594630732
1.31609355183371
0.6242595943006355
2.041347876876224
0.6858870245193998
0.12723370052904073
0.9021980512499103
2.316582994233659
0.6765299871105942
0.6932316220862224
1.7151359973670397
0.0293389479348722
1.751430465990889
1.0234954064147537
0.43146649791772673
1.3038937947907259
0.9794051316238501
0.9276406957425953
0.9481133937946422
0.9718373825296773
1.128495677738285
1.3747515925216427
0.912251108748431
0.4018857745374393
1.7964796132475191
1.0862396401822114
0.1469525604459598
1.2510073964093296
1.4520377334118846
0.7023211778302182
1.3620285801300365
1.081744669053726
0.23831344135530264
2.127647399556011
0.36848142891819446
0.9417822301271517
0.838237066295099
1.3354727285430659
0.3114009724796446
1.6186314325956574
1.452304589426812
0.02174061966201083
1.9407496787457827
0.6583847165209022
0.8554063822118395
1.0216009923004312
0.7206524437726892
1.5009136308066937
1.2567671639150355
0.3567152286771814
1.4855435918607898
0.7644062394832526
1.0407957087509647
1.349136388303953
0.4719296822088742
1.0235389697366988
0.7410762131068713
1.1294884387533073
1.6168178863172107
0.60956749542694
1.18642165988026
1.124212254905934
0.14254439779746883
1.8752118031192817
0.33481502052125717
0.9428353204554473
1.5522063862490483
0.5764123516009613
1.673903422680149
0.031019991058661215
1.7949568435296084
0.3148223270414519
0.8097493488380382
0.2099823086402121
1.678371387066426
0.570994891382083
1.6678464914801414
0.07484041664169734
1.7039987376415622
0.7145530637774811
0.70427747054162
1.3013315054204708
0.39612096685149145
1.8409854941681791
0.05330925206839456
1.6967860209221406
0.5858898820100793
1.0427451474440808
0.8995710873006794
0.49574842389397394
1.9882085675915833
0.03120758987135858
1.6646185373629194
0.47892112046246876
1.2399622539869308
1.1439281619893173
0.053988042228453804
1.8307589681865768
1.6888366891277853
0.3388973377509461
1.242417406652601
1.2723704774835
0.4209906957391814
0.7865629150455966
0.8186583392624351
1.5413323275519055
1.4286275719325603
0.7280509357625576
0.5790075417204256
1.07931638466004
0.3953901240739682
1.4372014776431625
1.2815286844557339
1.1549542168208036
1.1583432169205272
0.18168016484153707
0.5214510100963399
1.2708604249442916
1.3496866146710833
1.1258285163511665
1.0016756371590914
0.7331495282106989
0.6975567855446348
1.3334475210427637
1.188527549396121
1.0689157578515125
0.8398912628532649
0.48605577584643467
1.3473488740648054
1.2206161537833857
1.0450123926437698
0.7374930577412554
0.5485908151611991
1.8998248294523457
0.9775932979536224
0.8752455169640598
0.6280274716114768
0.36947246463487393
2.370376587822466
0.8971643177686282
0.48166127007524356
0.4459878026019106
2.6658566442291476
0.7365278786696815
0.3766151298160478
0.3059313292832762
3.0518796205284917
0.3881303853486608
0.2760349400650681
3.2497703162185987
0.3068830152350121
0.17981951206962546
2.0533591525652506
0.24060183925968331
