0.8980860812621188
0.861563786336228
0.8515496095164828
1.1158766605469828
1.3007115488621481
1.0235659550033995
0.2186585230316561
1.22223949891384
1.662929122686793
1.0205647084251475
0.3639348318984883
1.497982119191855
0.1630276998790401
1.6273296462275992
1.2782311164234
0.45400187386598073
1.4475318025463082
0.3024348772625996
1.7811642183432679
0.05620062406466133
1.2292710765040464
0.793739682057661
1.4055063243386436
0.38478496293791625
1.77137609515147
0.13193099070634173
1.5632922309193982
0.9246266177445216
0.09453228420898599
1.7337547965475857
0.5452915076722634
1.7601634988646213
0.2066035144231766
1.376671319933205
1.15893955864509
0.03759635656550754
2.584624540246658
0.4745591866377037
0.2190565885041657
2.5188802587562344
0.3083782469550953
1.1710582221087318
1.3823612159118763
0.02769098927457187
2.303589234752259
0.6566056340293416
0.19243811528576735
3.1683439880768756
0.13259227550546446
0.3242217448998464
1.6454139924328113
1.6157699961600156
0.09652049597909973
1.987101231895793
0.8486356082422545
0.15051373887442493
2.911651386457867
0.3186607381346816
0.322051251360932
1.269594586149366
2.491684681804289
0.2659939577065578
0.19831773119071083
2.4898777514578065
1.0556614085815368
0.10666093987390242
2.6633800267955157
0.5455471411678188
0.3009003982659017
0.8291365795330855
2.9537539391948413
0.17778435404506998
0.29864241022005805
2.2394397636193593
1.4336566122863392
0.44911874634223226
0.08205661968384623
3.0472407176374756
0.8281265991382524
0.2805145511369783
0.3801458530312643
3.4361450682676526
0.07771625722414716
0.374975493960859
1.87775070283103
1.7537087336269728
0.4828781173589709
0.017350696504992852
3.149149658292879
0.4889533413998896
0.6914813520870756
0.3415621275418718
0.08322804204426623
3.810953041853575
0.03667560305163811
0.4245922246122797
1.5024172592666467
2.0662598668773393
0.4793879229076267
0.05229551284399501
2.983141729604911
0.7715544727195555
0.5639880158355897
0.1672311736163899
0.43853806229322007
3.7374833858813243
0.3384774446911454
0.17090778892427883
0.7369873453864654
1.0864396866357926
2.41325478634246
0.46456872826543655
0.11878021282264584
3.0103771243024986
1.0046726671564283
0.03174483000939463
0.690161387565803
0.4196677747461989
3.2786320938905225
0.24320074314222861
0.3290708556683352
0.8127404241728575
0.7469279040536417
2.5722854581639933
0.378182334594954
0.505262515604609
0.3146067265429369
2.6942727990077757
0.6940323612573491
0.5254604682859334
0.7564533182943857
0.36215584966967124
3.1616335675102234
0.15473642268884008
0.5196892840269611
0.8526106739683231
0.2499048806671569
2.950393615774607
0.4458910692444595
0.4645260565232524
0.5031861430235481
2.369603423092798
0.43518999233084465
1.1209248447543259
0.12364869299601389
0.85284628084867
0.37758714001543336
3.0416655091549476
0.07877853037883606
0.7157334067051979
0.6341246665744578
0.24851468716340225
3.084049925050611
0.4978210147288233
0.4483670361175423
0.7647256209683411
2.001741672850793
0.006954883858671728
1.7047116279254133
0.20268914270830238
0.8640185345522454
0.35623792874200233
3.2553115866274407
0.007533149482003894
0.332070260007201
1.6781681902359706
0.12852424239736668
0.7923905347942083
2.9352116820308978
0.5274541660659042
0.4874522064885695
1.0179917594869863
1.1893041894580498
0.44850099021533335
1.911394722808997
0.252112100610487
0.942423085247021
0.3322567584246128
3.1058639720577843
0.06529659653167243
0.300105925388013
0.9552821105933442
0.40283821049579094
0.9629322392801734
2.8281896439401706
0.6911965659038344
0.024621628227240244
1.172552564803031
1.7064465791232875
0.28466133409103583
0.930363889566771
2.1032665066059524
0.2935277985276149
1.0352615832434868
0.3112284604790184
2.9359653646158717
0.13602178659622524
0.24398256294730458
0.13708219302808855
0.9602969271171924
1.0463798476148805
2.338972377610905
0.6995165972985938
0.13733392902906816
1.2216978337104156
0.8031628371674745
0.733941364737022
0.67770749276662
2.344314142747825
0.39472544192284886
0.9894863388008281
0.7528721028058728
0.32522167439231997
3.478768708974019
0.01834690444173471
0.17836234894468864
0.5084629058387727
0.24678652012324495
1.1290982941461503
1.155244972453152
2.010861348595321
0.7367765799510992
0.36663358377765104
0.4182324064099057
0.9247155525941545
1.4132418912844695
0.05894995202640464
2.3983423437769105
0.504577940016749
0.8014600236004523
1.1484708735993225
0.3194848944991726
2.6225633663786008
0.6585278696892107
0.12810935072351307
0.24578017356340517
3.643906149620642
0.05064196570139883
0.32247553452316857
1.3944203908900994
2.368050043253551
0.7721533634811923
0.0506580317653681
0.86338834366005
1.3474577201211944
0.9888773451669491
0.532354678656984
2.106587599631286
0.7019150263237934
0.7411360425792585
0.7917106777942576
1.2797906703760886
0.3757450797881468
1.9693141553925488
1.5484541916413852
0.050923153600785885
0.1435436726727493
3.35071231820619
0.07078646359557843
0.7371638666877907
1.357644019605682
1.9660164149523613
0.09788743057322724
0.8266350229254702
1.2706720282401642
1.289294400026838
0.8446997614992621
0.6633679281336698
0.7569129193673755
1.8859091068841458
0.6817745190173771
0.6290568841506083
2.7104089028598373
0.058959539142932775
0.335285143159418
1.4662148220973215
2.631680956068989
0.1356632937917367
0.025186848571367566
2.671419070620442
0.30458203423027114
1.4322575484762665
1.008378835498898
0.6165095415138632
0.8005115320611725
0.9572408419580852
1.4289617105545878
1.4716558122576053
0.21808067555930719
1.1010137995229738
0.5509154160041677
1.1744235188557202
1.3002751012063196
0.7813087853528319
0.5062851315101808
2.9557110377270233
0.27324427909702953
0.22082248450684502
1.2698880144860043
0.13290409259642125
2.564696605562956
0.34177621223585153
0.18722004990829882
2.139560852973202
0.7300218413382425
1.5816082679161687
0.024362107909600025
1.2213535769870894
0.4812742960501071
0.8896400526138687
1.7243575622096956
1.3200207108778599
0.34540865366035534
0.5574792785918814
3.354611772638501
0.2324703297314126
0.007761075769302526
1.2548545623330198
0.4441505848876008
2.537348386262171
0.7917690961271625
0.43846541220219204
0.1388380921369078
2.357319329205874
0.3625148360139084
0.3712607110853486
0.5556209127111953
2.148042707075731
1.1297376956669238
0.6311066417782811
0.9169704174528369
1.7098319325934455
1.1304876492699032
0.020696322462531853
0.42227296855932894
0.8249213863122422
1.6122425003952885
1.318034728222184
0.8512199736959327
0.06482191782386933
2.3852391066101646
1.0550759108402201
0.721439008712767
0.3885955091832026
0.026310554575063618
2.805399112372917
1.6041526951751122
0.1688886728291942
0.7844957405510382
0.6448351895402945
0.9529379597631552
0.7516381391240465
0.4617663601101919
2.0012710181892226
1.421831719236557
0.3162321208385521
0.8333577514786624
1.6909028783451183
1.1705160146951246
0.8302594329792665
0.3177070859740947
1.7844076425287878
0.36983838954187637
0.9627190752043266
1.1309822510058016
0.69745065964236
1.3765217897951216
1.9469050263815018
0.3437336771265708
0.1898407305298529
1.985137495043697
1.0093900981137596
0.3769742222648048
2.4273800716350777
0.4445590891595413
0.7074438314883429
0.6736163828645183
1.622685300579092
0.008098658663600449
1.031826502914739
1.9830875524539087
0.9486507992211343
0.7879130809943009
0.43877585091621524
0.6146008149379748
1.8640304135926091
1.0353277640230945
0.949617470450548
1.316291942166768
0.1967532842360109
1.3142662132194174
1.144858458514791
0.513142254312153
1.3373592802948373
0.36886664413885006
1.8214769681086254
0.32751057878448586
1.5584332801408172
1.365147745113796
0.25572198265256657
0.18069419045804216
2.999596814725061
0.158882390025166
1.2550667962949584
0.6710043053436344
0.25594758362158626
3.1607860566524844
0.19925690955703237
0.4062903659268187
0.6098417805477426
0.010259477532765236
2.5265475854181383
1.5180680683767023
0.36954969814007216
0.7981001532289226
0.5952851670584989
1.3698181015473792
1.102830416365545
1.611975592914031
0.37852853201665015
0.2936029462179482
2.420078190555402
0.5268586174588933
0.7938890549572318
1.105967484814497
0.40988788000068244
2.7604412705002286
0.35709649062527493
0.27828417338282074
0.11686276076949147
2.630697256212047
1.3807047562926484
0.4227667914488527
0.3346792358198642
1.0306033617780146
1.504241181148467
0.47561364062954004
1.7281265602762625
1.0519686795939183
0.3284673562340766
0.8708520865244537
1.1616575046397155
1.1347678741025213
1.708299039149904
0.07278735433774892
1.5535428116114918
0.28166489313765636
0.7574323773161922
2.3798466391207462
0.24273134760371953
0.9538283194865567
0.637752030417816
2.1334585439997413
0.7130902875724616
0.29501057905231776
0.4992586395426314
3.000312251623329
1.0020081676707007
0.05812420611076779
0.2666685979210241
3.13040505207863
0.6180192305130982
0.1504370785527318
1.746698290842602
1.2561587198615591
0.5000012721301133
1.356336350059486
0.8217623253196561
1.2797028512507136
1.7095545694323553
0.15967963204713345
0.5325104826030119
1.2552574947751076
0.36047183240522435
2.041057110889778
0.6487583585427885
1.159045876499195
0.05341938499670725
1.7882535087884397
1.6502875210895218
0.5610068871270961
0.011239519565005927
0.8300871472428675
3.1493535831689905
0.5335346216829353
0.29364752792227733
1.1147635829124374
1.9114347793093152
0.26901479277464835
1.0662972935589763
1.735002856566302
0.37551277576007625
1.265925391270524
1.237206015013886
0.2915394558114512
1.412956809182222
1.1440442157620196
0.806519695170496
1.4417048247792985
0.14486159528514275
1.2652142753300306
0.5956907688735709
2.4044613477114165
0.34978946777796577
0.15923918538817491
2.6550228210560127
0.6346181212331953
0.6233761139955964
1.4532746554465181
0.6143800767074414
0.7701918049064643
0.9565942585749482
1.6802521032281452
1.25651571502616
0.5454972845242283
1.15406762909065
0.1276399947741985
0.08903291648090403
4.039486863736866
0.15649562035060857
0.36456377754008434
0.9251769406397364
2.4461120610746168
0.19606221172030572
0.8960553175210401
1.497471010322821
0.3475856860176551
1.07427220588218
1.4233295267775226
0.7554363998939778
1.2632376691482583
1.0587023291014162
0.3451383741802149
2.3230723923828798
0.44282092026181724
0.3003870240530911
1.5654291987306308
1.0830290161840028
1.2425667343501292
0.7624592319081269
1.0139161590462276
1.5072457296633421
0.8975509326172606
0.14953721664183006
0.6673108161202065
2.0894187995290134
0.2883526516659268
0.6123945800318276
3.0820754203344394
0.26195467701926056
0.5981056892281875
0.7958686022377975
1.3051566252353501
1.5009649908133988
0.1803857383204808
0.8411837451312286
1.7093155471355992
1.1536858356930706
1.3858805444718794
0.22494295398618525
0.3993834506597546
1.334302613081825
0.5087816880696882
1.3143172887802936
0.7180109825475794
1.2493555484955814
1.5969364271019182
0.706729697416291
0.47529018257675987
0.28710149927694567
1.4171265036619094
1.23857085361994
1.6287593939336427
0.3740649330998044
0.7620594162074575
2.3513938764777285
0.5692772878095546
0.04070133377003257
0.8624557865290547
0.44517426138471056
2.8738843886866206
0.5036015957779322
0.39891838148745046
1.8339704275293063
0.7562576442057717
0.18105384250378118
1.8955091993014594
0.6904671344596575
0.9731685443097932
0.24808005370329003
1.9110551830279738
0.19771425907649035
1.2491521712432487
1.0447563771821684
1.6187780615485583
0.9535129432861537
0.11008169643761687
0.820550860676036
1.953448422733607
1.7100512118036724
0.18383596054024456
0.3060872505832462
0.9358574481545325
0.20661690543241243
2.4858248863030172
0.8835877212695583
0.04553766744270105
1.5970914748140803
1.2116932222242298
0.582119127691635
1.3966114232153293
1.7419638557524215
0.6867953714004437
0.14072031247461325
2.528747513807617
0.24609889094654988
0.2168041000493987
0.03564298246415318
1.9784041102363676
2.0692337232145688
0.7550917782097805
0.2080725212353916
0.04004086539807302
1.6021590307077653
1.3068973387633431
1.7203304978646579
0.09855089151597404
0.3779161434873748
1.7337967184242866
0.4227176169444765
1.8855668702451227
0.8126931744571481
0.5567518401612318
2.3306474821562775
0.11855050503601688
0.3531200228753883
1.7313400171531592
0.6884916687484763
1.2743600241823496
0.697031098167028
1.7502157247945156
0.9798793210069201
0.17588165597177327
1.091688882902147
1.4212170690040355
0.6780207287677285
0.8019041178141584
1.2466073745782031
0.8586373723444807
1.0922459465654344
0.45473704905227835
1.8519643631431737
0.9507436395674072
1.1332388031769085
0.09285782898282402
1.2736064925811275
1.1417499235483148
0.9702278379575137
0.5517408891785701
0.6583545607133832
2.196045800840968
0.8083296575634948
0.6546584555502573
1.1361749804058545
0.7978769899007212
0.9269107246567314
2.2925087591495976
0.4597325542027447
0.011208977974842972
0.8202473989451384
2.298712158239246
0.507451000737434
1.4413443657097633
0.21738949025175516
0.9168045734941149
1.8335212502094196
0.36632555529117655
1.3257639263938754
1.1985615381372683
0.4924292061112827
1.833195125010863
0.2715765349254617
0.8529907252164723
1.550507982510905
1.5480740842222043
0.21273539597332863
0.7750980741408215
1.7781514565212482
0.7898066416977421
0.3747729572231933
1.3304261089442406
1.180583292561566
1.371251549817194
1.0551674219204703
0.5135690929492353
0.336892923899289
1.3116599382534977
1.731422806556348
0.8292208029676329
0.7161835455123966
0.8704850106070007
1.5484275712511077
0.5119023426900731
1.2752677155973224
0.9635903945157623
0.71611870198002
1.650527785243982
0.24780876796042842
1.1408289373176674
0.9389778772856333
1.6888693172376272
1.0340482922281473
0.39859465254687676
0.37606668759909634
0.8649717558419625
1.0469064785788593
0.36144899116199636
1.870834576624118
1.069811097951869
0.7245356053646462
1.1392389327035362
1.8346599504027767
0.04553391194645912
0.843154491063726
1.1625470565354519
1.5487639473233081
0.7753592399058581
0.5901694958775053
0.3292888459732183
1.9115610314219054
1.044112181341798
1.0662426138039809
0.822492363803563
1.068866898979074
0.02936045940719731
1.0401391381469627
0.9050777284543218
2.1053973541586952
0.6636479175885406
0.6112748530388801
0.03689494523534089
2.0035053675160133
0.9434311820283434
1.083442875641391
1.125977083483895
0.5510448379843316
1.6756713393804634
0.19340764791509774
0.41374270190318907
3.5807289584073354
0.10412079176398151
0.48431029884767907
1.8147847193790045
0.550577015808471
1.1261415293630392
0.45239053312748334
1.3348289112375538
0.776370260883351
1.8057655970447093
0.6998758338882612
0.12480551173453182
1.4395617359444135
0.6320085294237913
1.865692317086294
0.8480778374586988
0.7419643123356764
1.1886225168159867
0.6148623418162662
0.89842726416027
1.5192335039673608
0.5261266964321776
1.1216494748826003
0.32195962363954894
0.8919841217674108
1.0949847357208964
1.8330088446055084
1.0829799460965905
0.24612001594984148
0.7412922316951618
1.084833444500822
1.788132565237713
0.566427459371355
0.7987430841573413
0.9532863354122642
1.3079080949346493
1.5719577504228024
0.7549680143521348
0.2760846977969868
0.7783688023652285
1.9927959781338738
0.40718691123964956
0.7535683847430338
2.7371228443235607
0.07457016272527878
0.3994630631397128
3.0780265998839065
0.469582678725457
0.5617467065675941
1.5040620809144722
0.6431221307258194
0.9138074693325573
1.4909253834494947
0.35342400684563796
2.008795037439414
0.8555546167881618
0.19173026008917035
1.1913478409208063
0.7136752221938081
2.0974446781351532
0.9768989606318192
0.13600258995855818
0.8297961218346308
3.01603537697416
0.06140522885733478
0.49938512797124657
0.7750004421118546
0.9311139019366466
0.7511426363563247
2.0724228624030636
0.9483570177939356
0.7904319242588264
0.6481250292434154
0.10746416483101365
0.8996137468530078
1.2234776236596652
0.7231389679470404
0.814714062316935
2.603891272472706
0.6168345106998215
0.13766400175909838
0.9224665229064097
0.8712598802991319
0.6931849738490438
2.877748418161916
0.03509677335699077
0.22889886234279122
3.498968706133683
0.7051651753152193
0.35132147658267904
0.6246133099854362
0.4873406781241292
2.0281437306004513
0.9189482168866329
0.8336744573678723
0.4730108061506794
1.8564026994880116
1.0694234334409167
0.6624140525293974
0.3071559802462979
2.2931764444237617
0.13001373935164665
1.1832469429761172
0.7608394017862457
0.9144872456394051
2.115005792966452
0.23506334724665992
0.7329657926467639
1.6539426365937662
0.5728737370590924
0.7400206930951125
2.1942873795505795
0.9251606000857046
0.2526699727795576
1.9755096710805369
0.262515725562512
0.9490669484464647
1.1850591909290598
1.4896555743464936
0.08166291659830725
0.7942276049335169
2.8321131618534823
0.685858900680278
0.1097427837752958
1.8734265693003405
1.5643235137847515
0.014266654504824231
1.5497591555528605
1.7911009692231217
0.466867656103263
0.7304085056566293
0.5277551135134362
1.9328239948922155
0.8933026360325867
0.6235089972044747
1.092955338706283
1.3746389451226169
1.3028991080905128
0.6558815045478451
0.8022576004052031
0.5410546324403632
0.5518884225995799
1.9317051725305905
1.2399826215210223
0.4659501181378728
1.103926198494402
1.472654164913525
0.0606091885569164
2.1956070211860523
0.7852537194681039
0.21339768964556907
0.8026763719052474
3.414299702959468
0.16857570883579315
0.19115628438010868
1.402156003921814
1.7774948164769522
1.3904954350512218
0.03039850278587409
0.7939879690217161
0.9577467752992963
0.5129489320961527
1.5367019823612256
1.717149050175707
0.39484625005476537
1.1005760073903854
0.5843217219774454
1.7538320744948406
0.0962367702387728
1.1086503114048036
0.9878582647338499
0.49182218849470005
2.406094120622347
0.6918145778440756
0.5630619211446873
0.3719173346532632
1.7751856694967232
1.6202553888859754
0.044423589159879456
1.059329470942017
0.9021833330753619
1.5629146400769858
1.5999948116747984
0.3039359822542947
0.37715068448372735
1.6215839655938689
0.5678165859648687
1.006413867350948
2.2253220358915224
0.4865893039254792
0.16416250428623486
1.9522230447704132
1.1811915842996878
0.654332563243444
0.7252621780056552
1.6286940030808192
1.5785380156802773
0.20315535209713198
0.8086641373086041
0.7944031605103291
1.9616193217247495
1.1554573008101372
0.24149997608561188
0.5691823364774047
1.973852219894757
1.1369733770768586
0.7257555219556017
0.809974732047404
0.6136688152523866
1.2904425292815724
0.9738707634779538
0.8788621298522387
1.400974778844265
1.3523441796062623
0.6321020927951168
0.8661327298457344
0.7304552952575315
0.7494470375144197
0.6039201078721934
1.8759100795457109
0.7547101412600042
0.6521867951599738
1.907205050969225
0.3786321066286005
0.784714826506235
1.8672210305088663
0.7096765389124773
1.2276641788302998
0.26261252990241574
1.1537956206687232
1.0995590120400032
1.5204451544617272
0.6976482961425223
0.4808963417712486
1.4292079459669866
0.6738022997819346
1.2744144860269946
0.9680417831361329
0.4169637710332837
1.9130746813971333
0.6980697014296311
0.6702940005367343
2.241108329956313
0.2516302756035668
1.1232005136266199
0.8096999003170225
0.49909889341375047
0.8083858109432749
1.0686515662205693
1.7974969348051282
0.4586450736786866
0.8745370365074532
1.9205402375428267
0.8642181198764177
0.28085602757712264
0.8543768456747797
0.6385024071250136
2.0544644247829527
1.091549883974186
0.41262830045449833
1.514635562220261
0.45348157751332646
1.3982767750523668
0.6117819200654612
0.8987161139966178
0.8759328896903502
0.6950815275550191
2.2639406660836614
0.09837184966992767
1.0645415700227046
1.6611743428485672
0.5324020470139489
0.7767462994240385
1.0538256479467996
1.8438602813351743
1.0814346531229173
0.009133666266632555
0.8752977344552686
2.5870227722752537
0.556930564340012
0.5245300779198518
0.8100071550105353
1.5988395307386407
0.10590599222736494
2.4021755550890758
0.8056638987789865
0.21659644549604407
1.2502936752058136
0.58794235360764
1.48181703399417
0.0946208703574316
1.6327574180359938
1.5929445471345482
0.5294701857860968
0.844233478667349
1.381323374392209
1.8112981484190747
0.0723032720039503
0.06967678811812453
1.9259761969535307
1.5553308727560327
0.8362087513552058
0.7596902532386823
1.0270731877256838
1.4000222036748935
1.027870307813315
0.015840290923930325
1.6618442156157738
0.266335669232122
0.8672229521848883
2.1040491202159224
0.8127954689684842
0.6671919851905
1.9698992245962397
0.4377271244386612
0.5683102818040839
0.0984766385002795
0.8255839140448951
1.0952096754754348
1.4827653235334066
0.8264991999674351
0.9147136971901069
0.7388774038265529
1.348598071555494
1.2983327605192336
1.257329875763018
0.556605292600236
0.21812974679338284
1.3857018147789117
0.5077967509510652
1.1055731012595873
0.5448336613443857
1.8656828210013565
0.8328460123496885
0.667421843656511
1.8701085476699975
0.38708255581097933
0.7917147915780618
1.7412978073668866
0.5848442260820113
1.2750820231630189
1.0260305183958673
0.055786112055391586
1.7978928357237691
1.2758291536200415
0.6935229237163645
0.8306755172848805
0.6135596523369774
2.4725499583319217
0.5559590050269155
0.14079388804235926
2.9865909107314823
0.8727179133694893
0.08020261758170931
0.3430636513810497
2.597370693026598
0.488985067223776
1.190957717999024
0.70680366842374
1.1644131213703892
0.558519922362246
1.2485700548113037
0.5190565212193264
0.7161526115342227
2.017424934915755
0.5422886964254338
1.372300986038569
0.9377722216639114
0.0038616639367742983
2.331578241653679
0.49373479490533334
1.1098722201457236
1.2395332886279675
0.354885713893434
1.3570818894160284
0.9433161319413087
1.0073160364610665
1.0019647072780347
0.023020317062945467
2.684145081919415
0.5933778271983601
0.6535798727584331
0.46942840999111723
1.5345603506317755
0.7139362078746873
1.4633667951941225
1.200978593068507
0.19529309404229758
0.9119247368978879
1.6652663969691521
0.8032107746825801
1.462732316703836
0.24750740704973564
1.2052755897419583
1.288906247907028
0.6028063924551513
0.9618182488332013
0.775685489573706
1.3937753267332071
1.4531408396735181
0.876203795536594
0.8285354101721824
0.20252731992381554
0.3441734288562386
2.45662120693828
1.3818419139890668
0.21023938167956716
1.3488480576911344
1.6769235424862798
0.5128955031746728
0.30449304196983495
0.8678408228480401
1.370713889075544
0.9533734276359527
0.8839788961432068
2.1263102024991456
0.43140120759054523
0.5375953364851692
0.8818449826712507
0.3190971675986533
1.7366055720464557
1.6105134150273825
0.3170226779556931
0.758097870710443
1.6422604410941435
1.0887163780577822
1.3362957613675335
0.16709705074681666
0.747817761394755
1.6392508107797887
0.10485840050823644
2.362122958443055
0.30195508096615487
0.6139219507474291
1.7898049575656507
0.5702432306200226
1.3625782234218167
1.2263625943034553
0.43204892918655696
0.6481021937377105
1.3188889312049545
1.6545658445879583
0.6138634117909788
1.187249607936591
0.5117690098750033
0.2615897159610435
3.63512640198221
0.14293159522103988
0.2588514778128331
1.288371896555113
0.1635886264596346
1.2587885119543156
1.8571865933183158
0.7892149210813758
1.405452275342472
0.3019703535232048
0.06112955543861871
1.695096430840399
0.8777021275005664
0.7394086475317686
1.6147491064133477
0.3737576271568391
1.9815803086782628
0.38644560209132955
0.41507925677705904
1.192998875959422
1.8997841850672266
0.9173661544876762
0.6908880098823807
0.5163842773826666
0.9347990632405394
0.7684534691306066
1.9716781723367471
0.5930432140932869
0.521994671726359
2.1061601044303244
1.0085470677883939
0.6229619707863632
0.5656148001285971
0.4623923699781758
2.401547958896276
0.7083775344040544
0.36167062532381017
0.6099053768390984
2.603809810988532
1.2339806349412588
0.05928697629507628
1.1571017202983973
1.3366779546956225
0.6144864378035784
0.9523516386416756
0.8756026845057574
1.0755512498990858
0.27500197019549205
2.270004171176114
1.214050639704591
0.4244572163826702
0.5826070896706792
0.8380214984171368
0.31794857474366645
1.8520683104764475
1.6282167332005142
0.7404176583804173
0.45025308204292
0.9506440845560267
0.4739507157379317
1.8853847003998054
0.5757144724709868
1.0441275174154334
0.6786971624788588
1.340747117585071
1.4138470224087607
0.0976204156138014
1.7864545115595714
0.8207793454856547
0.558576354426928
2.148416792772778
1.0949823493773725
0.08555558028986965
0.8466507513953643
1.1206432835568334
1.6164101634629693
0.7421614156018786
1.1388470882146724
0.608285619256649
0.5070651892436715
2.1063283250632683
0.8301133783769699
0.7271015601422012
0.607399193678297
1.1102621300527622
2.2464649195804514
0.3628806327991102
0.49326664614233207
1.0257270333298525
2.3495784904100856
0.22808484039768015
0.8716327278315941
0.8291948944845435
1.467007145512765
0.42436914630867767
0.6974655148080846
0.7587788496973262
1.35342536230786
0.9916004550482121
1.1917238533487247
1.0591062076519782
0.9736526054679018
0.31452358104800054
0.7617704598760723
2.402076536450691
0.4645873762246858
0.9934087911480296
0.7392136294018001
0.9306442977458065
1.6438569919139965
0.8566338779358205
1.0853533168577583
0.222241432476668
1.027978901337286
1.0334852450791352
0.6800623692589944
1.042298158793527
1.9837394573447618
0.17983039194707445
1.5123381421433952
0.9606123246642585
0.281665529693077
1.3395568840839351
2.162150297484727
0.45809991340650164
0.3628785543505134
0.6410360213862863
1.5493963176087162
1.2035299008528557
0.6108346430670176
1.4172471747589064
1.400852180822252
0.5041524314878411
1.230670587555079
0.4942194899565899
1.4276476156831521
0.3456200771880939
0.42621900756396414
1.5012491563292778
1.2393101129462032
1.4623374526590682
0.004738113225170865
1.8747925855139587
0.3139458855148709
0.8173828977758919
0.7861828725505682
1.1444907798848103
0.5969973888159523
1.2380202587734794
1.3006487428679867
1.180437636046639
0.38187576984226834
1.7636020035130258
1.2502346118814816
0.37514659337719053
0.2997655189296457
1.6717603857019674
0.6798481875051109
1.4177437805834037
0.19827008679717134
1.2665560222362342
0.8051587938574193
1.00756888458757
1.6239294374901396
1.377012576361786
0.12473129330543331
0.64409135959311
0.531342737435765
1.5150980480682188
0.7042940590478772
1.7024298960103996
1.1757706457171975
0.2786265390570545
0.45077962981451997
2.273980847513536
1.1634116913307606
0.39494995621675166
1.1219051144549645
0.9469417767358886
1.288045348393193
1.344085150900507
0.3104162320269783
1.2340721984117171
0.11930193268853488
1.5695551451109941
1.333635649813044
0.4668371208515964
1.5576634694719955
0.19301819068238904
1.2104622215719412
2.528987408466344
0.4772847617020038
0.020592725675033875
2.1878343485858713
1.6014546039721513
0.14176077877950607
1.3539873451459723
1.0176950385710173
1.5378450390942475
0.09027124307777172
0.6211478075903529
1.6376008827776394
0.6198111407629727
0.655795933994915
1.2094524695265392
1.7856423153951912
0.6816141958325328
1.0088981797459526
0.4867962446304463
0.9993574154196548
0.9429589850184669
1.3054011918448842
0.5556260937008679
1.8194762456623617
0.7140419283806261
0.6252035967666552
0.7251177721480602
2.0795748369597167
0.6960720920952442
0.5167665971958157
1.4000697787820633
1.0925026474699828
0.5085062206228028
1.0003216102352261
1.1858743309860191
1.2206825217514659
1.117178389086304
0.7096223991219278
1.2746644037533408
0.9915927800493091
0.2219454711661484
1.723171068473339
1.3154997895496157
0.8311093960879209
0.013257332047662626
1.3068984369679937
2.4317430202579513
0.738904081848463
0.11279105872729286
2.4006844903603652
0.688746576913547
0.19610708579389377
0.9847651902375236
1.7873977228586226
0.9498018176686962
1.0466661118092886
0.6637833564861768
1.0494218184133748
0.6503393840942194
1.9561574828706405
0.5867948731037299
0.14980363582073392
1.9731052846940837
1.458307121764643
0.42647528110383964
1.0100654541931224
1.1447764445230342
1.4777151642194397
0.578500504107891
1.0425770335078997
0.5915791705538916
1.6059247082052506
0.5653769016024552
0.9798943238292462
1.3436244572510492
0.5748125735882825
0.9346713688971858
1.7571136951621955
0.23666935090417207
1.3664593980185362
0.4946366605530197
1.7033204866409442
0.4507811668365534
0.4361871127644282
2.10566737523675
1.5412484235309216
0.28147326397127487
0.9084486555634879
0.4057305651189977
1.6231743001684955
1.518387738640132
0.5886775365435508
0.1903330597274172
2.3093381568297198
0.10789042666583444
1.2668402069110092
1.3477111143936442
1.2455192866762945
0.6019041566170463
0.43431264373656975
1.2403802735478562
1.2396553288102106
0.22151370217240046
2.123931464399671
1.337907853209751
0.5832891919909131
0.11320642464262605
0.5867746296932402
0.8036410845696068
2.2136612673008873
0.9242152399815224
0.5816960126359871
0.20785680983579177
1.4009758516623285
1.3275019106845602
1.3162771790474557
0.1401225780719632
2.1010021085474304
0.489624356406773
0.3354346624303291
1.9891978177194087
0.3462988483656576
1.3207012653585521
1.3112463387653632
1.2681788330084371
0.12770677697016675
0.8737202983743418
1.6554316533239906
0.3693096601524569
1.3566407965099825
1.2326100252753867
0.5571822813192785
2.1127101494336507
0.6246009305942447
0.13233671795558893
1.200530673591632
2.145301720851916
0.2002009138119305
1.312257763894767
0.8962682051896805
0.45041875715748736
1.4425506293689077
0.9531515394509789
1.0670869708530704
1.0996058319003266
1.0748774010938704
1.3196080909035701
0.7240258681308513
0.329096509179507
1.210829048409919
0.07120647236604957
1.8456219357392278
0.7250602901812883
0.6873725072432156
1.2559873870789673
1.6414009516896997
0.5185553448408907
0.8415664674257618
0.8273408551341939
1.3964021209419077
0.9645341429907097
0.884264947013932
1.5650279682753099
0.6852319551107118
0.5831214683227766
1.5998440867063712
0.45628286298950227
1.2983709872369615
0.7053340416355439
0.7487084517505977
2.184284471049291
0.950077758603319
0.19567735673369938
1.4921909438123269
1.1204692836635124
0.5641681555278417
0.7659334897897885
1.06419392358614
1.2637770719586527
0.9362113812276326
0.9359322202381885
0.9819171164025167
1.2380712072465772
1.1333989500847528
0.1933623535800936
2.425462309762044
0.8102767197367601
0.029060359507481308
1.041541110107614
1.3889819079411232
1.7129438281790341
0.6129147480959574
0.23705302412117918
2.3799961785483688
0.8428863144336413
0.8597444310936561
0.5623798424379749
0.4533366381048355
0.34515987317799063
0.6648142649583696
1.350113788792339
1.1173200545520474
0.9223145017053255
1.1751203661970029
0.8348769978545518
0.9888590209642482
1.7993691766605646
0.6533515805845639
0.6491097221999435
0.5635566308369147
0.4041108420861381
1.6074065653068454
1.8199696218816417
0.4975772152281402
1.0966353514641565
1.2117396420632154
0.20510533660034888
0.4775166651012122
0.646999659003749
2.8705706451548836
0.4601702734737496
0.6376585273577671
1.4906613965360378
0.507888097621782
0.608274203886997
1.3469155209088532
0.6521130906379481
0.9423286928778287
0.5395766676330331
1.5615714531193525
0.43703988356402845
1.6501554506558245
0.849700647775291
0.7371880657923005
1.3224864692000107
1.1185293902988451
0.94042442978174
1.17829154993818
0.5821430101388847
0.2096342864365871
1.777163525049455
2.1160223529313305
0.32099990216442936
0.5938356040769418
1.0538833811399841
0.7618183961529563
1.7376007130906828
0.43232326882598526
1.0051363512531808
0.6988331357801902
1.7493716161716801
0.5493534906880654
0.5960722955813879
1.077532734524286
1.572037280227419
1.4237706762908062
0.5952612051103028
0.42905186263831335
0.19692755242368576
1.7728846407134589
0.829830873513444
1.4949683659593018
0.8791845471393883
0.6305444287563972
1.2930755827461333
0.8157344433181045
0.2726129818266311
1.0530098171441842
2.0210460346194123
1.0925746563819434
0.4310633563197135
1.4182233797892394
0.23675181382850893
1.113853050150558
1.3244449622520387
0.7182628604996336
1.7686208543919981
0.034735924187225625
1.0856003178038742
0.5054896846036244
1.7968783732675848
1.2403779245392101
0.2808422775064772
0.8203872921280386
1.494055218690401
1.0963040471450882
0.6148496586664776
1.4318525184134148
1.2603456062625966
0.5577306569712075
0.9318507257902612
1.8278627654533812
0.8916564607159738
0.5471354545474624
0.6987919623836214
1.3623420889781022
0.1976477518730124
1.3586977505103137
0.9008893034832391
0.3261918454331557
2.5058405166977615
0.9988051152067796
0.11101906074638493
1.4628388402010595
2.4776373061879666
0.12295285581460923
0.4178931995162389
0.707007908193352
2.29997462074347
0.6803416023929776
0.5798625958640964
1.1380557186355469
1.7262466527429767
0.2153834769101177
1.593763841438398
0.4892185972935373
0.7572109507142695
2.2960688159131517
0.18688621246685058
0.8707770167376724
1.9094111035776806
0.6200654176465124
0.8831705397957875
1.3042376147628805
0.7979517918640296
1.2201651856761129
0.11951329068437133
1.2580615753315785
1.9412716752475931
1.0745160206059792
0.26426405950173193
0.24098173698006947
2.3468765551325013
0.7659351258591045
1.110396980989559
0.5071761272917329
0.9045671294309573
1.7753982424084762
1.4638682733374562
0.10125854034011521
0.14131907508467084
1.7712347115086196
2.005015746391923
0.7453798629028185
0.5181877764254966
1.0402236868557577
0.08407320709815552
1.9321285031629531
0.8208373908247811
0.5419300286217467
1.4779393165838601
1.4045764137878831
0.7597087406756353
0.3066153053194314
1.4473682173295337
0.7318881447594261
1.496911038084261
0.24395143204833641
1.8053348135050247
1.1676933448962432
0.5195506469169978
0.4709869390821027
1.4085110987090899
1.9213672027686766
0.4297050483398449
0.9587824974325884
0.2482035814452037
0.7677011959979192
1.3679852650203224
1.1648095231032065
0.4442921203811185
1.2393325961284813
1.6959713240361913
0.8607512959999367
0.41958656251813414
0.9849215089648682
1.4052636392424909
1.7487203216694096
0.2625025779498849
0.542667963431219
0.3749719563838981
1.9424943809128037
1.0011393825126207
1.1557809389054623
0.8189173759541906
0.5436919395011884
1.1044138653927085
1.2436727828120329
0.9418250514009229
0.856803852557637
1.8048279107384173
0.6187215207206688
0.4011033199844554
2.0825176020069662
0.11649534078318034
0.5168694490497283
1.6113752905201546
0.28044216542378103
2.0136756380282477
0.21846369144792713
1.5606154511001888
0.5499033242293716
0.9607734060841767
0.31293648434437965
1.0400127700535424
1.622165909713332
1.1111200776072914
0.4345060401781248
1.7421564562667577
0.8997816260303371
0.44747436377427097
0.8884970466270754
0.5500125634939694
1.42238576762799
1.6210793062717574
0.932763836230734
0.6699541135453245
0.5418637189046766
1.2696322820821893
0.4791579800390097
1.807814758271812
0.3591731735205676
1.0754282023999069
1.2826095571833167
1.0535097026273608
1.2985384620362703
0.42870227204820494
0.8177430626054967
1.3286094808737143
0.9606452532913191
1.0050842449787665
0.5018813656383493
0.8563294292550585
0.816144952802835
1.6895841257828708
1.4585861125058488
0.6280174220776861
0.2823436186461534
1.4699107653145813
1.8568002870826565
0.48074613781372977
0.1655793401637323
1.6192430973379301
0.6375516515718926
0.925895779469649
1.4239168702122154
1.6159230702228746
0.6744376945285433
0.21273864189242386
0.8602768105246753
3.067359090897951
0.06608247329390614
0.5128594031558237
1.5656617885879927
0.3934062542256132
1.3857863122128322
1.686631384450775
0.41165576836824486
1.5797879565885489
0.44706812892688064
0.47936899494552215
0.5107184558878866
1.7399063881114745
1.022675860913202
0.9398973823004636
1.2395239627995955
0.734309909273899
0.72234411010844
1.9168875950402027
0.6502566136285565
0.7415702310583325
0.5427487465238957
0.8863182087927385
1.1525318982426276
1.891659839338179
0.724869913759028
0.27845782585262957
1.2366723873624863
1.8326250636226835
1.0072493418465291
0.3485406446897768
0.9263981578739515
1.4904853868927688
1.7183803167661549
0.1919117233522602
0.220236679429921
0.7440467575449127
0.9701115699243673
2.5341666182374634
0.7605167411132229
0.06804932981742536
0.7449802469721817
0.43584198464000456
2.513174800243028
0.6025774404519909
0.7109675994192478
0.9156238620450221
1.2841965501795787
0.6384717530032578
1.6993765120906394
0.45185942642615784
0.8463759930547133
0.9542244280163047
0.4564205893435451
1.900746387772092
0.922219574379028
1.16525712395529
0.7840290289510314
0.41696448944014936
1.3682223462098577
1.0744734675057437
0.318228649961378
1.2707149605587928
1.9352256995877217
0.48387972781697663
0.9306730992740797
1.5776152280104
0.3270405109939533
2.0483598972320487
0.17911374428868695
0.11938226740218548
2.4434301257115734
0.2554210353170149
0.8478499577697065
0.5086277055511903
1.4384552397575072
1.6569261508549789
1.2254115186445678
0.12790840294393446
0.509283394752802
2.9828328798436656
0.7115107180135606
0.06410277698322021
1.5183797641494294
0.346386109999176
1.2980803293483116
1.0763239116343122
1.0932258736955562
1.192593152614409
0.6059264173374884
1.001143678554394
0.9372468984118247
1.9958672173226335
0.35381484604810237
0.6943852484098216
0.18699018060716624
2.565569530997959
0.9403495367508579
0.14156477469093753
0.7235729556525995
1.276512717401159
1.1731742677914474
0.5748797889187065
2.12528235293131
0.9218721233772331
0.3834381230318261
0.707042668902803
0.9559981173746641
0.2920985891989545
0.5935373448397109
2.015937936589744
1.6074303085087995
0.3502296780982517
0.44254869218158827
1.670231467580669
1.5610221210757427
0.3829606800737938
1.2713976155292228
0.33338151049052944
1.9443702200837631
0.2576150625560326
1.0433123200064205
0.12310841477681542
1.8264331730792873
1.541154038888768
0.321402365403415
1.096021905681256
0.11528564611717759
2.4940768186646785
0.9565339470957959
0.21514406215731696
0.6639075263836165
0.8405892820682428
1.2224066938748452
1.118199635837945
1.6327008495966036
0.533993295334634
0.5754743741328326
2.250455408285383
0.5060570347362531
0.7540030662988589
0.14301653748354504
0.5218073611533037
1.8303041852666133
0.7322317793720192
1.1084498762378334
1.195262717889355
1.3241717502450276
0.7316770829972555
0.5129301239395708
0.7334109551973766
1.65165827268337
0.5797599310827876
1.317119121184845
1.0723657424762294
0.9795977853338897
0.4639485370463355
1.3342849291207879
0.40063454213064426
2.3452393204113298
0.21522604064609613
0.35130345009342573
1.2333809747401379
2.34501483000038
0.15010226340433278
0.9202490850079896
0.3803559483153324
1.7594509830499083
0.9356607322215524
1.2757034253369441
0.657773342271539
0.6735156031924965
0.4041018850358354
0.8117411345193838
1.8092567055133981
0.8364313122324716
1.2673497054253482
0.22603341115228498
1.0897672715577977
2.1230122761335495
0.1046371959227921
1.6988916462301937
0.3330443535659313
0.4728586255319927
0.8278416989027608
1.7934457134346753
1.5816518628023035
0.5499989185697354
0.42971960397853914
0.5483214905126678
1.414876144796479
0.9523774348091057
0.5268270886263885
1.9939384174457868
0.004091857898548024
1.553120106698624
0.7783248565273791
1.694322090295572
0.28313721245409007
0.08472978774161156
1.2254456735794639
2.197532365224588
0.672577383620637
0.6177687873743404
1.2924996027262723
0.16019847161534634
2.715809885103256
0.28892916608480307
0.32467526003756186
1.5050389516673304
1.2899972583873993
1.0088818076343127
0.16704925939460735
1.6383161229081336
0.5605461003212739
1.3612332275808914
1.154169815727525
0.6818997610843647
1.5734728145121222
0.28788767877124316
1.3897338395938097
0.26798011433106056
1.4539100836532928
0.27800331987960236
1.2161762342047684
2.479465842767985
0.42338134928412424
0.16166460122624182
0.9850662876282527
1.538634223730691
0.4613923646464936
1.5527958950420186
0.9852181121855219
1.315308740816515
0.5631713237235411
0.5839405602029576
0.30461382675625004
1.3837965143799587
1.1797822548289278
0.754661983777291
1.6887911512825287
0.7076380685096604
0.6507635299474852
1.3528683370543761
1.4378388293649098
0.9762418866290836
0.3446704376083511
0.5631753658274626
2.1340827172094436
0.15347934316976392
1.459997182165858
0.25017920603720883
0.9122274379108257
1.6714847525934007
1.426580119335991
0.13470212957157998
1.0904147106149293
2.7454031819348805
0.14279572764365234
0.5243366569925924
0.2986591126671589
1.779626590993316
1.4542207834459424
0.5687375702427696
0.886222334401085
1.6332717421571716
1.1562613255863605
0.4379335144724682
0.8930944432467021
0.6809373334423938
1.4226556107673503
0.5873969440951956
1.0160650411439542
0.9660811910826214
1.5239960519342663
0.38803721854228335
1.7540133138573442
0.563757416732379
0.5821214667544425
1.4167471946465777
1.0407953823636826
0.9480142171753594
0.6218162756826069
1.4880937025049452
0.5816270721910556
1.3113236402134174
1.130279348318548
0.941684187767569
0.6657676497639607
1.063038644515784
1.7318893406676272
0.22105994785821054
1.1314965813806803
0.04915144077689659
2.2719891979671774
0.3259657071532793
1.084050370246291
2.2715562741762527
0.0846681890739554
0.15450220388497224
1.7429650345036485
0.9557458857530174
0.9276719489519455
1.5675696626981692
1.3567181490770892
0.112221862118716
0.6236512334602847
2.186924841285908
0.765085399443866
0.7278943445590584
0.7065600955507001
1.1477191753121487
2.017731766124187
0.5170664436185826
0.8591551965277423
0.9675764543903188
0.25898487310184193
0.9966220337839363
0.8298824397177347
1.2524025883472076
0.4923016427510976
1.7594973000469165
1.2486544034651357
0.7891434339528679
0.3795069317485306
0.7375362182969619
1.5138861925173568
1.1068402860027429
0.5484973855312146
1.444113290476206
1.3521932108725874
0.7770720131140993
0.9645875795922366
0.3701437665262973
0.9517826784919556
0.7828753280823355
1.1871272566168485
1.6209296678392842
0.601271613203098
1.0179363301124977
1.3141052253172811
0.34657194782604467
1.6226844236975069
1.522020870468198
0.29374232036785064
0.438786154735107
1.4609984828624851
2.154706044955431
0.5807111320477428
0.3029172641290371
0.6312224487065224
1.7851362485789257
0.6900274868730983
1.1492515320860763
1.6649878284260042
0.3422933352968884
0.9751756720878332
1.3228288683408163
0.7255596111175919
0.6512772338640797
1.2005941263697635
2.016974889597716
0.04504188692738278
1.1863702070629834
1.930476584364768
0.30598167210791716
0.49042855976724764
1.3850157533911813
2.1013231210397945
0.44920281379191646
0.6623754081815098
1.9075926552300506
0.8071775896183285
0.05149380414390237
2.579952866818957
0.08263877195838153
0.28850119188910384
2.9863163662049432
1.1011173362945241
0.3385337455326419
0.06712158335789851
2.1031390638458074
0.7743321489070966
0.9282026973733392
1.522389519691327
0.7114456309941839
1.2650863560230983
0.2834283899922578
1.4688009324145685
1.3625220792665496
0.11090531870134916
1.1131169147458038
1.095403671746355
1.7232957339469883
0.29166785535964296
0.6867035708778116
1.0481562193693743
2.202670380959192
0.4343331915775675
0.7614535359703636
1.5336419355134852
0.6074956822116075
0.34588616364200603
1.2549858194360117
1.3723987397434092
1.1174029714027245
0.9704487337059283
0.9128608445187689
1.2431136520493422
0.6509599555707081
0.3691937611286211
1.9987352075858602
0.14003154630283957
1.134872187148564
1.456460303673569
0.9053143938130545
0.7170366194716318
1.3796258904356549
0.8716215263715658
1.2863990912864003
0.6303625857441463
1.2992890342019745
1.0097479428256444
0.5491472012471139
0.5746950989281422
0.46898647587188785
2.74039331479693
0.4863000033811195
0.60957547241765
1.209618091071353
0.7352493378418203
1.224916670133991
1.1126784037815889
0.5641523009771799
2.4859280355421185
0.26221758488322283
0.03718751292418366
1.9352413570740876
0.794159878372448
1.458663850924324
0.22171821892686844
1.0746208293309822
2.296027667539126
0.3451784191049864
0.6618785790321303
1.674855070429449
1.1346482500022639
0.9118985506730651
0.5168897069015461
0.839510246709194
0.09428083025249819
1.453966691712344
1.380332066082397
0.8430518597836487
1.4191491039206199
0.7515087105194724
1.1791793169836684
0.41494254886445536
0.49314471199038457
2.22896052452057
0.43431561167441507
0.7464384801818675
1.259810089148874
1.6983092694107473
0.5191900701094241
0.759266852797653
0.1275124563616537
2.4811552725512462
1.17444651799798
0.29864782025113246
1.6947818775091785
0.16234461317311674
0.8478706549653242
2.1723603319127998
0.19506757484107184
1.3427209045845208
0.8271277187529235
0.9771805610411445
1.9932544195272792
0.18783137475230974
0.2000066358029893
1.4850283521486232
1.4844701513322152
1.277655841852207
0.7665871690443944
0.5827472282034454
1.2533794924402883
0.7655757890619831
0.4463612163043656
1.7709529793925995
1.1311570420569825
0.5897893400756703
0.9565879721201154
1.0687941582414384
0.9654655370619893
1.2891953464364734
1.409420339501854
0.5921268253847325
0.8590497693455263
1.0680736261448405
0.1094755609614148
0.7417557640745529
2.1239681121603393
0.8953946082434534
0.8206115739403836
0.9901536758158085
0.7117342316688431
2.5017772009043635
0.07854417482578682
0.1524998542482282
1.7405205426929504
1.577194185903631
0.7396922148785174
0.13736235614165898
1.7127994879810566
1.0386476211166367
0.8649108524253653
1.0419290882562313
1.2809635559174024
0.47546890155034216
1.7255924939957734
0.6204555579924842
0.9367540770789795
1.783039921968985
0.38519728625080396
0.4271754746317163
0.6291330305121349
1.7711334176570557
0.6739200682680402
0.9102655077520909
1.0518015215087857
1.7646883819806793
0.44836815204299574
0.9610754945788353
1.4708942957719584
0.2715921039124762
1.644230548949418
1.1564316766588663
0.37547740947556135
1.0483433328991876
0.7402979940838492
1.8045736401196912
0.14718108915715675
1.0915944265322557
1.8573844264084074
0.47607080238653693
0.897243097202011
1.2675094041722532
1.6523773562323116
0.31276567501962044
1.0796249195339105
1.075039890842474
0.14585110096269485
1.8811798710519398
1.4404773294071063
0.5095984815394746
0.7881495356637278
2.0887987548202216
0.17023738122013327
1.0114816789805898
0.9036262081317856
0.8758654928925422
0.8904160705392562
2.586927528684131
0.2371617611538237
0.06580563416271844
1.235442970016184
1.2016699552483723
0.8868389072406937
1.049545897155747
1.4347942111256424
0.8485121499886981
0.5520119009889219
2.042817909004853
0.9392578227134314
0.23038697004198477
0.7983738475018531
1.342603753473553
2.1884523102905327
0.022608372967632365
0.3990177443114284
1.260158817329294
1.8698568865708889
0.5081311980208529
0.8864194251669836
2.2418411957511872
0.5761423399913649
0.3285325734860254
1.4073722145715977
1.6146887296970656
0.11473038969067224
0.35306825543688514
0.18942480932006955
2.8832397137429115
0.8396219950603483
0.43831790917451585
0.9191714976839225
1.0008169714353583
1.7387508418234063
0.9849349601694098
0.4608445704838635
0.7383184312772448
0.9793579621400681
2.2398941490708544
0.5413203592821844
0.3995844256840154
0.5283102668597246
2.380261826856873
0.1847059952687607
1.0533318404342018
0.7165347199222274
1.7576674294276746
0.7609067936360737
0.6907445462735825
0.9810271785922646
0.7694921539532906
1.79415821192163
1.2477080513491186
0.18518701371704874
1.0344496641347887
0.9743216832145789
1.1673541494270183
0.7152977778323925
0.8734479742126724
2.3594892345694096
0.4906898751069876
0.06304248521745123
1.5581185134913151
1.921559435975367
0.7100636515601818
1.0682393034625717
0.4009118569190164
0.49068937924689243
1.0048910619683418
0.844094878109753
1.8728331016468114
1.1210939503946884
0.27710539999054185
0.870680665881271
1.572596110927857
1.210796958875847
0.3746146554341082
1.2648656208885076
0.7512803774605112
1.957360737699683
0.13265537402669905
0.9950183226728878
0.22794589476116078
1.6682768625634876
1.4387685070558214
0.5082128768394671
1.3412632143610694
0.12753551425516652
1.1928997913207007
2.1246008808857906
0.39060674108293314
0.9402544545564322
0.6753411868052224
1.8577731085861973
0.5050114396805928
0.5587864459586848
1.896146924878324
0.22047698106937766
1.5997540843615479
1.4738685897413333
0.4805254279480458
0.23448845067859236
1.52706353651336
1.494237240032821
0.726641495960766
1.3125958109690667
0.8172592415085856
1.147828490793259
0.09456317234424647
1.0266270870855583
1.0517955567721324
1.0865529494469315
0.6436650532518153
1.6050163968982183
1.285670251969761
0.3040242210609491
1.1530346483640115
0.6494051925618192
1.8675804311605366
0.5746143450010465
0.8985863076622649
1.7813168560883197
0.1716456745070842
1.1397467307610725
0.30128466473624294
1.4339985287343735
1.1414109144093747
0.5067048213602291
1.1963482237960665
1.5757469213529203
1.01788212783579
0.5946765147029608
0.9844578469811417
1.1257874612239402
0.3393134799515112
2.341700964560152
0.4587158548376585
0.3847864875463929
2.410803231574251
0.5608403332858514
0.8247768514229314
0.9516152388994424
0.5397476292395548
0.9659598235471513
1.4944950638053578
1.6333054340452398
0.3353102472182148
0.2738296606220913
2.3935574310731003
1.18831755663225
0.4368801924215381
1.3265072328136112
1.4749535346112723
0.3820551722779395
0.3225299817880409
1.5029216067417053
1.3924269735008021
0.6170445565940675
1.5723780615608178
0.5235584974572901
0.9898473404144944
1.5720068126585962
0.7638892000969896
0.5291795114032423
0.426084161561875
1.0684653765657046
2.158921493911718
0.6436688823218885
1.1060107457320056
0.6664148256895693
0.02217696612678123
1.8992596660824346
0.6360105602208714
0.6685865097288981
2.3485686096171245
0.2658668720306096
0.7629373906140214
2.110389002002153
0.3766135343502803
1.403359090192043
0.3232921669440325
0.8011020966075474
1.6930075066876649
0.7256752398079679
1.2106892560869904
0.8989606354061772
0.5434385111962828
1.8780757376584354
0.7219153862966037
0.6174462860807082
1.3462193180201174
0.9894022749381762
1.0381225715777045
0.45790654222355404
1.275253109812611
1.4112931956461636
1.344117855231839
0.29885682526719287
1.0548382885648386
1.5394504840731333
0.4162816898168599
0.31358736292495626
1.2519341500031065
1.7397787984695599
0.6617871903895101
1.2662768938286935
1.2364625684715342
0.14903017559149936
1.0625112885532915
1.849928607535085
0.9861692477139434
0.7847313325380727
0.33444936328320857
1.3369661287184693
2.0207853813180696
0.6706205655248388
0.3463621784364407
0.6439166431077344
2.079409128798681
0.980438461514765
0.6112001667631944
0.7793675687941783
0.44158249065448474
1.6384551630485116
1.4383154839984857
0.8290219427518852
0.9707768589224549
0.8093278874249589
0.7132822590689767
1.744353375653599
0.11103207638212181
0.9109989459690375
2.9212065261632896
0.2896923589777661
0.28278318693615323
0.5710025026992409
2.397423213104414
0.7444719257076966
1.03953015030208
0.548253602211643
1.0077739682432076
0.3241605393240905
2.055663445098092
0.33934930550331727
0.7223045492698804
0.7413704008952703
2.4469964127322
0.1873887916992999
0.9249820054869619
1.4479123522808521
0.1532962223539438
1.6540101900199635
1.0398720366640626
1.0294287266643114
0.6623715559396266
0.5969591381203767
1.9588549959846666
1.0563023975995756
0.6356740962139886
0.5185050179728201
2.2165109552386366
0.11671126353165429
1.121252137694853
1.3193011194439828
0.6602105440727732
1.823201580194306
0.014031136615916272
0.6625615619627931
2.031968044649525
0.8382714925903462
0.6127198328824074
1.745768727389604
0.9558524672115554
0.8209220292850061
1.2149935356748214
0.29412583268809267
0.7571893920189297
2.2300088103779947
0.6443002238301171
1.0545619707055551
0.06667373871697019
1.2518443477689503
2.737567529320009
0.341721196076004
0.16288153314118475
1.4508250468975346
0.8773122190587858
1.2126027596459878
1.5926870502402477
0.7017180562349837
0.05104500576443751
2.3842152562397176
0.7599664632707939
0.5530806811766193
0.6849294713287948
2.633852894832787
0.23435357113875868
0.5658684945164226
0.9519772413331892
1.0934373741226577
1.6340303054412624
0.9495292447864387
0.6569130876535134
1.026294223144622
0.556673410389989
1.6058123154709871
0.7453127037388657
0.6893631091996232
0.7247854364492418
2.459373426108142
0.5921172789694584
0.2573858909509825
1.7487929266983857
0.6980391078920462
1.5136659787205378
0.2597452214999685
0.39720770629426505
1.9300438430058493
1.7489230552464734
0.7899963474587711
0.04258229846508659
1.1282124744280013
0.709127393215471
0.5090033219364231
2.7429325015476835
0.7950474046630032
0.14270930345437519
1.128366202254949
0.4939484504680063
2.3176836138594683
0.061036430555765755
0.7571910859410415
2.4792891370819286
0.4261443982009288
0.8788298656986191
1.9934097135612403
0.5309107999808647
0.4066394249158002
0.6483983788049613
1.3809247713475867
1.6258286925691718
0.8343631436543693
0.48020404314328985
0.5356477784303052
1.6217766773067281
0.5127636716431111
1.7455567552626938
0.13924026710878704
1.6016669998240405
0.7256349722662276
0.9641311446814611
0.5932167666632321
1.1889403904369522
1.4881730449640465
1.0841889877034967
0.19814589138645938
0.7937232311484652
1.4280051178113469
1.5392625909323951
0.7233585073870072
0.5403008989559565
2.4405096706541807
0.24492671937529256
0.14611715063309916
1.2736810355019759
2.4956269615225453
0.727272342685164
0.3456512738223825
0.8652532755257993
1.8193077095502603
0.8252267888026593
0.03598994398031368
2.0935399896001243
1.9445762984496964
0.23609150960783812
0.2554206525457931
2.0554851193064856
1.0427419339380646
0.7329082593526416
1.8017614931884118
0.4302416142033852
0.7249093468919959
0.8600570307610333
0.7811333373491097
0.787061341544619
1.6324378765354677
1.6539445784940987
0.4413938518715312
0.34342835025710944
0.6671973963809092
1.6275945348925278
1.1874691960206698
0.6985931327793646
1.1636415890035696
0.7917056189861551
1.3410949405071426
0.7398020007205258
1.3068200462519526
0.526713256922585
1.5563687720483745
0.7464385344783474
0.6678546532902578
1.0411897995517312
0.24584395941829368
1.970797877238805
0.738282177828951
0.9020816470448317
0.6557606713738675
1.432245526720431
1.6100403217955521
0.540182372163608
0.1358527650506869
2.0214889688293156
1.091680478758224
1.2047464175011071
0.35129509606415515
1.0272947044200191
1.1760915217588865
0.5212164917851342
2.3000082493658733
0.06954404589584372
0.24098610430970516
1.290937017549013
2.3918969893445685
0.3743224876508724
0.8272343289071509
0.77807417291014
1.5221009204094402
0.7855079671912069
0.8680681717920736
1.1522912884780707
0.29961629979110416
1.616470070582914
1.9849832574629704
0.14232793711653424
0.7230909508420195
2.09762031081008
1.0788529798236466
0.7120212926327283
0.25458349384842605
0.5153214702442032
1.6774026031731073
0.8942757286455482
0.6246565155245546
1.0534911811038203
1.839635457317673
0.6960646448181798
0.8517813928013772
1.493138423187947
0.7466783809634612
0.8691451502277977
0.511803167988983
0.48703636600712563
1.5845756569060663
1.5114100173067684
0.33246639887665624
1.1103279927654648
0.16492249891830027
1.4808077521675125
1.4611077888641617
0.7585907000880497
1.0403841484013516
1.7334688842106096
0.16017408442886352
1.2054934445742238
1.0102283919919857
0.2819758637054888
1.695911777521021
0.8857561629840205
0.6850295896605162
1.4461161871952353
0.9285111844037905
1.2054387591933415
1.263499856983589
0.3727356650537744
0.6056939137192054
1.2692275907078854
1.4578526906113212
0.9466004210246861
1.0182694700235222
0.36014613016041447
0.5346495004886499
2.6236625873644135
0.3726115299694654
0.6042917808208377
1.8980078990319578
1.4400645763051385
0.34473246101446237
0.7791269653854462
1.605930317542912
1.0408669773401453
0.6616085327262362
0.38555782923598986
1.518363576017392
1.0786588195563804
1.2230533301906845
0.4809763647712271
0.7866547238383883
1.2065179289822108
1.3320219176466268
0.5753064837267721
1.2569890061970193
1.3018502135451187
1.2778433520502683
0.5613217008835475
0.1392136282404385
1.2346147370186404
0.7819777696775806
1.580957751816249
1.2367379725839147
0.5797601499479735
0.9543566711628447
1.6660769507092734
0.45243755572825917
0.4121781898592908
1.9057678797621078
0.26007291328355014
1.493815831789602
1.639614004841505
0.6494481672943376
0.519341066946018
0.7620784752826558
0.6044905819286103
2.3777488475781294
0.09690927346008663
1.334617675749415
0.655050426052865
0.4443599815985825
2.6679193080716943
0.2865415342158656
0.8086028338097564
1.5678542851228452
0.4642265297611929
0.40886012712016145
2.8378492318663544
0.3833661992869732
0.5310217269102293
2.683059163005282
0.11920809713252452
0.5840476458466797
1.4689421103205242
1.2943855449695387
1.2045921920998837
0.5028074178210181
0.7576277708925608
1.0413472557163501
1.9608026394169304
0.011109860250150027
0.7437898968700517
0.7224578851990027
2.443516380550233
0.519250256355395
0.28924437672857684
2.957157096670196
0.32017184856632175
0.5471692112329585
0.4695428828384227
0.9751422136390931
1.1952301719258225
2.3777035377157985
0.05499075152478813
0.35600338441258716
1.1207935442148813
1.4643973720900518
1.2344507497429305
0.7125280037505944
0.6584288345325998
1.1834446169472268
0.8486430958924934
1.5784737973615146
1.2225947364073166
0.1782282026837777
0.809983675810166
2.3837316700142126
0.9114283789070776
0.1821457880292513
1.2400213102132496
1.6387049037744985
0.33858747127969774
1.6464112519076477
0.4204041424308479
1.1813198303493653
0.6486498639453634
1.8927394434278368
0.7346828962116793
0.23174735262033733
1.9265632087220408
0.05938229345819271
0.6160023132894331
2.3746218233716414
0.9961428731328814
0.8285022946174261
0.6798928440062529
0.9698321442524968
0.45796001396238056
1.0650204278805795
1.574321650730373
0.8367256877268524
0.6031568803260441
2.1666282722570465
0.9302198342531461
0.39456015417166085
0.19344067483197486
0.12389863107567899
2.6900457845013035
0.3611429775465692
0.5391692036149548
2.313164856436947
1.0644151122864551
0.5154312798518911
0.07359882337874338
2.900328452085358
0.5168220758549811
0.8222451959941246
1.10340348503142
0.5696054364475531
0.2604207697385617
2.072442762543738
1.2951533823537937
0.9752824180876211
0.018120555954086053
0.6014517748143103
1.8349065228486936
0.9036348034071587
1.1331443985968739
0.8958282292531556
0.7011626130898673
1.3689144578963042
0.6157908365756178
1.2371828222076544
0.9479525977047761
1.6838730923933016
0.3614696728368852
0.5083435303526436
1.615688581154574
0.6934236292460326
1.6783093038937278
0.14150523622417674
1.1260821502796199
1.9103766157108601
0.3190140935334603
0.9687349179589686
2.4417544702591862
0.1429681316101917
0.42122262214298495
2.9127012642834087
0.3367175909083806
0.7076851751981437
0.2319236713993795
1.9091778661863834
0.9405064571411668
0.8344007043386888
0.9284404883512197
1.1963928035953664
1.0927910226153097
0.5143892375525172
2.0633877643661633
0.8579154619740288
0.05235571273040262
1.6826430808295123
1.5118202053656127
0.5860566715782648
0.6605238169324745
1.4220275424110858
1.6310075447954093
0.33443411039303966
0.8297242390470434
1.131628679822729
1.4710347819415919
0.5329107341802376
0.9739650688247455
1.3645864165151989
0.485019362446857
1.9369265126446626
0.772203054814124
0.5784933413443019
0.9025674916979024
0.788167999481281
0.426970139786493
1.8579468526491418
1.455459407611999
0.3014663403621377
1.2741934480382207
1.6434683661040697
0.3768111282359411
0.8901177569528358
1.7812489449738247
0.39414596139238395
1.206225562120059
0.5606730303848406
1.15124244403944
1.8402132578204229
0.8041641029073793
0.8538149733079632
0.04392732844539971
0.04912553418689012
2.616557316336011
1.7156011436040115
0.2464612564854257
1.0127270547423879
1.0568793098947935
0.07975809686981
1.6151096791760935
0.7416803461389742
1.9314029114249434
0.1545172661129269
0.8298234752507331
0.691850866975251
0.9017223985512751
1.3770930389304972
1.3015632648333584
0.8103707272179099
1.2003103001922972
0.024565071260741696
1.3330672245666435
2.115298751040131
0.6026599225357364
0.43327964167746547
1.6513139521789097
0.7276417043301573
1.0899012226266995
0.3401607243951873
2.052626889842072
1.4268360145130108
0.1561614010248024
0.7239418989782836
1.3240808393444699
0.6097699189749393
1.145998183713237
0.6914270214382461
1.358038545756994
0.2585199014028794
2.4493858356596894
0.21341824198089282
0.6396469255767637
0.2450087855341597
1.6410181116018854
1.5325855143436131
0.8055348895170859
0.9936670330525477
0.38350694010733827
1.5003292129247257
1.7661909973315846
0.3413718096368838
0.07206574696259548
1.4579645783073731
2.0856961603687267
0.8551080231545978
0.442913760704524
1.0989081290704132
1.1344249959112775
0.6084721481601276
0.9561256962843373
0.9975170565652467
1.8807013273725421
0.412953578930693
0.8700432279598906
0.9722330691702024
0.8059035857075838
1.5802133071031437
1.3882844131626666
0.38014497620253285
0.6938264743671746
0.7768101887092081
1.798018359980681
1.0890929893785672
0.5423154682031379
0.8860334951203165
1.3482259533500511
0.5131811693389994
1.1027341378488527
0.674862917803564
1.806452547813592
1.4729267376960493
0.2728535226417049
0.23196139818827816
2.057273846280859
0.9491220228840119
0.8638757445978172
0.6570825419975277
1.4375626887706336
1.2522195807455914
0.7047621465179256
0.8449504031371379
1.4219081226204706
1.0877755148661286
0.3567083192228149
0.9803059134674803
1.040397541085385
1.176585755915377
1.3890170107598734
0.5527624405907001
0.8514006743713363
2.1706735613515336
0.37733912185230123
0.3961879066918159
1.4627846321661238
2.0453121731723862
0.636661147107477
0.15286740341891666
1.750346947137017
1.7061832063774254
0.5352185341830378
0.4092120509441978
1.624246967555897
0.9386855926291543
1.0480929531530796
0.6116292389832698
1.4442730769078294
0.9953127112546533
0.48741598622842064
0.9849685083796165
2.1127548984663074
0.6107526426701507
0.5509922373590729
1.2039736986565703
1.5335489810743457
0.5489268729551238
1.2387756652213193
0.18142979951592228
1.8002296960557056
0.8965974244751935
0.9960147254067646
0.5484474000667906
0.8454491357522763
0.693999713132234
1.5704062850733682
1.0160274524339066
1.0904394154175532
0.7841418982770251
1.095214676337686
1.240627909868038
0.7402222639184383
0.7711573884721169
0.8917769590269811
0.35442125093758736
1.8818319499095415
0.23539621582406425
1.3730255309030714
1.7328715688048535
0.22724661186965453
1.2524098861027244
1.4554274368414244
0.9051112147524787
0.7109303612660933
1.2250974211508496
0.8599095871060795
0.8006562808203264
0.8198416865724029
1.6727182563663023
0.43159788501892793
0.3456385632691361
3.264464821943296
0.2962983602072992
0.4035075272986524
1.361437763273278
0.7354204675441706
1.1479232888126245
1.633150875028614
0.5428425789311743
1.1683508506993323
1.479917062206296
0.08449168778705123
1.0186381245999114
0.7171166736065466
1.2616509800170772
1.8589465929191946
0.5702042969965273
0.20224478021889442
1.8795606468710901
1.6585724086300992
0.3361518047142074
0.8275331843227389
1.2380079363330696
1.675851880509302
0.605761195643698
0.36420594857821914
2.515831127624922
0.26974370023033134
0.4710109641343369
0.2959059702946864
2.2650480743095454
0.44090221922388156
1.4206742777062127
0.9110368586130877
0.8781523229570595
1.005115529061088
0.3114170334892169
0.8267722815145258
1.783962676049269
0.6024411041623763
1.6813450627239246
0.44546658804412886
0.7726719973722268
1.2973733517427193
0.6804239923785024
1.026021479649084
0.3039285607073525
2.3239089490185125
0.7897647653879295
0.5579588467738344
0.718161784124206
1.1788716434375703
1.0964577707405396
1.5030038292052468
0.38494547635235077
1.3463166603602337
0.3633795213462735
0.9360844200573784
2.5063241658784103
0.5089269117893447
0.33254712801290165
0.9840380553836812
0.7482011575854268
1.1719229776744666
2.0333894665670904
0.31758089048505367
0.6997311179312812
1.9922864615647178
0.8012554276374775
0.6437374627437404
1.1689617818564757
1.042306172917938
0.6626196080810648
1.7725463983815017
0.2940057702615957
0.5979682131060863
2.4901515091491953
1.0524523385879136
0.2150232073368143
0.5240285042138637
1.6347436267438644
0.6240727245904168
2.0362968049051657
0.12899128301313992
0.9019885160412653
0.7900793767070927
1.6837902913031115
0.9285239945104506
0.28240350202727954
1.6796760795928292
0.31217531578541013
1.4770939297058578
0.9259282736553001
1.1121329160100195
0.7590504040438624
0.10822073310320698
1.8273829510525306
0.5311503526912471
1.9201012107877087
0.6026004011890564
0.4737049594821517
0.8565963173924541
1.0303808755970172
0.6733839796500157
1.4659253913962242
1.5536521051762386
0.42715276429905763
1.287284205540636
0.48213829450207263
1.8417412739368502
0.1676952906599555
0.11312737072380068
1.6098654454254526
2.26249482779038
0.4450469246789079
0.44015690385108475
0.8579722362473798
2.0692369543813736
0.47391482386907885
1.111675281956236
1.1861058617566909
0.335025139935085
2.7010958855613576
0.06694661347167553
0.1289528483605946
0.1248670126211043
2.6671006754140225
0.3526952950177272
1.051291588636664
0.9129250512251379
0.3507832838514619
2.892399768212415
0.2539633329880909
0.6070513088646321
1.320442531055315
0.10679189707484298
1.1574942134110227
1.6341613999605717
1.336290655362043
0.21723050252913575
1.360643256612743
2.095083467305588
0.3074840346221616
0.448531800317657
0.17253335690146923
2.082692113546162
0.6296638944553385
0.9641022462133485
1.190623150345158
0.9838680438474757
1.0864857784933122
1.343446915961217
0.8250087706755758
0.6001066382811279
0.5743446930955061
1.4028615561338165
0.4507426959862034
1.2602971914652727
1.0260957836114506
1.7979093591376352
0.046524094587156166
1.191348958022943
1.3760486516977792
0.7385671459463644
0.4853792410351788
0.8697060524939179
2.1531765769020876
0.21946657657789578
1.473128631645627
0.007072962935669531
1.074628375601305
2.350250801417003
0.023941956839504584
1.6234927365317553
1.3834990731550758
0.3233353574539928
0.20317664274225997
1.6645978638960472
1.0499570116792747
0.6556236720796564
1.7500094910845387
0.43143694039866354
1.4876819021869288
0.5939026673915944
0.7655886817691149
1.6574107631385786
0.48619019187470547
0.5867594611911062
1.5307704173726884
1.8491081944841956
0.043859225425057304
1.601855957178737
0.7371681194208466
0.7069617612877034
0.48448740309646643
1.358301369418543
0.879234086839886
1.4095030045471582
0.5814814826738621
0.9902769132597196
0.912224894391685
1.9420024851935278
0.47053309939337784
0.8458990684523681
0.8587125603636454
0.5102504300555234
0.07451519467301994
1.4162653278340753
1.1723372028459769
2.1142647902596643
0.15181318290409868
0.20153719796409603
3.3785837565911048
0.7014164098614613
0.04271374937803651
1.527233286535197
1.661145763064037
0.15042914107662586
1.3613200062212174
2.767963726041497
0.14278564532437926
0.14057028096988486
0.7878091266994639
0.37982170176167535
2.241437250015456
0.585141270011195
0.9144328814896788
1.4210743556510814
0.7419309130783623
1.765602544575285
0.010613388246442283
0.37549627741673414
2.4899441023357634
1.476210360693541
0.08702485063662198
0.6187482167664056
0.08437081065444217
3.5329378496907697
0.33605562974083836
0.46711643808746284
0.541127846258395
0.36934244721603704
1.261240328086361
1.1636207327129602
0.17919426182783524
2.3189036807087064
0.2506885727531061
1.4801712824316637
0.41902568391474404
0.8827882888365146
0.5752983254388883
2.2904143511711363
0.1287533282167015
0.14113366648936818
0.599318235980104
2.5207361946526614
1.063822818350699
0.638407797948454
1.0412659597672378
0.013555890859296843
1.4532255007025376
0.7451989941387882
1.4532545601692826
1.2004788806427356
0.20259294440071163
1.1754389749862442
1.5315251993095824
1.3329650676420108
0.5160792915630568
0.9378974101943834
0.48224418570969435
0.3247437715831772
3.311108324728813
0.04286557675981025
0.6020147717839063
1.1923103298639064
1.6903550370400144
1.0984213233586904
0.28353105541402246
0.5220576945123051
2.6812234438600004
0.28705909197894874
0.4993738076917505
2.4207340362084144
1.470947382539039
0.14509423545903785
0.31275957600699766
0.7772482072428414
0.8736922987110974
0.4744716148752856
1.6596876987152833
1.5316707362163908
0.7610752395585826
1.12089776618844
0.24122526329851368
1.215286041646525
0.0981952225083199
0.982180046145265
2.832871278721791
0.2252631315399078
0.17155306896938796
3.6685444416178625
0.24020648396501496
0.5785939491629835
0.953232592181596
0.5967468586609767
0.7064480903220994
0.6018130639048933
2.105256925028124
0.6202231268272339
1.1334306759642496
1.172140466962478
0.8143002911028492
0.3924742736340664
1.4656035429382315
1.86401770167012
0.2744540917991065
0.02147037723725893
2.2893438924786857
1.427780935439373
0.478213661433148
1.6390088194081154
0.45299549935627775
0.4458751189547449
0.934492311898834
2.7373686662140333
0.368518069355361
0.19686752891966636
0.8422405912344432
3.019363950055306
0.45693711337925
0.32891796106502913
2.190709376774413
0.05348632571952511
0.2908690340868835
3.7496746048695577
0.063518390226573
0.729295369325456
1.7332673376612047
0.6424356809393882
0.44821144492994286
0.29793558435723166
3.2198973988101263
0.13001175726416117
0.388612310434021
0.06129714015557183
3.671416506703076
0.800924608587474
0.04500941113985276
0.38738416470655523
0.6045990275682901
0.005421801145888742
3.128020676403767
0.9115302112053528
0.4398769712329599
0.7902014210490417
1.2591604805690444
1.3261916838128727
0.2752007923660575
0.6987917469778333
2.871210097747096
0.2186173396137211
0.22071737362548108
3.1931233644585584
1.07973590187014
0.23122864786727212
0.4001676448246606
0.04285820622977342
1.1296372696187302
2.076708611333536
1.125424135872031
0.2788424205464232
1.3368639185351152
1.9855328223318525
0.11587142027669206
0.890538385290851
1.435288585912722
0.39344940413059887
1.0601890505157638
2.2127206196149363
0.6738409800724254
0.45682838652400726
2.0683645053764055
0.4098407270878705
0.34362998020003616
0.445634911082305
1.664844110952826
1.425860232519519
0.37630059768812135
1.5741862371451756
1.5184344177869078
0.45872898065729817
0.8857085222527878
0.4101579550036872
0.4007228575895306
2.387211455808706
1.5890107735033614
0.07274873085147317
1.1320578014152467
1.9009958068065158
0.4004762198652953
0.32882183150501054
1.0723534377184585
1.4667700539421826
0.8046419406210354
0.8272493798883255
2.0648414354439257
0.8361568185023678
0.4791637783731464
0.0824114901223084
0.6788608278120932
1.9340785118566233
1.7994880018460724
0.28041444861374215
0.37176192502753147
3.6184035405423995
0.007534603717693883
0.2610941852790974
0.7112711889915033
0.12658326423343988
0.8808057017052527
2.9205547471560687
0.45829253490203825
0.884063594909953
0.24209721907087636
0.040813695124096425
0.4139741837009352
0.811797611074012
2.5654563198737668
0.430966696379527
0.6656322577247109
0.537171800064039
2.872700572108548
0.04747491041871841
0.4895075633686919
0.4424668005897764
1.6856238983823137
1.467107852924224
1.3361152935341265
0.015257822234633303
0.4638869754950465
2.7407691338517046
0.850659266673464
0.23067813738123974
0.12536872696604956
1.232206023712302
3.3444690093442544
0.18393872930684702
0.1439065711126229
0.6227487863010505
0.23563924699742433
2.5346971321445175
0.678764385418234
0.48835607795850344
1.7698828970400091
0.3786922486382381
1.338144759150565
1.9134917008476304
0.5105167366505059
0.08806873314033903
0.8347703757564022
2.438384962640667
1.18296488481663
0.5195535329516211
0.2525296292061637
1.8530441902699508
0.1393181151537834
0.19920883921859392
0.5757038597628809
0.05923929682526228
1.738154879738243
2.7418655859100016
0.26281750784436086
0.21018254252685098
0.4305897110964153
1.2991376298140154
1.7860982874679618
0.6324780191769187
0.7037996626986033
1.4653695229273216
1.4803502847043957
0.6390746677859662
0.49207573709782987
0.3582542859427693
1.206323701762454
1.7465179258542871
1.0970292145788854
1.0981276273306804
0.19318007120216332
0.675289757224491
0.36099128330644964
1.1828367860580142
0.12048466838751706
0.5163821184435805
1.8155611536766003
2.1348047961383627
0.44221080278468766
0.23227667321354817
0.8942076898366824
1.0749073403642027
0.9852654178919662
1.1284660858528173
0.9319331613879763
1.678935359630821
0.9894694124985678
0.2436244101385314
0.12619993540719976
0.46016844268165363
1.3866744790230692
2.6134945479965435
0.5243229870512864
0.0527160360258392
2.064038661708993
0.22563153597559274
0.22279676396891163
0.5152402557243382
1.026776760256353
1.9080308774128891
1.4096721128337193
0.3704993774972494
0.6334910315884931
0.8143415842544575
0.832161405591707
1.4466144944082446
0.8285671549698588
1.232598098833698
1.8246227693532857
0.19149501366801458
0.17191880988720215
0.926869759038301
0.04606601476334556
1.838159544234072
0.9077773016141809
1.751109320838937
0.44033523848436784
0.520600435132744
0.9162882018831024
0.39339269312117786
0.3960032129167765
1.324934113568671
1.9064521455238195
1.1030747153761677
0.2820159076420843
1.2217323653153211
1.1130996584903745
0.023276694259807964
1.9146352211070228
1.5438922307909653
0.803791883036238
0.6248602062183112
1.1639705924649195
0.12948056377042738
0.5694016271166396
0.20190686085836518
1.9893025560287247
2.1993960180425565
0.12425031210050881
0.8121492510442913
1.7938403253944177
0.21856161181761954
0.23986472718431698
1.676882858605495
2.199994743255126
0.8519067532081176
0.0038228117215816384
0.18140404131674648
1.403235208570216
1.1173219625506938
1.037212576450314
1.7080372533733368
0.6037572089756797
0.8545138946281381
0.5740987148956714
0.6284694644507592
0.33627920644692555
2.2603643562928033
0.5138473132352738
1.298306227841593
0.7467302921566563
1.499128669334036
0.14589659801671542
0.03584041694694104
2.194185892192405
0.019169429475935064
2.430068913559077
0.5380591605555696
0.08688225386783748
1.6785486986493268
1.3306669620476612
0.10924726522889451
2.3178356000999987
0.707226945165811
0.9170396994672343
0.010817620395910938
1.6172163050820503
0.42212034519201436
0.4282631240553197
2.0183436556169947
1.7706764891701212
0.38662693738403947
0.47908420927714035
1.3405057812944141
0.12297946160269273
1.5202409109536026
2.7183714306902966
0.09548328854693953
0.3752221088005557
1.0474960518806138
0.25884634751039237
1.7479528467738432
1.8428122573530565
0.5801248575498875
0.5274163589521045
1.5230415147631793
0.5150753521983638
0.6484721955267215
0.5155083178458575
2.3808067225024625
1.0494197486000136
0.49951292054591817
0.38650654231690756
1.9683762977810852
0.3160730118625023
0.9140717117387017
1.9191061834057455
1.4626946865724348
0.0011565258723138562
0.5162578547429911
0.9534516562447679
1.7054159709080379
0.5367407744921691
1.6874383012800278
0.9294460246755796
0.5834540938950996
0.23246760127256869
1.1558587459136145
1.4013373291067757
0.9419226808126788
1.4144424374748237
0.16985746196102475
2.0553439520374255
0.061579423293500794
0.3719655045435284
0.17746412293915073
3.626250267946632
0.143903967264824
0.5047564251772325
0.8504797823671217
1.0530624891654674
0.7179952485254982
2.3427321563398342
0.7156498983460088
0.2267042878851461
0.8448103516102627
0.13340598110577892
0.9931941022873398
2.0584254760166343
1.470000856159385
0.05139117338783816
1.2499834175463544
0.5866143279289848
0.4034203624363145
2.9791735219805795
0.5774822654335283
0.5042716300498696
0.29236014032999996
0.5511892786821156
1.9165047930142525
0.8964568719358545
1.5773574903135785
0.09964303826527611
0.7016363967476201
0.9530209603495845
0.9844743146077298
1.4622272764810624
1.4784649436215178
0.5679999884408663
0.11942293378744695
1.7501016608015458
0.44840843261521757
1.5329324273937344
0.730464241473733
1.319014829858045
0.755134443463917
0.3292469715242166
1.5405369854358968
1.3790832186809037
1.1420727010265201
0.4841191735563902
0.8258397972510031
1.70250480841173
0.8079120907899633
0.08256943213076733
3.021998362855959
0.157921674137275
0.6499709581297751
1.3535592929913927
0.18082829014990298
1.3710042605518362
2.2372628175731832
0.559134396047441
0.37102244450351135
1.1760378702470085
0.29480688972002284
2.718287275021942
0.5400635936023711
0.3318561990040867
0.5587757544287081
1.2581746993781635
0.0525231223999807
2.6908836689451716
0.12328351847144307
1.2482465568892915
0.14079093034312679
0.30037117020874277
3.741475539042324
0.5818800403947085
0.10405186918055685
0.48611152015413867
0.6843236102781114
1.704266401836462
1.8853069488206309
0.4527701476138299
0.4131122984467543
0.4781172647167974
1.0267966094492744
3.1514197909966493
0.07046572075741679
0.1868860266810533
0.8647152385869975
0.6362203739047078
1.933834809901224
1.5846352011252234
0.3881805745290436
0.3160097370758679
0.17728132309270733
3.981904245296319
0.0612242216017198
0.30455834892769956
0.04755608362071648
1.8455558347458942
1.312370603032153
1.5365410163257762
0.17950314203816317
0.21932385541488922
0.6454284821228535
0.6967995593782381
3.313331838872798
0.23529254111098732
0.06837133899244593
0.8580112395533019
2.600868263841956
1.2559995048438202
0.035720212849677385
0.7171065836713847
1.0279366105860808
0.9690052105003436
2.2393048940571507
0.3533925167697173
0.2645970469498561
1.4051480270586811
1.8263027851143343
1.015704374856975
0.2621422171713978
0.9756166575616622
0.818350328114847
2.2264619720027836
0.40824242523659837
0.4380510576456549
0.8208347236457236
1.844855971783108
0.9102741831933444
0.8951239015743386
0.665999474999343
1.3471107672998626
0.2932349413532675
2.298290864517395
0.5929112881473384
0.14531157817658225
1.1017075775890934
2.031328615618689
0.7685696694956371
0.7496736866435545
1.4520975192394994
0.32739633886146674
1.6891086596094125
1.057655773273213
0.1309697755916835
1.7650154642814195
0.46830712760642496
1.0965744707674467
1.0960695101198878
0.9771094128422166
0.9245237795055318
1.5465980546841367
0.9736488333336759
0.15662812790222297
2.2291382237603825
0.607407817865269
0.3336859124189664
1.420816666812597
1.4368525957865743
0.5335340927789355
1.5156033745640327
1.1630451482825528
0.028126991031599113
2.2328188106821116
0.16390537897533222
1.1393281141132543
0.35146650000353497
1.6739045593873316
0.14463697404391077
1.5940915363367563
1.3466273262548225
0.20930292124992173
1.8318837687006975
0.48520929336268
1.1083646105674418
0.7152371738260741
0.867699114877313
1.570896353052634
1.1004189885065416
0.5293303996754158
1.3904093402714972
0.6215038584286375
1.299554620324987
1.097040581647067
0.6428577526601661
0.7905278924039681
0.9891773575698075
1.0439062925665616
1.5999165840854255
0.5192572555493172
1.3631700740638415
0.9092099682233026
0.309966369166819
1.677892864779581
0.5813732561943917
0.8623688995522344
1.5870118227734766
0.4837397998221823
1.697255161007853
0.10489404046720671
1.6427540074078313
0.7489849188439814
0.644162881715762
0.07861900720264411
1.9028790886925155
0.4611243876215814
1.6923683382163939
0.03640641720325416
1.6681117248863035
0.8427877454902267
0.5251199401548791
1.4907399386251103
0.29856936128651057
1.8356022536144085
0.05203015275362898
1.6505827275322118
0.7531070030573451
0.8738592818800804
0.8421861961827636
0.6873468268992201
1.9368509421115103
0.11998103009838965
1.5807084742209527
0.5996566817542501
1.1118492295584563
1.1625829313763596
0.0711597761400028
1.8158981257198494
1.6630862391221226
0.4071221225380286
1.1324700663719482
1.4628539278005859
0.25082137842458446
0.7355082632176914
0.9762076350577802
1.4803859369318153
1.3863438698026518
0.8278788659953616
0.42882771047347823
1.0329604087418154
0.5308530008542051
1.412805749433048
1.2558752782182314
1.1270819993503305
1.1544903682314551
0.32457385144114764
0.3407395729857176
1.3984957151018544
1.3526329968304616
1.0990794737821672
0.9736385429803415
0.7065807078942693
0.8011193637335773
1.3101933554335838
1.1641704831974813
1.0704069286939981
0.8117062110469228
0.4567583254233937
1.454043668011342
1.1969578961445846
1.0196810023354332
0.7187852006632477
0.5304209801674366
1.9716781453594525
0.9611675214434636
0.8566754892524799
0.6086169064947138
0.3481959538123464
2.4479012838507557
0.8792858709261557
0.46436129210122434
0.4320623880432055
2.723217356420026
0.7226954175853416
0.3622940786932975
0.288886037593549
3.1146653186170026
0.3761739162514947
0.2651217429238245
3.300955829936113
0.2964431785947319
0.16882255097508964
2.0726192939705848
0.23175022148606292
