1.3893528501832273
0.9201149159432468
0.6503392116279185
1.1409807391638564
1.1087772906123619
0.8273832345289498
1.3503583548737266
1.0546940005501122
0.31037246213828995
1.1140541140712945
1.6681520751681573
1.0948927224781781
0.24946298146014054
1.4984544302072675
1.3894324048780202
0.3570957030169849
1.4749990347737492
0.2120359004401387
1.5705827367452534
1.4550126280340274
0.25390481345594296
1.636692741720344
0.15169371134725113
1.4022118018413638
0.4117706134432877
1.5566855015915049
0.20362523353446646
1.673788522782246
0.0039750628615425635
1.5483823814324302
0.2681621448621129
1.6605517568714965
0.05607805348202584
2.220890375239943
0.14052064329905584
0.17161418101514248
2.2919770907604855
0.10794231634234068
1.6676662549192343
0.10828865438783751
2.168981801181869
0.1818529965016863
0.15875628584601975
2.3830616221094765
0.04948838002803444
2.2620899917380544
0.08462776908384055
0.19798181175452012
3.5555981004172805
0.5107684515453632
0.0022188743665106214
2.3007340093635635
0.21246331842251284
2.0173617943453293
0.4521362461945466
0.04748869816755018
2.84644625334762
0.7270827075012403
0.15810233426110892
3.176303087338828
0.3314748812892361
0.0837765244186826
3.103035784131176
0.7761602336150762
0.1146410937563608
2.077123163764165
0.9474546214916487
0.32100278244792047
2.5700626658958456
0.6319475822367215
0.07049263418011639
2.3642055684596595
1.1025475707036552
0.29395852589808724
1.3510959710234234
1.863890828560897
0.5861577511626848
0.04426356045123932
2.638449882800183
0.9686749729925179
0.23873121223397656
1.6073385548136403
1.4730405304836578
0.5037327388140191
0.7232278386914113
1.9977383530714161
0.8508634329880814
0.2195013671989245
1.856404837998122
1.3100922221516063
0.4344707334010736
0.9513632882016451
1.922268631610053
1.1449991256126753
0.22098770586234878
0.016516534139162316
2.5537028644807807
1.2147526692705224
0.3776944807885869
1.1769077543685322
1.7230259140601618
0.6622435045363714
0.4054652228155889
2.2519962414495396
0.9285329338870854
0.39243286975814495
0.4948443937939302
1.621647524146396
1.5440476589562975
0.5900908189890346
0.5983709958390923
2.1491389591516916
1.116677071938564
0.15939557399036247
0.5858886085191594
2.287682201024473
0.46948697215761387
1.0889100506396947
0.7185545016191067
0.8384040339304424
2.0080350758853505
0.8387677730728454
0.06617560510827138
2.373452806161812
0.6416620280087826
0.751714790832024
1.0317309476924226
1.307424187742084
0.045638566003267246
2.0501134937222876
0.9330034003719417
0.26500213059984334
2.273643978155574
0.8236241812770412
0.5305224518314311
0.9193109824163892
1.5882247501303222
0.19774243573171374
1.7991814969089561
1.4690828039181651
0.20848933404204645
0.36896579699191934
2.6916543715014507
0.7805504206456401
0.29328980931347265
2.1493923693053993
0.34076362140147537
1.2194485474318242
1.3705778103957842
0.5513542795108921
0.2577208797784825
2.607569494937128
0.5694223379274218
0.6354554519078824
0.1372710760814586
2.476287038758186
0.5301501166270994
0.920397631086731
1.2966960145269977
0.9198266437614995
0.07175453472364124
2.3924762965420414
1.0177893048768245
0.4804978823070774
0.151762735408756
2.6959459631894083
0.4807784739677286
0.5971152762387861
1.012415171937677
1.8544440649406104
0.08910087164394113
1.7694536664417344
1.4591519125582504
0.1578763384236382
0.4209032170934783
2.944339489320295
0.16528574973226415
0.9367828804486356
0.772065552960485
1.2477408865246735
1.2950166603529518
0.2726637327713972
1.7948273056458877
1.6409466327759927
0.15149637921318237
0.41947529850220616
2.9310528876281436
0.18649420241639608
0.9253428347685693
0.48910129928927054
1.6346252600105675
1.1436872065763575
0.5693523094204725
1.282034861823603
0.2664376344103402
1.549479385254676
0.18120410952681346
2.072341631197326
0.6116857943971401
0.7490313987288324
0.22021875957469622
2.1101441356926203
0.8286258571896994
0.7601201915184653
1.2383336625865373
0.15927478934814823
2.4343018614524645
0.017837529973896243
0.7456096020995961
1.9724609315191985
1.114791969792487
0.6452971553758245
0.003849049591965004
2.6217988668510888
0.504666201501491
0.8864777920148452
1.046716833934659
0.580550244131622
2.071255507778063
0.24285112118061541
0.7647647405263267
1.6243474941205047
1.6183028919590567
0.29908398914039647
0.19739989556088913
2.9841150917200667
0.13200197749806605
1.0082396050537432
0.8710198244742541
0.9761199448259369
1.6514799305356707
0.4591367480640444
0.8514390434531318
1.1018639944023163
2.1388173524996614
0.2698522641711583
0.010580553193602743
4.155980415947788
0.19096074926693812
0.0914949752247013
1.636949996692466
0.7002250191425304
1.4060690579014987
1.2146687712286535
0.662082618044508
1.0021794272313356
0.6228525168246004
2.5026780493213656
0.09262147247460294
0.22952748255150254
3.6023817128938225
0.48842593837487375
0.1777579633378368
1.1672650813515344
2.153545493618578
0.48901657259618136
0.7935111985407265
1.1681460683787512
1.2386424039433785
0.1360690439163534
2.61750009210022
0.11436110392576598
0.39507771053575086
2.8919573826425364
0.8689916747566082
0.21875615206146737
0.7867448757767628
2.418486274129534
0.7122926776694851
0.4791784392204225
1.4806767032164485
1.246769738167255
0.557837434165001
0.39703489010003984
2.6532138004746932
0.3222260829466897
0.5354305966034587
2.1601948330198346
1.347910284414994
0.19076844253808925
0.47998227833473645
2.882887989461842
0.8646918449961106
0.0944773633261171
1.4859442828881253
0.8154975763139831
1.1286826518606232
2.00692335590686
0.29984648135055303
0.3094198664939068
1.0122474058469246
1.6043024376849773
1.903753761153493
0.09308938088538687
0.2456637450421937
3.3446993278552135
0.6473771644567818
0.2527236476239846
1.2777912431391287
0.9284885716688889
1.3815097733516055
1.4907161188674012
0.3624516728821713
0.46600514131403886
1.692247555457687
1.0157658387453596
0.8278822037644592
2.201641551668421
0.04068062357119538
0.04530398814981832
3.769019760630473
0.25178229517053824
0.5446141607196874
0.9908479908296701
1.1174006218999573
1.5603540427169553
1.011273094375119
0.5083496443712828
0.4295669441521809
1.5297151104461095
1.2619681121547126
1.5281048957862644
0.17711896397267785
0.3690511909925067
1.9486461561753308
1.7250212925555028
0.2364917680867278
0.8422783299030896
0.7039496028962342
1.446912872248546
1.619265475576193
0.5789166222471369
0.7265084700517496
0.3326618545838048
1.8551946979827032
0.8778534547347889
1.3431414634852725
0.4207061523276803
0.7089539768707008
1.0007657153980163
1.7806346385430294
0.8682281010078104
0.8253725704300273
0.6361501943421809
0.16342366817963294
2.087009252310618
1.7000131193588601
0.20713304820111755
1.0144941784595953
0.09841235167298919
2.18230618958904
0.6099260062760261
1.1056003024575185
0.6755072206969042
0.8781238708229885
0.32974307079034776
2.9901023994581992
0.38184110114304076
0.1997655482769015
0.04405823531216086
2.954241054817033
1.3547737696572064
0.3222423343371768
0.20799216744159074
1.319696237702017
0.25492761794273755
2.3465072521288635
0.43352109753887774
0.8813168462200676
0.8967559924949103
1.086559453972742
0.07485559484665008
3.3482449551792244
0.059620208288545355
0.05104704520231574
0.037912450910346285
3.7418881730167
0.3601758528493628
0.5770260039274387
0.6844824532734943
1.28612107357488
0.7107802003409146
1.1928916331948967
1.6902395490669895
0.42229384329253633
0.7992614260236827
0.9967502164948703
1.2017458372917955
0.3556890963853935
2.854578217596164
0.18222564182758905
0.05005883678596879
0.6106294081540102
2.890049166016942
0.40187886741876383
0.8413365805945692
1.04959659626624
1.078055208622832
0.22910369977448394
2.4899949831401753
0.5538300191098545
0.520878613529089
1.0877327883805914
0.13602940114796647
1.5168708234065513
0.6092332085271397
2.4600982053894156
0.07854804386234998
0.16065044477585044
1.0129478148457485
2.1361634446120887
1.0542251515887227
0.5749062894283998
0.707129765288873
1.0771181958127523
0.6187548034621237
2.3964507815979976
0.808245062321964
0.05346686453857871
0.32133821052008843
0.8508151420930407
2.4498254709118945
0.6239911936108369
0.5806797980215256
2.5622189396084116
0.11238174786913888
0.19421006583635872
1.3239205527694589
1.5987667138122874
1.6374091501352797
0.21737495191637227
0.45507667764193327
0.9505863691352171
1.4789722900842623
1.7861464408190009
0.27091135986155834
0.6269566691980789
0.4074723950818574
2.9633035614330074
0.29656795455306445
0.3127641915067478
3.3102996667025164
0.38713104679728905
0.022735188983323776
2.1358208974500235
0.31180453100128297
1.194132076183651
2.5959430100898566
0.2585510038559463
0.08730352052403928
0.9020450369266341
2.431078145203984
1.0675833308689213
0.23941478785731854
1.1437033785905717
0.30685787734838715
2.2472244598978266
0.6338478027940128
0.45751994704119225
2.46796183802735
0.5322740642223734
0.3086507519567934
0.6709792026434114
1.471195011761372
1.0298749287834883
1.7424537546335435
0.5261278818135674
0.4118556338263258
0.4891746472067255
0.42098329141817176
3.1198421880776106
0.3448304851746881
0.5284063700117626
1.258026615906537
0.8976656390949448
1.0731825585443868
1.4575658778791507
0.17644428953332383
2.153865768873731
0.13864561077293944
0.4846095511449157
2.30323595674685
0.8645748948730997
0.6779176999995183
1.6186297751500978
0.3644888226983279
0.9885750825431314
0.08165080753224253
2.07386882833918
1.5902876566770834
0.3901502665991284
0.5319944935064752
1.3006559156282747
1.518534606285534
0.012816406554612707
2.2169021435820997
0.3334767535132152
0.9947457540246816
0.4316228484234962
1.1431711679387249
2.0931746930119832
0.5458086505681108
0.3474663778966499
2.254927777829507
0.32337341946515663
1.2321246730253648
0.4488408545536316
0.5175374985292417
2.6443146545583165
1.1162149656228435
0.02149160552503114
1.267109597561276
0.4409317858046675
1.1312084662359738
0.9403581899017328
1.948119007800518
0.8472519249290077
0.09029468628571188
0.8285055769958021
2.1210747871487756
1.2179780299521241
0.227586205181789
1.0319987918329636
1.701415938268463
1.4399287554596474
0.08668835490642188
0.517877739335416
2.8528078180672867
1.2196830083243309
0.055612124184280035
0.61946337268231
0.496492721031758
1.4074331720439486
1.8783322195641765
0.6944396105690256
0.7358081750009946
0.5175589094862147
1.3217186963706766
0.0059141788567494595
2.568286313895817
0.04838515138437962
0.8672710590180704
1.736000095664873
0.9698130305612757
0.5940807693323936
1.0148680171442743
0.6571697992538974
2.227015406452063
0.14764107171485194
1.106819372394486
1.4030318535054784
0.010882483924254898
1.2503082540756025
1.5901253869644418
1.2539863160298095
0.7877093649412807
0.05993329626997636
2.116412518850791
1.0743729029628715
0.4766063103003886
1.1051470503353278
1.246050887919839
0.5125169006317765
2.3120393720224786
0.3644906762461519
0.10485913399517582
2.349695169622351
0.5389487459667955
1.1646064230814615
0.8874908832007166
0.910309290543872
1.4890451601729038
0.621865015169918
0.3766791525512753
3.2622924435068756
0.025662199568285592
0.32235342906714054
2.0992923021142014
0.15342214011536504
1.4188115824611036
0.1616404656474881
2.3111228272000974
0.32786615833881555
0.7178507505903832
1.3317328683844019
0.7715485803210272
0.21199303669180544
2.995066140779432
0.2970210666035456
0.34947041393003103
1.9764242204851428
0.7870335559038658
1.5643469273247426
0.09424923245082187
0.460285141309358
3.5919381908941017
0.5294876614980286
0.12302171258783319
0.11167467010131413
1.8311815603071728
1.38345097373386
0.8231928600931585
1.1358060478724465
0.839056248572949
1.2426756174620994
0.13610721999264744
1.2971037831877221
1.1932317081671084
1.4740169008243367
0.7406895138574572
0.4638504143279629
0.06923032312906306
3.0755479380862654
0.44905376653179796
0.6054294900032045
1.181543049744771
0.38894452005247815
2.5072883574062015
0.43440086172002673
0.42192034122506344
0.578220250449143
2.1971037310241424
0.815890857202739
0.7219074175830369
1.2238770639748644
0.630338738815359
1.76162870211278
0.3802351991069687
0.7448872652897719
1.751637579608494
0.31089686592191446
1.1321652337964625
0.6563087576409594
2.4233270522633537
0.46556737418708904
0.11746520843577618
0.10885887875565087
2.5491794196381163
0.39262313748681255
1.2117642459295246
1.530539709912981
0.44042614079753967
0.9464491145386232
1.4400036749147571
0.1193308939326162
2.404090554789057
0.766082734946423
0.1689610743060457
1.696070040861331
1.2973143636810738
0.43496338310736055
1.1980899658202897
1.6236225562827418
0.6118567916002489
1.0117326795062465
0.5719422527309412
1.3123462460550666
1.0334077527324081
0.40466549980905686
2.406084773531329
0.9237729662203132
0.16299478346342816
0.12668529449378962
2.879658063352721
0.4935976327870712
1.0326845279532066
0.1991463589512937
1.0291924814868532
3.1661400980323613
0.24976182942872596
0.06035423783658352
0.03926059728466462
3.4203404027364983
0.10837970377051719
1.0664478966913182
1.1436472029414209
0.6538433548436297
1.125023810394849
0.6500145001881644
1.5236015663138796
1.1230672855054633
0.42620156705045925
1.7319300100495867
0.07399019730104062
0.858691645258193
3.142525183502109
0.3406106059896497
0.40302197322094063
0.14457304119566486
0.9586374250680982
1.1711010403892306
1.9447138121970915
1.0213032969384452
0.2105386788049581
0.029184118009332995
3.4543846491093504
0.30640836452588605
0.536422201039822
1.9360248366318722
0.8771751108913948
0.7586207633101982
1.6007674601134465
0.36362015835077466
0.5445795846055052
2.4106550307450383
0.06872263365194062
0.9632849765178098
1.5102234742869118
1.0504437388288506
1.2582807945009746
0.6929368592398911
0.0926337510028538
1.7099082138499206
1.51332950983645
0.8615263736019507
0.2815318391015406
2.3924597323945123
0.4373333944161665
0.28694971889442245
1.801691061126624
0.613647641525837
1.528543718819871
1.2793568807640336
0.3649292449916926
0.5767180031589062
1.7375917562141954
1.512341593746913
0.16912203489017724
1.8230505604836917
0.3894906380838008
0.45161249391800745
1.6697547378708677
0.7111994136384637
1.5540390087092901
0.22472887263199293
1.6106693788665658
0.47308943110639673
0.7309682242705696
0.22952098251509712
2.9832875196563697
0.5228442418800626
0.5056495722306176
0.6212993040996495
0.4233968855062317
1.3592461856268407
2.3835836825673855
0.4222640494804106
0.3789633802229891
0.010765004590841032
3.170221051565638
0.45468286503747246
0.7145671923593042
1.1479827930273185
0.8697817715705285
0.6384823074761222
1.242396457959553
0.9874150259021678
1.7134592477194852
0.3611654271411091
0.7340178419917307
1.5671466314306224
0.058389109159545545
1.3458250919132941
2.5534680000698318
0.5745897724335435
0.15798095460719133
0.5027918903022353
0.6137079526113447
1.9075496095084703
1.5126212662758676
0.5791016680402364
0.9353952552473489
0.33863619296088077
0.356626414370081
3.318593737185091
0.22564586318021426
0.41826967374853985
2.811046624402042
0.5360360520640548
0.5863404687455599
0.5309675066619862
0.813868355519401
1.4526678108518136
1.8589581756560463
0.24939652049421995
0.6831442107809793
1.9197391679683047
0.1779223933012234
1.587744107611919
1.4130090950652658
0.4114385563761277
0.7416245846963008
2.673849767233754
0.06298991341375115
0.43215027875016643
3.5468026687958334
0.107704023691738
0.44395487010615176
2.0505815569071713
0.8357729664102516
0.5163999918423257
1.377709460749101
2.252033929533766
0.2854313645262585
0.0904195233545335
1.3463354256952624
0.6770254767874615
2.1206691539753013
0.0715882235240395
1.5930717474622345
0.43677458596785923
0.06227585046021891
2.168408684350146
0.17714019604268857
2.2701275171708426
0.5689232691312026
0.002400615447721587
0.9404095456971557
1.0018054251659785
0.6748990494686268
2.851747954795346
0.41620043613001395
0.04090651348629346
0.5197548371226328
0.0765293791290992
2.371083272172862
1.7579401230046656
0.22965697410403155
1.2687321387720838
0.32727926803415985
0.24174908542919393
3.0100792460324577
0.248737754082071
0.8674918247608179
0.18976816815479866
2.2061850190293963
0.7080778018139346
0.5606840652442794
1.3317968707818693
1.207495601550203
0.2779412560556325
2.4185029691859623
0.6362873142003752
0.030460723633303502
1.9560014747079546
0.9462181642762951
1.3588611728102318
0.6174219130991755
0.5714906575131149
0.49061596302453897
2.5343532488125162
0.798899775264614
0.2122988148596917
1.824209501993215
0.8266217538263891
0.5696245708027484
2.1109410815336087
1.3693952301401469
0.12105502276948225
0.01769639306397596
0.32577745841112926
3.7027952286510457
0.6128942477946665
0.27882370134960666
0.4866391089051439
0.23407005490137142
2.2525646405115602
1.4235148909423225
0.7093272583340969
0.3399698025524467
0.7710767611751665
1.4540073815444172
0.9313038170414956
1.5695521075323389
0.7553716949636096
0.6072974573181013
0.4249120128507474
1.302959857348518
0.19837326122985202
2.425428137247917
0.39472363169306973
1.2198355722092744
0.1389967045343248
0.11545002462665732
2.68160382070453
0.9240333325570048
0.6020483361236199
1.640131741390998
1.313017340396478
0.02055071939296347
0.6678407384499933
1.1409751732555857
0.968796700850262
2.2330283562865336
0.33726608494562743
0.2651696853524237
1.7777797451808444
0.17144785434827636
1.8140882581343338
0.3370408065057744
1.4169451043037877
1.1869425994172347
0.5229639713072491
0.7322722506898598
1.210867494142055
1.7771581537667183
1.2641429770662187
0.01970791018591043
0.07389346173653485
1.4733138025134034
1.8351136765176652
1.6185216893223113
0.02428244514860273
0.02457861299348362
2.29088013312658
0.8047609972896858
0.6906184287437813
1.9829928273046467
0.8820127462945404
0.7912197934241617
0.08130835903588857
1.0228070926326092
1.7669680191235948
1.066685674099948
0.9015559721414476
0.5779659200083841
0.6532600031031864
1.1192293614009081
2.662020820122891
0.03848895264207352
0.35139935251317306
1.9238437616169048
0.5154723010695932
1.625082645880334
1.0822953638977755
0.19653235063243052
1.938090149646933
0.6593852759968529
0.8045018635807762
0.33805739647482125
1.9233579264278764
1.3337782023412545
0.521380610787198
1.2770855699461596
0.7246708541876872
0.22177030934779687
1.8114555337987954
0.260487962070329
1.5093884114351426
2.295285304773705
0.21302190607899046
0.16962637513489925
0.6172933176155856
1.4502660603073307
0.2850616122117372
1.9168913171260893
1.0563066980319924
0.9988818861065196
0.4991130540594455
0.16408741267772253
2.1205270308698236
0.37145664956404273
2.0341456974966508
0.15508928169153385
0.29822137942661375
1.5616018389491297
0.8005439906188879
2.1081975998355102
0.2678302331937005
0.49906827513144664
1.024957520127414
1.3512956560971858
0.3968282351053949
1.540874968869475
0.7095374768050257
1.5980893541716465
0.33128753922913917
0.9801949411594526
1.2262714563229158
0.7475448586196501
0.46157125844167707
2.5373512792333885
0.6928630408282018
0.4079044592994646
0.9006289868796917
1.0710297071449184
1.5104382671591143
0.25042617528001754
1.7919101024770974
0.931066291324293
0.03347052787253088
3.0046308023065214
0.30728455040360964
0.334705808062594
2.0404884831491636
0.22923452978501282
2.0544465458564174
0.31709064622228783
0.31212672429643695
3.289078838810236
0.1259552597277298
0.6407255844119678
0.42589081169644366
0.9040376206337168
0.5638634366148354
2.2458830874742564
0.8258305684843249
0.755791146385938
1.2710408051906532
0.16382504789966962
0.5157145801731199
1.5738797593368554
1.0643798656439714
1.0375680775332417
1.7595760193853736
0.46751664031040435
0.28686696583621385
0.3986698635722551
1.4701941090232364
0.8539118186297137
1.894787569431692
0.8468519288521424
0.25465359878604116
0.2681509655175828
1.9767637133001839
0.9470649132885578
1.6189251764148274
0.04994965314468649
0.5948787348375257
2.898438001615539
0.48905268066388796
0.2983376815845161
1.8359077777420714
1.8020661348948595
0.10486731693206344
1.1069422045366364
1.9675198230919129
0.1992988415536176
0.7285800866951536
0.6495075264697137
2.930232733065268
0.514924055829243
0.027403121802987575
1.3769456518125647
0.6949075019551533
0.6258162382764997
1.5476495155124763
2.185207099571051
0.26254779246520143
0.07932798991297646
3.518954868961945
0.3276072384097453
0.12075215738059836
2.7928345197524425
0.31674400110812473
0.868249726018024
2.1013748697037222
0.11325859025377194
1.0037944131609808
1.980262798896308
0.9184876558095019
0.40719172647534185
1.4047105536344486
0.661823756952551
0.2762242155137541
3.4740167154328536
0.3732437913716728
0.06600450752715008
1.000103777277654
0.09286065753482207
0.883510455652218
2.9276358603130443
0.7840514416823261
0.1526560180826639
1.0855852812446833
1.742105368440896
0.8631784231170896
0.8209939635169508
0.19391564542754636
1.397279827267947
2.489829734599415
0.14756371140058067
0.7401216890564055
0.09750545893451956
1.651633966551894
0.27415887410476814
2.5961232836147707
0.07774514605565333
0.22344987266149854
1.214633098658364
1.521885214809058
1.508296908924435
0.6963000576693399
0.3765558436984536
0.5916233641224109
1.4902862992807093
1.9927710209864369
0.1266541139132133
0.9038297952513772
0.26625609077457685
2.3582437654359065
0.6877240580901036
0.7535447030331077
1.113698512013484
0.9082030927210195
0.17358492797328393
1.2362546663533753
2.0396454247830764
1.1440285124749
0.14942252802421924
1.0608884982181825
1.3120911442391623
0.5323942930980288
0.4564259707471482
2.5329237487045573
1.0622907293224222
0.16161831786493344
1.9648853126241086
0.32658515532012833
0.5101728069516237
2.2974308376579318
0.1877711020957546
1.5031390395278488
1.7383451876228222
0.22530737818242755
0.0833182471143357
1.7654061886163719
1.43344817094314
1.3869657974147387
0.056070644080469835
1.229538219422724
1.0227850658810704
0.04546212178677944
3.001476979786774
0.9949726562034068
0.0469516118708372
0.7494943307362987
0.7019942393868852
0.8831385678796033
2.0951406045505307
0.6958947774201242
0.5793688170183009
1.552798918440699
1.0981707327173273
0.7173705286151653
1.160953572143908
0.4662756111783361
0.5306721309648336
2.547891587181199
0.2791448952275578
1.1906407946092032
0.34573994739013725
0.8804996560275046
1.3840878771033038
2.0390315403069224
0.08990913401856283
0.4891176610125413
0.8890735337561108
1.0631780578371162
1.072368478781601
1.9161119820332877
0.02674863060712186
1.1769110218394185
0.32931767769954523
1.576853690750983
2.268371495088824
0.0788345839458697
0.11242820704674555
1.9907314788204744
1.8980691427051808
0.6347799358928305
0.4453731462750944
1.0681372806533356
1.229634613413607
0.7706760758629202
1.1494788886721496
0.17618225133265195
1.93248940679058
1.3539175536341197
0.8704486566943587
0.5719020172894671
0.11553903758628448
0.20547788465807665
2.4494658766203843
1.7024891227970607
0.32819558906497026
0.705387683350493
0.506789721035147
1.7548544800741208
0.44360145978474824
1.0884994571830908
0.8513686667561179
2.0192025772765323
0.09998809588300321
0.7150883601815585
1.8305864469856832
0.7814652533632136
1.0017762141685125
0.7918003205697954
1.3189976380302664
1.7080017843946906
0.19535553106882494
0.3223113032696257
1.6042518583428682
2.3827380595319774
0.43247931868012307
0.1327392887685184
1.963585157816536
0.7964371471690463
0.08265491668625499
2.2174675245309703
0.30753627224108937
1.4664158119960988
0.13077599825589126
1.9477861061967776
1.2876088310558418
0.08664819987756775
0.2074752491870151
2.5118604392030277
0.4501244638700067
1.6289398400535342
0.7561386349134251
0.18754754364431592
0.21087087837037907
2.8143675423209666
1.1274763401530294
0.20930680870131813
1.136865536863901
2.582765478040347
0.008408707338677898
0.5823232480318481
1.833444494387168
0.943819408729058
0.8405030519040414
1.4469091580700826
1.0197312268944358
0.4554975752045386
1.068647072191524
0.5238423330423956
1.9349227678280474
0.7171181467044061
0.7458662066432931
1.9838089043225866
0.4586924795456347
0.3267190786984731
2.2081572418568367
0.07259778368670808
0.799913988356548
1.4187236617353218
2.0606004597922642
0.34635128797334236
0.8223049315528692
0.09379267994299412
0.05481543529633421
2.302296147060527
0.7671009714822907
1.5984861063205589
0.807762730534539
0.051458412362146
0.20396594017352135
2.67936433860406
1.102986401263658
0.6574349501165438
0.5231719711597885
1.4556028056867054
0.8568101782662189
0.3753423736408053
2.8224665508212214
0.14833247467024785
0.5436748801687287
0.0908499328172626
2.573698411345895
1.4477833805745202
0.4064145187225006
0.15662376693094002
0.09715481813149876
3.6323517676644377
0.30028368519410004
0.7083287502107001
0.09453888873483972
1.3131650476929189
0.7931167412300749
1.0019553127850376
1.395716086875389
0.8802591322554926
0.7437310791409181
2.105012166343511
0.036417139943818545
1.1424073031247617
0.03786760091584789
1.246472694770996
1.2221085072300748
0.5062993956916242
2.4796855935037776
0.3714908047076998
0.19173441261504406
2.8865467697679024
0.9727478047399841
0.049800350006827566
0.7552902415382848
1.4977990337815958
2.026070302472825
0.25987095193958837
0.717544993438784
0.08304202349161743
1.9913855288721918
0.7515587663921454
1.4479202236090136
0.6036071589439801
0.5750461527899817
1.522987661249637
0.831103993327628
0.8568791247675286
0.9501063047432659
1.5913844438822682
0.6178923901783143
1.269214720850846
0.799882429001606
0.5344144767394006
1.256976678931592
0.7887688908574361
0.7243116385548329
2.7800949205575334
0.14223237203730546
0.4294439943152434
1.990951230797121
0.44111471427146787
0.0710637931404087
1.7119353796418972
2.998726610100345
0.075732926546859
0.09084326527111852
0.10819732584368727
0.5836661715627388
2.4418354701036034
0.6024093220532197
1.3584088154686866
0.04980834179706893
1.178622834484796
1.237870237072967
0.08015895411496998
2.583900663947744
0.6056299655784779
0.5173057810779497
0.1950742513438641
2.90166970641296
0.18304808826172123
1.0230042160602781
0.7229372274116711
0.2774056901627568
1.8830994436584356
1.8947355518038287
0.06360724981316183
1.2081627569258016
1.4743764397974093
0.6440943528165469
0.046872596257166076
2.5559615003366334
0.6497977076328689
0.8299330602932089
0.382814701636561
1.9441113259982636
0.8802152185090931
0.8126240926688191
0.16646060782309685
2.132304644011905
0.4251759590500064
0.8542357731966904
2.5444864781953784
0.05622866826046966
0.5921283812701983
2.2122239517710724
1.118692779612027
0.5156716038187306
0.360040173216742
1.5059421791839802
2.5552547774720025
0.17815563835951634
0.029304690331562327
2.411441177309075
1.4915273495441603
0.4779273483438805
0.3705138312759935
2.4180514622680023
0.46845359201861503
1.1558667710446022
0.012619046831079504
0.8600014661310581
1.2768641069071385
1.6338211738367394
0.29511348281888844
1.9329106498553013
0.35042048080469124
0.3707020307614114
2.3443534819433
0.6452197492048313
0.4782497798950594
0.27006364659342097
3.142439044626237
0.8753570217588463
0.13175417535412998
1.2281340653713348
0.2790384131441193
0.8368121525087521
0.6095818059542297
2.8696204049855805
0.5985512474087288
0.0719573595802552
0.9035064429720345
1.6565173219347982
1.4918536874366892
0.41171108775116727
0.6652813339807061
1.2163388562000432
2.6202313039221066
0.020790924877730647
0.09303038138646587
1.7628798217233272
2.009944748557616
0.5173909981725857
0.6639503879256267
0.9346434468269615
1.8432181064525806
1.003407552007673
0.2011734520079833
0.9800227729378317
0.5180432344181543
2.0496793665539754
0.5852825054951143
1.3879328536624782
0.9176620543865017
0.0030445213809343397
0.6069309770019463
0.37463052673387526
2.4713935728992036
0.051700799233415806
1.2595979587465944
1.8209600493720284
0.8587663711660455
0.31480307285160175
1.1538019998116285
0.2304038865150029
1.1793046631022144
0.1709925946150532
3.2972596105256646
0.07635306415920635
0.12908573888597624
1.0406515444808486
0.9519421358841931
1.6572338172118883
0.348547813520066
1.9909477211637807
0.0543128303535339
0.8251874264440573
1.3306972877274572
0.1844430354573904
2.763420244582531
0.1725294560570494
0.4622445000940098
0.5971812229403011
2.3562972825440998
1.1888960908626585
0.061176839984170873
1.512712555237829
1.0737410004846804
0.18143819253528903
2.285308496934471
0.9177775355898818
0.6024002304115688
1.5261729931224508
0.2812161775087029
0.8159806047127661
2.1050812058667034
0.7649196629597071
0.12683150061647322
2.230537317611994
0.9834235877091719
0.9195829931107841
0.5166806900674688
1.1407299690304717
0.10162798495642016
1.414619941353378
1.7992302429755245
0.6068580858479
1.2796618284569485
0.27820207029670907
0.741560326309178
3.2620734790758683
0.1436329220504097
0.23015691907971841
0.019217382149872193
2.2167391364875746
2.3747555039070685
0.22010133860376543
0.01839353514083503
0.9804456201605163
3.357945543143562
0.3142280206874954
0.154005885350608
1.223150477978709
2.328164048210986
0.23722107686087307
1.1950466450464252
0.905533054306625
0.20054489179917853
2.5398428085111884
0.263221231313881
0.910382840078411
2.4423566929767224
0.12331895106286159
0.3309817091953015
1.0641731007046211
2.6190580332693996
0.34190238177740545
0.4286011291011379
1.05597687024123
1.4983301719122588
1.4564327633978622
0.8354112791651555
0.037799542553643053
2.4161378979675625
0.23980325127006294
0.04333300274771606
3.8384532233595015
0.39532080302014283
0.38868238632674773
0.36009327546179276
1.3463548744047473
1.6693499817121078
0.36211526296767443
1.446388143552839
0.6790288463081047
1.3249716014743935
1.059982851284928
0.21641564322124854
1.34288619558324
2.047018484777443
0.6011963159550496
0.4402983597760475
0.7148407011411803
2.105221667615469
0.6217693194799307
1.14883094569059
0.7316862822652795
0.5457798515577755
1.2901507068941838
0.8636746124240626
1.3263769468511168
1.3731231698841466
0.4862389042956762
0.9635420631346608
1.7518612790477595
0.3437214242067664
0.5161334819815669
0.4591634386509284
2.710373953382816
0.683697990778378
0.7339663563904597
0.9443984952302238
0.5975296631286102
0.07684351928865168
1.1506555197599575
1.7115986637718794
1.785144902698397
0.25254518038424434
0.21123088090285772
0.9438060142525491
2.026153514930438
0.933179086923312
0.4292160742229181
1.6628318121425596
0.7921809743792507
0.8718991773519454
1.5062302332026574
0.22693334705295723
1.1951168659705131
1.1886501900765725
1.5700869582918489
0.4568534098963378
0.30399646972412386
2.0775739047313975
0.9471863004207465
1.1514204983431533
0.5729630395629473
0.7491893540439508
0.06300000391848673
1.7794137790892481
1.4978295324184006
1.1436651301524599
0.7139579403678524
0.04084429678691871
0.720969285268205
0.5676232011178621
2.054968842484163
0.5027749480522732
1.0500257985160304
1.7025890053416022
0.36656195678194897
1.4156092104330593
1.2680480478219853
0.2649452045379232
0.43399669119442036
0.8057034619890965
2.3484431835666255
1.2886472256046237
0.14764397338666843
0.485569474539081
0.8188721882035498
2.9489547035603967
0.2575530360561916
0.3491130305228488
0.16353299813011385
2.240101650325057
1.8886660296406903
0.5005106676351444
0.022720580322246386
0.17123838907228417
2.6973130193970585
1.6548131000227653
0.2568626628713896
0.16292285968797857
2.2064504343870404
1.1399270302692563
1.2595900308409649
0.1551091372353
0.19478902317940397
0.9052115752978833
1.638538265894558
1.586382859225913
0.9255882824070897
0.16542975276609087
0.7316146912326231
1.3572043795585262
1.6777745747329789
0.4303063569246019
0.6217950469386895
2.064937663753477
1.061051830407761
0.33904663265294915
1.7056998706171043
0.86306546114609
0.37584098453602116
1.8680592710041382
0.7337941995147453
0.21259869002356427
2.885584053424245
0.5540538803368897
0.5833938185285761
0.5418365534975471
0.8031332202914493
1.5703344236979027
0.7282138308477889
1.5147068810242919
0.8773698667327255
0.13554701472447436
3.0867674708462816
0.08210266351011201
0.13151540557727506
2.0145268551699314
2.360060225641299
0.09838406107087098
0.3539090080140801
2.424824628755866
1.1957443814107807
0.41054141630319146
1.4351456575064543
0.0072894729971127595
0.8816471708478388
1.9027858861545568
1.560589133423404
0.11765182636999777
1.3518353160932026
0.9657480269543023
0.4896461597384457
0.727481460944966
2.250228337778848
0.9157041299082206
0.3934534592941157
0.41896238973283806
2.0121771760798937
1.6828293445984128
0.6010379935913295
0.16007748705725472
0.8609171381183263
0.5556326450477491
0.6313053654722436
2.404943973872479
1.2435888367228145
0.42775414552639723
0.10074224448973022
0.7715157397340375
2.3739657106671435
0.5342016513432669
0.8622866999576007
0.9389530656565053
1.4987993738156107
0.06841405288868721
2.47136111361532
0.35313178101039194
0.04268098969488811
1.8291587177183866
2.526710602028806
0.05484364350129148
0.4992583059071487
2.4601506727234286
1.004150638086763
0.23419658486091957
1.9222794607293718
0.13114435929481966
0.9086487763050846
1.8231211475788676
0.8280908734766541
1.0259059632616003
1.11249848780469
0.4332930675171301
1.2761602682319728
1.9614622299834792
0.6354551560204278
0.015508101951588263
0.9308491905896016
2.5770058185004396
0.19191268308869897
1.564152789977616
0.41240491449989114
0.28072418632014473
1.413883455905608
1.1942995075434155
0.04921024279563646
2.7085848400532004
1.2091780171749387
0.08559050278639632
0.49043935932500776
0.6322289619361812
2.859130643338661
0.323289486236181
0.5036529937215857
0.5717122161626688
2.3156328112995364
0.1520036838604694
1.5037035670591181
0.9165615891035411
0.16760308096460166
1.4147218753221065
2.468126437928495
0.16601530577081805
0.5806944574744319
2.2690789438577963
0.6232910360269293
0.6178635880598858
1.9893940572776518
0.2101228598232482
0.950278066258902
1.8014096979818293
0.22456807472202528
1.7858961829442859
1.1594541345587124
0.31550398950529224
1.3550455400624024
0.45842439758398235
1.1186451531695192
1.4913384412305226
0.6986209460180073
0.43094228973320825
2.402644365901216
0.6091091054515541
1.0513322814301669
0.01479783859578324
0.4967401472410939
1.1309394347524124
1.5366712469490182
1.189095724012502
0.07585931706237252
2.5932646687914738
0.596052936114889
0.363394593268683
0.7417334002688756
0.871149208150778
1.3635412090278882
1.662531025741177
0.0030488105948968634
1.3529124339976994
1.0454942741051414
1.3690662086859235
0.8052932479287176
0.31929735850829677
1.1578874207745924
2.4674079242566647
0.21831996931312633
0.6565137286266655
2.178188678257022
0.42788432066646614
0.7240023174490766
2.1581502586929986
0.26802432396444664
0.8794458582685202
1.5728958748141966
0.2297544324809748
2.116309144822541
1.0312897340779867
0.07379879620266844
1.8005136048492834
0.22055926151754043
1.4239682552286144
0.7191126542694725
0.7628593786061638
2.2878599279269003
0.37057877240065623
0.6262847073994877
1.8047276929803844
0.30180340569614644
1.4519727461094631
0.34889538544012816
1.069999754070107
0.2790445312172009
2.1074364971415407
1.59567679462351
0.44320042510656815
0.07681221587735376
0.3005134624405142
2.030864996877002
0.728509690673756
1.262650744240697
0.6723154716570924
1.0492997342098864
1.1728515114919804
1.204471256462032
0.8057172069688707
0.4940485365117034
0.9829142111813272
2.4190363229030205
0.22447866833330668
0.7245664407876101
2.1749671227112057
0.43949051401896394
0.532629829516359
2.4327225628217417
0.31186791216091914
0.7383588512873648
1.3343525248945478
0.5320835767209954
2.0961640575435863
0.8802835954224595
0.20893863873446006
2.0273495081068873
0.475889085481771
0.0035280851560590973
3.3475957050020364
0.7924506053765674
0.01917011309912827
1.8421827226604008
1.7842291428995685
0.5017675997452373
0.8463139772777322
0.10116723328044688
1.993823261756553
0.9245488212536191
0.685709446801577
0.0890530720753254
3.2002195924273202
0.3514455718946129
0.6298908830986757
0.551636470082648
0.1377036431874581
2.458779258442288
0.2809210197883196
1.017351534053569
1.3536484944458151
0.8453902310591813
1.1624943773162382
1.1235733366520837
0.720549108983256
0.6864833959592681
0.8808283755348181
2.3513206118471848
0.18302505585387294
0.7725524479354704
2.266489765474196
0.6750157137684386
0.0180755680613816
2.825155071986472
0.3285988622183635
0.5895210584583584
1.3536030050265433
0.6699411954267479
2.0073358144393283
0.6460644398377459
0.5695720933897033
0.7235299171172282
0.7773638795033695
1.590640785646501
1.156889369297337
0.7650616239096619
0.90331672334563
0.4626260658237522
2.2580501861542635
1.0553025173126147
0.11349992425768568
1.3724008109704378
0.9090270062344629
0.4214691696991438
1.6206312367600533
0.880870341253004
0.9823643207618119
2.2094895722200705
0.18708240979818042
0.2135338204233359
0.18172411183209955
1.6957342996308336
0.6172332411370033
1.3073471606036289
1.3247241482206178
0.6300468202847099
1.2690395265071024
1.1502314316386246
0.5154253008843147
0.8903160283144498
0.8388113885572075
2.2758264110385005
0.094856503226887
0.9051187200054299
1.9718170136027633
0.4128256514798398
0.8538329847602827
2.2490753114926703
0.26205587426696464
0.5139135496741136
1.6524768420902636
0.5958435158282283
1.885114752475446
0.3547720844802944
1.023877247998786
0.5848337763333411
0.731780093001889
0.4683793026034272
2.9721131668741254
0.017993465597055853
0.5290898683834327
0.5564301063253319
2.471128835348739
0.9423080391994936
0.47276592577217535
0.405083204393677
1.3911980849143608
1.4632360987395086
0.1556313796656396
1.6611142383637199
1.0170455356528483
0.5686108377541087
2.460646568455649
0.43084647527252856
0.20200080964420172
0.2494955642754198
1.352952268052223
0.4636431699294859
1.6115701233650748
1.4121918122449748
0.5073087930680721
1.269622101262218
1.2526601679176141
0.2421644503945535
1.107391680727229
0.8450209882073817
2.1535291911249757
0.036202555145964974
1.0365457431718053
1.6474944539983518
0.098666250762009
2.1312690597335266
1.146891877384297
0.16706908022146535
0.4417204839762902
2.2735434560091057
0.24315271140488778
1.7261318199703262
0.01576793910572169
1.5824744580448653
0.4394780496887689
0.40813507586635517
1.5994529700563052
2.0258709733496896
0.6017572198896931
0.18198120737395704
0.4078025175391451
3.9220577745655225
0.09508600553569703
0.2644637990996
0.3691181811103719
0.54639765504359
2.052565343385585
1.2862559180937614
0.6942423687028658
0.21160652707324196
1.939783104791748
1.5862083695463673
0.6152095389496786
0.6320699361348475
0.15549227053408401
1.2711692600213662
0.010136883553261332
1.9748888653803547
1.5252872304253278
0.45812748693549693
1.1653576431263093
1.321146625543739
0.09990005784329964
1.285368912224021
0.8605467051258107
1.9228764620812948
0.21534905026835735
0.99128331029991
1.187784808336526
0.24824363204494126
2.983537697391369
0.12529293182216766
0.15617095013877538
0.24769483140236825
2.8878221841317333
0.4685976350417957
0.952638487565995
0.4657590808853248
2.0311068208078544
0.6996717934759256
0.17745782431314364
0.7076705804363982
2.4258205603086576
1.1569953993971827
0.38072591946127393
0.2525258699458296
1.666289746164554
2.0366649105024073
0.8020397481022562
0.07494935425457074
0.40781851634329375
0.9774050802695037
1.600843275260381
1.6654518226729513
0.4659506604177265
0.17624361619650925
2.1127852235802447
1.667393060785255
0.3869961476588188
1.0140476432783925
0.5659888497651991
0.41649741526419576
0.5192000967322389
2.0114191688697236
1.434198925367329
0.5063416537723121
0.933591341262394
1.1218439028895968
0.5103420673619231
1.237712327054939
0.8669518736006364
1.7399081798924099
0.4604877081044357
0.8941442234435869
0.865144555079427
0.6480003613946841
3.0597471163395693
0.016006458126875057
0.007385335244757065
3.380343096483797
1.1096065245718483
0.29059564575560143
0.4753319021110685
2.3363568024840555
0.11006143889420807
0.9970244511400823
0.21824233944096932
2.995884723034757
0.24350199623404178
0.17907892495254668
0.8064492075614803
2.6639840480272916
0.2735979694218233
1.265661510473721
0.5388362305036908
0.00903345736904373
2.338613691265147
0.6419078853868444
1.0567941401243868
1.4545144791658282
0.02544587845620389
1.6883549666553161
2.099342300087025
0.05032003705610696
1.2965522947288
0.3135572743135184
0.3364626054116372
0.821737946481717
1.926098924610275
1.352192344610722
0.6144065069773292
0.6400968952199574
0.9117176725213927
0.9845773343806058
1.1536120338123377
0.8951607014721871
1.52279749575502
0.7829887295666854
0.769651118276477
0.5721052107799333
1.1179138002625466
2.6633417796578627
0.10704340445885761
0.13705514578589967
3.071307687779338
0.44459958931437643
0.8269669281460471
1.8291828338937526
0.31035425111547843
0.7288615130233358
1.6754614892509698
0.07446794628623449
2.429512953481957
0.004800428942163984
0.5939522877731435
0.7864706252960729
1.894867910676295
1.4347366893510218
0.12810282052163063
0.8452471194059448
0.20521932848711386
2.7249023196250755
0.09183291979825013
0.8455169265754817
2.0209662921243803
0.044920643597069224
1.5004555292650295
1.8679386965663074
0.6690636364878146
0.3195378387557843
0.599959972914735
0.7179008879319739
0.8292982903407605
1.8033416745795319
1.2962776827232527
0.7957056402519265
0.290498964444392
0.6912218280213998
1.5163591243863013
1.0383798083365512
0.9364419736825764
1.269159894363418
1.1978020377082188
0.6219116685225629
0.26559619902408543
1.6567318597991827
2.225478784980908
0.21955481361179083
0.2897311336863642
2.962609617258297
0.002545335486780745
1.1264689959030028
1.729235108913291
0.5960632888961982
0.1606432464390714
2.4231123152754894
1.275802476643724
0.20049144814121836
1.692466535466699
0.6240845773265901
0.25441698332721185
2.209349247083821
1.4590321404938285
0.3546451087513128
0.14843107313063097
2.8280983539707703
0.052427489739257926
1.0287105347786178
1.922275169234636
0.046179175420461314
1.7622522165574719
1.1531255359058297
0.6485643090943816
1.0419143779792823
0.2577876677761858
0.8420111131744031
0.9487267523573657
1.7356621356729554
1.18044131147513
0.9624947509058495
0.10122656998306896
0.3567189482655308
2.055041476966534
0.9147907802496462
0.9820064994337331
0.9912361755246575
1.696385238750194
0.39401103157726164
0.05565706091793648
2.203522674768226
1.76289475389666
0.3487679812441409
0.441852274598723
2.313954651615024
0.5051495870524714
1.0592307808358037
1.2793794922045931
0.6318589334282391
0.5237600560591108
1.2947795844663679
1.9890119109305027
0.5162302965187918
0.5036464256468317
1.3861031820110328
0.6728539061024561
1.1811988549498438
2.160535365821054
0.29539228622708824
0.016371317483529598
2.485584003683518
0.12558580637025038
1.3208119565764418
1.7265710687823277
0.01062330222372561
2.2802320896018125
0.35016390919739815
0.3191067953113287
2.239026537007687
0.26997373028354543
0.733511203307702
1.0787873717998209
1.8034463719315754
1.0487993654769512
0.7880070318850708
0.21455048498847404
0.30411089685260656
2.2083915563744947
0.7820005276304763
1.0834243019170293
0.6990601768404966
1.935695397452585
0.15625521828309238
0.2524738701355469
2.3896448166564634
1.288792682126141
0.5079895740395183
0.5983359393730586
1.6903819895822207
1.0620025619410935
1.0048662370284132
0.8740860605031503
0.3589045435218296
1.1138895174077514
1.0652925351546094
2.108149991740431
0.14680804555680796
0.5537510444437626
0.4498742557247741
1.8214085558847712
0.12460967320317572
2.0209751583167823
0.13165589950574572
1.2342805005547735
0.09092988324431932
1.570134118677711
1.7780510190741272
0.03709945072979884
2.1814929902540343
0.03332556650010497
0.3383076883033294
2.4170439017144276
0.5784765755697533
0.6131408450710659
1.124595210070163
1.9246751617407614
1.0129417268578726
0.5101909437773298
0.02420546715547959
0.9187006928180731
2.0691890540487528
0.6318563447641466
1.2937151989671827
0.3375929768454173
1.695251167822982
0.7017700783840479
0.11578844101880757
2.3659148595709985
0.9508255597160414
0.6911997815338595
0.747197188178403
1.1064308037911035
1.6748001305067524
0.9533215148592347
0.5372416964821534
0.03443476287924513
2.2624947711356107
0.2195975596299638
1.493159664483931
1.5069306878130972
0.5360721854936491
0.596212870872228
0.07116101769761769
1.7130700218826878
0.8282291776996785
1.7291367245419214
0.4512073772195815
0.5343146823267627
1.3459942416674124
1.8635395749576718
0.4479239269078918
1.031629965614075
0.41644044978951084
0.6871589439777084
1.95045345185834
0.6248309633291682
0.694675140128155
1.0360045355513798
2.0976387336539055
1.0564905250138101
0.005454048548039306
0.2627028606683211
1.2096206676085817
1.918193809123433
0.5653284067402684
1.4778870901717611
0.031073844816388665
1.4484238847010926
1.2060003857328951
0.01428036044443709
2.314056832297593
0.6411829113812191
0.9012550576312398
0.8708916469111672
0.5805229107893378
2.478099164235862
0.8228004171930184
0.013886493779817054
0.5453053958935269
2.208025849086284
0.29949242256506675
1.8632419988259137
0.8599701602989085
0.12765743274740834
1.7695864411796032
0.5232466768330988
0.675659507329257
1.7136031979229274
1.3927754849730687
0.6768627783938462
0.13695255102029177
2.4485058320412754
1.4981326811326685
0.01829666151900951
0.6883440978045663
0.5439081483901997
2.0766223401542567
0.36284044388384273
0.9817116643804408
0.8056750749816445
2.031382477039708
0.8372584790290809
0.4660087635522303
0.04858084081312538
1.1953208083984932
2.0252920577710176
0.5890596823772977
1.4115685410279928
0.16733339035953113
0.9969684877369404
1.546979085613402
0.021168822682190117
2.197832640223842
0.39002825481486364
1.145455880017238
0.9483024227409723
0.1408307228886925
3.0384126415267376
0.017628965493249694
0.5422056567015486
0.21981932971122306
1.930307284849795
1.001255304082469
1.021669240761235
1.1919878875349037
0.7905657840733994
0.1959133341458561
1.9016322560720365
0.7427721498843788
0.33200644776956684
2.547445290005602
0.6228657977073649
0.47819270702697014
1.1804792104676876
2.123468100345766
0.748973330824823
0.13909639875192137
0.17984396287991428
2.3518532438695705
0.2779942676316011
1.3231384669847643
0.2617380182494728
2.022876259425657
0.8820699213920427
0.7265933473802825
0.14314072305525163
0.8282029699915489
2.125256451162797
0.7896681784680187
1.2672648577436
0.20486342946013622
0.6963451223373909
1.8161503931709648
0.04761132342039046
2.0605742986688638
0.2510018697734235
1.3401382596126516
0.7926517211477994
0.2477415194431834
2.6284739492250933
0.8022546746747616
0.4610124561079433
0.07875348664520226
1.6485832895593535
1.7148550481540101
0.8282532640953552
0.5105427797053171
1.4306587348911444
1.1147471893696452
0.715537509198403
0.3089749248642681
1.4854183684239215
2.4972385378250563
0.17699718213339558
0.2501401876780736
2.903233405252138
0.12021767699196736
1.0979726495157254
0.37161800696385666
1.1069517172907104
1.2920338140315955
1.1015146923804722
0.47872559688150845
1.6646465711981926
1.099903565101922
1.0217559710158814
0.29449112212407663
0.2676877212977952
2.231389497899884
1.2205942776398908
1.085632798499742
0.05981414342844444
0.6120241760081867
1.9539077153194417
0.24426713043429038
1.8335149787980054
0.2360586086136664
1.5260421914538855
0.44038199264013417
0.5127109803175974
2.2474126778212904
1.3012384840455977
0.33118475171942224
0.2873250942104
1.2216161901282372
2.3753127605243387
0.4876859784181059
0.4181992001414317
2.0458311834554332
0.01580935921284783
1.993748232623644
0.07338450217189094
0.35274084293551694
2.636754422264585
1.177560253736626
0.3467964023438549
0.9675746158422222
1.1335100315390199
1.7493815415961553
0.44895135096437105
0.17481475355513476
2.2208344157833952
0.35639875591922004
1.2170519236707023
0.886991556549619
1.49352827344494
1.3176865760756367
0.02788598534867058
0.3713422205830171
2.044323811296085
1.7156640517011064
0.7135989960236212
0.259065679046276
0.43316869140742
1.8825362578725238
0.5793309180140999
1.535597130942791
0.37248535426524726
1.7423361275981213
0.04887515631891509
0.6548722870269116
2.0270755606786865
1.5537001747873112
0.31907384953727075
0.4479477834390553
0.7321532754925558
2.9259058610479065
0.39204470261742663
0.11701909392013388
2.6872805078150153
0.4850266755089495
0.8981190728484013
0.09331180471402434
1.4591257449314519
2.8206440573436877
0.014802114816862999
0.38286586440782855
2.005517676242295
1.1515409682697528
0.5957999833518569
0.9402924225644058
1.1826549532280197
0.7472547497116384
1.5843020940963208
0.022316607026668045
2.035918531355563
0.5640237306395074
0.7593070847431248
0.4242688176524172
1.2814601310479892
2.4055025709997047
0.13566008819277003
0.7203359660881267
0.1860734664763642
1.628568116121326
1.0533252920629679
1.2258568744752014
0.6169594460320218
1.6872637322814457
0.3282721038367368
0.3946145716469961
1.8750336206579392
1.700242659950209
0.4556745266675094
0.582596958213529
0.3077720901712618
3.208090998090542
0.311826042386465
0.10141864311221353
3.09702604397724
0.1626982083275082
1.0176197863435932
0.15925763632949047
0.8253132833377405
2.235438074750011
1.0405975475030154
0.5280503126972035
0.9961198345270236
0.16838306048567298
2.1835244598730217
1.011899922036947
0.13522925044053652
1.8783063289172244
0.7869063443567035
0.919892110626044
1.5890649634638288
0.2863521481260863
1.598612331146666
0.45977148074379676
0.46656719128240154
2.6550124306149714
0.6229777739423576
0.7231252083491049
0.04422749224645467
1.3526739596046702
1.6298758960774158
0.840776901725924
0.9338342733160367
1.6081980611101874
0.5924835709764932
0.038414276730327566
1.900327404033555
1.6364232085471997
0.7279146949039873
0.6949646252749391
0.013414072134956422
3.0426899086194905
0.2671750337334366
0.3519832910630489
3.083917987523506
0.40033714027025946
0.49917589807977364
0.0185246278618699
1.9409801427149065
2.1906703879138747
0.4659714874860233
0.19820576920785243
0.6233427018916609
2.7631082742453463
0.1059987741873271
0.8644755410526285
1.9078080683875935
0.17921311172658475
1.6016685004129327
0.6881831731045251
1.0107998276549695
2.029531800354484
0.14487004171323783
0.2630727714241374
2.5280109280424328
1.3650109286388268
0.5664603024978945
0.2030033959384789
0.7760226875822404
2.2232157594386157
0.3870854667029203
1.3847392233401123
1.370179948192015
0.25059924900296227
0.645295674770321
1.5632544442307224
1.2469717401304214
1.1739150591439695
0.6655404882072976
0.19697178063644977
2.3639361351757366
0.36146212823686885
0.6383063151836278
3.0309368632207883
0.4876082692610193
0.07015880290833104
0.25877873530576745
2.3162336546411098
1.8443141606078681
0.06389716256881572
1.1237462245500356
0.002734647784282136
1.710728619389676
0.9569853514719481
0.8430934467814298
0.9166475399159425
1.2911037666652656
1.3581384742316012
0.10502187460577425
1.7442736805441044
1.1647026044495052
0.6860571057214655
0.31877549416906115
1.566981214890988
2.136004579862401
0.5147093881370434
0.25365755723866007
0.09481983121195779
2.6055650017929697
0.14381410366270944
1.7310571893531135
0.9052168477244964
0.1548351023495994
1.2899381378268122
1.3216392858703636
0.7458967327562555
1.7517347817586952
0.7382180252597235
0.2241352150158572
1.5586598929047706
0.5995003309193403
1.0528928389405356
2.438497604166992
0.0449998929595953
0.512476975783004
0.07049191631641044
2.622242624764442
0.8059616898434732
0.9542109076944374
0.41447588514457373
0.5312753709910351
2.331002929746544
0.6725139623053847
0.3029437878350774
2.347332475400032
0.4848829349806464
0.7783023993278639
1.8256550889440382
0.11995357232452292
1.7370068652211423
0.18796792491003556
0.8437434615300979
3.190933262835218
0.07034702021714401
0.30915251816730865
0.6502512648761822
1.7730080097336394
0.7385447283142335
1.828562452277447
0.09767968751121543
0.6320055033846071
1.7259807598628956
1.1520524884305392
0.17901332510833393
2.43277274791729
0.9611593086887089
0.11120566046558064
0.7139846851718772
1.0857971056203832
1.4797669299286316
1.4358494601115388
0.6371331769528111
0.4601997162659971
0.5232527237482018
2.7608196919805215
0.009408111277280735
1.2664853652852417
0.8525046067014493
0.16491751953127964
3.0134589153149873
0.3438853397874624
0.07787719523841284
2.8640318195082903
0.294342335900009
0.9453279709434865
1.2556100970404382
0.6679595270960149
2.2377614291051002
0.005215554397503945
0.2862134472992376
3.388287953770597
0.5996882243521553
0.3924577435550667
0.693881120469859
1.2061393120945023
1.310328124535263
1.4305348120662054
0.5567324344621658
0.6281789695422594
1.598218028167642
0.7611566838091358
0.4824117746318385
2.5704685406724
0.9396924037258542
0.07724639590033479
0.13988339515223594
1.6064819251736118
1.969039546097311
0.48310814202012003
1.131260035439017
0.5391356083586883
0.8312067001779145
1.8097288422114368
1.2850873033131303
0.16683703861422375
1.0476227709355186
2.600612703280938
0.33932257454065257
0.02908117805166974
2.475020782690918
1.0751265334580142
0.6183086273877962
0.7904916687497355
1.4713219009558833
1.753137051817763
0.17922300053045812
0.24018663695989798
2.618806450620781
1.1301616622872883
0.5293970285660129
0.7056193775640217
0.5607383370567051
1.8141037596056926
0.9468716510355049
1.093538096907055
0.5608922015372863
1.2994062323218543
0.22009195320414823
1.3927042874835198
2.383015334825543
0.027956335487910502
0.8128799837857128
0.6009335189816744
0.8974484158167768
1.9889350740173992
0.5275077618446894
1.0506099493215804
0.6519068896904999
1.3153835806919656
0.47492540436732644
1.8797144704832642
0.6694585938309698
0.45672010049270695
2.4446980523335773
0.4442646362070396
0.07119847151136288
2.1871986684744282
1.7022045845369986
0.30359431836595396
0.5872204582376136
2.273588193472532
0.8540837939087546
0.5360865582667372
0.5498852214650486
1.604598103713261
1.5524229832016152
0.7827443304081108
0.5425728393424173
0.20280570259380937
2.0894196563926406
0.4719146996051237
1.6613933663072362
0.46162324057890475
0.7425859702104213
0.3311368823682137
2.012961948705786
1.253670738655901
0.6190247346463146
0.7551276426345751
1.2382839003564186
0.2810163560911865
1.4258585568175495
1.8531124174680589
0.525929780815638
0.6306944109332774
1.3171314766517557
0.7739599735920002
1.381833744070317
1.361828612888728
0.48947103405876585
0.5584791559751302
0.9375753322706617
1.2806060165347097
2.1427081791251683
0.03735326233217198
0.4708821344003804
3.0540801264634507
0.1934570351356644
0.7668218620779537
0.9356764972334418
0.9017565248818072
1.9969939658370173
1.0169494062992814
0.021860697630834435
1.0181400049667915
1.8489467053481121
0.07132737627382932
2.4912787752882646
0.3617686678440448
0.16307750130253895
0.9961379431004853
2.5224474477660936
0.148704056975686
1.1873454904596175
0.5382915631676642
1.649212950397284
0.3008223170767864
0.4862922484272323
3.217879301933644
0.16498387124984662
0.4752941885771464
0.6867087231085199
2.158731065872583
0.5136522756094697
1.160131094641463
0.553785279219068
0.9118689670191249
0.6658889845284084
1.9629867082278092
0.9837026557076187
0.41003619733371266
0.5783917557561903
2.752408219068013
0.23572442334631555
0.6334253236221415
1.3457789448540858
0.48453245274424533
2.0449945017918645
0.7471907607105427
0.5009319876027827
1.0511041954506866
1.2887845138237217
0.2169684236609277
2.847153525908141
0.1473489447198558
0.19226598308947618
0.9294726337795574
2.140912672931144
0.896892944573262
0.9048253483688143
0.20994557787574342
1.9173705816732223
0.20832326794711392
0.6834039211424424
2.8473117904022054
0.9099072008814124
0.09686060128710022
0.1190767504677105
3.4268091751499243
0.5357281683393047
0.5320160748296505
0.11122570114463098
2.0645791785451424
0.2930143589257585
1.8058897240902565
0.8078499728156493
0.022096641612339492
3.0010111770265926
0.563409447674421
0.17954572796132912
1.7689327347946784
0.1545370580570888
1.9255422033012197
0.6172511492097148
0.9297508737486131
1.027825532899256
0.8798591069045871
0.41327041265911296
2.606382059520032
0.7508897354347369
0.17910983964316268
0.5159824300054172
1.8592522615631601
2.0502798858148537
0.36049240218365614
0.10574579535942957
1.4955503535294394
0.38113293940695686
1.6798522275425631
1.65211700102262
0.32687330001153087
0.683999264733048
0.9837725621219895
2.0748735519137775
0.6822048304179409
0.4929115977749241
0.3674561434740886
2.1495635825777484
1.2521645133407644
0.25621388370077147
1.1560094695209213
1.1127580340533023
2.059990224042848
0.11702780062046454
0.21724595389488
2.18547777534674
0.037113980257540265
1.6833151393014447
0.647546790289206
1.3040817161129854
0.9724351147115948
0.5587061048036086
0.5035034298859097
2.4483202381536433
1.2305084231146801
0.18481014024409442
0.22633069801708275
1.601711836797389
2.628230033171132
0.3206959541512741
0.1962465557302314
0.3810019099788852
1.0199929787079074
2.9384598269736872
0.4885497003061983
0.013910418085868853
1.4438011996450684
2.1373945931405207
0.9481401407412204
0.07451809286062773
1.0488832665421803
1.7379091321113058
0.7440992897994195
0.998013554915054
1.0946659162843282
0.39404534793988977
2.408502229674298
0.09784438940325144
0.773414256685641
1.9432822062098838
0.04337320164376335
1.4362736943844405
0.8324232225026914
1.5669874529836891
0.8876496847358508
0.34340428484807295
0.475287231136598
2.40634488835537
1.6028477700100399
0.17211602934388215
0.03591306877774037
1.424055037692004
2.877465331193678
0.5064167853567422
0.001992751824136349
1.0941324030876431
0.47867223202844866
2.6018432861313716
0.31156978022080245
0.4705585494244973
1.042252099889483
2.5934725820397264
0.460079560595274
0.09109468519380164
0.8716800605160238
3.3055667313923585
0.2230164279646872
0.19147714333416654
2.164844918936823
0.7869955692535886
1.1148327092238473
1.242726606589588
0.2932235344661505
1.5350036257050863
1.0042058203450885
0.465494783175583
1.3551461240618101
1.7921090352723759
0.7768585265540966
0.2785415036592618
0.30821581806115916
2.571848991153194
1.6997379299807651
0.07636654858658874
0.23972371732821499
1.1293111353413876
2.821664813688666
0.3870692606566831
0.34085600504098434
1.60840213392032
0.600513027767351
1.3233971063696344
0.5543874065475235
1.623978378638032
0.08988170792084509
1.654065622742219
1.1025141364456466
0.5183153291135476
0.7579058196808879
2.1952453096376607
0.006832078220327709
1.1157289597412998
0.9806845057784176
1.6076128508632688
0.3466648410284293
1.2270229033730375
1.6967789333203651
0.17530931041669565
0.7782333204160421
1.6896021021027414
1.5980184527974182
0.6435718364338142
0.34564075032000785
0.002944923927870856
2.7715668348147924
1.5023758504766984
0.3078220527655441
0.3068748872008376
0.8603177465092722
2.7569365270663604
0.37696120655761606
0.485609996788438
1.676537051006437
1.7600504692106083
0.09152596120881071
0.5347463384656375
2.5181432515323823
1.1689795722913454
0.11543075462173738
1.225505009155883
0.4441759425963251
2.2728779161449078
0.42410338281816207
0.36450198543453755
2.2692775069422275
0.43454609025023905
0.9487116553851427
2.0812238076159177
0.04061879064882481
1.210368226462468
0.810022864217296
0.714395574440876
2.389773236519953
0.5879214229320534
0.49738993978909085
0.14499088770946625
0.8064573275130045
2.367196023289997
1.06183515945481
0.5762556240283601
0.40713334636972426
0.7106846157834081
2.563226475985663
0.45495004305136144
0.6060538370806465
1.5255379418095
1.3388278151522162
0.5118521318579748
0.6934894279904132
1.4712754484140438
1.0504419342035125
1.6791823500762892
0.10571240477033897
0.138819878083835
3.1295892763268176
0.7218748421793229
0.33106073418215287
1.5463515433441337
1.285526234324464
0.45182148402952643
1.7190088650820523
1.302888121916942
0.2792169347130771
0.2826237377494181
2.6894285988723587
1.5078112782493869
0.18186105162623564
0.08126100218481067
1.1137202003941544
2.493492967189036
0.5875057353655441
0.7772300491721114
0.5478421599783135
0.7002316550161696
2.233388669543012
0.6286647766775928
0.6378309372803098
1.5972917362728885
0.9104423357600653
0.41446568245619547
2.259371508854847
0.25759981882201005
0.8010755742896035
2.0216143260531365
0.12095922820286924
1.207913868097452
1.011811122404926
0.9871324028146836
1.6574064957587875
0.09814132410866902
1.1005731794666709
2.291629497415044
0.3708292453829576
0.8146939247816922
0.44771371655287917
1.2478037406210576
2.7745565580907305
0.12554874798925159
0.1184261228314983
0.0015597467748994652
2.797858130748983
1.4643123652075758
0.3554801784071329
0.7282878475996707
0.7593218970407399
0.942168969427409
1.7148606471659726
0.9084196756427539
0.553331030149087
1.6859134102815332
0.8419245330782714
0.19104785265497315
2.6371286739614277
0.7044084315390683
0.35390517697464524
1.2269763176571853
0.40500879901908843
2.1639784574603755
0.5738029006676708
0.46795869913952454
1.6882945117540566
1.08866322929782
0.31233987341005426
2.3070704512728657
0.90704107304369
0.2709922405289032
0.09427762011876166
3.2253181667227757
1.0238750797042544
0.2780779688379961
0.013420827154833604
1.7919804862079411
2.131083312636875
0.5268519177368306
0.4889662660198977
0.8970837203310154
1.2002948204829318
1.1457158062871198
1.298255123108964
0.3160871825725782
1.7502617239041143
0.8695613570944766
0.07968450953569559
2.314539137541299
0.7147368724376446
1.1797734190510816
0.5852155371366985
0.06108085263435086
2.045556564523489
1.3182473336280895
0.8302965213812332
0.29342349630676917
1.2461667442503666
1.9399615662747511
0.8326484515466024
0.511583496262715
0.38917150052164756
1.474041250390338
2.412413412788927
0.39633249386253466
0.11737304133042067
0.39938474562099135
3.0654876380093583
0.21285518828336303
1.0448040748714407
0.982297768839239
0.40209612952174334
1.8139730647734607
0.18055631502485014
1.661119449481999
0.23954551326248422
1.527311342377632
0.7226305816261223
0.45671565336715475
2.1102513033773267
0.852921628626093
0.7096317717516971
0.8682950065000811
1.5370313286217387
0.45738712019901406
0.9734669936276606
1.364718512854035
1.0333924616375147
0.13187982708935247
2.817254678470096
0.5356630718112068
0.20611727979657793
0.24014048870731763
3.393185360974419
0.6850039382179719
0.2789529910232834
0.28780400077674007
1.8982049653170345
1.3351802390169343
1.0742924307383037
0.3818947385834161
0.6321476037081672
1.9992896437100756
0.20829492650228582
1.5576400850076635
0.881861599313602
0.9424980380720329
0.5551537359668246
0.9758421466479307
1.7166174653238817
1.1287527782314575
0.3529168480661099
0.8584126951566396
2.273278248453921
0.8823638747303709
0.1167394129141389
0.8859387027960853
1.5669832669610209
1.2154687905226569
1.2671526254052923
0.3013837547238447
0.5362993311858085
1.3652607759000306
2.3730401274026516
0.2877842609815732
0.29464005212344113
0.47117388258149223
2.988112361961452
0.36630919567442444
0.5919807829969317
1.3092321952401509
1.0877396255608338
0.6232739745812135
1.7609246728194166
0.12627962591389913
1.979707913200731
0.5325913123551531
0.0041377962985754595
1.95263368061101
1.0349242959838605
1.4510435277867613
0.09698194454254204
0.8736891547927996
2.36448122865094
0.44735974703333364
0.8177571251298729
0.7429152003606769
0.9934939051259378
2.588269935919713
0.23316662512443392
0.09100732149867861
0.7778060825665473
3.1389985781030667
0.7494400057355051
0.10164019172026731
0.4983917232025273
2.1968502622784847
0.9359025120259604
0.9639782358782437
1.1165063837154892
0.003417082139012724
1.8532712840451586
1.1314433988367039
0.5605505801039832
2.2361438105107436
0.27374910097864186
0.07549665721719297
2.6609049798697724
0.280050515230809
1.4195124909531525
0.6922432398177234
0.32542310305073674
2.8313568117374697
0.0006038704393269864
0.7078599107105851
2.201467037826248
0.2545757794755399
1.592371236184684
0.19058946846902117
0.8628029253541821
0.7812189135944366
2.6528822982703906
0.09479701494264096
0.33039696285810327
0.49469347056293944
3.0978717278678767
0.5866762564905735
0.18793002676612422
1.5189071476174083
1.795083263060122
0.02850164243391907
1.5997055352421647
1.628459047918877
0.48783089332594815
0.3672622894586074
1.8454253588971001
0.8848608620575517
1.36087526475996
0.11191176569202335
1.0828977323610767
0.7114062750467235
2.0951371635856586
0.52233590982084
0.1457919221984549
2.6491287500274736
1.6730083735735768
0.030106651352932425
0.12439847461178062
1.5699020439443512
2.174537668518764
0.8551173196036412
0.3108865851656709
0.18538096234151702
2.4343077078121453
1.069926168554482
0.573384921489469
1.2311764433440857
0.404595144537868
1.4799230375192898
1.4860832127863945
0.20343741516706737
1.7183214636360862
0.43451518847180404
0.8234638455158434
1.708737880875053
1.2470833809568438
0.27600759936849784
1.051417932292861
1.3360374052181012
1.189416174817033
0.6637416203890598
0.40736225519054275
2.6176957149976103
0.8183031100745436
0.12868247945472508
1.44238424156451
0.2791715885500184
2.4773406461080096
0.705820678725995
0.12611799239202026
0.2979831669895315
3.9065687929400923
0.36686562012657803
0.06075896697837977
1.4419458213627663
2.2194843617881848
0.2149804861794486
0.9693113739216448
2.487254600494269
0.2531217613444805
0.24129203727934662
2.5494465055900317
0.49556901694582095
1.0280831528011418
0.9554734478808752
0.6995686732379848
1.8824744450985447
0.813946372209334
0.11317656393249712
1.5940451682294374
2.566805727312088
0.1589567544874777
0.16464412157815522
2.5000535336251857
0.9723109330674424
0.9044661943000352
0.5227338465871637
0.5689580861669367
1.8984212755978067
1.5795823709901207
0.022452801037134852
1.1524313888651359
0.873021224213771
1.3819228867786797
1.0222390049026615
0.8498652852487852
0.9406984323746741
0.805694076183371
1.3749937588492784
0.47927299113306343
1.9574370206298681
0.704640024827947
0.007431808004400496
2.7725679554015006
0.5451476539189578
0.31524338858772205
2.0110367269475597
1.7965197802223531
0.20337543752634715
0.27242912610340825
2.617322008036944
1.2848601489865994
0.38775764663849005
0.36501025259560504
0.8129937752054742
3.209527615315313
0.2730884172108268
0.09858209074736712
0.9549085799714058
3.1170928086174117
0.09897027424999238
0.488443821830006
2.5387567472218597
0.9924124490387479
0.0018981143424787942
1.8298425348721632
1.7890887871726358
0.3713196147287815
0.5444820361415121
2.3774126142633247
0.11385153931621213
0.8458795857758858
1.439607721917578
2.0373590756607665
0.22776603342041174
0.13196326426942664
1.6975767955498149
2.2361889684624203
0.4206973236254087
0.3022683879551354
1.896213964169411
0.49415900346822944
1.6337826390978538
0.9948625066840608
0.1566524519462388
1.260842432492258
1.9809141342066718
0.3116557939493922
1.258073084880888
0.3896035963236536
1.4475958884542846
1.295347720470167
0.2723941299748512
1.9644822321483992
0.2165879093530047
0.9775669164761369
1.2357755065649725
0.9983353032924552
0.5012132138164404
2.5945814407864796
0.03898980218896895
0.36508457441280234
2.0464930525080463
2.149037200820018
0.1260020637975307
0.0687531739060953
2.8250533414226404
1.447861497872013
0.2316107760598774
0.6049760998691783
0.5563715353564145
3.114441392507838
0.30530417812328564
0.1157781990350698
1.9637522417944318
1.8948644211414647
0.11067256785826063
0.9637014891987286
3.1597785047534304
0.018526326638768947
0.16521816924352337
2.636351521095672
0.8010903787252733
0.4632478366066443
2.223116148828759
0.5169383136362049
0.5221075287257638
1.3002315765077954
2.540171876184281
0.12860786691135875
0.009296160925076508
1.871682070037073
1.9839391919118692
0.4772901622555378
0.805865476186661
1.2937698412420635
0.11797612378183296
2.1429458586412626
0.8593825877435624
0.6805234069671443
0.1768333929437386
2.402460729434574
0.5256604568932417
0.7856937014396769
1.3621157994505453
0.7178748403415501
1.3341363510336275
0.15611280182438034
1.5380155858026325
1.0047121273935855
1.2282191449630238
0.7494976577280578
0.3935377854174993
2.8446676845221046
0.3029374639798706
0.1573700061809302
1.9994271067539364
2.171077661859567
0.1744755605901315
0.2612157983695789
2.5530028009245784
1.2376757003632306
0.20785148916646062
1.2417208957804797
0.05743183135336012
2.6296367560993144
0.6963346938109123
0.018491214002260732
2.5821697059548505
0.9453795944691932
0.2719853186856313
1.2851390478612654
1.5721350285551063
0.2747435315481306
1.933850596935376
0.5020833868150091
0.5182482679562628
2.2719531351264663
0.8164669460578006
0.3258320157040819
1.2583875047268567
2.594280688478358
0.10342620014308589
0.2606195499778429
1.6359749452703196
1.751973262223183
0.5255690941806379
1.2761149725033964
0.6382239533858748
0.2141236267829268
2.6263998854838384
0.6310525852067091
0.5987914561714883
0.6807008290234506
2.084313251980296
0.5985674572206355
0.4119354226879656
2.0461517667625952
1.0847239058587035
0.36504892632724645
1.319854300645601
0.9191475132872892
1.554607135803871
0.5746288142681645
0.3447044055481995
3.0016713801968518
0.5044477123019007
0.031777305101517266
1.9660319012133476
2.1078549135849953
0.1972511181560235
0.5270101003170128
2.1602959244984237
0.9538013920446035
0.5366422876058267
1.2504672989085364
0.4831695723319438
1.8837237369186643
0.7926531209753324
0.10947728278855001
2.3887042212068477
0.39032285916051895
1.0241036922429103
1.2958024131511068
0.3505044298825627
2.157108468137555
0.30358522494450624
0.5365218484783918
2.347610154674088
1.0141212838060434
0.17195700654269083
1.2738989673405052
2.628398400319865
0.04050337770049585
0.4748211853866295
1.5141676952120322
1.5819348373068318
0.5233922744909313
1.6771952090790567
0.054330632214483914
0.4873034905669213
3.005743077652664
0.39030011890790267
0.3972054928675698
2.729594448911117
0.611623173486288
0.22031743253630368
2.097843648274901
1.049680313168208
0.5150397986021668
1.1724361648873647
0.8891865468518805
1.7739461009179283
0.4399688597381335
0.3519643176053869
3.0132054942666366
0.4624867460934551
0.178950976376486
1.8021057239478484
1.9367614995540918
0.26010672939100665
0.7167488016152698
1.9040875229898422
0.7244672559803274
0.6034047834275617
1.0588035153687776
1.8845122346351844
0.7723202529416371
0.14180130203678395
2.166008814843738
0.4626515896339067
1.1073780395816817
1.1501000084153494
0.3799209324462784
2.317128798780663
0.19606129621199803
0.5218198379688467
2.452134140702637
1.1176463616873473
0.05921574605344438
1.3293606722090736
2.591179419879511
0.04882624793339461
0.5903691533635324
1.4901798995089839
1.5690374357790564
0.39198031700801483
1.0262037531125263
0.6347682803372745
2.224014956901099
0.38120175504590986
0.3065808251408997
2.8891210021862945
0.649032680091683
0.14478458728990687
2.1154073609769077
1.050589962623091
0.5806825074394645
1.0831788322620484
0.9126554776627571
1.86939694932531
0.3450757224469607
0.4008404487919485
3.020715378005322
0.3802709810316414
0.2893624114380376
1.742753236823298
1.3784583738868137
0.3265090729635441
1.9282025593390137
0.5079437324542571
0.6216394219232761
1.1111950562924704
1.7411663718501504
0.833727336369621
0.1400171481380485
2.094880624250485
0.48364305649795314
1.1407889756063723
1.1134024178922062
0.36123727830320107
2.40925314852745
0.17472400365726146
0.47698663407117753
2.572772447003065
1.111752439956498
0.016090235534893343
1.3951508332196672
1.9405461257116692
0.1290088277600769
1.5481105577063183
1.519703399438244
0.2203158032235635
1.027056890405416
0.7725894529899028
2.146257825918607
0.4137061703572446
0.26437946713762733
2.9153283116328366
0.6458515016399362
0.14736507752497777
2.09834028865155
1.0901745250934451
0.5655928590078687
1.044535229753109
0.991304162124112
1.8352202404816904
0.2885752573526211
0.4938908243688299
2.2106907264568725
0.20407606100086287
1.4623356065233433
1.1870736112219438
0.4133789240704347
1.9537625340001503
0.399023596926983
0.6198741193743048
1.2068691078159661
1.7015457167773365
0.835081685090393
0.09724651432135745
2.1626233018839707
0.45088281332442626
1.1251338741378916
1.1788321235868218
0.2944701139621238
2.431746160154047
0.23663169796079636
0.4011759400738496
2.011431100376427
0.7240107701063544
1.0585326258414827
1.4704080360167069
0.23890909099607108
1.6215965618298032
1.4679887213605312
0.06099976198737813
1.1274071262649845
0.8458741484713028
1.9817959799545009
0.48576220530028985
0.2727686875592536
2.8059214106378145
0.6030162302804636
0.22602781982311357
2.043609365499541
1.1697599069925004
0.4718285908120533
0.9942035986858068
0.9939923298690665
1.3462394920153564
0.5267258484849717
1.6753319366147985
0.08818980499688925
1.5808224127374857
1.0540089953506298
0.5370001352480479
1.997414645696428
0.35445320906865246
0.5258081861681084
1.345031739140235
1.7661661617906377
0.7764699037667819
0.01419158794492898
2.3757342211001435
0.36434104420868546
1.0628818286589448
1.2549743757437393
0.17051302811095118
1.8961045421795815
0.2773765539251282
1.487585848066583
0.6213412494929339
1.1552197490687788
1.3233341964902507
0.37435984581851717
1.6593667374456897
1.260568172978848
0.13071081321822461
1.2065770489716054
0.8211802549227772
1.7976367197877476
0.5983735616273971
0.3369446116242326
2.575185090899392
0.5210357993072987
0.3800467004594141
1.5156848034814914
1.0340888090485032
1.0379509694578148
0.9185490756849279
1.1517985362172267
0.6639598799332954
1.6221022414103465
0.05905437940475288
1.6701827532136502
0.8804944261343869
0.6798101087354547
2.0614637414749954
0.3738188817974895
0.3395204788635705
1.5629424259667601
1.9005784479226289
0.573981764150984
0.10883109389245892
1.9086539444762476
0.22085614135002346
1.6851367153137142
0.02423938359435377
1.7012624129211291
0.12970182972147304
1.5773759755636556
0.48283960907386503
1.2701752578149237
1.1499404026570583
0.5383797464115996
1.6715166362898797
0.9617460143790107
0.3527940846601309
1.3112068273029311
0.707216145893438
1.5764287543050035
0.755887345254678
0.4058186116837791
1.6766101196198355
0.8767762558387696
1.0052437021156988
1.061544415136381
0.9300487456931817
1.0430575674311149
1.0395873442649315
0.8150600318816315
1.46056312744253
0.23913705471724156
1.6710168582097913
0.664166910640513
0.8497024823835128
2.149913206850401
0.4546634239625356
0.06632526089979411
1.7472487206562621
1.3100700731046517
0.49873769277962804
1.642659853424489
0.037848084515276416
1.670534483333233
0.16562237227458307
1.6292010824715497
0.06947472194828613
1.6716556174946486
0.2960344633226633
1.4174978106691458
0.9472287731166219
0.7301437038202679
1.6773669827924718
0.6563743081814276
0.6044543079485148
1.2360836137953102
0.4565389818540221
1.7108016771063095
0.5055932553229441
1.2271201092242872
1.0085244457578866
0.8774918934782282
1.1960150742553952
0.7834817687862426
1.189511227338555
0.891463844788979
0.9864746166884218
1.2679577943816442
0.45390236628126285
1.671419650814485
0.4297692648299645
1.0320958974882173
1.5811647865874703
0.4351001296402602
1.152584956136882
1.3742198355421256
0.3213815929751939
1.6731218866683248
0.16935902124879307
1.5430730208478294
0.39109009146825385
1.445457633229184
0.3162708184858605
1.6716837047635311
0.056293983087240956
1.6278101855454772
0.7110756938702227
0.8448927576502577
1.3007416624158956
1.0438077272794972
1.0781757636462972
0.2152862303359716
1.7106628042092702
0.694428025370565
1.0515936394740433
1.1674929821651092
0.7030908892200463
1.3522284337145956
0.5875552573282198
1.3546698323190718
0.6973478916024488
1.1746077342726728
1.0409434444952563
0.5633469524289414
1.3065704528989244
1.2356238610828565
1.1457266422709607
0.5439350665093257
0.9536915988955702
1.585855920487066
0.09538405523530281
1.6730893142745806
0.42834039556452586
1.345448780367385
0.6396041246474949
1.2794293084486419
0.585801943523853
1.4891634056927532
0.1817091116981501
1.3585847913646178
1.3801587520617549
0.9167142750523221
0.8992675146293804
1.27684649573416
0.021492043443893546
1.6873331624966876
0.9331938826271651
0.8268137593152567
1.3491408624065837
0.46732968563028005
1.5264818089350523
0.3257269488373662
1.535100481544408
0.3693133791117314
1.0694590922304252
1.331665083494567
1.0445852359103152
0.9905920125204571
1.1443366943519488
0.7426455332751262
0.660343354235723
1.6768598049797034
0.18520409799421317
1.511320995081317
0.7155797100093985
1.1360183206462489
0.9055777650853083
0.9882794610295841
0.6371415918468073
1.3180276543825766
1.2056040530362393
1.0579982880677135
0.9002767849720738
0.8501842297376772
1.2947447743716203
0.29655999552125095
1.3884533828430399
1.1669293009416382
0.5705572185447239
1.5551942581822225
0.1459962294024205
1.6943013647950036
0.02012733099592124
1.3264928287427489
1.3140198200062199
1.013223272575727
0.9846470527118136
0.9400636095475372
1.1451268838925686
1.0106240815124619
0.30948833687727334
1.6769811544991604
0.5249696808519428
1.2104101883369693
1.0085055428869807
0.7235186261256153
0.8697629100688885
1.3057787307100444
1.1263074354670846
1.0341393164194472
1.0551213312786836
0.8733652660859896
0.8009664533313671
1.3214031928379222
0.5970738030636489
1.0161951988850335
1.483768775072386
0.206833977100581
1.5582402058331266
0.18644312648947456
1.328940305279564
1.267746964829381
1.0110821988230652
1.0132164682695362
0.9784573876861923
0.8896373350053044
1.1351729324713087
1.2861336054377444
0.06536904197962563
1.6069720274049972
0.9162973333970089
0.6553074218320769
0.9505932222769697
1.2991789848112476
1.1076880823054462
1.0128655528533301
1.0387281211121162
1.0488805507725274
0.8327727940949404
0.7581394489959532
1.3552495726330953
0.9480538541831386
0.5395308177253961
1.4778006046850667
0.1645744385227416
1.3720388604371951
1.2661337683787335
1.0076912585093467
1.0122394622563722
1.0128368539270336
0.9684792042377992
0.8745298385982662
1.058214687470563
1.2997133492942794
0.4507532947386062
0.8308459579565858
0.900419379270454
1.2947514264467814
1.121726140715449
1.0082262590719198
1.0149596742798705
1.045287531100428
1.0358624763980067
0.7754502122200441
0.7287366077338812
1.392684516707192
1.220777753635271
0.02127179103962118
1.4392419765302984
1.2962446223331385
1.008981775203344
1.0088244223063936
1.0140045996354288
1.0114972004209142
0.9524978999216415
0.8562745547061568
0.9832009184879961
0.9786956441441123
0.6059394955451284
1.3118485381407896
1.1641475997437378
1.0064305172829235
1.0096643886134073
1.0186191644854588
1.0535790192301322
1.009333884764914
0.7023211252318157
0.7170309871362113
0.8645164028800562
1.1323654082553758
1.197733394086196
1.0560365112805363
1.007008879983132
1.0106085979970778
1.0167159521057265
1.0078014722354542
0.9268650578582875
0.6717468169568935
0.6661225206061556
1.5037396779964536
1.1028899415590498
0.9685502964605409
1.0077227967952
1.0120023463398193
1.0255670288025307
1.0611392631440366
0.9551785059575709
0.4279020559519001
0.5297133479005947
1.9119691379079273
1.0357501830411806
0.8966146081707694
1.008608354657921
1.0135532084975314
1.0208657040951328
0.99841393060366
0.567143673294188
0.47005875094112903
2.0739880063451697
0.957554163139167
0.8359938323684588
1.0097228156979692
1.0160989813667693
1.0396563759367359
1.0591698500278226
0.4656494958967347
0.2916530777726279
2.3802571053382793
0.9239709504052551
0.7865562230201821
1.0111349942650927
1.0187721796334734
1.0268127795757582
0.5349104209027923
0.3906931270823773
2.4276958226567387
0.8430272044520651
0.7397264588800677
1.012966742236445
1.0243842293800915
1.0656596796620283
0.49290897796082656
0.26250166362023325
2.6251277757257276
0.8238624657940141
0.7082716228888993
1.0153617870966212
1.0290093621173215
0.5147790737016947
0.3830743019664013
2.6587025108030375
0.7467750957657606
0.6637519963409171
1.0186545669314642
1.0471446462369505
0.48847994214988566
0.3171263180526233
2.7739834651645903
0.7338572545523072
0.644763038238944
1.023178656731335
0.4983695523409166
0.39631520788320596
2.8304976341943995
0.6647072281967025
0.599045859254078
1.0309611946542316
0.48166972079439435
0.3635910378406434
2.89776357189053
0.6559691723329967
0.5874012940402816
0.48406685145283174
0.40892493227118526
2.973187018681292
0.5941403443155022
0.5418353538548006
0.47407226974356526
0.3924467091664249
3.012806829944379
0.5883125789039401
0.33115906172707454
0.41589854775466983
3.098908946126379
0.5330705089509419
0.31082304338340355
0.4076663756312214
3.1219302915030434
0.3231773676976338
0.2869153585709066
3.2123246019810012
0.3027293447179142
0.27005100638893426
1.9577215251392548
0.2836230654631129
