0.9431348962992495
0.9004028735292383
0.7361435884179842
1.1878413740922922
1.3474445616617161
0.8770086654657386
0.40279620276792083
1.132060491239593
1.6634820152545395
0.8930539976306257
0.6024292781535696
1.3275966292199328
0.40245716535315057
1.4843194366327093
1.07006476982895
0.7412985126052873
1.264442657800343
0.5754052356833685
1.7253092448363812
0.33620508959583867
0.8164679791412488
1.1874897312949422
1.2622398977431293
0.6601554706703373
1.7053992749780043
0.42610711225642445
0.8509455606455509
1.6169466413213156
0.1850093457571137
1.2267305447808554
0.9488975183096795
1.7374065561550431
0.518030525326541
0.603791312111093
1.8392804217496062
0.27561475622580406
1.48757107143157
1.246761449940009
0.015473941817407336
2.271392965097476
0.7596744718515603
0.34999141341387663
2.079059914671835
0.3729754848202827
1.1673762314355034
1.4360505658325395
0.08371506876835788
2.159827553875298
1.3364870249132326
0.1326613485398512
0.13202275429933397
2.8231074052560414
0.47776095387818945
0.870591591971968
1.6404202890788113
0.1585106515272117
1.8819868175786925
1.4908516655912205
0.12525077143585547
0.11882910916879966
3.618774344324176
0.5249630775259939
0.2348108970129355
1.0219578123635686
2.0194532608745503
0.25298824127548253
1.5577255453452254
1.1924274532307766
0.518168728130281
0.047085732244112825
3.099956617824388
0.7950299157384805
0.21365985149398137
0.6538450039158037
3.359282872331648
0.019016945044956646
0.3877595931441083
2.0984544418773536
0.8890985088437074
0.9383124197849211
0.020177527504886984
2.6363601672017865
1.1298033588430596
0.193194079058076
0.19531541059895904
3.7219378573561435
0.1449265315645444
0.3942179015111737
1.8652597586122965
0.6043427241006653
1.7770776266931472
0.3937756035666559
0.09093543436340634
3.0159810514658263
1.4479337822825409
0.0062367196668274135
0.24541052675899883
3.8130897653809415
0.2773829559319694
0.4237189934336363
1.3904853600339766
0.2917784299307327
2.5447351105293357
0.32477586048179197
0.1607900375075276
3.045717982117789
1.2191318610070152
0.02295509289822601
0.4808950592979382
0.25999051799922623
3.313076840025676
0.44479069543854727
0.4801187534017127
0.8769577382510191
0.04547743770033245
3.2910045248915027
0.25929964956796936
0.23287708442100277
2.7162117255929563
0.8839516483220634
0.6133964319092735
0.5125596344894241
0.21474310052162776
3.496626804840849
0.2828843633218882
0.42841817029118
1.6157498270237938
0.08530156200028656
0.40895777804868977
3.7392279052255843
0.1915788088007571
0.320107634181602
2.3654311564575847
0.5481951129245303
1.2344004129161588
0.5523583101472962
0.161903419223975
3.42235919068996
0.4594775816362703
0.31609941696094335
0.5862789213419004
0.6054012056507688
0.01202387084224206
3.9371475406226644
0.22674143018847392
0.15239393638531884
0.9356665419971515
1.9908738808778754
0.21217151337454423
1.887076613271838
0.6011474698969949
0.1287690158903377
3.473652689488809
0.06074172514196537
0.5411494486946822
1.627094276745539
0.088413732365182
0.5247828225521197
3.8772527220662205
0.2615443702949318
0.11990149396535119
1.353763109253239
1.4471266169280848
0.14480944676710922
2.4968582482092017
0.11610302018234067
0.6664469792422723
0.14917643218123833
2.635495023768913
0.7980404785866301
0.7414541710450337
0.44373712403091264
0.3841946840756087
0.6521604751299981
3.4656527141053184
0.32136155714250475
0.09357219972805558
1.7868637460494308
0.6136201969666689
0.5537237971115546
2.8099519191320885
0.03252570574103588
0.9031489901414248
0.11225221623000153
1.6718405489167434
1.8739367937001905
0.6810904092852319
0.33606546378713903
1.0007329240598903
0.3114108643139889
0.6983584497782661
3.408896203880368
0.41410553634444247
0.06723649751409316
1.7346733686320457
0.341429006684623
0.7083520513146349
2.7288662905983054
0.8522321184629231
0.04683338841284056
2.2094389410767157
0.07546992765373325
0.6116945001712863
3.0526846045221774
0.26938031887321945
0.8042146915522905
0.8182400979327371
0.4365734365345229
0.7572041049209267
3.1216224588342922
0.5960680663806509
0.05389814080355073
0.10195604283542438
0.997090660623252
0.9728768157449642
0.1905201194478834
3.1118895151004775
0.131186416468437
0.8155403770818548
0.3930062315451614
0.590085627591239
0.05294597533389819
3.0073844943308248
0.20615906452928393
1.0350963606895953
0.6243362070428244
0.5840249422783174
0.9451033320628507
2.897860594534319
0.008717452687489
0.6747017045225354
1.0158132369435002
0.11506166054150538
0.5915100382284605
0.9718516606916309
0.3835008486755236
3.3841125060636723
0.033865532700868804
0.20966330927519747
3.6153503348204543
0.47249244191852396
0.01994608242745932
1.617038185836098
1.3671643432032954
0.7789642270392277
1.3352159124337903
0.4437118908915439
0.8697344322382793
1.0756917489940643
1.805419710770365
0.7235302209770835
1.1667964596605913
0.13590114934007905
0.03986569810912378
2.061503266797549
1.211240649070891
0.1048998792652875
2.2406758254570867
1.1079286509768838
0.31314024720699246
1.9901216157419965
0.9004123904656698
0.02086632483259372
1.9595904760538025
1.3171159422556609
0.2982698313075486
1.4492747765711456
0.4859118189821017
1.7548332068566113
0.7051908158167791
0.7453747251895746
0.5043054765614506
1.1545748784091923
1.846548283563103
1.3419762335175605
0.16120573489642212
0.19561051402639787
0.685354770388234
2.420940730563338
0.4609259270644552
0.9387891211116404
1.4473084235995952
0.46720192338135985
1.572299378842698
1.7012388411498858
0.030394222247263916
0.35480842065753826
2.6910499883115766
1.2962967653505242
0.2664615821080754
0.38152840765718643
2.3188915051936547
1.0065776138867144
0.8181641633086575
0.3144796119876914
1.0414481933781972
1.6750045019767192
1.4519622757151256
0.5588742212285891
0.28608185834879346
0.1543380881813712
2.0128218059246437
1.388595079182295
0.23234007796884118
2.3043516372977755
0.5346051832040908
0.21492492929942705
1.779258351944225
1.57254243198983
0.8397183102746856
0.03958540571915813
1.4740320971754886
1.0629285086545093
1.6302040210450621
0.33329139382850637
0.38326418421251396
3.232151899054677
0.42402819381392004
0.0844678591890517
1.8071813046239895
1.7184711205291752
1.029739794869955
0.23492664182098147
1.1273373846606274
0.7074153796800876
0.16709531912750383
0.48388504275863525
2.6462608740540547
0.3771379709395304
1.1034322294741734
1.0573331710622131
1.3975982120705321
0.10742715132776785
0.8187513558867955
2.3439962628768862
0.03418057620357807
1.6148949700533561
1.4373899493427058
0.27641809057674005
0.7659979620903941
1.5327295852051273
0.11419722603821736
1.9266513155436873
0.899751863304144
0.11011856925777111
2.6008840179463286
0.7493124057155219
0.740894875379682
0.8797194869242878
0.6708266372828521
0.9782529428323828
1.030262764241209
0.28612786258267153
2.0676082307354315
1.2544274713219776
0.4661539658674341
1.297400087599667
0.5603301726044378
1.348727246781456
0.2289667096831283
0.9419666474561408
2.6737105141276754
0.10982401904234478
1.1122524813933166
1.4938909067339978
0.12053734918709665
0.8166663973838522
1.1940488295581235
0.4713904281776902
2.6942482412031983
0.2549898017056833
0.17016545920870504
3.2416738111232886
0.5207615704451339
0.45014966979050547
1.5658231688410778
0.794871810282879
1.043760463427369
0.28226904965608657
1.44757824744325
1.482714647236481
0.38749301177284023
1.7026365386081488
0.8660642628273331
0.6519146548857365
1.2143168239994722
0.20441100336994117
1.571494118808399
0.8802907053766373
1.7698267736242974
0.42656995336276005
0.583004629059725
0.16841219824315362
1.7532531720717073
0.9585852577843749
0.2843227696741453
0.2001028736078285
2.970294593414128
0.5107262886502099
0.7983686830037525
1.3992789437112596
0.36210868608687224
2.0294893568095778
0.5593055752925884
0.2986959523378251
1.1621213212843067
0.506424696834441
2.0877796897917826
1.0046158066508522
0.40577326339651526
1.0487326510883914
0.6255316825271708
2.1234797706630797
1.058660331629476
0.07671750258289965
0.467890277627015
1.8412747216791134
1.5821208646198104
0.9881448979698632
0.32646584019393615
1.1594620119864651
0.17750447451230086
1.3532191231659603
1.2440150642217631
0.3032844137631269
0.16463955091358426
0.055321724289923845
3.8385002452373267
0.18979407726340242
0.36122468331787866
2.163083147742119
1.6674246824725505
0.2695602930606478
0.6502593947816803
1.6005598036216473
0.5288276417768423
0.2801000003439013
2.796463285914777
0.32973921037201115
0.8366495473908685
0.976304803721104
1.652254485418204
0.7433136329570004
0.4346775401059556
0.9306442529175593
1.7331526357588556
0.24406768625950867
1.188050988948277
2.3788029252948073
0.4281119478233009
0.2805386100876584
2.7120495236907844
0.7503230279087522
0.1103982779776689
0.5331642651260061
1.8702207719810078
1.1673090315533121
0.9685379010929752
0.4560202596606421
0.6598800516751089
1.448201629641482
1.8134115784782536
1.0188876651229004
0.1343226358707199
0.583295130739143
1.0858372697570045
0.49639984743649374
0.7200794873923475
1.6579077037904317
1.7247671385674397
0.38377585510551865
0.5855271426393912
1.6618735820107586
1.5531614411190715
0.5672849212467466
0.13871171293661272
1.0353199668425836
0.12227716058403007
2.9604714598296358
0.5595241375682183
0.5426685011737729
0.447269311705719
0.9449068303880284
1.8797054396546382
1.224631139144749
0.16521275702323404
0.8348397167327826
0.4966449613825153
2.5952449406836084
0.3170388003906832
0.6259251785181054
1.5265810500297183
0.007076554862967882
2.287170538250256
1.4027938453209399
0.2917438840911501
0.4835119193555719
2.6219611496380795
0.4306323238526246
0.041468090946782554
2.3215869883095968
1.1726082183922706
0.8043149629113132
1.3924609944620383
0.0604953948420156
0.5636163285230676
2.114235246516002
0.15749247866676752
0.7339714566393192
1.0014323194822972
2.0101110145623142
0.9861072863082807
0.41819666263506594
1.6307530707400568
0.634115409863084
0.26630359248652935
1.5056244842287598
1.520792300005805
0.609269158896303
0.03976241527791949
2.5405886815854775
0.5289855269108722
0.9523714790074035
1.4005162965928726
0.7007193390518933
0.18861988407523458
2.883920363209464
0.4557909907863981
0.5212158442962098
0.3397546905267311
2.815398121517001
0.3570196694285075
0.7303230658264951
1.1493750607023359
0.364718825489826
0.5410356255425228
2.5824778995303412
0.31054304909364844
0.5767498788976652
3.4360589506868267
0.22232527183953102
0.04821893156516381
1.683283166054985
0.525824617480859
1.7891225680704184
0.6696799658613304
0.4929956459047732
1.145664327309118
2.438025370403199
0.4209405090711624
0.27072466620744917
1.6181494699952985
0.833661553652566
0.8151542643335311
0.588578110426612
3.0802830015419738
0.1030229527466578
0.05424490366423266
2.458931332895984
0.258740486188267
0.8199280202008293
1.9729734752684085
1.0064377244773957
0.8229913378757154
0.23957578003838415
2.640641524183421
0.35427404855966
0.3119580475026781
1.026499089193003
0.6815964035381276
1.8591036372953222
0.9435268223509209
0.18196287452264073
1.2699582683160724
0.5105825546475172
2.334719359748557
0.7918953904840067
0.07117450243139745
1.9879088048631828
1.7609611920394599
0.3079018376929194
0.6032341698283591
0.9154977645812122
1.0247257344650982
0.7283570801928961
2.1965659127153048
0.7331514496892925
0.038165146156867696
2.3577756620524433
0.666182010483887
0.5255693043686981
0.9577342279778362
2.3338665016566487
0.206138845538719
0.9059040991043509
1.9601804102777365
0.6620745569257945
0.03459120430897374
2.891575457122693
0.6348950800868843
0.07271132364369785
3.168452201580783
0.21974813544672592
0.48847080373515445
1.2595619333539072
0.925746494861626
1.7519477833697819
0.42109832646771694
0.5649845136579685
1.8820678198479661
0.6326171247393547
0.7829029396177118
1.6254871966194961
1.1400746420972954
0.41830735854831147
1.7356427394515301
0.2560984143789232
0.9680353927758212
1.2948881117709539
1.7028647159090675
0.24751715593264415
0.7330127050989118
1.1752546941377986
0.6842730404390648
0.9565387509082033
1.3094234564041287
1.28645456374174
1.4207191755528998
0.041861312096703414
0.800325495311549
1.5444812411931603
0.2873198557297774
1.8002116365049365
1.1306257793213275
0.7603372572358912
0.731360569144443
1.0897262200765008
1.2621585332864693
0.5188460669865432
1.3149246304851163
0.8648591631089416
0.3302569223766233
3.0134098494199395
0.3413474431731287
0.3232490808917911
1.2693197307398068
1.0434938944826435
0.47126242065148766
1.8890264238258232
0.3221169500012809
0.9315103724507597
1.5786535351594944
0.7034836739893607
1.5516484989462962
0.28400489793991707
1.111656186162756
0.4056842306472955
1.412439038413441
0.9880249876294345
1.6669862000203828
0.10627235498268318
0.7857996672220783
1.3769112671268569
1.8650096822175048
0.4590955113351077
0.23205458806128834
1.2268377619187059
1.3301354312100828
1.5898730175505997
0.9948992165424777
0.031759161613530665
0.4034566097712974
2.9394901479950746
0.6892223214552301
0.7375651800252111
0.9744523481839613
0.293746584452167
1.245754091066939
0.8959922834255577
1.0045665873914005
1.1155597273579827
0.7065528089781682
2.097364493783191
0.5282661453903458
0.6728184999332829
0.6979286021498464
0.6403711054161261
1.358752134830816
0.614662307964972
1.8601078880812827
0.45080560681651227
0.6733709601657953
2.08213066829126
1.2869008284942984
0.2242224240622621
0.08995550587505628
1.4347582932385645
1.4514797665578187
0.1575146562755982
1.5693986127455823
1.1172965169104392
1.5659256169205058
0.42563692600576064
0.39536732429690147
1.2912424198260446
2.11837588998031
0.2452429288367522
0.6661331498443795
1.0898919671720686
0.24496911081164524
2.9336799774490543
0.6443125583593239
0.14810162894186488
1.5910800667313645
0.3273381897068719
0.12966974518756627
3.4544906678787997
0.017277283695316614
0.7170905157508025
1.5243071076423351
1.0268268622781138
1.1742882607697915
1.2364833760881662
0.503690747283356
0.5886393489207874
1.351354619691123
0.435588113009655
0.7322274173769903
2.9116278958058524
0.5327007529793216
0.13732067109693624
1.1302526013710616
0.9743185917251236
0.6749526909782189
1.7429061826434897
0.70460608645129
1.095153500140612
0.3532749689190193
1.8554557824995848
1.3850760433210574
0.3054293197055082
0.21718069032386536
2.242169932654147
1.4672778002325888
0.7132180333432936
0.37415089755710024
1.5147643707667044
0.7597989535990098
0.4831945579771483
0.5281221057021188
3.1189345837096973
0.10278413619952702
0.5575452905098548
1.8217067557657887
0.30798520763199594
1.161481281931179
1.5237518705169195
0.512042655288834
1.65222734796366
0.7943268057804931
0.9278760257429123
0.08162072491584486
1.0455024174262495
2.597744705638611
0.6088362245974444
0.20993862257104787
1.757606430237823
0.8356574811547887
1.3130840796186347
1.1283530234637367
0.18157023384403412
1.640338181972256
0.9262455775085547
0.5259197787043495
1.9104736569702576
0.4777132641347633
0.7267518822102846
0.7596896831267222
2.075117400833767
0.3816672914953047
1.1136809300451367
0.23493498319766795
1.1843231331524198
2.5904362782009795
0.464701273758237
0.146024921463466
1.50464260634956
1.4814170890119103
1.2056751627568252
0.41786646711306213
1.00600917209928
0.10462350984907
1.4771674171407316
1.4830815516407776
0.7379286825900921
1.093036458099983
1.3925429021009343
0.3323386085869585
1.0146745854492556
2.3252800214939913
0.5833480097489828
0.19913018269936353
1.9108234285078713
0.5744066804011722
0.48743933847727994
1.1376420170392154
2.798448350271343
0.07560793109877416
0.37658092424989087
1.1019206235428936
1.5306493987284167
0.6996163558255727
0.8988713078356095
1.3617148890902404
0.5631132761476288
1.6633013168409643
0.7812262640324791
0.9280029558933987
0.7314546748452991
1.6714504163365385
0.2852016123397934
0.738919269572788
1.0971391134062853
0.4025486987985709
1.4268988781116474
1.5272652456211502
1.203206165971475
0.25385357050694285
1.5323757113648822
0.20506685787043913
0.7478477288618887
0.8464727190089114
1.3193788311108747
1.9452451151499084
0.34797167775261834
0.44370045518431306
1.7520290202735438
1.109090818276821
0.700588718650179
0.7559031264698813
2.0746790349901976
0.48761007059885403
0.5308674817602
1.7848835509741254
1.5132879684271827
0.44930377381883363
0.6067590322008585
0.38077485042804915
0.7151998469561759
3.511316170124132
0.17384922730228333
0.03710960617115057
3.4788705771052477
0.6972853099755889
0.12690788831274524
0.8777163831770503
2.282570514588276
1.1415269222942308
0.5123967857355007
0.12340107338633236
1.1899139159498242
2.544712603322743
0.6233796794924953
0.3091859108188451
1.1781181101590692
1.1174437268123611
1.8200758473524585
0.5723854388661357
0.39801366640221186
0.28576212877339807
0.6113042307056087
1.0481655011176614
1.9808237815295868
0.9334442209599979
0.4450783280305084
1.773765188829869
0.10767066390637445
1.1324628880516554
1.1100708520138538
1.1832308918645211
0.62713631708648
1.2358122112045704
0.7764881840557003
1.3628711259528927
0.9994322803813127
0.6908548246805442
1.0101777477266702
1.7783512606883434
0.526608386263329
0.40855781451428974
2.331909245420424
0.7112099375606933
0.6268616898858975
1.0329307755976016
1.261614272323488
0.8046865507381652
0.4951126250839827
1.20541652420775
0.6714147936069929
1.8499829168192172
1.023419290895802
0.7005911537303245
0.7059174476513587
0.3577783992929552
1.8340329049918418
1.5190241215440874
0.5745852350990336
0.2986930027495127
1.617250712717932
1.1630851208145474
1.4013107603599044
0.6817416972905596
0.28458738319853644
1.2476548297107972
0.8297082107528677
1.2969565694167164
0.6663340818032207
0.34618174826661446
1.6886985448546112
0.7527375596524898
1.395571610583717
0.7378029178717576
1.10638154352071
1.6742675901086455
0.5493400029896902
0.09019630082547835
1.008145035770078
2.0677673068658575
0.13772573607552321
1.4742804748730252
1.0536584149199095
1.2035864373181968
0.7070326444480055
0.9617271815566087
0.8507625251292981
0.06739621653280216
1.4913249039150558
1.8871181249140199
0.1425599019241626
1.808749412422491
0.8579770575264503
0.4423219434930819
0.8235854190322014
1.895831330426963
0.7995687787813146
1.1669522612016716
0.3941539691258745
1.2370751524542867
0.5642301372068224
0.9922941607439726
1.2658057832733687
0.44240138238979915
1.076275676823929
3.0221817091902845
0.0012625257396227608
0.11122600742709345
2.112666082929544
0.7435973394316853
1.582197150315205
0.4621474799188598
0.7640449750213342
0.8684960942635837
0.9857885682361746
1.9676069080059062
0.47110935935044
0.40649203364580655
1.5491652081408118
1.2511519882950792
1.0186067463465813
1.1423329445427668
0.2531702499553261
1.5235905790555386
1.5008219115654273
0.4089470437008288
0.6278208790367709
1.710310615843589
1.5783825739830504
0.23469686953782634
0.6713424552688609
2.163206414395044
0.9279121726611451
0.475891676627305
0.5488755696757648
1.9241598459476352
1.1778966893461134
0.5238269924056668
1.4362814959813313
0.762801966417042
1.0523152949043888
0.9361887886146346
0.5821266429477168
0.8592938714436473
0.9954642953909428
1.8338221893412525
1.2055996382874048
0.2487814612741142
0.6343951165637765
0.35626981403716507
2.015867192156191
1.9770180303827172
0.06648312784788492
0.44939830116173257
1.1766088747457726
2.574117347050735
0.31771619322395944
0.27089775310338093
1.2580577544426197
0.7056593452361607
2.0981541815615157
0.3065299989902289
0.9396367082593534
0.6412466262856558
2.1837222187968184
0.47800861402701794
0.0785040949827462
2.732684214247731
0.997093855320334
0.23252009452373457
1.4027424198236005
2.0408663768840563
0.09167978814812303
1.1258507449543442
0.8681595242901515
0.5849457358908137
2.6027035251403072
0.4982750336122184
0.12456424968147864
0.8714328715478611
2.1852626548569147
0.8144154158599963
0.5083584983828213
1.6738301217672777
1.4675290869907784
0.3814214161720054
0.9048919512322092
1.4850383490320027
0.017651029158704087
1.5100530537722068
1.4279111521651693
0.37186036810301365
1.187798421137907
2.6701141977786467
0.2397694989569778
0.07865129472772493
0.7295136743290995
0.7859337493563158
1.3869046074194373
1.2418416422654692
1.0778127463337177
0.6104169657664879
1.3639775568352275
1.0892703180051513
1.1935789871729805
0.29738148316529395
0.8454046489586697
1.0098914528626883
0.21461467478622442
2.11883987358745
1.485389753646827
0.4537854886828943
0.6372251761661594
1.6850256832157557
0.10911153678007605
1.8831039533962015
1.21153321664324
0.4166021017491547
0.14919238357887493
1.9375387863910456
0.3325861158179122
1.416913111075849
1.1658452407989088
0.8252384022986508
0.8714052665641289
1.040367257694721
1.4715772979660364
0.4295352371563161
1.3165913555424713
0.9096374564552435
1.3183064050924556
0.8338669138753323
0.4358619128841956
0.9599232586524195
0.5616762608504609
2.340276933688077
0.5058024544714051
0.7597741522808278
0.06141138505249516
2.5819484762033973
0.5991330275100438
0.28625591855282845
1.8033110787624984
1.2961436775915582
0.5884757103706312
0.5290975836647118
3.1169363184512355
0.09675057993564144
0.24839309684410904
1.120809488261372
1.877120923844861
0.9014346585861261
0.19692650528125638
2.0340964833531934
0.0701563403954463
1.4048583360720475
0.5112635430807078
1.8678049753188137
0.16687328585479572
0.7842309879999647
2.9604613213327005
0.06730964081511234
0.5099267806233417
2.15583779069876
0.8040227453127362
1.0303913691336404
1.5655473972423353
0.10039009344407376
0.08938284778273412
0.37246351322273147
2.7688175345455357
1.486951215901241
0.12227392190589022
0.41105931126229006
1.1244725306489571
2.4443117582679825
0.16515849302151583
1.065077726889378
1.1456052981925362
1.0775580398744742
0.8787420268598846
0.07437209735495431
1.3490549165763834
2.3387404829353775
0.07135001295091965
1.1920944548474501
0.5142652494263712
1.7980310265360668
0.878334282820689
0.15524374482109005
2.011182360014797
0.8086443916532888
0.131299651846743
1.3494001500575852
2.607197337278979
0.3286201837943934
0.37918794947529344
1.9810399215180559
0.5761500939463743
1.3393479563882826
0.7074562972470435
1.2555671980088254
0.2822620904318027
0.932708079602071
1.8721981505488086
0.7222023757615352
0.9266935631969816
0.6752466578062282
1.5589536965865538
0.9976150186219079
0.030433259293647333
2.6016592680266
0.6617802876733363
0.4646841851952804
1.773675651288262
0.825618072888594
0.4299841872783567
1.4735091386508787
1.0569395927809735
1.2547652404118748
0.4100025011461416
1.23929616810189
0.4886909821667173
1.719854864575589
0.09267505625400844
1.0379127361387324
2.3932712082513543
0.8456829806116893
0.40051034072690933
0.9710554781346614
1.2199518630951642
0.13755258373475296
0.6770856045694676
0.4509912140863946
2.03377075436754
0.11113809782377077
1.6100771002783698
1.4481853990778704
0.5028421173514215
1.350685460842621
0.21215411185805058
1.1901902921008376
2.0075205239692684
0.14777850377089718
1.0631189568443429
1.9713416461282616
0.5451336012775916
0.8912716698753733
1.599221795014931
0.11923801553775577
1.2211367131931392
1.2504007807625386
0.6645877936506829
1.368460679117655
1.4876798831920874
0.12466609905155253
0.9248595212578309
2.6453979441478763
0.047956738579670706
1.143344927181314
1.4607512392051132
0.9094637446516015
0.5467061174530742
0.1247607096635153
1.8110274064735505
0.9133762631531779
1.3862037047430005
1.1963816553409599
0.5602646526726028
0.43454136899432466
0.13416308453033304
1.6451086918994824
1.3190555512930922
0.9074412520485516
0.9500607272648877
0.8363206339094335
1.4060298924567547
0.8663721260602096
0.9301412065449316
0.4307039225077207
1.4519268559968928
0.5463237007166362
1.943934022625965
1.1803374957376271
0.008971855915644025
1.129423833125126
1.5397613678310316
0.2067223131336933
1.9525151058317112
1.2496348967160098
0.11205143919245537
0.839701539635679
0.6988903490759736
1.9229814919311818
1.1964783733021276
0.6468574464822832
0.5516912858257615
1.3428358692618594
1.6509931079327613
0.6202376719442418
0.6845243083563911
0.14675103558246527
1.1406343920783129
2.0333144631366693
1.1809352044769552
0.3266766355010986
0.4118107824719136
3.1517323336424647
0.09931821218507114
0.5990808178091745
0.6078528448993566
1.5587054705691323
1.313011138172055
0.6394717590098261
1.3189657676472804
0.9241455442646553
0.7565243929543788
0.8991190626485168
0.8242542721226948
2.4450364520965686
0.27855800236936723
0.13870018127580322
1.400308656382087
0.8686213428372357
0.49230559719125205
2.796152612901934
0.2878267708897213
0.2909010160294272
2.9402995108400036
0.3442978668197506
0.2641364494019232
2.9176731412301313
0.6323364387413712
0.5735889994420961
0.9865854293144907
0.6698892683638611
1.8060064943915355
0.43785373918334425
1.2836631863725394
0.5995031164842802
1.2396400089429123
1.3906403649188248
0.307412080763083
1.4309708428193333
1.6494358128762336
0.303193312056605
0.6522051459108723
1.3432612297997852
1.3362173649556832
0.6869505642354027
1.1304878342905704
1.2209276478322417
1.2011444449914028
0.14011471733684217
1.5377283669995983
1.0660943598455797
0.5715871832930177
1.006117575794905
1.065210436134413
0.7130172997002177
1.628081669898859
1.5665795608635635
0.24101070285656326
0.6296139734842511
1.3176187119235696
0.26633781339803847
2.3342007772604205
0.42690049610253616
1.1013378541808938
0.778157606911541
0.15672404240276672
2.165696691816225
0.5691480760332998
1.151899827039438
0.07913849599677082
1.0480632944632273
0.8457180733097552
1.616218282538396
1.0391410145633526
0.5136197589948165
1.630884647605816
1.3317435694681645
0.6270152535596776
0.2595339328446981
1.488043972159855
1.2070896627974939
0.2000420160144552
1.0348816971615868
1.4865231119036881
1.4610868677271904
0.49794127187218684
0.7291163502280766
2.148583608541923
0.4902936461806323
0.7751995320435136
0.8360559266233791
0.8216142880256252
1.2261927004655533
0.30073415450488367
1.8603339041506453
0.9021939208458719
1.0899251381649215
0.4970478709095776
0.781613857269401
1.6013221167077891
1.3542390437272809
0.6470239581819127
0.6162038683247205
1.746249051528103
0.9595875651765385
0.5104223317096356
0.9840090060492068
0.7077095880541541
0.7539510140125677
2.8212446676439997
0.32566276966776686
0.2885254658541461
0.27966534236629537
1.7001395338812169
1.4870198649749078
0.9476235921365028
0.19405822956093205
1.5845122682450357
2.2591784431564217
0.1599852294767865
0.5147203065214573
1.9568354837741515
0.05318540337796257
2.1971060426498914
0.07364768347657687
0.4901578978095797
1.6077364107952026
0.5943077474910469
1.6741534296481644
0.556566730702124
1.3604057842095754
0.8023890802860856
0.7768067187760209
0.33872589399085984
1.5052055142551846
1.7456046542999561
0.42113681414936155
1.0682738429200438
0.18763603977936877
2.0908169796066747
1.197250227414035
0.43443539207513615
0.4170771606769699
2.1406244785399755
0.8307322863334415
0.4896067947660313
1.7777626126537205
0.6859357478575497
0.7681857672193934
1.192112738147134
1.1842129091235867
0.43941130802803635
2.0934064114335955
0.8194556039916928
0.5278987077650689
0.8035347413330559
0.028400332153837117
2.8459196512294236
0.11174741973746356
0.5568607475026107
1.6576811810891565
1.2566720564817437
0.3787272627583194
1.6929674107310946
1.5220938223646454
0.12343880781893175
1.1079132731274877
0.30032851144852174
2.2603811809392926
0.7316337085367223
0.7636991802304103
0.17526210091548336
1.4044078016404018
1.3715511752369738
0.680092581949055
0.5646706740094691
1.516929492207906
1.5823208073396327
0.567798500427225
1.3692929648195626
0.35419969308528626
0.3545935435392214
1.7751183089790068
0.4034832610906521
1.799165688025644
0.8236163284123794
0.8966734264086795
0.6524923381923682
0.6653383028044794
0.6977975784405273
1.007284908611748
2.69053070905053
0.1653906340116652
0.6072083965946214
0.041534879633639
0.519645180212796
1.5540574644365557
1.3139981579208844
0.2676767545583938
1.9047668285085322
1.245342713119881
0.7319260556949724
0.26008811604305165
0.6930788445075198
1.7121920759523577
1.6227205126016782
0.40879314394825056
0.6993769689586563
1.6391848383039402
0.21746341813148093
2.3973449771843582
0.12122278856113466
0.4590777350518989
0.647735855007307
1.8070627281757206
0.6579514241704844
1.2678590252131205
0.393759253582325
1.4206341376700398
1.2917433518999806
0.30526877251432694
1.5568067265952106
0.6980259475570214
1.7671037069003548
0.46699174552101413
0.47506969421167283
0.37854714065248823
0.6785349690929877
0.007009730937266013
3.2364324633311954
0.4638263645384186
0.7239844745013908
0.03569167993731687
1.049369723008845
0.8266434826331606
1.9366587659477912
0.07231353104750982
1.1537620020414767
1.598951873825565
0.9803695607026177
0.8523888130811044
0.5174893451857793
1.4729590848764902
0.3596332693521249
1.6030119103253446
0.6856821337933392
1.35478888199399
1.0898440293844107
0.4283834394790687
1.1262838929355135
1.6733676112159632
0.612881297291731
0.47500174315375626
0.12037399818872062
1.9536517099284492
0.6417964289674541
1.3363959572374096
0.2617846790605298
1.5939887818626446
1.7586388984719796
0.22172940298690147
0.7013372512990841
1.9691298944696785
1.6051868036283903
0.1410947888906623
0.8089708786241464
0.23539915768420575
0.10954458344772382
1.9807532522023152
1.7981277386804735
0.7938120548753893
0.18664579741172807
1.4477832646358801
0.3735041936607382
1.27751706917681
2.2328049731503623
0.30510834207074283
0.5210409449009733
0.5895779879004329
2.1975449709186976
0.18450797979320718
1.5827668877140213
0.2848080367547991
1.1960578802993247
0.5683462801791096
1.1688617378051291
1.1235087244738802
0.25075927441024937
2.088660424115579
0.3218654544209527
1.2006915787935724
1.2281331269165898
0.8936256932103339
1.2696028467130527
0.21938496460205645
1.1789864616989005
0.16923040804542883
1.902792986065546
1.5836044721740925
0.8108315322344672
0.0726732778999838
0.0031767793442347087
1.9461711704839615
1.7457412863767916
0.653243086836787
0.4964917554536485
1.1978189927394773
1.5521401942975857
0.7108455245796281
1.6362474721442875
0.16694183819747382
0.5257060605069805
0.9081925971007332
1.7703271952023942
0.8517242535247455
1.0566048904450982
0.5840725514457079
0.5279276136882657
2.6530205553967505
0.4184359910255697
0.649006904949569
0.9468103137365864
0.9997771722386704
0.6096058168549601
1.4521868804178681
1.187650960511558
0.7937196547415493
1.0093939944628474
1.2119176036890373
0.5856972054434137
1.3692202013215249
1.6779673031442888
0.10630077828035696
1.0464264836209234
1.425670113747672
0.5803611369775363
1.5216128534870632
1.0956563152025083
0.6472931899766038
0.7059544592273971
0.3469621111336018
3.0534068939836643
0.014728061713647883
0.7483292107401572
0.34731645019917107
1.4169242899647334
1.6279193083829946
0.21046896597572676
0.7197295450234032
1.935970384619392
0.8323814317993736
0.6469753935035619
1.7267160767183947
1.472600520933095
0.0586274262885356
1.1751385813888544
0.06937886389729407
1.5817072281931592
2.26536502920896
0.499528181410893
0.14665476979206238
0.4078624442992178
2.542915258607992
0.4820200664275712
1.4460512391217077
0.540748194643251
0.30168404059529463
2.251957421481231
0.5299861811816715
0.17193740554810646
1.9765759165344141
1.268161067406728
0.7121744477598748
0.17613696331477746
2.321197994838447
0.8665140303550605
0.7808326375707388
1.4137395963249424
0.4504743383528544
0.7866598569055129
1.727359870311147
0.32156251514311435
0.667877257171587
1.6016395416044362
1.6872875472828233
0.5968627541573883
0.4566952276996732
1.0324268646628825
2.102766508369388
0.6778099625835825
0.4252881086964962
1.584407397720841
1.294533276384149
0.35026441703195865
1.6215651963006332
0.19610087986766137
1.4924562560597012
0.08105564199997337
1.4217345218251618
1.881183348050463
0.14098435244628438
0.48390634959464357
1.9287330707456
1.33278977932742
0.9591251462518273
0.5084420853917807
0.6004916670930843
2.0127186935557693
0.8141255543614667
0.9335997814898089
0.9329443386095819
0.7003921477713014
0.22265465785749403
2.728770261205978
0.9874890776661849
0.042963197022177636
2.7313828999408067
0.08911221537258067
0.1612880816961177
2.279355072046547
0.22738383686397037
1.0550676693534076
1.8154980499425792
1.0060258391473218
0.7284899153955791
0.9877723215722303
0.11997135628801137
1.8534661938604187
1.2570306604931727
0.4683242318383786
0.3011698633511343
2.9638723461873773
0.8639683026863341
0.13341490998962502
1.9874304934590388
0.6330503480658037
0.22418964594414595
1.6995434919144647
1.795743045888301
0.2741899878640942
1.7175495682795914
0.2485556611167533
0.4952125024672795
2.4965216751213855
0.30992505625216293
0.8128761900773566
1.2156437270619633
1.1277796917872591
1.4103685440634421
0.037028330815347704
2.0374241546229115
0.5630684254173994
0.5500961869695932
1.6530745581167403
1.1016675444226953
0.21593106725143074
1.2984034974746592
1.4806476921704608
0.5845395310399135
1.6888400543685302
0.9301859595217583
0.4071387000830265
0.8911359775436856
2.059230115442667
0.42135208932730206
0.3608908333032501
2.1451704891508214
0.9277058884359078
0.5736326555471026
1.1476322789530131
1.3073318714038114
0.18918207350067692
2.4452959480935927
0.3568264359287919
0.7229001490047751
1.558986314610595
0.8783476414976904
0.495477242266808
0.5491014628844724
0.8015002727739127
0.8925687341087498
0.7858585307079373
1.799889105756079
1.0584313702829216
0.4544071105624692
1.1986066508413376
1.1128205778840752
1.6301304605997085
0.11697982203647347
0.7226042740274932
0.7619838358564266
2.598902829797249
0.16419423371597675
0.8344906543498579
0.8367954383001902
0.45352496914036955
1.1294726632680172
1.6568829693195692
1.2829145443318832
0.21235646868115296
1.510834225801143
0.31948668856873147
1.158277035737906
1.4656410791222154
0.9951153101640748
0.5479589827470567
1.524313070498104
0.860946463245077
0.4769188957681988
1.3337593576853484
1.9957034486682605
0.3731814033982812
0.29373914200662066
1.6892937352346635
1.6521528796783491
0.2065492938983303
1.225380566585645
1.4813217879711027
0.5792725990145149
1.9863132876937648
0.09244160756175791
0.5856412178741159
0.7025737731199597
0.7996731719393972
2.819605017879595
0.5613153385824993
0.11767306636794397
0.24722752582404148
0.9513908423711439
1.553374463562062
1.2332488644089932
0.6526375813304774
1.2795016438206355
1.2989005772846134
0.1922319728179552
1.7227007301509567
0.8661687154030062
0.41680618638676914
2.142065811762066
0.82801280746608
0.3806768680302524
1.3796829394491479
1.3047833527154216
1.4239954046492458
0.5428624986882925
0.1578983334554629
0.9867924102858558
1.3046411689529736
1.8998462174183122
0.1482859594193067
0.4825301842423581
3.3690780435034693
0.46278960926096485
0.0618992347022364
1.017005500917912
1.4878490657929742
0.9113475545344102
1.5710626415266902
0.38306993322138166
1.2091607387797916
0.7574760280410995
1.134928005199267
1.110379675071446
0.5459139942333397
0.8768480289439615
2.2334927267553786
0.6242223168180219
0.13353069303167284
1.6100542531691793
1.269865726455648
1.3847062165652235
0.41128421473472027
0.28928011508779405
3.157725197994716
0.20856773587486963
0.7048389742250838
1.7577846285072523
0.11768603511702463
0.4974968626043856
2.4914842255917033
0.16097825742039923
1.2378217171034611
1.963035956351264
0.06222725491436858
1.8065383013786844
0.7117164544429112
0.12911811542046392
1.2768597556706225
0.5296881150114836
2.5352069780642355
0.3011607073188688
0.43566585978960193
0.4368006895323103
2.0464201232413077
0.9500029730582596
1.1768360414740409
0.4270150463848701
0.26178620628928273
2.9301775441273286
0.31392985998304845
0.44977744543930004
2.680415849017534
0.8241795215423944
0.27679608564293057
0.9668168134646441
1.2467942581283395
1.0130088712519159
0.9730096330930514
1.0874258862484603
0.9028709898676787
1.1287000794985955
1.070525302720337
0.9947485067576869
1.4393323428066884
0.7090710779946128
0.042553290973334906
0.7972431313189823
1.530665972674267
1.3756193159040095
0.6968150817644045
1.026670854000823
1.2470673715469043
1.001034764503417
0.19852065178294645
2.6786631077616145
0.43341978568610745
0.37604085307669466
1.2179988643975113
0.01783758312502083
0.27128618280804756
2.007645505127397
0.3005317986014809
1.5371933729030267
1.7954988342863738
0.08942259426264432
1.3694002336096023
0.6620671667638235
1.8523210779894506
0.002113099616262724
0.2336155618751229
2.247245435698264
1.1106419193323194
0.7715499863159745
1.1288064404418034
0.796224925747084
1.0656443298997658
1.1111456327528968
0.8258948601253951
1.3761830779263708
1.2370255687507865
0.2504841107160009
0.9197547840265559
2.518302792895222
0.4677342868433465
0.010342425041154894
1.9372304887326897
1.7043473378786005
0.5590596674273179
0.6525864304120088
0.2864639590667449
2.9472915636477652
0.3691245915880659
0.6059757930903348
0.24105066083571122
1.9180812014548645
1.3290230700142343
0.44909956669310364
0.7965405214461335
1.7104798571167819
1.2314834983768013
0.698518755427274
0.8280038749826558
0.4522055144727644
2.0340038451942273
0.6305138245644036
0.08650812494680372
2.734424072600051
0.09596466006869675
0.9415050036670669
2.455099644042129
0.46463152531091445
0.5747863176796438
0.23050727087670392
1.8554714127640235
0.7276911990625476
0.7931285681300209
2.096902197943101
0.8923244390920808
0.30547800337924186
0.8352540779860097
0.3850838568447379
3.123680018037785
0.003281672797620232
0.34756441399194843
2.508931720088905
0.017575522317251423
1.296906890956714
1.567171377970853
0.9947113061149717
0.21218512795990702
1.6487556206515266
0.20505583213262382
1.2239093463265447
1.545386575334895
1.2666728434442414
0.7629717727392267
0.08753639894445227
1.6616370513972036
0.9537435764484936
0.6187666231204372
0.982296903339017
1.1281820524542177
1.0136132226325119
1.4159996892587934
0.5844426618784999
1.139501886540691
1.607787491648194
0.6761829079389193
0.40363061241716874
1.0569854398395244
0.5347576186610622
1.1586961578942159
1.4970054183787724
0.49639739251804516
1.43828205357588
1.3470434762334158
0.5822652478901114
0.8890943371229965
0.7047291237708517
2.3367650761388754
0.3081724648471089
0.1553772856350734
1.4885146328261476
0.8460775111743066
0.8179917475224269
1.7465821846585503
0.7644769137380679
1.3868729119690648
0.2837296053887916
0.407928182118999
2.657992413893674
0.6872679129114013
0.717284805043381
1.214803296113367
0.5514725838023414
1.0195576357631633
1.4735786271814701
0.5944985338924588
0.7086638040421814
1.2166495310181393
1.931409508623168
0.3390118263864832
0.6588520997609043
0.7423164075299798
1.3346396800518687
1.1230875143295662
0.5381298186600015
2.4096032331276698
0.47863124921914707
0.19106565762168323
1.1896878056443791
0.7921809341170877
1.2759882949512997
1.8262400128344953
0.09612097338682188
1.2845853044634232
1.363590650833191
0.11839468981010558
1.9680016381407397
0.6118432203090209
0.690870829000468
2.00753912935255
0.3093212418155252
1.001809368161973
2.332160966324638
0.48686547429116583
0.1773301334560853
1.1472954340620354
0.9375530294642618
2.345445136206383
0.09678050131634705
0.610739957295187
1.4481338307341405
0.26338890271327414
2.22094218435854
1.1108304598977417
0.07551396119991305
1.1497390862304413
2.466513082516925
0.45365915398752804
0.14942892768301635
3.5023385735407495
0.21133750853173286
0.22819214172511912
1.3968929460938306
0.5739760334830462
2.3868611457694326
0.42581805906298525
0.2989258620107083
1.9453827847415113
1.0684033532318933
0.24802971411651534
1.6119567557005139
0.7717443527557857
1.3108530007437469
1.1709359531345247
0.9221077444764704
0.1752337249286421
2.2598442782167845
0.5784767870703909
0.018866860877240602
1.193308945748125
1.2597339722490428
1.5550233730886214
0.8125955380589008
0.5506751516188427
2.2088490583999887
0.336162993189196
0.11258309314341952
2.9163684654699162
0.3876902197747584
0.546046545750944
2.0723151114899867
1.001268609412606
0.22085731525190727
1.7923554593166093
0.20193256409048815
1.6883030001528352
0.03435512222366723
1.3639948145942544
1.8018798534510423
0.7686085583355975
0.5452365339696301
1.5551585745231544
0.027795672973808708
0.7092704355380953
1.1337189114301127
1.6481753251786164
1.340305962040443
0.3193612039258651
1.465098147017673
0.33529812989115004
0.11321936901563814
1.2097926988388017
1.8940088339000507
0.5388162085698671
1.3488567140596488
0.1232773116492743
1.7542848201763261
1.0929197902067171
0.846998724346879
0.9010870437778332
0.6815347503491332
0.5583172698112179
1.6400411299625768
0.9038154785287617
0.9863115832606345
0.5704003480948496
1.252133473865857
1.4811987814603689
1.048549905312871
0.7835562916220143
0.313451210867246
1.271017645682253
1.4430077809963064
0.47374640421437564
1.0896326797667593
1.4921554493803615
1.019393999799948
0.6508920089755581
1.4873904582890016
0.9821336595144319
0.6128203669562655
1.4269650180920825
0.19700432431218404
0.22143270732479195
0.6735980828239669
1.0651386064327482
2.307651736094224
0.6533471237234367
0.5006689686888345
0.9533242497724903
0.6970864665855999
1.0981613346793138
1.843100115948739
1.1877041936364245
0.03629198189659152
0.756981216718788
1.1862934219121313
1.7744280703357347
0.9118805326100027
0.4447343334209568
0.34826151930906574
2.529873924929947
0.3303799053513431
1.0704287200678761
0.6125154421837593
1.4094683822867706
1.5020718699767046
0.05509676851975513
1.441791253831274
0.8304092907887625
0.8699928163709515
1.8152503915776685
0.057674045336813355
1.905724396967886
0.30691558171507005
0.7698490441619089
0.14673019803809875
2.4567775393393427
0.35647392510500897
0.5641182741847155
1.3281596821937072
1.7270367117094674
0.23203216858348222
1.3763923288401558
1.6878045082073032
0.2616870803024021
0.7992364900986211
2.705521839506502
0.057421886820816184
0.6372455424971409
1.8271949898968323
0.46978401366096656
1.8681044597688112
0.769329919902579
0.3575860181392742
1.5533055807548077
0.34281383898414325
0.41378399819347994
2.6000183238878813
0.6626203303291747
0.7317168175186319
1.3166580118299502
1.3615168839951386
0.42151468726157054
0.8720673973494143
0.3548960439513298
1.0169116523035917
0.9204135516625804
2.199295374920269
0.4862710519313526
0.630716273752101
1.2135978414816182
0.6908766176741952
0.6197559065340192
2.151584085955825
0.35821265523350193
0.740568988653712
1.0392246501438107
1.5493573172500374
1.2914202373790664
0.09472220697442389
1.4926194928989358
1.629761411713682
0.503610273671394
1.4619144882710704
0.4856212695399927
0.795110531398649
0.25952860736502553
0.3262599933888717
1.5875990329476213
1.6787121504502367
0.4452595178563704
0.6898892421787627
1.0720087140105616
1.6278001958369748
0.9590662854794456
1.0511095015040242
0.49856806881393223
0.829685259295567
1.3281911992759883
1.1914594778914362
0.6848237638972426
0.7361815856868994
1.9715682279811766
1.0151004402034396
0.6846706813514671
0.06269230626369521
1.3098698337120838
1.9321972336303783
0.15537608030580527
1.047637490922817
1.0544072202169132
1.1870097049292803
1.0465156897498264
1.022373090337494
0.6669429336551886
1.7489122050057084
0.7804676374087816
0.49061120629125915
1.8834188694125704
0.3896634678667491
1.066143783154154
0.6679034305026743
0.7952985811332242
1.3672430814386352
1.7025004094058656
0.08550398233438518
0.8479045910796811
1.457124546461227
1.1577446628072816
1.2484460590785855
1.0344622031936666
0.15092431039695572
0.811517388737003
1.7190796193892421
1.1724486311447426
0.6548885038040512
1.040799860793048
0.5231984762082822
1.2793954913583887
2.400203969572177
0.11955775114371012
0.4479129493563112
1.68472323426621
0.4517306033145332
1.102280082438729
2.448280971117893
0.19373191533679876
0.5355882076149536
1.81329175809185
1.1769752554289294
0.5307888794748706
0.43398973018206777
2.396662683611422
0.12868315503631433
1.4208091376731278
1.1039102651243133
0.8578396840776975
0.14084639420482808
0.7467593469530203
0.31821209601024736
3.4065432405595715
0.22721531669580777
0.23879325344508515
0.837994571340213
2.2206213288669354
0.9149718093113203
0.39420269174152384
0.6193314098885592
1.4786026753888646
0.8923984062402237
1.919946068254113
0.4630331671016382
0.1584361862456976
0.9210653538554531
3.270083617020923
0.07528757876431968
0.4818555336753736
0.3349064046203094
1.6403061816890843
0.829440170623201
1.5872193078063315
0.8719552884661178
0.034629793438141786
2.2301283649341808
1.0717414701523196
0.28710830765022693
1.8128169762699111
0.8817041913053444
1.1044035757294413
0.6471021719411744
0.23144187637410413
2.378933426385966
0.7091150353680821
0.06119484043107041
1.9667444094490847
0.8597892725476198
1.4696182989887645
0.8438267863049992
0.4315130349596036
0.8499719907262854
1.6767581174448214
0.14719860970493368
1.1956670851614892
0.8809472034995395
1.6176787386405655
0.6185732151084707
1.289171174574251
0.8788374663354056
0.006055565039605478
1.7406778816791768
1.5969993681496575
0.733508744308795
0.9966384296503422
0.1841352848076644
1.200774529114134
1.9694140482766203
0.5739018324214403
1.2365234235202336
0.34714952835369434
1.0339020996750037
1.6117692057551314
0.5392586137076707
0.9580641664540651
0.9635440987548377
1.8504384666586537
0.3300921191414107
0.793533631007641
0.5238325115749402
1.1662507569657974
2.0173733880148155
0.5978572828310799
0.4809437337347368
1.2908055370872205
1.7447467486179797
0.5430439741122953
1.4261484666797095
0.20350692134838072
0.14030212721057478
1.9674234235545782
0.8652397136739264
1.604802919992602
0.5503706266164714
0.4758548848381312
1.260924489149436
0.5320764853462773
1.5836474906676912
0.6186761057380121
1.4562913791830583
0.9446436354682987
0.7767112301692389
0.603399553191455
1.2149268008744447
0.43334240102647
1.7974880873554941
0.21914713534170388
1.406343736258162
1.519167180468281
0.7738715040041695
0.5872865603298226
0.7030946306815198
1.616812590365697
1.3795510887454108
0.3056761419239641
1.7120910505516227
0.9899860256536852
0.05097476641362153
1.3110242006384452
1.393167520634008
1.075712918902032
0.9962335378542427
0.49865632655004705
1.9081571505205226
0.24638340471165468
1.058078601395881
1.3411939717494223
0.33692999305619
0.9836246541180418
2.1303300828572067
0.6671542551848609
0.6276404597603616
1.1478230652007488
1.140012184166379
1.1055277291790548
0.9883495783609019
0.5586158672010054
1.3753715547741825
1.4404759619714922
0.31241404417770413
0.9336103145764394
1.1052587626240216
1.8316305461873705
0.8206764922217352
0.24046660888646545
1.3101266195529269
1.6273636885429716
0.4946348504839825
0.9968577638615357
1.1888339353624218
0.78205336911738
0.8813918884159995
1.7837959324961283
0.8949180404027242
0.12242680440938447
1.4551491377235741
1.7281910573925716
0.8092858360977787
1.2413461939739714
0.2629083571333384
0.4015325756551729
0.04104612964065315
1.3466430522292605
2.20005793482812
0.7262020746620014
0.3703740401208144
1.0523889113472813
1.505018720622773
1.2307529182984958
0.5835527716679101
1.0842914615990982
1.1891350528887326
0.8274216942543078
1.0120886881987834
1.2213261495693073
1.0181965816961662
0.5755125960756883
0.3723426776122281
1.8420056684046813
1.3349871470927663
0.5630232760988192
1.7336282283671731
0.6606895077541851
0.26339599063495855
0.23355096951878293
2.055237243839032
0.2466327045817288
1.9236380823959753
0.30674343571006035
0.7528006294717342
2.0625064030072724
0.2246406143365124
1.40475644353971
0.2938690278434231
1.7241992527742906
0.8714087770904698
0.43116202975024653
1.3591120816141071
1.474000006755839
0.13082642100662567
1.5811109887677464
0.37496819332699394
1.515317885198426
0.6051401100424054
1.184027231434948
0.979058338072112
1.42499198049165
0.8657868368823642
0.0592367095685501
1.970768390250957
1.0534855501889269
0.5731267676820525
1.7940449453105067
0.4073520911235857
0.687548259583618
1.0541226112537985
0.7866751214483634
1.0689335620654368
1.3388517343561688
1.120653329756972
0.9008280107078362
0.8209696758056619
1.5033696817539384
0.3983825747481489
0.9938771297240657
1.724191240209065
0.31469612441467715
1.0895780589891755
0.8189639174220787
1.5559284866476555
0.16062732639798893
1.103983823923504
1.3931180536547636
1.638275234943377
0.3675012361550582
0.777499819026619
2.086076546544595
0.09646845903157132
0.38214005805143614
1.7595641871442285
1.4254063239872723
0.7948296122392027
0.9096143184510298
0.33985735419504226
2.0185314095021565
0.10832370485458201
1.2401465483100305
1.4545344687051918
1.3034669890421298
0.4212914844168508
0.5088833275216709
1.2288912466645037
1.0961231899155972
1.2652543983559565
0.6875425273896991
1.3780317202483743
0.09980738338878851
1.7065925097698251
1.7379077638551883
0.35030230111655736
0.348997419342578
1.647375289886674
1.7607503026388636
0.8249822209076482
0.08248631604602974
0.9769855888134458
1.1479915836937133
1.083987132001976
1.8905144332559152
0.06232731292664129
1.210952960708279
1.3314873706153336
0.3481298874047457
0.8587301604001171
2.7241574111158364
0.5013076872547315
0.1243500800550984
2.0405970041431036
1.1515077702778864
0.8136732466665759
0.947995958062856
0.5164888415928245
0.6809217477326611
1.2451944508843755
1.7404956105825526
0.7944993158642928
1.0075319704566545
0.33858727561065577
1.1760903693154212
1.1347494911689466
0.6294422944943782
0.9630095141079772
1.3039586653224238
0.99275346309862
1.157589182226578
0.7175264528650918
1.0447347261803288
0.7881352596275104
1.531521624098205
0.9509445983581394
0.7738838106957215
0.8245683828525046
0.9110896616881967
1.5625881724354929
0.16393380626566942
1.8049691653965703
0.6422369495136775
0.594015428325183
1.846568274420159
0.7153916779293563
0.7957516479176011
1.494567696947471
0.8183642059329772
0.998924907464271
1.2788882560064512
0.5539574024986295
1.2284165135246434
0.7990934576562824
0.5170622716693934
1.301439826974775
1.6629140037068744
0.5446444284078152
0.6916626845782048
2.1134329499134257
0.681395863740436
0.42878845273704597
1.888668046966935
0.9943093033212634
0.16667201732294595
2.060135567218786
0.6300618687508853
1.2983306490577504
0.6372665117219999
0.08503727426982464
1.9706284378037382
0.9314915422130996
0.8370829374143307
1.4998119624095436
1.3292700548778613
0.009692245796263788
1.5215835917452705
0.8795521324832336
0.5675684391337464
1.4271494668766866
0.8393680386206674
1.8596649491967652
0.052853474291737666
0.6824713331501071
0.3903418465501302
1.8616740145164612
0.737695848651134
1.135289306678415
0.6746963110118311
1.3482493804329558
0.9572520011289517
1.1118571092213798
0.854873231009525
0.7913281875612048
0.8709691553657974
1.793874506593633
0.9052115156383284
0.22069255621912248
1.7959792300068937
0.5475840293608469
0.4233476186363839
1.908933519612239
0.23449257512914648
1.4576721781991053
1.3700135370341227
0.7597814771558963
0.9849259721173792
0.7447258458341379
1.5739892087416782
0.6605938226093369
0.43559578267723276
1.9587238215341938
1.4886329188117284
0.3040054045645855
0.7952751017891976
0.6867680382393841
1.2774966124951215
1.2195598412933102
0.6017428895314993
1.773369361811906
0.4592359020800962
0.835133215443342
1.384879410468355
0.4957510312045291
1.4398718005219078
1.093627831816652
1.0854360157331415
0.3341968623184624
1.1923319662756202
2.6928710650650785
0.1991838050727343
0.03519615347014029
0.44880705432586254
2.1608769829042105
1.2864749190776237
0.6225956382602517
1.5037524321517672
1.0703206588075418
0.029601929314062643
0.09694121121322664
1.2460815514957941
1.0799387290774745
1.4931168350062112
0.5624419664049669
1.6740459124311609
0.7142741569999697
0.5777567871101972
0.5470063026632446
1.1332175832749125
1.340698559609811
0.9467176958582265
1.369303819916819
1.0221463886439501
0.30299626314385303
0.6010249267784821
1.8296121007544803
1.5642806269881895
0.18498384186209446
1.0969848480388837
0.3401129961056674
1.2383915032824198
1.357935599024912
1.2239105717896415
0.40454514991488566
1.3851181847623681
0.8197860005709198
1.4243469100098474
0.5050855163348791
1.0160326905101322
0.5597769464857029
1.6901913741496368
0.9475664334849832
0.8841967970244191
0.6612912357771675
1.378999590915629
0.8093333681903635
0.6004141255014097
0.6371228555791845
1.7415082025980773
1.3257742692532448
0.9467892857297792
0.5308398873467226
0.658523014016996
1.2373885069509538
1.2016152870843992
0.473641139294097
1.1670477498001628
0.5955818830111897
2.5762303009294367
0.40534228456860233
0.019811143302894275
1.2739207536995223
1.8032504390913826
0.6270772844592531
1.4073741555514374
0.8038581654645454
0.5512206831163333
1.4062289141885225
0.8219326997517086
1.0644973636121489
0.4096921169435617
1.8656825036577942
0.4378087591821658
1.2955606705609366
0.9122337023861119
0.388131714361459
1.6397745951436746
1.4824355092737715
0.39777425214798195
1.1975174349257476
0.4670983331842108
2.0607761963308633
0.06312176538866009
1.3886867878787512
0.8800764626165825
0.032792293501736486
2.2551398797595064
0.703967480661147
0.7738595594430211
0.7483765404672549
1.2887488819732056
1.8627244024945522
0.168605544405597
0.5563932438669736
2.01383983516961
1.1221741643125964
0.9236021419115183
1.1915208241844963
0.23561521735415245
0.6159523656994993
2.955521443688467
0.2982194200342032
0.06699787335592268
1.1940237673219944
2.0549491493232313
0.9419509917949573
0.2458854776543451
1.3888241869945215
0.7055062956673677
1.5628577331005373
1.600097654446664
0.27581744040091605
0.46864115306775467
0.5837012409159748
0.6693639846395598
2.540505205472431
0.5524298443003316
0.7617902217544993
0.8635131529974742
0.9147088913179771
0.5897595748338791
1.6282185699624194
1.4616861433403763
0.5337072814559435
1.0962078498234282
0.5326172588048305
0.8263112695000518
1.1111173955461688
1.3339502419921843
1.1559342812290199
1.0273291168266132
0.37020216404872136
0.745001481424328
1.5108156872980367
1.5726987131060273
0.6131442655800161
0.5597176489952498
1.276058892113338
1.3259316477313794
1.0791726354819504
1.208200471159768
0.11421854050719993
0.1269821729073097
2.4332653099519694
0.36099229801573984
1.4191025025730293
0.8954339030577211
1.0784458303316486
0.1883158000904429
1.78981478314245
0.4697663936869307
1.108548380260909
0.19494325734710882
1.76861238246395
2.0550233899402803
0.36083412858600694
0.2621307133328027
0.8264431197180662
0.8774645604744908
0.7690592289094155
1.6744125695552028
1.0519051640003882
0.3839281109256838
1.540774359168129
0.3891383164285225
1.6093511114504064
1.2285292665074252
0.5210023389012501
1.3811258408862916
0.7969754976963844
1.233690848603228
0.707899048937973
0.44111010428421726
0.45107871421685486
1.5607410016203176
0.5599762847980303
1.2197782653237002
1.963323603907677
0.4215672216829515
0.7183261792868542
0.9929573788544156
1.5697413561299065
0.5431718023321714
1.0027992560909926
1.2760689410383406
0.33524847676819325
1.9469843594152412
1.0078747412682703
0.44197195321037297
0.9555567492927932
1.0805289634302615
1.0233208936114448
0.7648400242956218
2.3396141339823324
0.1397097449972307
0.7009222694287022
0.547295634638268
0.6648355444286088
0.6189456984297954
1.777572898678057
0.3933551788048878
1.0467211173884556
2.0147342953726115
0.6137315057946515
0.8978419143932218
0.4698299101876482
0.8435091959029645
1.4338771233902015
1.8715919063764968
0.32952921208849234
0.5495893971743576
0.7603620764334057
0.8321641758746844
1.7859151057952158
1.161100713880462
0.7825726292876685
0.8384084409505516
0.46909680321504127
1.5199228552499735
0.987218587741122
0.8459291541597768
0.2863858794488096
2.2504243090976406
0.45021199900867376
0.8672383861525756
0.2956183134531593
2.037239293861102
0.5991519122377595
0.36396602038049114
2.8053275065404883
0.328311480274673
0.8002250179774915
1.0474235307650452
0.8827459182022336
1.8779752388296744
0.30042807940568783
0.3495844189378296
0.8637089777489098
2.3174413721018428
0.11900264945122073
1.3057190968518828
0.7387002240706804
0.803740099167646
1.6224100447445826
0.8123502431265607
1.2940319923549053
0.5266772767232214
0.47569647304062823
1.8518309917920392
1.2764797095479008
0.520939055819307
1.3306596853678936
0.06031357894956594
1.3641421793685387
0.17678778909279827
2.28223688848355
0.4697574494727237
0.2926433183689742
2.8936735127426427
0.6894444156980769
0.4722246125606717
0.8129847185061302
1.8276002595895913
0.6984393130723136
0.4067041842106179
1.6603291828360722
0.6283638337960046
1.3597446951822234
1.8767213187048404
0.1512164038115252
0.11161109631819609
0.31440714764716904
1.7270557967006048
1.4701993999119876
0.7101357412012117
0.4264211984180089
1.7687439014613475
0.26779689058042705
1.6353632485460459
0.3454837369967002
1.8939427427237807
0.46055773129503924
0.5492540565915874
1.7642179002133396
0.9139330573459489
0.13981619381515234
0.5020517076475596
0.9709765882383767
0.8260338945522814
2.773903520142309
0.1701527246916575
0.49943314814419426
0.148960997214373
0.15679669142715172
1.656803507989096
1.4355991390174594
0.6479974246616304
1.5088895100874997
0.75444239557887
1.2100796398647782
0.5216250246082241
0.8879213285359181
0.44846242694043637
1.469885545948162
1.0499589236499314
0.8329620590568635
0.529261950696656
2.8289154097820877
0.176576695581614
0.13871712425390714
2.063891013731348
0.6881484999154437
1.0653081144461536
1.2249476167257873
1.2429067343811975
0.7518792660880298
0.6426141000944282
1.540114446957546
1.0572140774442835
0.23642537871966843
1.4020609242268238
1.7171526899010687
0.9372577753711676
0.4261535579636872
0.5613740195608752
0.4265732972980603
1.8996237662382625
0.37695436926426745
1.75166914840648
0.46205613692737185
0.9823612732589935
0.34052947749271645
1.8812924154397124
1.1251759098508753
0.4915294078568953
0.961229570262398
1.094594171368775
0.9215190362773906
1.9381477368348277
0.6090372769544253
0.16113491016660164
1.9774356615054354
0.6221505687162536
0.7032619423010462
0.9937600296692654
1.4463724567408067
0.7520717124115892
1.3054882033697357
1.2492111621056534
0.048726176056842575
1.7377416128773564
2.0769995728696276
0.060702946319543157
0.6016306329748135
1.6531401110345643
1.2127919337861406
1.048385849273083
0.2908674712629949
1.2815143561474736
0.42629417714453066
2.1955764552253223
0.5154641639487454
0.647995445365629
1.2135655621513657
0.7037259757602272
1.0687637733885553
1.3605686234342393
0.6621468267921743
1.9782149367017237
0.2716880893664436
0.1589554497377377
2.324879178241395
0.17465339577908193
1.5095991812466403
1.6810120585893429
0.2329312345312518
1.1417446529157933
1.1581147652112203
0.28195093393661397
1.7150840452942706
0.610658214404907
1.089744853668235
0.49735326140210384
1.4696014300340923
1.3601403989048408
1.143964284601625
0.40547346272334883
0.5672389216862178
1.457746635188525
0.6501902116681171
1.6030728745015375
0.6515538009879578
0.5642754505941636
2.026860851091337
0.39248589386970967
1.4157649394015719
1.0739936517892479
0.22557857244408416
1.0967244301544752
1.4467372810619656
1.253741271486052
0.27850954457034455
1.4172946242871507
1.5293138728132314
0.4316224539970453
1.4043195646619353
0.6523911420667328
0.817603854959451
0.9747164494206587
0.9671568007350752
1.7343790624469506
0.5126765433748804
1.265663918623247
0.43657044452451726
0.7866089188456147
0.6979705537622573
2.0125232523092
0.3245828575732725
1.1674940671340608
0.452073078554291
1.1251771667935269
1.5564087331441858
1.210695519504245
0.4491708764947049
0.9934606007476476
1.5775492556871826
0.06461288773358159
2.0463676281849725
0.7810646091689473
0.3248779650828976
1.3675153721434083
0.2544564013741619
1.7944840362433891
0.43459375389921573
1.4834668541288394
0.8079850397961503
1.0346714375018902
1.0601836048026796
0.5531183544523737
0.5999371313272014
2.3248048771720504
0.5717563292850638
0.7165124367399467
1.5020745193773366
1.0559916205588107
0.7674336747220314
0.03948027297859061
1.907117405286577
1.6059447982363626
0.24570359252939797
0.8783380329107258
1.6232242172808888
0.9344504897640937
1.5008351096320032
0.48512089547670806
0.4941939158285048
0.08949627128272357
3.2046590209632657
0.8305192793199051
0.1289543259790075
0.7466974964561534
2.3041941158344685
0.7086652632509822
0.49557465790283534
1.0275370085295932
1.3883271946350737
1.0523646452067437
0.6672467294708975
1.081077531295673
1.7401721659378213
0.3053812250748239
1.2400835942445863
1.7604797425169216
0.153020674416712
1.069743808922304
0.5991147920484876
1.4861231332947513
1.143078542302372
0.8527835539117301
1.1304413146732084
0.931072501296301
0.3610637052375498
1.0959417968961986
1.275867625814895
1.0378039572412745
1.2232491055505634
0.45025137061324944
0.8352931760214801
2.101630371224631
1.149087207516858
0.3089678505581646
0.0928726674605919
2.8101476487112724
0.4950739568055094
1.0703010622100313
1.1096263582528725
0.30254222554959026
1.042277200675269
1.174689800549959
1.4071178271465168
0.5607651204331797
1.0445216134006965
0.9839053998029212
0.6864174450163678
1.7321207712483404
1.090780033022354
0.6980250457764768
0.3098797102459005
1.2735480821752303
1.3331943264267356
1.155797552033961
0.6980279604972781
0.5681891617491364
2.429068809484405
0.4420882025418995
0.5631926062789319
1.339728698314572
0.39722391117877226
1.5994872494103631
0.7528185631551424
1.8023350447999518
0.21152716145883416
0.25375618245202464
1.3912653285077619
1.898618130483929
0.6087360004493946
0.27171028559089566
2.2092378573157467
0.4366705206345508
1.270884880126305
1.365636286667726
0.2192606174049032
1.1824976938873852
1.5076660818676688
1.0674676648182666
0.7340805662210166
0.513453788413188
1.1339192183570592
1.6794322511033268
0.6396541076448914
0.8481750911397781
2.1158770287110493
0.4570336612928461
0.13940271921823638
2.06425495893415
0.5062423306220043
1.116665964138666
1.108477461461491
1.0438234832286941
1.3880718193943757
0.1937689495180242
1.2605003746975458
0.8290399072943387
1.3708820495216716
0.8491459339868368
0.9050007645249036
1.0954717392462385
1.3527218711738958
0.823033170273461
0.28423642660950793
1.72576675645596
1.1861783584381507
0.3205714279014085
1.6412145432449274
0.388982219154238
1.1714994078368666
1.4248942128578646
0.6822306594677877
1.139894554208182
1.161584615670725
0.7076596176705232
1.33122083502031
0.4663961089529908
1.3819274101949492
0.6832812681874726
1.3940648003397853
0.6517723788873945
0.9167588512583996
0.9527550230459898
2.012971593474541
0.10082283124936081
0.5871521386744518
1.95804298400749
1.3007155235146899
0.7046488403004507
0.5886188321761986
0.3632004802570823
1.0486356011596731
2.3424535089181067
0.042726679005499285
1.3396353034740853
0.8898305108277709
1.4211808169755011
0.2720885161058972
1.0703195769406082
0.8704546129697093
0.9323574803027546
1.1014304429068529
1.4785499160052546
0.8462135360592278
0.17962996951776838
1.4316439013568572
0.3681232561423707
1.4433092531199034
0.8974992560149985
1.1525516980922619
1.429528283840511
0.8388492205605486
0.6527430060914315
0.29463711625214645
1.1181607426367866
1.8756450553025465
0.7679359171984104
0.927137006611862
1.1909967694025512
1.2316716294750798
0.5076201969256554
0.14241843689310793
0.5145059611145959
2.1634501073837344
0.9690226249391336
0.235441835105742
2.2578885931480044
1.1979934312744138
0.24388874587336237
1.227180866669091
1.8540303362692656
0.3271968228174585
0.9158265295660863
0.8609872705824799
0.9114606540035878
0.6649200830786219
1.8500049836769097
1.1776501334775564
0.7495090801399759
0.42232579000211334
0.941373183245675
1.8944081585703958
1.0574838660055583
0.07729496754970594
1.3449779535487767
1.1757665855461303
1.1255495486248266
0.20085496271471354
1.1035984558301961
1.6075028726806344
0.3966682691409268
1.6767937386408012
1.2211512659408204
0.7799685803684967
0.5138383095532452
1.1573901546027057
0.971300064086709
0.7025243795503238
0.7214835036157936
0.9705964991692863
2.6232940664445223
0.3015820251778947
0.1041233485286857
1.70647854166774
1.3044757917069443
0.7535055910007894
1.0625690045761929
1.182205026161409
0.6607529659639603
1.818721484234267
0.4657147753667258
0.23471480130257397
1.88353551516629
1.2067584802339975
1.3456636438146492
0.0890155469936336
1.316971938657503
0.4235035004429346
0.33611795890318064
2.8949599391576677
0.6760151616456502
0.07904043553282078
1.8523907889437943
0.7055138747637005
1.537890167416537
0.9674152592886425
0.2671282086771041
2.0212207478626865
0.12107979368668814
0.532044624950725
2.761919374590848
0.7622811553181427
0.517969049195243
1.542190295306755
0.8539483019786658
0.5066069649449602
0.8564668105163162
2.889852918195133
0.16607359633680718
0.20186705225190893
0.28466882063578725
0.6734246589261809
1.2288353535615908
0.8778661856131964
2.336584766705455
0.4590875624235873
0.07426248498628518
1.5039978989747589
2.3576375822754385
0.07684532920165141
0.9572786592578978
1.8161837413265602
0.9722238397884849
0.5210699477491956
0.5056776480144369
1.5437774360276255
0.3039161482840391
2.038259832226201
0.44028478863519177
0.6361792662178806
2.8092725543522112
0.14540325152808728
0.2214468358121258
2.870314074335978
0.9828826548629226
0.2961550386454575
1.5922459342617348
0.511982585961149
1.3251857587549734
1.144736479098479
0.6189238161867078
1.0890403365670855
1.2368078957535633
1.0021763243128818
0.4397404611734089
0.968331622297452
0.6731620393123445
2.3185739720410847
0.51506448361381
0.8530303967519554
0.7349457295992798
0.18727585381287223
1.064708712115542
1.3667275363439895
1.1162151455939013
1.1389407569736425
1.1818815061956802
1.0529128199379179
0.04781883918044711
0.7136687601766162
1.2508142233342987
2.03725428807947
0.19553901010623956
0.5961171388294313
2.394430322224289
0.34207174538222923
1.013163880930705
1.5233706330653913
0.7502417818503491
0.0923893525310089
2.469079466529114
0.2564910592746922
1.4482149322057876
0.450715979601097
0.5894337837778225
3.2526041935273966
0.06981311450141559
0.005296636509144973
2.1629368451859015
0.6180175743241002
1.6849344521933416
0.26478368320260187
0.38062939255721684
2.2963119236572123
1.1439563224319313
0.6564428634604542
1.0766799244550027
0.5797380058991698
1.2844108206309697
0.1975158128772937
2.2049616415637825
0.6944450473927252
0.3814982880013982
2.0373984116353734
0.5234198781514431
0.6880952134936066
1.1869181306545566
1.672670677120854
0.8984547318338573
0.5243631597553939
0.593779244235781
1.4496732038800302
1.2934145165432376
0.484790209009842
1.0145365235462054
2.0062451129857646
0.2206816270125603
1.5359211016570784
1.1027898551332749
0.1958215774310385
1.51807306437854
0.6215558964833086
0.2285042827045967
2.1014018451124583
0.28657755112950867
1.4000177173755917
0.44783886040236703
1.4597818787130792
0.5643873106374283
1.5492530805194185
0.2862411942944455
1.7008014865855283
0.09083428579406673
0.6825548662082954
1.2516316444574735
2.22922465982478
0.48133304080540673
0.2681750705751481
0.5939832194526098
3.16429963070646
0.07857495065151195
0.47192432894410097
1.1076577968802093
1.5266436676995656
0.9366799219777597
1.2362655516451369
0.3949721082703811
1.593411043943593
0.3200826872047748
0.6757358836387077
1.8233007737392493
0.7056887808191005
1.0047017472912632
2.2917157686670198
0.029560129232803274
0.3170527407394343
0.3832780019650465
2.6469677167257157
0.7465771748974511
0.8231411118766855
0.5609645255112823
0.43180847617381674
0.5821169678334298
2.915371243991779
0.3753574712340632
0.8423230161430912
0.3491335610648369
1.0655878449064615
2.6656060723615127
0.09531775301236262
0.021808620339427768
2.9315034150196593
1.3302770865186742
0.20413220079451225
1.3906076450665463
0.39454686857826
1.1858003168092675
1.4347808754883276
0.8617999493058494
0.3928871647085766
1.0644863214162017
2.2961041818801866
0.5957461742476754
0.7092585198476725
0.45794770489522796
1.118199770109698
2.204722189141516
0.4979515669482838
0.17988109563728089
0.7906952564637335
1.6952421472948005
1.5667836388451017
0.8757916571812963
0.10658216260219645
1.720802157067744
0.6569441117600086
0.23557390858501445
3.380825625825146
0.35839480081651975
0.2652120270297682
0.1451648582326296
2.9659710864138846
0.11939472765064522
0.6596553535912785
2.2041682573914656
1.1815961850076244
0.32270132298448523
0.20121624001285066
1.6643801301627568
2.6763614323224716
0.1841616969439257
0.35109989293974364
0.8670568715180653
0.4859925597723999
1.6800711826206178
0.820257141664033
0.46386075831802037
2.5015571207070244
1.027610686933542
0.010181979809020228
1.25691125664958
2.7728134492369643
0.09462669353190846
0.40400440923990133
1.0756892067335997
0.6952894335263522
2.41327265674512
0.711209498264845
0.5050273477134601
0.27241518890207306
0.9030237011892254
0.20281463164844818
1.3794852597530092
1.046168499145709
1.160814902824487
1.4878787994825353
0.16138655161831367
1.8448941478402197
0.6851107044322982
0.6097436413594656
0.9225433249423396
0.8155932136147734
0.7526177198467494
0.4789778151366039
2.4717282024942264
1.318919034395911
0.12243524318131928
0.6552212504882512
1.3702212424132152
1.3282104807454536
0.26221867198494003
1.0077771283461594
2.7535640798702516
0.06465671905269718
0.6904002404360783
2.7602127577550433
0.12146237234515105
0.8000365927934633
1.1639486677875384
0.641169670718306
0.8782805022241356
2.0810258998576043
0.8232841850409611
0.6352392724561549
0.5896206081015579
2.1570304107567324
0.2188275080387725
0.7939637517591901
0.38025411054185887
0.6036114271242539
1.579065095568618
2.305712839080515
0.40393767747129933
0.1450149396148492
0.07930634826286286
2.3651751855300107
1.1779722719910597
0.0852907001919066
1.8121153745731666
0.2349093352911785
2.0106791504927224
0.07650373350840796
1.050682155127649
2.341662256477986
0.16696810735149245
0.1717209658491618
2.1082714257197397
1.0483714111239286
1.5529963022477333
0.07414788680239545
0.7113741938827162
0.8186879912502896
0.5870294787037151
0.5602827470225688
1.2599216002395788
1.1049586399245857
0.18319246712888776
2.3428661800191346
1.3356600474636786
0.3424795295159781
0.8158658360294323
0.3282402847179477
1.1770741653514771
1.9490812349048525
0.7994923902410495
0.737209410024368
1.1370900394112096
0.9915223070143929
0.3070175107054291
1.665564164398357
0.693065810986679
0.34268044489115995
2.060412930747808
0.8681510469371276
1.3736617210838653
0.5050324605702469
0.312908316697177
1.8456295723952434
1.0336566293524623
0.159873809046049
1.158274539201575
0.8595569627047696
0.8650602772973245
2.2851364277884825
0.16454561217704117
1.3272603432546235
0.034488967653612965
0.4487856532491225
1.4738996630617833
1.0984765614184784
1.4020339432367628
1.261516444503833
0.35648641881900095
0.782255279395716
0.7529075510379386
0.42156518237425183
0.6163215081160847
0.9356243554624855
2.7550262274454
0.47581463994217915
0.419374229503449
0.20868528740544579
2.455352444181496
0.062288526114070375
0.21249708679117202
1.7175696389821866
1.1813805520048688
1.1949536730549348
0.9378628876100173
0.8897633287585047
1.1875839835002344
0.316212005104015
0.8406296025304907
0.11280086974666823
2.439483606779143
0.7584835372308463
1.294930490091495
0.16725272309536712
0.07032244481815292
3.9932351686519354
0.04115975527580765
0.10378370595491715
2.0009670780190976
1.0545688554542763
1.453460960538522
0.722703586092934
0.630825475474136
0.25617748316597005
1.249883484061856
0.25382524603885254
1.1560978042462668
1.5109720059054303
1.4537074589076107
0.5326857030979489
0.8029713894833727
1.347126223085132
0.5070798693587932
0.6879237832376535
0.6802864109452399
2.491091615631857
0.908559690835036
0.3991928218799332
0.5214016142824864
1.0923094238545263
0.8756879399002804
0.5913429704273607
0.41239922426033565
1.7653396670267854
1.7607219092898383
0.8567397748513093
0.32339888173427717
0.6652707926479107
0.25863207997141
0.5181795945045826
1.283669497127025
1.6138165335421295
1.695731096716995
0.24719471640075294
0.01729280999262889
0.14150457172789427
2.3725740488617855
0.2501147350871288
0.930992508139983
2.0456058849803966
1.01247964022681
0.891888959909848
0.1355901254313746
0.5585617865112456
1.0491466921520378
0.7739170164495516
2.1720499550019663
0.4150878994424841
0.8120663649010672
1.0615084421373822
2.1822404493096705
0.03568499006555153
0.10423410107707314
1.3099961407041103
0.18107863306182745
2.230860069003676
1.6271470493655922
0.17092796729069987
0.7658130683677427
0.9979529047309982
1.072763729951029
1.1880947966552948
0.19759755480989913
2.4322344215221348
1.1009841700724678
0.24299368763710896
0.28194541699078346
2.4463912147262823
0.12255565529972298
0.6554991773861945
2.716289711304149
0.7108005536639255
0.4100383892050677
2.311171667271456
0.0897957486066488
0.4652992648450725
0.1473183233485929
2.5228028336551684
1.319659062924807
0.4971567833314149
1.181622889963197
0.4279492289678802
0.016640427438934766
1.6704804695541315
1.487068033867757
0.6915311084218233
1.6486776257546585
0.2547003648317395
0.9193488330405567
1.0531606654540935
0.7711090676830822
0.6046634862230098
2.7845219639125234
0.7273306095976676
0.028604196920600355
0.20737466047692638
2.8098896706786847
1.0415690830522724
0.2145667090742494
1.710040965680848
0.12570728389319613
1.834296437996523
1.3322223437617773
0.514395767999488
0.0351718778695144
1.8289941248821397
1.5113871564446402
0.5964548054759434
1.163267762810795
0.8223058738230502
1.4162554294455239
0.8079110811270273
0.2626088850619919
1.252466526517049
2.451006980957366
0.6486436170238901
0.19377296871540822
0.2231214049988673
2.12744635681837
1.973664127029793
0.2308955686735607
0.12405354806349334
3.234047975645487
1.3020043461351964
0.026557153810277335
0.1984316765603702
2.5703005936142214
0.06541934648147986
1.2889607334012403
2.344408060238993
0.5001198488178671
0.04118785412879111
2.784185016992225
0.10172497634906265
0.3580295557547426
3.43222808154718
0.5163752928392014
0.32851914483754757
1.714260556689844
0.11154095454549738
1.1989075461618626
0.45292697951004784
2.6533822237939204
0.27032808907762396
0.34509547550878217
1.0817985952524014
0.2758065763874898
1.9424366416314374
0.36990111556071675
1.1266372575465764
2.4152519445321663
0.32522875087090425
0.19462549032255985
1.4760760735242362
0.26225773048485307
2.4957728315173293
0.5888547310446409
0.45022365527062036
0.6516614700161879
1.485464596987261
1.8924102819458295
0.05240986149122463
0.7759710074799346
2.186409688926268
0.6656471091824102
0.8547720866862568
0.3922098821164526
1.8778081916053715
0.7341283619047719
0.9611945030840315
1.3514381872896422
0.23663705370969518
2.058532986842127
0.32410631708600746
0.5898949258324251
1.788663681361929
0.8091282393610265
1.1420579213819202
0.6609240382791127
0.8914939086553183
1.5847927933117356
1.0420196862421447
0.0927910033453747
2.2745129827928827
0.8749994143812468
0.397818001347591
2.008627122184112
0.6181068227202917
0.10713761101694043
3.1097928272642457
0.626966374261778
0.15806328228792418
2.1163893526854376
0.3654966089567369
0.6695849461405727
2.619524037386381
0.5066042000620148
0.7910848919132621
0.7562259322394417
0.21738325393252741
1.9098342876160925
1.7989507622848437
0.3205523372828069
1.0393976126906477
0.6152197729705866
0.8284226148549699
0.6111838239459395
0.8379919884460044
2.604411045517191
0.1507654672251965
1.0725748153117547
0.09591779321230122
0.6128886042384988
3.386068323384167
0.3058961565377854
0.4566563467735225
1.5694567348113084
0.10601336279266363
0.9107124616861126
1.5447222306965556
1.7728289185465491
0.8140124359668625
0.03496591932265743
0.16489710777034397
2.0599873203919037
2.1206745155349447
0.5035193153830972
0.20267506341232847
0.7685416485446114
1.5791151956130811
0.5565470969691173
1.5194308239866259
1.793855336177143
0.2994522822995251
0.1110681008121545
0.9124605544736445
2.5336228563684564
0.8810672096905596
0.6259180312910425
0.3481031152199196
0.5615399346114992
2.0727903292967027
0.08632737266166926
2.3644121927652852
0.39456514195858094
0.03829204139727501
0.2985804673523865
1.6252357403912723
2.323270495055564
0.5880587088807507
0.11371777708325113
1.27162315686809
1.6266330144248322
0.9599976854808204
1.2500649263802877
0.3728689716835718
0.6448315149443398
0.6153983689200039
1.033567804718419
1.3842414951981417
1.412694084256286
0.6567429684237689
0.4935397380279192
1.5171638288869518
0.8575477694392546
1.5388642817353428
0.5683961308967432
0.769408121612036
0.5543812347096361
1.9080644395950364
1.3161065734747857
0.17752040472883504
0.7933909302982298
1.1264255263395437
1.9593065564690568
0.05299895154637272
1.421658598310231
0.9807299595173088
0.7894549965689416
0.9524634625325342
1.69596926126152
0.6225722929106383
0.751641547503084
0.37523451517463163
1.3763584132454998
1.7285161902183177
0.7974855575780952
0.5775617075982844
1.1983880181471827
0.7670864246155714
1.5569613847370811
1.168285557365756
0.2132760166609993
1.2532512525914181
0.9660062872562223
0.9398797542187551
0.8842022067570156
1.3755716559023292
1.136340368609433
0.40521607509354307
2.2043363365215822
0.13504491432620072
0.6293206874307825
1.1433069612525961
1.5653067454435068
1.4396651645404364
0.11365876051778535
0.32257940960797027
2.0558386355313045
1.5676383236519982
0.026835076846948674
1.849628300825681
0.8017564852281999
0.7298422028240799
1.629009013648344
0.9520099674014852
0.5784570071120687
0.4476107564776096
1.1759096901859176
1.67820476550985
0.430687402522177
1.380004902464166
0.8554852906077403
1.003226402921048
1.368583649614687
0.3328183775687676
1.7351049233354001
0.8163576307807832
0.2557589890947408
1.4702319817059692
1.1952754464770863
0.9310653622355322
0.8132451648229619
1.5057344439491875
1.089090336439143
0.061450587055838245
2.0982219643983613
0.43148185800264544
0.9532098699968224
0.11785383264979551
1.8620369560960623
0.6991875204997372
1.5896192909510891
0.6940843880495122
0.06623891479537873
2.6231396277403047
0.3452515575218069
0.9689623014438999
0.4631650295488175
0.9992489240289217
1.1631397400056485
0.5725547075851118
1.8975712092730503
0.07112417332895839
1.9546193914800511
0.46126780635337994
0.43356024439660207
1.27452459690815
1.7849480233751898
0.4480551144187071
0.38781871516001304
2.268977750581517
0.012695614571875126
1.6939101491463322
0.6273868589275222
1.0097642838035563
1.6605826477802237
0.7472548711487667
0.08955567454550899
0.2811029076688681
2.4208728693529786
0.11209855899376708
1.6449229755839179
0.5424374001413875
1.1788297888121657
1.60961097947417
0.010822451522182688
1.2411629274473284
1.5159814287306828
0.2890898992294212
1.7269924389474078
0.5808381140993101
1.2086244494491714
1.4017715317923298
0.32918065061289015
1.286523095009622
0.7019493950080805
0.5257054684838834
2.0683992471592028
0.6159527309773154
1.0682348549642326
1.2149391502372033
0.48243303446586533
1.6033006882291392
0.74315519282457
0.21390155935566466
1.6011036932351355
1.6897908347323656
0.8494413363608061
0.48062716014468615
1.740314433960714
0.6199936259837235
0.4969586924717522
0.6926984995937582
0.9615982579744589
1.430276456206074
1.3398262357098243
1.1543652782706053
0.22395830111838208
1.1084424509100292
0.9947654990165903
0.3479545372556198
1.507706838364724
1.2987491928953185
1.0656945211882634
1.0740385989773442
0.8527603086387101
0.40034247971535486
0.2985371812541949
1.4691605508445136
1.3584299126654533
1.0845713379719295
1.0063958633024044
0.8471075403685333
0.6817400263543719
0.8093185354057175
1.3651206639236972
1.183169169908654
1.0674369225777736
1.00778306080216
0.5135932464979333
0.4955502264076378
1.6705422569974688
1.1751914897946585
0.9918969567463712
0.9994894886185143
0.5796067189290555
0.4971630716000851
2.1171494521753678
0.9750858748462373
0.8477160052714108
0.9961420803641019
0.3533009111180488
0.3835769371621334
2.703445447002581
0.8422492169315969
0.6709648078445799
0.44283195426705807
0.3978514008873613
2.92753251828128
0.7118551046137943
0.5472923055588977
0.2710389396668436
0.31634031158760917
3.38088416069662
0.5782117256289094
0.24957671902355677
0.33456288808522666
3.5452164408536557
0.46658789025773634
0.14521374756774783
0.26541096046827284
3.8065495651686287
0.20706988554779038
0.18016624477334073
3.905383579231087
0.1236343973572298
0.12765189282547637
2.27466496227882
0.14581403570721516
