0.9784991784721594
0.9313822129975876
0.6482524377620451
1.2452815850106531
1.3836340030458794
0.7647643825129313
0.5452184225629485
1.0552424238025913
1.663872847588909
0.7893106039121917
0.7756074195660015
1.1924171519855136
0.5948569822168587
1.368570527755051
0.9080913259573031
0.9653958112985803
1.1199834419810764
0.7565061286773801
1.6705667360959011
0.5450505015691349
0.452940066151604
1.468489684196223
1.1420183413399856
0.8405597556580255
1.6410158495512535
0.6449120696675045
0.2984411335898436
2.105341253108044
0.42478702753926495
0.7997688627646661
1.2337348560197168
1.740350109127219
0.7464486850347304
0.028153165006199413
2.3707460895755625
0.5418839759640127
0.7698999680899214
1.6919030152849752
0.23168049384444242
1.6986254688718203
0.843968408197858
0.2591780302203368
2.341892811606833
0.633251240579298
0.5158125018011926
1.9219261052385568
0.3504403179703896
1.3856016815439696
1.1337242243432528
0.6637622990951252
0.06269449043541743
2.617500020959117
0.8039441518631598
0.2604822644832845
2.170580898689817
0.4975737208320171
1.0873671302015462
0.8165633499063282
1.0760617598666717
0.14440501546962695
2.3263475569678684
1.5156441465536883
0.08985211625570869
0.011772247298492104
3.0016991398273944
0.6824140905042737
0.804460429640003
0.5103442432260954
1.542302026702745
0.23264783690253313
1.9028577530268431
1.3720810082063482
0.27641800546007683
0.07153925489754055
3.434423009900522
0.6487295455676005
0.29468297673954236
0.9573362440025981
0.24843009163720553
2.0737618525946835
0.3335382612561317
1.497228763944665
1.0673429128122203
0.6825433244944463
0.007623728553602058
2.945630164685322
0.9497409602373861
0.2978442097263193
0.4331260648983029
0.09016169150071617
3.7541772866805774
0.11885367433391468
0.33862055927627943
1.9756982516486434
0.7687903899158363
1.0883350243085974
0.052653934111366395
2.58369029922815
1.2125144762867313
0.08272797221912695
0.2619377019464178
0.06121739689318246
3.8850642667975834
0.23645399949406937
0.3482816515858776
1.6865525528564225
0.47043262112674533
2.1681038316374006
0.2835129837286554
0.1338261297154369
3.1041371840010865
0.5850740843711268
0.8147190826902089
0.18635682859073072
0.2323017022696863
3.656902499582611
0.36588121389057576
0.3915543872542293
1.2321854503223282
0.13689945292001557
2.940616909661028
0.23182726125383046
0.21292358829131774
3.0327072404864386
0.13375287433837502
1.1415086903461338
0.8077217174688245
0.3841416291353721
0.21365067053797593
3.369456714118732
0.5499426371860957
0.4425993862273504
0.5743363584679663
0.22181740140380635
3.5114795645568813
0.19732009007797818
0.2810728893654476
2.152067076460523
0.924512018658047
0.8005613094982743
1.4489212150382549
0.419796904003834
0.1780145518707399
3.527173115132368
0.5102327393245359
0.3005838989261938
0.8992164767965682
0.23321017716273704
0.3675130743139202
3.7693017791414962
0.16845545132895076
0.35427072334320486
0.8771213646514245
1.7395416863879487
0.44241900263383943
1.787465200756877
0.46438887014667923
0.14692444178507108
3.582911036749834
0.4660324732055221
0.18962575996825726
1.1637551796756842
0.41589460125253713
0.1469263403071371
4.194537996846318
0.0646184150442757
0.14640315544118665
0.011134183106923011
1.1116385157581388
1.9612779950188644
0.05872396740670265
2.2257124871430993
0.5428546763433879
0.12915225924525975
3.1196285192487014
0.3081029361273733
0.8061482318163311
0.9171373386855635
0.06138611034923065
0.6315942979465134
3.2520315895625944
0.8847744185457793
0.11974029025070473
0.19504436211181653
1.5821587358620668
2.4934676179801865
0.1811379684738013
0.1713486662180561
3.495125738311708
0.3862071098976071
0.4445068258088775
0.18286579282262
2.303618915019926
1.2684685128315125
0.8653955020014689
0.06033818814876977
0.690240588064966
0.6941800333205922
1.7654564811950963
2.0342259963528875
0.19259650607043335
0.1452531764932128
1.9356144551826997
0.39989156279548665
0.7618579329603026
2.6601580027116505
0.7125536966031253
0.30186406861587
1.2037864742683577
0.17497290227289025
1.316473306248098
2.321017144501094
0.4791263012661002
0.6720685354932289
1.393788796856857
0.0883458018983203
1.1127426456122775
0.5874074716082879
1.524892669393269
2.102328633384275
0.35215751875170004
0.16712579465267996
1.1674037650588793
0.5512327548300234
0.6303805396642556
2.9179197567193103
0.18233725308303572
1.0276037949549433
0.5600984073155194
0.000530080934408311
0.058266907772198076
3.666896535301817
0.06982959080963844
1.0003660503194873
1.9255036370083367
0.2215734738870871
0.007373474429827278
0.9830627855616351
3.6145447370152257
0.2150136164150991
0.22260198548863427
0.5260572846456872
0.07633889400281862
2.3866258386588264
0.4843941100440323
0.14965802115057503
3.9647361938843195
0.12390167709342838
0.17514024429694838
1.7283238938689944
0.21127907043065486
1.9272548950955457
1.2003114047248276
0.5382982776117631
1.3752335085904122
0.1656094198918108
0.8771198384312111
1.350916075045199
0.30385702001361137
1.0403030865650316
2.6725298075787776
0.45307155311979525
0.5811376358749295
0.4348427352451488
1.3431385034636942
1.0057821094072705
0.4753719793909176
0.6892258710085625
2.7259376798234336
0.724940279406208
0.0705530163145974
2.8280016611406564
0.2632640745892781
0.2851962603540643
2.705492316248885
0.20866930481201793
1.0824680035750749
0.49884848710629737
1.3361398893235512
1.0431961927578937
0.8299826504103848
1.084634213612074
0.4166912015167067
1.7715766070283254
1.3593283875541733
0.8053627094420355
0.5231440162215758
0.6719820054878832
0.43016186330953654
1.333727283144296
1.5307123923303274
0.9055309156340045
1.172545227163864
0.11302630068866018
1.8488962550150647
1.7406781787810395
0.10958841776310171
0.4795211502750728
0.007452404883509493
1.231151841216199
1.873239240293079
1.3290831265022687
0.49711754518056256
0.3268017288156283
1.2619998363672618
2.4425412961208024
0.2834770603895478
0.43642393109387095
1.334442835827632
1.4118802088190023
1.3211159769041216
0.8833801145837706
0.09281314580951121
0.32711816194239773
1.6467899292228305
0.1896685411868843
2.6615283028229024
0.2391544442419085
0.5129164229886661
0.39394964597041515
2.4645590634054573
0.839809527035977
0.38565204473556636
0.07857304609613376
2.2019524278419467
0.7348297812862562
1.1355634797775418
0.988730420541025
0.812117308553382
0.740850833599828
1.9947351350357259
0.46866511806750305
0.31789665392162825
2.5119992116492513
1.4570095093162483
0.1509144582091287
0.7180588316848635
0.29881400796223395
0.5165494668781057
0.5819302688245597
2.5186217848890053
0.12043020216605056
1.3965180916977815
0.8984067080427929
0.6321006964294261
0.46020162589357416
3.087233392082976
0.16437157153833765
0.3308545811026417
1.0819864990105212
0.5736413688815786
1.9385334104572813
0.9597989012423872
0.7783645107219881
0.9903390737685066
1.3189329106297687
0.4968158365316273
0.3976275868112341
1.5320029556488877
1.0520181592168685
1.2714955861288844
1.4168555875369144
0.45206400929418333
0.44054037768422044
0.04342480563076324
1.4177279867346833
1.309421915679216
1.2537414099067796
0.8636653160069678
0.7752261475942862
1.3174826887262043
0.6098522835386818
1.0020248856282523
1.726616819262981
0.2448647098405362
1.4465831445954207
0.6660090374362868
0.8149670096847859
1.727418125083705
0.6838059051969526
0.9994492162802612
0.9009632669224504
1.3605813991899331
0.3471523618084361
0.9525162573570888
1.6012284696384484
0.07779579874167879
2.666734156236865
0.42668843537456924
0.04009825533694568
2.6222806796085716
1.5753394910504084
0.1326370380668193
0.09753314688049337
1.6337858745142997
0.34001292510432335
2.295121310506842
0.9802082413106666
0.2599799950833124
0.5761463126347334
0.9497281266107308
1.6112508082305212
0.5888359544080579
2.0366544143343175
0.1382236579855505
0.3908298261840762
2.2613333552050006
1.283094489769364
0.022171919999233892
1.7873580989949371
1.4298239427093773
0.3401102011830799
0.40592941061073795
1.6214502839386424
1.239594102731897
1.0836122639037193
1.2177297018161664
0.25316150421976635
1.357527417458495
1.2866891848777993
1.0478163653003594
0.11806325220042581
0.17785149582043144
3.3022587361485325
0.005947301888068789
1.0016241319850994
2.3843948762105
0.4326822638435997
0.35258978785810025
1.378757189451642
0.029249377098991346
1.357659096066713
0.8702149020246172
1.6885536923927462
0.8012588782389368
0.9762798480202356
1.1155907653776256
0.48095844910946306
0.6766350876593048
0.4852282439499272
0.2924991493723577
0.5333526013276064
1.0337273554386481
2.0889844413652763
1.156645046816526
0.2466418303046477
0.8990815307521329
1.5360468678085883
0.03203234811531141
2.7454431654911207
0.3177155524458298
0.4840380005815076
0.019397754209083306
0.0879802997894387
2.715607671988326
0.6147242838470385
1.249665181877244
0.2602838992337388
1.379691593977495
0.42113302491662746
2.007015122278752
0.26530592980319806
0.032103846053663766
1.2922656600003735
1.9007840963141824
1.2430271753026503
0.5505540002824216
0.6203741880647521
1.0826893581842616
1.6518696546763054
0.37898765741444823
0.8209160197040749
0.9657023992766982
0.8988341825707461
1.960742728866033
0.4440977643767325
0.8206187442309759
1.3777637302616652
0.005640650885650781
1.4516393169487833
2.585089805619443
0.26296462353156996
0.6001349442902011
0.9076665654067572
1.5068611484738923
0.05243266753226898
1.729593947535835
1.7146682500315893
0.2623903969706655
0.9441364239056925
1.5037092773008878
0.8898706424460056
0.737903448612349
1.6665051679742398
0.9435105619428289
0.37528362209169047
0.11611989797688131
3.2094518404089483
0.15755949359710247
0.8374795623121853
0.07445475849208716
2.101573435998184
0.6941159915345151
1.3092639665451893
0.2018359788301159
0.8951138243664863
2.28338570104791
0.5760890621118221
0.23649119936084514
0.1967654391253442
2.246008848574271
0.7844309792243797
0.6966716570335841
1.980988292172279
0.38121624758091716
0.8933456624658749
2.5800185001755516
0.15379500011156513
0.5797646277867728
0.43082260208151213
0.20846503887040413
0.48754617964726
3.356436322214264
0.10572040551861653
0.858715194008511
0.21195176690169257
1.2209838968782678
0.6011019647682196
0.8602058546982042
1.6619296088434474
0.4345612656686946
1.546717759193043
1.0741644877095928
0.39102702882517276
2.284302065415588
0.10582463794150068
0.9690041251776692
0.7914278672856475
0.44748594766831135
2.5135794715854547
0.1609832235333143
0.37294600109038034
3.5290526096487067
0.37121375805033413
0.18682028780565102
0.8717608137253157
2.7762208253942506
0.9805133918023143
0.01169342404502596
0.5807426221223992
2.3575724364073345
0.24160272986212522
1.8151666387582637
0.8026654035726551
0.18900953393001133
1.1403669866626267
0.5815125058406665
1.6116591008621373
1.0808007967219568
0.5701491432970887
1.3400896630479215
1.5252087854715726
0.4184373199545063
0.5461571206051806
1.497048034763733
1.5708558998333733
0.11750037287659854
1.6383192886963867
1.748741325381008
0.2094049143386155
1.006840445295507
1.6581355186703703
0.2972635620768234
1.4850842008515466
1.1219782370937925
0.6929771400662468
0.6862422878261186
2.1962366414826624
0.03243313233070693
1.137466918386894
0.242665039475407
1.148875052391885
2.0742095517724355
0.0764138764404879
1.3528618116761097
1.324900298000575
0.8265331884754272
1.1408475274931817
1.1975720758753683
0.7496022374862586
0.09110857343857368
1.559690752901951
0.5828322997234902
1.3798973489694613
0.5699919718870436
1.3952622750731014
0.9883796824832797
0.9115896442383978
0.8081460874461757
1.5631994267558647
0.5750481894691208
1.0583982761547392
0.9452623741327174
1.0269584066150566
0.6195072600140942
1.2837964897464325
0.6292750539743903
1.405501238418953
1.1113737550260192
0.93857728580007
0.7122328269145172
1.002140642384684
1.6710142091539164
0.635490913759852
0.43144312164473336
2.237235688639972
0.11744763576859996
1.1324709679370037
1.3688850334330362
1.3768478326530351
0.46890583114723866
0.5185725442899293
0.477661616650923
1.3894476467446355
2.299989175719232
0.45820097941930255
0.39340521870588874
0.5017880301514878
1.8769989295216356
0.03904159563111644
1.4819813221797637
1.3445842342788976
0.9664646240379747
1.1860775692460963
0.5070591469410319
1.1423482034526946
0.42504381860882845
1.1443199116680214
1.7072057607831925
0.3058354218471206
1.1576000299143665
2.01775044579401
0.5197753967176206
0.5473401605705799
0.569508939733367
1.027090638810031
2.0665598744509115
0.45963679780386824
0.8367671392151642
1.3427225687081077
1.38729534230458
0.8001385367332634
0.42012439867828777
0.8012845489424582
1.5947321148154059
0.758747093960147
1.014124284590938
1.0142646206376873
1.2874909936027348
1.0874532025531833
0.44029790344736797
0.930481851311466
1.9158417044798592
0.18593939494819847
1.6671803877698694
0.6243850420998059
0.48449530535354485
2.40165233623031
0.8654277458311688
0.13291161869028592
1.3136873924707602
1.9000277953820772
0.619677794079078
0.5213799380094382
1.9845525155208996
0.47167934581296034
1.135297116246337
1.1063834670350015
0.3054886966309363
1.529061176601073
0.4472752781090494
1.46386957665168
1.0833785833586795
1.5954316200705967
0.14512205049509602
0.041133067308965834
1.4161324376939797
1.3480497195278083
1.4360356232855567
0.2791046929542775
1.3165332153754223
1.4296226234079645
0.7702777874696188
1.1049418547054137
0.4230902739201006
0.46055301080306926
3.5935327529353276
0.2436624814625982
0.014986466380270826
0.5028927715677778
0.8768735327175998
0.9472358182402967
1.2909439075136606
0.6369405818003354
0.9831487355405442
1.7965790884539816
1.149521112579849
0.6564592490709535
0.33386362828735866
0.7250431626486818
1.76696797411132
0.15755839596262552
1.6591699229246264
1.7685579943164838
0.25622547851636535
0.6663269241926165
2.093666648093727
1.3526914737634488
0.30425943971179303
0.20393636886674849
0.4826862344830252
1.4532964661407883
0.9588709904013321
1.3270294747257485
1.1692778499233212
0.8684419311434378
0.47182996622478135
2.522882622007365
0.021772295333213385
0.10407372391460705
1.5994326305702578
2.172842460640766
0.11388732549187798
0.6581147062760623
2.252696248667266
1.1763788788871943
0.6426243870669623
0.4086552532375875
1.0292046642431683
0.7440689920593253
2.678680584416347
0.1364910472450396
0.03890412784299373
2.663508244559603
0.42516628598938133
0.8854438896593957
0.7478755558395056
2.4931630354091503
0.27778088857213995
0.40345456730567153
0.3193101962110842
1.4762718678820603
0.923172446880268
1.8507331832048899
0.5483436641774228
0.45328537099487987
0.5599663873538255
1.0809200457220223
0.8170066100894458
2.1028299345306927
0.4899221281307197
0.6273341570591529
0.4117554500413218
2.1546779451501465
1.0167063520180615
0.8138299262824189
0.2904723992969748
0.9863032749760818
1.3209090280440803
1.63709660818173
0.5007930581778427
1.0656635055274857
1.7438722388767867
0.04174800442246733
0.135455703979872
2.8829987971668793
0.5858796933676124
0.8926903863934657
0.6515150281308918
1.2075514574757407
0.13022903708558045
2.9592381567021673
0.20690791010820525
0.16049226082315055
1.955244358003844
0.5033465576796098
1.3352910795961783
0.544742854614751
1.525596620169936
0.40083691534551086
1.8072933332719825
0.7442584165013002
0.2208672880073233
1.5706600486939135
0.861655215350768
1.119003733086715
1.2282134685127257
0.530393262064976
2.1620238147344604
0.3436022921164377
0.0678503670446189
0.8771037448328514
1.0291958730500286
1.5981026652539723
0.598063031400764
1.0875382108263367
1.5151809227515198
1.012014947992652
0.18677671597143486
2.351850424024006
0.37536091153463924
0.1310804605999992
2.708126044132897
1.6194172427820797
0.12061129125644363
0.2904069159720438
2.0559401071650165
1.0787801897172011
0.030805192426544732
1.0867855631288394
1.9222945561115627
0.5553908056113835
1.5538904534816758
0.19168527013802664
1.1993683223768883
1.7178790767494094
0.7820786117151755
0.22589359574322207
0.9896946127776312
0.2316008149067421
2.211174880266074
0.3499980655878168
1.6250069633907795
0.5083162268323412
0.6291051503422005
1.1760633152694198
0.16745692687208233
1.5320239863563307
2.112141309004317
0.12198955770029375
0.8146971411908055
0.5405151052771534
2.2839499384715323
0.5740191143342285
0.8949048239448311
0.8708294653629587
0.9580836065230964
0.40644876131417634
2.248606766359525
0.45471914465878593
0.5133514273759978
2.2222359819790194
0.20760983414503653
0.8614928342902632
1.7202942146276647
1.0077199696148922
1.2521856591882214
0.05690021087023879
1.1258864768654129
0.8145722365145439
0.8857223050734705
1.2705538311725244
1.757726199199399
0.43145386225205506
0.6400595583888529
0.06435400080663334
2.947366010609259
0.3271020309550401
0.7352631372456108
1.3902902209972805
0.8055736056545735
1.3295675934258648
0.011981607655071976
1.5719200392571941
0.41572674090183315
1.2661755016380498
1.4829742347707997
0.3407139516195904
1.8169628679496461
1.454786240480391
0.09069597026113961
0.32380756095175806
1.939910278049164
0.5774176800393901
1.8068224752319886
0.13037829033757511
1.4060282825598474
0.5149708096878001
0.29088233606307135
1.516839342301406
1.537354509215594
1.2304372140502045
0.15954614707183798
0.9412129510091809
2.8959855190502655
0.3106508424007698
0.40644857943357704
0.5278655437055946
0.7408993736685744
0.9962051142964419
2.1998035536619103
0.20099011024294106
1.3790228777830034
0.6150622081847864
0.0071742620434887844
2.9666838244199885
1.2085513615053256
0.11674786457027915
1.213834679666958
0.8185285798193602
0.45134515106870476
2.886415597326082
0.4255059609828975
0.3105218104122146
0.7995453456356919
2.1796147317948718
0.7048931328660306
0.22553163794582343
2.529447640365918
0.4247801542969677
0.8598142797035233
0.8814076352770681
1.2747170322348667
1.523561364205643
0.3692478946326312
0.3918544193989722
1.1368509924303052
0.6991952736461071
1.5193345905558109
1.6149378529071496
0.21297086255756725
1.0899315709142785
1.7750218287662116
0.4616693557731948
1.119130060071939
0.7189084612054876
1.269903159276991
1.0077119121777647
1.4184621203977135
0.40964505090021436
0.8126055882523894
0.9162891577471323
1.3727984124620485
1.0961407153761527
0.39981387595542345
0.7753382827246909
1.0133835678041878
0.8657602168856031
1.7978977151086049
0.21352599932454722
2.2025730119656806
0.01928676261206433
0.20532827671416543
0.34627182588043853
0.3489516360144158
2.1998026588220383
1.9863099562269713
0.0898130229038811
0.7533494884721277
0.12000445477876949
1.4472864944055048
0.8311989799883351
1.3880492320536135
0.5707037254869949
1.1508721044059336
1.0504008925998642
1.360230406695918
0.2638287843345496
1.7439755897674218
0.2712892987327916
0.6852618363697802
2.6436567451042636
0.4398034018519632
0.6519419740197746
0.7739099151712711
1.640870390654841
1.3884037832717957
0.5764497989228078
0.08724874108762898
1.6067925377416041
0.33405865697218545
2.3485802613513744
0.4358206960256028
0.6835388423741154
0.12499525864183253
0.7080536465309469
2.6014292824529557
0.3729532115860803
0.5800440337646879
1.8689456986323436
0.8274336032499375
0.8797829064794642
2.121856443418704
0.057539885341298336
0.585021726326208
0.4037436357317369
0.45594910502912084
2.175317242439951
1.4006430593738861
0.5424615232820126
0.6291152139530689
0.621210127267512
2.390865482064149
0.23289603384437643
0.9046510122632545
0.018715883965973273
2.7839948382455253
0.14875601825953527
0.506402944684225
1.4141330345950995
1.6687865485906903
0.7810459445677422
1.068257666818322
0.35647531464696425
0.40816534212863126
1.5370248975890826
1.431803332185522
1.1565377846188762
0.3219453917172813
0.9940925443739028
0.803457156674298
1.5238070995440256
0.7636759981795727
1.3439111700853625
0.7678865679345779
0.7448389008878146
1.3812673836012397
1.461552050158033
0.276859134355907
0.6398230894140917
1.3413460704484839
1.7124546731308647
0.015125800071354724
0.8419084202621822
1.251473037110675
1.6911426520701625
0.9517752251710142
0.15404691882009508
1.4443291294980012
0.9392815313886947
1.6039171839657484
0.7558337592391727
0.2599897508492711
2.518289875546031
0.04317933608794957
0.8281346283644568
1.3789496127621146
0.33106731202288103
1.6472705584386234
1.746408024700627
0.12912883598324704
1.6290349099957313
0.6509020301241965
0.34676600813268466
1.3221203398029953
1.731541964410245
0.5143042433209687
0.6239171638043267
2.235485451226123
0.408368114429569
0.6360641260021695
2.4527488349334265
0.8240555935164905
0.16404825668713638
1.3376262181007157
1.1507843855446185
1.1317006690120321
1.1344116671884406
0.3998925817719465
0.8305074374207628
1.488472662233625
1.6355094389564646
0.7398600818270992
0.0073696069523973865
2.488482283095548
0.1673303678732986
0.7481581634814221
0.2570041045713706
1.1086221815591468
1.079161805734791
1.5545339120817283
1.0674343193048088
0.9039788137671075
0.545353516982651
1.306883397388704
0.9216303683082002
0.06463550482020784
1.0142969974971114
1.0260418126630133
0.7871981745385509
1.8630637430459673
0.15308999918774738
1.1893756715400647
1.1934945125807734
1.4816732040932254
0.8568374348283235
0.24982754900050358
1.4522161201359622
0.6104969894380827
0.6304467336601409
2.289133587692483
0.9081191380599288
0.4461127012083289
0.416341327929611
1.5433683645827596
1.7521487873525836
1.0361864102365024
0.2798950602407714
0.23975601074379888
1.2132455930667212
1.580241726899291
1.505044877187053
0.10086191834349525
0.8195264517548542
1.4741960402240688
1.8486039209968286
0.48673959479044254
0.7680800707363771
0.004331371171697989
0.8853061241172899
0.7181995236212189
2.063023366390382
0.07404978217388697
0.8912893627697228
2.0844534647766597
1.3482379049829176
0.07859941863615667
1.1520131253058503
1.493152071479402
0.9995542955729282
0.7656278071252067
0.6975662655417689
0.9050510375599785
1.23971203218303
1.018315068596553
1.106671669931162
1.2731703182510572
1.0848630142553715
0.14666749497818443
0.5549945256762178
2.5805383939811724
0.8786729701461564
0.36830150718661736
2.096655548908345
0.5789825221202731
0.3409518108524646
1.7113750169615416
1.0479810821084077
0.41928300372226046
1.4045508383825567
2.2941002971216977
0.026394845177351536
0.7528576525696805
1.258221816207087
0.290716372874944
1.1380600317370317
2.0730444654182922
0.632816190130325
0.9216973664741409
1.010596778793438
1.4599101064877171
0.45260598851090456
0.14993750900953437
0.8537405014962737
0.6956650184874816
1.4352306107304158
2.002839526467471
0.5320488881508171
0.21091376522666752
2.1213203083234298
0.9906663205485335
0.2244546665508361
0.934765342560717
1.7497012395617464
0.6781782943296405
1.268516373017258
1.094009607347623
0.44398607251126776
1.3829158815030747
1.1553221761851211
0.9219575236560998
0.9097197008783116
0.8376292400115705
2.0346316884671145
0.07563335968452901
0.7250277285320552
1.8134012625380884
1.188108881299569
0.5620622172386991
0.4545969090093446
1.3835672183894812
1.7134665305553092
0.2064892538517144
1.5656957799403506
0.7466679750982369
0.92264949997315
1.9932539520764552
0.19187854528546458
0.25598517445610675
1.7268808527794601
0.25432423403231763
2.1934498175351598
0.6939586636711957
0.7456420478724466
0.563969855091144
0.6690272149705063
1.1311637883057246
1.233474553632296
1.3839013532479334
0.8927102702496513
0.4229918995643743
2.0296623849341264
0.6007352275948549
0.42101589021252195
0.35811231522368325
2.33355222976199
0.6519084583796706
0.8379552859939942
0.8537818839939271
1.39254979289121
1.0930186551793792
0.2998330919858602
1.7125182321466317
0.9706259790534135
1.3854462725926806
0.5983446925404355
0.10793688270135167
0.7211518316955076
0.19441753844313284
2.833479790954532
0.5466625577621212
0.694365868403438
1.3322296855392821
0.4411009922183583
1.1248757216187841
0.2689122662486588
1.4096846298016075
1.0436657435855559
1.6312426646293994
0.1800238950905101
1.6143243772884541
0.849591399675607
0.2534971871880511
0.6103567971178228
1.327009677480646
1.3931822594546148
0.3338004376881259
1.9210530211601489
0.6426135484091665
1.3123048234732513
0.3062965126172193
0.46219065772713674
1.2246951277503542
0.0825638635994269
1.8281230928024776
2.3029618009005164
0.213520055682189
0.47225227347104365
0.8785124956494019
0.12096224430010798
2.859723657982755
0.3815156733465932
0.5609153965539033
2.265631566953487
0.37517519550511486
0.9375675167464887
1.5745729827199624
0.8916368865735433
0.703607433418291
0.6768894762480391
0.5204561061693828
1.7971462275388437
1.0794946788018516
0.752736911439711
0.9890462430626868
0.5005491296169752
1.3135276827460258
2.292271071950331
0.23915599999175538
0.4589808756968815
1.3502352433611964
1.2301278780520901
1.0940486573443862
0.5500669754291962
1.2490307142343173
1.5750774392001787
0.3547648316817528
1.4345734004055444
0.5891633556115965
0.8253485402792248
0.8342374159613268
1.5177387382474559
0.2083740006054324
1.3666768086809158
1.093229627652424
1.125424166575821
0.9371862727505866
1.4203016792218808
0.8880907874654074
0.3343023058060897
0.27055947027138105
2.3174638661126523
0.8095782813473804
0.501277402392234
1.872623273566495
0.7502861274758742
0.3266333548826714
2.189538915740782
0.6683812330803025
0.8261981861756547
1.4351575350271648
0.13816859601769466
1.3007108099857825
1.5186845621796516
1.1264665487179295
0.274208326031376
2.4596636196873027
0.07417417814642886
0.022536586633012855
2.1792357254031383
1.2407333554607338
0.968824957186409
0.7878000799909071
1.0650555093380725
1.194598005915865
0.4197110856898265
1.0094601120384714
0.5870970356563483
1.2485902712310493
2.410701131260947
0.3112801324617
0.10320539225937635
2.502375769386559
0.34247911627970434
1.05788575052377
0.9673375036137992
1.6010152904579076
0.4884767713720494
0.7124688394005142
0.4457858755815434
1.861777864728441
0.29055536583814784
1.3921780190285342
2.1635890407849545
0.16331416902298734
0.6643079563463365
1.4447645064196046
0.28615400898759275
1.3804215696396767
1.3870298324042094
0.4331375233112781
1.2553271373398436
1.3830727869908155
0.9869973927816803
0.9166504578819965
0.4814860093042316
1.9770843019683138
0.6837238310194045
0.14234201927880366
1.8699898920331024
1.0190447489912002
0.6289941990112468
0.6660516589738567
2.6615877466906297
0.597334549353513
0.3817066601489753
0.13152383827713332
1.8934198538800333
1.3274154713302324
0.5812848034023441
1.0415347102827945
2.050526499111253
0.3727913498989474
0.10696317363729499
1.674090297602063
0.8947151904977935
1.356424247434625
1.0312352331566612
0.2745368026422979
2.0351764326777104
0.14797612973892252
1.560072124893584
0.6081793741760038
0.31475075055270824
2.5717101948206
0.8679602944950142
0.5032568107094045
0.7447671816621695
1.7547978471515655
0.8349203174356776
0.38080206485875706
1.7885859532308295
0.8863832796929568
0.5335718754657047
2.437414922604681
0.11251707836289669
0.8363407160699299
0.5818283285574404
0.4027153626994454
2.0988428948090476
0.9596018467002604
0.5994355701335314
1.3998692883494945
1.0457965830201785
0.9020828489442078
1.3650081693541498
0.5715398643943567
0.8841817118333047
1.280395591140027
1.505340062512747
0.12002104933442052
0.16930081650075773
2.482787179434571
1.7058609723076819
0.22820353867679782
0.7781422803942291
1.0819993993680694
0.9636278647921459
1.0705395178303005
0.5085815441393213
1.8108983462552786
0.9699466624173572
0.8213404079681933
1.1694275939424674
0.36371435744461966
1.344230450652637
1.5076882666173685
0.787065396956624
0.0025751698783571552
1.854692654668666
0.39620852509498283
1.370471291690845
1.9583488654161063
0.233971252107458
0.9109710778467363
1.1552168959526663
1.3612954860095419
0.3607104152763179
0.5183291231972038
1.7059297980249706
1.0537872487662465
1.2092081539301216
0.46917907534528724
0.855325094095331
2.132090858153014
0.4901912737931628
0.8432175823249138
0.61277929448509
1.1576873226644584
1.1153896469969027
0.8567914965160341
1.6711222308859384
0.7060524934583127
0.5500034356632149
1.4813873546903833
0.9670545664936644
0.771109415260419
0.5885642753021493
1.8593466172973432
1.0880389181344958
0.5182897032098842
0.8129865211127596
0.958796005679002
1.4933865737833034
0.9389899836128487
1.0215392482873082
0.06787088688525286
2.7043664913665886
0.0010400741931820723
0.5108411669973649
1.153409969165516
1.8665599568885876
0.26244260132382025
1.6050295130585102
1.5605145818484067
0.09667811022642676
0.7820562570656561
2.88888647582834
0.10256574986413214
0.2512863381153163
2.1361490303812376
0.6836477253595868
1.5096722696504767
0.7573894207000335
0.6925943762893989
0.535459678668295
0.9528029180270287
1.0521049855482802
1.9326633978283798
0.4300232159410931
0.6145664905236801
0.8866996568995068
1.2990330829129495
1.842645380533361
0.34369864327049476
0.6793537917678004
1.4722175424696062
0.9219086751620029
0.5842594706799179
1.75326509695898
0.834829427822561
0.6884012232718101
1.6925499400534818
0.07175822658624444
1.5314745198629756
1.3660476164986
1.0232176860490323
0.5226994570579296
0.41041353705046596
1.175613068526143
1.1434589204790817
1.0057026183831295
1.1711558486807352
0.07700251839060807
1.8247566035329552
0.8918625657117569
0.6374394738989533
1.2373608099157718
1.341800221375166
1.57205552379102
0.17354067486601285
0.6060858943399685
1.088434323437016
1.5873613927320978
0.37964126522084535
0.21682793067525546
2.955307743617984
0.7287358611935596
0.6149525754890041
0.6338909024085818
0.99218427851343
1.3569239396514987
0.9681210979797589
1.2292163743406408
0.30540965521949326
1.487203874910889
1.3625098470917045
0.3535508495340981
1.8116462664943696
0.7502532811356759
0.3950050975903324
2.0325218142108263
0.37995423429388914
0.507222629747925
2.376056020287101
0.7576355513309805
0.782618950429381
1.011510746505673
1.075354416229908
0.0906117253060696
1.847116976439021
1.3711092402253247
0.4909549279217129
0.8416662890744938
1.4297515261334572
1.5639208054332967
0.7812349279282128
0.1570304592728552
1.2900899293530623
1.4248328386074043
0.23366517370213122
2.024439040013253
0.06299839488187794
1.3321439293905617
0.20498867402380755
1.2117347018275515
1.8228816244601123
0.47102093042843296
1.0322728146861389
0.6656951509169208
1.8007738470976946
1.1324824384501848
0.2594951049382009
0.5739983296386004
1.7300123977633195
1.3965776682533515
1.0347194951194298
0.04794162267043134
1.389801181285305
1.1702071787460604
1.1067745334741215
0.24768017126080433
1.7152171049835516
0.9978500598069301
0.7039971192069364
1.9371004054979635
0.07530270263815961
0.9504054226255882
0.9671157362007673
1.0757213639169203
1.5388935887419206
1.0352270272270168
0.6888415817226365
0.5049020039462384
0.3105515159089729
1.3741574073731304
2.1078699826572653
0.5104881969090274
0.7856808610590147
0.9520180203912797
0.5979106726442371
1.5346115318506892
0.6515567534156791
1.6758003001819666
0.35471038330854654
1.0037031493210358
0.5025509278738501
1.4929613535804198
1.2867674004935643
1.1639932189992632
0.28733663207783916
0.841589466654903
1.210070374118286
0.8028990250541317
1.0305141030656442
0.6898237172152397
1.3731504601368987
1.6708128794043244
0.6141590589068188
0.48935720811327615
0.6977982945888376
1.8590372074418127
0.980763317441951
0.4673341447639868
1.4558419253881234
1.3366764839373848
0.06854292377184137
1.723012592557773
1.6408217749632563
0.6165161687564096
0.9463240016965528
0.18338857376883572
1.5218233148993348
1.0029618843449255
1.0417150855114854
0.8419774324610984
1.1996444525947285
0.09982073129469782
2.655695069648454
0.5165697399662255
0.20743608349243833
0.9961470767022023
0.03588631481330091
2.366709935926084
1.604651037675175
0.16177932903594286
0.833461876619717
0.9947831013047935
2.046678480419945
0.24155620714200401
1.2441878261769388
0.514010480052464
0.31859839331216905
1.9749402290117974
2.036948213089717
0.05136173457915581
0.460976411382758
0.7719433136741191
2.009946947262669
1.3845061494711075
0.3979856940744432
0.2731531927145097
2.8882808285920865
0.21588783330559722
0.9324599084294565
1.6141297174478388
0.0313886548250491
1.083409635832297
2.7355163083726417
0.6702746264446758
0.09350608109994225
1.9927058770156683
0.24013974679773994
0.038828108880953977
2.779198797911651
1.055682401881091
0.49037233351189247
1.6826428831228417
0.4787129796539709
0.3316802388293708
3.117424371716343
0.024303134822443027
0.5683360930675085
1.0597709141705844
1.5847128365604257
1.096374878259665
0.8674320342896238
0.2225314880674915
1.608440795390992
2.0731414882129706
0.5397533773465305
0.07417565070594415
0.9222392017365116
1.1787797685662833
2.0755853987631867
0.2993328973320394
0.735469903015893
1.0127636195992016
1.7749937846001287
0.40990591206988
0.8338342940531754
0.002724186901196929
2.509604573623666
0.8256546732384307
0.7655590290539128
0.8334122886871905
0.2609051028906191
2.1065511294040546
1.717061268972824
0.04474460460517542
1.038009112584841
2.2503279475316553
0.1718042721135809
0.6304653734031086
3.3548285316706945
0.24269381479975702
0.14906511034157865
1.0516970460124457
2.1294794613252206
0.3572572556461416
1.63301198321825
1.0329136559347372
0.03249278994346607
1.300588234985675
1.840231131483027
0.23822473051901377
0.943143415881461
1.6128750864307446
1.2012528311106576
0.3011402443356895
1.3573192003425887
1.1231620338904258
1.2310633053449478
0.4040224159797481
0.4489711328957743
3.1726694459907256
0.5350124094479259
0.3605181601007275
0.2619625681431095
1.4125038255705562
0.39014133468905027
1.4660062641621412
1.4122986429607867
1.0294914997324107
0.795768020498295
0.32649124097925486
2.038254761438734
0.8466887211995079
0.2919000046127479
1.7756479313030653
0.19245760363786452
0.6377546439690923
2.028140226085238
0.1713418946733172
1.9223747451202355
0.6452541325292834
1.0704778818829077
0.5434783507482521
0.18929614821445315
1.2316065716926976
2.1246770096315553
0.893761265871471
0.4377283926290719
0.633652265914664
0.42174905736166557
1.9792083519622647
1.7272427421487764
0.2812747691624743
1.0167654265161012
0.45939502078707295
1.0297233327150086
2.267111686159352
0.28671291718686215
0.7451251473715763
0.07744659083358314
0.7904772992810768
2.311525096321596
1.1511550164753708
0.6484015728812912
0.5833221387248951
0.225279289516461
2.1160793638328776
0.7668977532680811
0.8826813276617141
1.6488465245034374
0.7195064069805713
1.0829000121138654
0.040635236086631416
0.24105826034705163
3.2565290446638344
0.3242719643864677
0.7065110182422326
0.8842169719381948
2.29472391946274
0.3259917195848801
0.3910431531321878
1.745983452524142
0.9263297639660304
0.5042194339454258
1.7597385470364764
1.4326272578503478
0.7181918271094146
0.12319488957338094
0.3355725357187143
1.3633748384894562
0.711236992728529
1.4623368729094393
1.5607525095687922
0.2645194959754889
1.1206844503228872
1.2682431074710847
1.225859748837715
0.1774937809071645
2.4616980841600333
0.17266423085485635
0.28085256576971973
0.1689431571446185
0.45874078797292783
2.3846127677713973
0.6665947575699581
1.0568469654436172
1.6486549062859353
0.014507321091783721
0.7485959154319982
0.37857330112629406
1.9424117299917225
2.003617053616413
0.26616049213735393
0.5250295197422934
0.35396863102776505
1.2971862310323024
0.060923479328850526
1.022187665779117
1.6308833369013247
0.942193220839011
1.1933255364049782
1.009620285743315
0.14165363095035177
1.3335267836922273
1.8637936240018158
1.1176647867308136
0.5933279349464103
0.12388121292528641
1.0220854219160804
1.7779463030726539
0.4576528423261927
0.49324986474955784
2.7435971759726194
0.27995278020031167
0.7223962644775247
1.3639695354867163
0.47356048552770214
2.293172404527347
0.2956632989882302
0.5413207383860067
1.4943376272152902
0.8233897513446105
1.0861827794625751
0.14053948066685956
2.3987227023672735
0.7340331683478022
0.7062300584921672
1.274808930773624
0.08423893263609308
1.0998469061519316
0.6421849515719988
1.727450682596621
0.2860481428978644
1.3558568078109794
0.6698396678489275
1.415296533029678
0.7693325179278799
0.9772898420414948
1.9418671265553853
0.3539151214751684
0.28723895615542955
1.0359189642244242
1.2171534780085165
1.8149202725935776
0.1392115742498671
0.8648760498393034
1.0912796253077226
2.3188561314599836
0.07531364213733376
0.6301030944585035
0.9488421317462634
1.3831180802412624
0.8489453633608622
0.8174531553463518
0.8841743439793018
1.3856024205778403
1.3526161020303367
0.760478160383903
0.5055495461061214
2.198223758390143
0.2927128487331692
0.5335302178858791
1.6079874782333874
1.1583678165250326
1.0245420848426243
0.09972758992990939
0.5938132425566209
2.1295750567241
0.5901813687060637
1.853404282257822
0.005987894762541554
0.6245715198399562
1.0799683424923838
0.575401733960857
0.682834036539632
1.9104174570725194
0.5623462813436919
0.7361545314049591
1.80854337503771
1.341823854922954
0.5430383605253274
0.20498336599137876
1.7588515491604981
1.881004101995383
0.48911490928064233
0.41043780788505463
1.131740813862123
1.0406823761888755
0.9922654929080367
1.3211552349149092
0.6102267345194239
0.9936588327215289
1.066560577487977
1.9011111373636544
0.3282611643212541
0.6732187212579702
0.36785259416062177
2.1714196511779815
1.140068961338
0.044521847183102696
1.6306253129534332
1.1501519733198384
0.8820016525397157
1.048225889534952
0.9575381405911797
1.0987453884469052
1.1556129380974454
1.2449911885889262
0.352539471591945
0.16874793689769965
1.7224803926178973
1.1546357949348127
1.3278874429701686
0.5264095625858044
1.2071346958015594
0.6172821740546038
0.6050694392745023
1.1685930297220355
1.2023036902265032
1.998576327830576
0.18676985009236255
0.4594806591039151
1.167571713572179
0.7387383047098369
1.7808907321292529
0.24426586687353982
0.542230835010924
1.8164862533085557
0.9367399932822177
1.720586714131092
0.15633013129280374
0.4698950891744225
1.16904178579711
0.841527799214176
1.629405548951582
0.49874537122834195
1.6876463183479744
0.665269885732154
0.14423261067649232
0.6852544495219036
1.5510516971347883
1.560222981501444
0.973836975447806
0.7913007799109778
0.3715468777640741
0.3220592173513703
2.755398134996402
0.32287556852503885
0.9579778523094123
1.5036913301981814
0.3381043028952847
1.9169219033772604
0.0015193014538047336
0.932234128361538
2.880152095314011
0.08828511727064299
0.3454012752156689
2.0612705777310945
1.3278358002042732
0.28705501498930774
1.1153343970615646
1.3850697062371975
1.511030755725011
0.20182380164803498
1.100166713286906
0.8430622401458535
0.8777408311415308
1.4863807243267606
1.148602047516679
0.6300440978046838
1.7322013402495797
0.5675441604142866
0.064456641997626
1.4136879679061751
0.7887326020668142
1.357840348805812
1.4630608728965158
0.42416058683572716
0.4087566829711198
1.9348095893186215
1.8362571184242218
0.34686249428437443
0.5499915419965836
0.4565943510891327
1.4871984146218808
0.9888443232993854
1.6313130322014122
0.5803390724876686
0.5774979861474905
2.0800130579627774
0.26518727441183587
0.4853156709267394
1.0528687230317868
1.6111514091085384
1.8124228425289026
0.17620793839485574
0.1374476915244106
0.3250883782443564
1.466574441865664
1.4170086335991126
0.1416395831459368
1.9090383436727658
0.6004015573343775
0.7651823424762111
1.2716056484523477
2.205002221709319
0.3711977288257913
0.014613837664502582
0.8314126102354897
1.0216117023641793
0.8254292001021779
0.8952654778241367
2.3160175969080186
0.4404191409303873
0.3425385334012324
1.8442854426748931
1.0482488114056647
0.6215568652095318
2.042448530391039
0.18851640454208585
0.7589605122458308
0.4672507468193083
2.0216456379779446
0.7341748296994464
0.9514545401196959
0.8096597929468765
0.4707082272955124
1.4027905605597075
1.7205398717749134
0.24503479895316418
1.484062328426597
0.6375027634983288
0.6786178011103268
2.8545133480563876
0.343185603883472
0.06234981647117799
0.18922158072652026
3.2227592024262823
0.4277344138211386
0.4431855353963197
1.323288647578728
1.1614742607731883
1.481664529481256
0.15521530766318656
1.2371279747857535
0.4887262082863575
2.2231177539997447
0.42440451114792743
0.6037363628935865
1.852968065032763
0.7269647379152256
0.5765341298398785
0.26892453137496775
1.271493467552255
1.623136375149118
0.7614038489571205
0.891288422058999
0.5080712585144704
2.36466799594851
0.3729496268308698
0.7333924547011098
0.7828840544139265
1.8867891216673165
0.37076809924244186
0.9148786839949992
0.4313864014827439
1.1365317409002245
1.9065829041174884
0.7471584742353613
0.9235357882083409
0.9753218194709364
0.99656176307795
0.40343130851687303
0.4380197214315177
2.1943277970363173
0.952995121537875
0.6655885215292077
1.3845167037734614
1.0557262061441732
0.7108164605186758
0.5065198109601882
0.8230632931183823
2.0368949777671634
1.2089775947508923
0.37732395798516893
0.4048177514923791
1.4792545116093827
1.1835270527969108
0.8680456433904149
1.567122648717302
0.7116860057501346
0.8329477938937161
0.40243735688501076
1.798050069820012
0.37738846437984336
1.1666464105451004
1.263644796334452
0.5779467980427426
0.5986084990451287
2.206565253718461
0.36265887311653106
0.9509861767826444
1.6206967188440204
0.864883761175592
1.1891442636719711
0.11519110985384105
0.9920539860219092
0.9283264840774345
1.0219041153646418
1.0447457602880488
1.9575666918724663
0.5377400974350597
0.2911271118812638
1.4574725110214153
0.7740266519957971
1.2188363431477847
0.052129520602359876
2.081509425309145
0.4663463675917867
0.9834800692920437
0.6950028226015463
1.1309290111951142
0.6043393713385201
2.08825878965937
0.5094549640104579
0.8744947775843117
0.677350444941021
1.3538996847943454
0.9359206381732311
1.2233136144920107
0.05863484191715497
1.363254959645037
0.7745051897921572
0.6580025670260051
2.2201436758714217
0.9351775076754549
0.3231059288275726
1.428222468391792
0.707389857867709
0.9731368162583511
1.9348070444249639
0.4147531391208291
0.8121724083270048
0.1830869181113792
1.4123096964325426
1.7994860309805758
1.1666157678003373
0.1340443509303518
0.7545015588044358
1.6270494299463267
0.6588278857965648
1.4594001498144522
0.043391227794931965
1.7901057049140165
1.1289760573925824
0.7131088871421102
0.6350566696907323
1.246203494452142
1.1076276205389382
1.3670686353024188
0.6243011931377463
0.7869091538148926
0.6531713287247373
1.12317932526377
2.1351047390533675
0.4729294947884699
0.6386268330605288
0.22626013956024899
1.5530433424612007
0.251611784861837
2.249948099689614
1.0870722207448615
0.23829479854447624
0.8276381598223568
1.9380806587397916
0.31710222625393664
0.6164089261317665
2.289637937872571
0.8200642124113752
0.35340690211129616
2.197908540234582
0.4777162372207979
0.7142573350720749
0.43518484292225973
2.235351277114064
0.454370515480763
0.9683891869544391
1.788958167598167
0.2358997181832556
1.0532802056285318
0.5463006768216995
0.7540359860056192
1.9728552583682095
0.729793639138057
1.4267801208677275
0.10105739745328635
0.5717574251702483
2.652099333182584
0.19182508440172139
1.2190979277623697
1.4818297735130392
0.2619343704992125
0.7424575777167088
1.5719317283525784
1.4754538922802216
0.9652833697616191
0.22561077754171696
0.34432906353361165
3.2874411528971264
0.07883369422361194
0.7295156404413543
2.1409434023708678
1.0998420480220452
0.26461553970627255
0.16657881189827992
2.783577431848463
0.6008590646058406
0.5639903003116497
1.6164295709514036
0.5580084297543028
1.247151932188424
0.9764379401327441
1.4845830499379278
0.3900725894881857
0.8561062098965557
1.269078379658759
0.4696530701033785
1.9424132095106779
1.0484455825521686
0.199049808833533
1.6415745223205886
0.6629576237395951
0.5480984517348643
1.6273144248116667
1.3414046956749575
1.2491276209633395
0.31128984750260136
0.026428207164223685
2.081744507525645
0.7799525695498267
1.1509820159049207
1.658131128361796
0.31605363443467527
0.36346607818824306
1.7539029954118794
1.244132211475263
1.214688773209866
0.42400331292369775
0.5151993851189784
2.2746092230467236
0.09102193959702767
1.332748086280615
1.1444561196271075
0.6337489962750673
1.3702215110901914
1.1960125983257504
0.6210597703184859
0.7099898326490343
1.6773063859203332
1.4226087657409705
0.41670351894395397
1.224587115164969
0.4650703119535704
0.6267832488648228
0.6796542075116113
2.7669984363653026
0.4421306813584145
0.08448174703778867
1.4267131231615378
1.091527586805407
0.8255780389174968
1.5637970150490126
1.4601119770918296
0.4350684731658684
0.1465149125893464
1.5124496750315681
1.3875157383895496
0.38364371511254236
1.594415614544464
0.8339526835126791
1.0387548003848235
1.4499832387661298
0.06285763665697994
1.8244477635517033
0.739603097361256
0.5830688914458352
1.4759422309921753
0.8047737128978828
1.2947374534083662
0.6474734857459301
1.6606510810702924
0.29190752049778346
0.8559107500744626
0.9003586801643182
0.7303157475846409
1.6794704479016933
0.5087177226483844
1.0601259109355676
1.6611491908925151
0.2511583331176372
1.6395475853456711
0.04441733052787922
1.8921949016363304
0.013849559368160708
0.6574097901818093
0.3420439906586179
2.7078840141662472
0.5060284642030343
0.8519402635664192
0.06914803962428556
1.2823642662477273
1.0975505506390233
1.2321258720385753
1.6084852639124745
0.1808389108359524
0.7867673139329558
1.9041461419969363
0.18625379602173409
1.567937993098071
0.512306119448081
0.7180927546448278
1.6423362605178349
0.8408622456377951
1.478365083595539
0.21380920793874492
1.0350423989205588
1.5956573344633926
0.5354797876632191
1.4567696674225799
1.2892729383550423
0.13467996503399188
0.8154575620472956
1.9328290148104816
0.40781523173237444
1.7464551030834061
0.9499459994773592
0.5163432612193092
0.33154209110829636
0.7731874044304992
1.883891255121427
1.0291373542158506
0.711985046411468
0.7298827098640029
1.8055224325326868
0.6514130681851465
0.6503189497740574
0.8391537726299306
2.172472042272053
0.4873266471944296
0.7136005050404675
2.095312984329654
0.4425198373742045
0.385874425822224
1.3568871076481046
0.5653729456117595
1.855816318050021
0.6823711649426499
0.8795210034635169
0.22026159257933312
1.8827755683681913
1.2440866257450367
0.48754337486504234
1.3418688092806865
1.0838913104408976
1.1381801931995665
0.6318474306300719
0.3978719740495495
1.6034311258434382
0.4115259254447278
1.3180306318031665
0.4989472568945741
1.9110161831525112
0.7881730497780088
0.5364051916909763
0.9036710252416615
2.0920602986136005
0.8051501116123518
0.3685636573000163
0.785549516077163
2.219660333277974
0.3332666839561647
0.3245618141610786
2.457174038307647
0.8336456469894393
0.6738553937189589
0.3860966768844767
2.3790277533030477
0.1371068020592998
1.1643587408307359
1.7292687599305396
0.3400056665940583
0.7398434355671555
1.2283975455994327
2.2632787135297905
0.21624830289929858
0.161705565260724
2.691910638922382
0.695453784054836
0.6875700164343168
1.4453205745577005
0.47744582287383086
1.4215318036828595
0.5009740756101735
1.3733678907311246
1.190725872334808
0.6978299017081604
1.1379317740215549
0.9100247131343814
1.5477779460198982
0.2587541599072207
0.5624230866668254
2.167677227538479
0.7721764135844014
0.09772229486802107
2.545165589912872
0.5473518763910346
0.6106703388360805
0.9490243322565137
1.9125510965767025
0.9105416348405936
0.5487379839485105
0.8491471817638311
1.0404816496970002
1.3382851171049335
1.2638211927662726
0.13814254990389213
1.3892383104408668
0.6699245667301752
2.2008740207576376
0.36999555101464887
0.017930382542894148
0.9256222391818689
2.8967138308844183
0.5143380133864676
0.5999044905218337
1.2276034125635493
0.485803094311551
0.9731473446016522
2.034350389609062
0.3586576056621422
0.9329116021743826
0.6506323191449657
2.113453746896695
0.3895834923144189
0.5832353332747733
0.5967774186920655
2.5106303662486407
0.9109080281656813
0.40413218654459254
0.3562634835564541
0.8104128792624775
0.6637879143240396
1.8102574633761324
0.6972177840136221
0.879339783443779
1.5506499136848078
1.018833192096896
0.8078003429494724
0.6372696985851868
1.113675278750562
1.1167535221884728
1.401693295455046
0.0072701356402301775
1.9082486803208516
1.0295316459179136
0.5814144932578591
0.8964061172258897
1.5348363634294906
0.3571210821410452
0.6785491844569186
1.3406045203142711
2.1970888320826316
0.24287681024487534
0.6180319686770815
2.5557814285161364
0.5339380101115687
0.11102320182485065
1.4099534140461651
2.1700709821809023
0.16688959673202225
1.0352640917645932
0.5314375556137246
1.2832933431464824
1.3635123191941898
0.7044379850938514
0.9716306888419804
1.893169232666355
0.5802773480556774
0.3716144163538241
2.4769717369539426
0.6800419955798378
0.035607291073221546
2.04299499159755
0.350339759142723
0.7206866673399105
1.4037150165153534
1.1930509032076866
0.7621514716162597
1.0772621650450602
0.8700834535148493
2.0618715708207676
0.5776615523248257
0.06679845284833436
0.5028795918830717
2.5904629912780384
0.13998534641252205
1.3016320477162784
1.4743378425496254
0.5169420839364651
0.9341383575327739
1.068415272044123
1.4169720880908492
0.8202799286295678
0.9172624005755053
1.0309915003961088
1.2545711139777067
0.0906557391295848
0.8393334542433424
1.3394472877934887
1.8745803181555154
0.6769340205653176
0.3240845271070007
1.0256309945475195
0.978220153461425
2.0159633333328633
0.47506991477636246
0.7128588338619967
1.0847196506723285
0.7499324198781713
1.1763741382436717
1.1845482716992282
0.9645735708483266
1.0054485209791673
0.6963056869388207
1.8889852235756568
0.8051236600564504
0.040382104546933806
1.2630127473481456
2.196136003494304
0.7202058093458412
0.40022832305829376
1.1142897762589319
1.9032587760266675
0.23554907468002526
0.8911259224867025
0.7144875368947909
1.8349465355303178
0.5976554937577552
0.9371374657241408
1.2945291890924429
1.3209762771902198
0.6060748430856395
1.2212760996762373
0.13429613404479776
0.7428176019714272
1.4512426354999717
0.5366427448865312
1.9654062871125317
0.2239452938631856
0.8666560025678727
0.9652556517647705
1.2864750579272597
1.3655117524250855
0.6396341710165405
1.087272450856212
1.5717977190200298
0.03679120369481968
1.2267265280149042
1.8017407484435817
0.6333232818055013
0.9759423190738309
0.7331632154838731
0.3690380863228043
1.6947462351288742
1.4178068864649511
0.4000015037617593
1.326047087596828
1.5596541267345132
0.7422166154332277
0.34666571799303464
1.839019348441471
0.8984102096277543
0.49299276340962045
0.725308205468306
1.503621755363248
1.8245860602013393
0.24096849187812536
0.7390756941402655
1.451434838042053
0.6551448923804365
1.5638949043589343
0.688738836047167
0.9807463678911764
0.941786590995545
1.7260447225330344
0.14254724972730987
0.9769241703151037
1.7061698005723143
0.8255044171773502
0.22305377831909154
0.805013596870785
3.0571583558608504
0.3854485713988442
0.2557223471700283
1.8940240727742956
0.305848519081742
1.8485538995109159
0.8685401716387297
0.5453585151599187
0.3699759480052461
1.9315245013556093
0.3235208501689391
1.392915185258689
1.160162598855676
0.9951470247273962
0.3526667850808202
1.9310368424779145
0.08102977158107418
1.0614923555998033
1.1242525995374115
0.8113201125651072
0.9945733133400191
1.8927162741365986
0.8596654776669005
0.22713444002380806
1.768527674084961
0.9198026356694861
0.20984998712544442
1.161053283555173
1.7611818264900552
0.6445022677297693
0.9898877473557527
0.9224381415678404
1.4530427561038883
0.5873620047846904
1.590288052499431
0.6109091417329928
0.7274485234287882
0.0231791426056317
0.4137755851420131
2.376151230423696
1.7193025042252212
0.2127958552596328
0.5419865526053973
0.5974370195774265
1.9965087679414844
0.9829131107832026
0.6811948289280197
1.1591126622384085
1.155205350553682
1.1382437086439
0.4359271127872391
1.078339539690443
1.0706203190216286
0.9331116481531616
1.7679111187079706
0.12931480744821433
0.9072573013675833
1.9232429506655955
0.41602642859239947
1.2077348228557028
0.7567623647623176
0.8774258893811788
1.5105891108916587
0.9879711385413571
1.3508429419557662
0.03245884817435024
0.7396063816250967
2.0732225126897252
0.5053800477589395
1.6234755610238352
0.7715007334845677
0.20821324237372124
1.180014741453704
1.4042412560012403
1.205092766195819
0.39858996866853447
1.4387027388932867
0.4717506745978921
1.5382903453184997
1.224851390245676
0.5192584379379956
0.6042451428120017
1.8556905272744646
1.1622481637098678
0.36806548036266773
1.7081573380045825
0.9070188491449015
0.5162389180768083
0.685657677411872
1.3484088326531483
1.2939653220146328
0.8409488402694902
0.5897260998406213
1.9100267465030125
0.6657064711808122
1.0951874799019576
0.6333625047581773
0.5842376398921242
0.7056364539096399
2.6476967870849655
0.38526428048711464
0.4756959450991034
1.6167993310740028
0.22247935807872146
1.2309478810923329
1.1406070823553134
1.745049287073135
0.6423992654032319
0.37822179671112827
0.8093283793632634
1.6792563447808941
1.0237691369144832
0.942097355513429
0.6958086451433056
1.0054894372833894
0.21041532185371895
1.450039099146944
1.6092057819692622
0.982755398671091
0.3184042839146787
1.0447820686899287
1.7968624972753713
0.8365338589559604
0.782624305661036
0.8263535662259986
1.531249773209922
0.5043259835593684
1.2844714208050712
1.0680075939041547
0.44486712006396173
2.146483981496555
0.6794262236000734
0.26299169369699144
0.7906286368574326
1.0369678404182627
1.9663258764025198
0.5707133020067422
0.8610267830078444
1.2639140601161338
0.9827790800168897
1.502613897945925
0.2677682496189282
0.06595735657361847
1.2781094058322562
0.5982306443973859
1.6432793761150954
1.087545523918748
1.2233970243887788
0.6456623002992959
0.7874486038870531
0.09717049231373598
1.336411313180965
0.7834501174865254
0.9236370008498708
1.9918398144810965
0.7820169340460142
0.26987891597637004
2.4527670575388223
0.5946190184046851
0.053270012928540306
2.231322889923228
0.19429534409919463
1.2012947474921278
0.48159456750985435
1.9539502406961684
1.487308541273005
0.1320229768810774
0.5247554796190712
1.313453448549856
0.29591702156463917
0.5689565947490696
3.150382557889053
0.05684796014189403
1.144496422706897
0.18351215513041277
0.10703283884503563
2.491900035084358
1.068606906955015
0.6919232093674229
0.9231275138281321
0.623794768609794
1.7012411983971085
1.2935296617145136
0.4698415058325593
1.1137656987355646
0.2926641485359731
1.7050556013439584
1.539318805415603
0.6730801768502028
0.15230199303126418
0.6129896007898983
2.7885405946723596
0.10189192141457588
0.993793393076353
1.0682647436849737
1.532426596525265
0.5931011424188462
1.0947981464747605
1.1131480964915652
0.38836071414204154
1.1774667114588924
0.514836373302058
1.1167921801625955
1.8199694613578017
0.37566485738864913
1.523989396118988
0.7172073404023728
0.5628789561002434
0.42623880493125205
1.8335625698588762
0.6778135035063881
1.7095851829622586
0.7906442251002017
0.21341268646142966
0.8370615986201876
1.0764293690710522
1.7962558145631453
0.7436958433257825
0.6096257244230909
1.4515326093699867
1.768062209722456
0.11003142974925274
0.0703981637346611
2.5668516454160266
0.6788589547084788
1.198899372197991
1.0224150978002344
0.5051470194502145
1.2206585277885982
0.5319587815063216
1.2604637880304357
0.25413853687722354
1.6588995042345118
0.6521764666058099
1.5144598998585725
0.4842810177782255
1.2861817172435712
1.0865107653343302
0.8754105644081133
0.3531974882366825
0.9589244330685456
1.6817224312705548
0.7807679685042851
0.2666054277155054
2.3812112556684184
0.08179814362388842
1.0848265900928746
0.7708396446171548
1.1240602058003406
1.6592701388221556
0.3915292332448305
1.5718666094479532
0.6669252024074863
0.6922306869754788
0.8699231673531317
0.8962221664597056
0.5683200018134216
2.52642438007369
0.37367043479454776
0.4811403272744031
2.3457598935969695
0.607073349473152
0.04841896823875445
1.6923466954889472
1.0430630978172593
1.255458509300132
0.5126956950692486
2.0060165729347683
0.2990142646392714
0.1299049856702361
2.5346715011040324
1.2679580622798834
0.031918709383139024
2.3495022776317165
0.489884335092958
0.5882178282745678
0.630400806347585
1.8052188676680816
1.5188847769729952
0.25833187958831383
0.7267130455239245
2.1216867873638976
0.05503203915400474
0.9700658140604604
0.690974526209874
2.2712022169107327
0.4505125558787624
0.5816394140816243
1.2289606794230266
2.029392061526817
0.31474583715639326
0.8859157418691799
0.5533415105065514
0.32177440932799806
0.8641323427481566
0.7266309710117617
2.1170282966433933
0.657227534146897
0.5974945169078307
0.6703354532811766
2.7322722536232784
0.37346334646204765
0.3612305389979255
1.042246720566917
1.229407254667333
1.5922526274476707
0.9557693568411483
0.5791030664527348
0.25020932880373836
1.3719725814108532
0.47212051596289345
0.8981692990054921
1.9250154220468403
1.0121828270823103
0.9830550300400273
0.3657060602391519
0.7348792859274491
0.6727374496225534
1.562442036334665
1.022586939198892
1.2076580038690192
0.9610128798857756
0.28717996057476314
1.9097626957184008
0.5244802103395404
0.9633414669786875
0.956841719087094
0.019609760775549285
1.886293900095781
0.7822476512723507
1.1847583880845582
1.3451754845777588
0.7807746136545075
0.6230084217104559
0.7780188471895012
1.2998267621368826
1.8848677455859513
0.29107209543605805
0.6681941534802112
2.3621042193714916
0.13370840392635963
0.9073906705103927
2.1616363690469607
0.02613589951836471
1.1680279699386054
0.9015839981984121
0.6843192049988691
2.4032792341860927
0.19407589952082133
0.9691419603152708
1.1129512333772222
0.06946404119696527
1.9418452502940644
0.9546384025937505
1.3184809871026166
0.15538228671216728
0.7282718288678403
2.310744894112151
0.7910597347929408
0.4117387975620961
2.1943446506154825
0.21086907752532918
0.7856897627079973
1.1095561958495437
1.3030753117170741
0.742648134183989
1.0063497016838427
1.3249998880213092
0.6037666463439958
1.5091290374093458
1.0107831396127414
0.7287194661421532
0.8346751139754971
1.0251627418965177
1.4759377952006307
0.35272103451548076
0.8798349504801956
1.09839678895556
1.542391418460782
1.4655074656197973
0.1675150304965508
0.45336899136413217
1.0085067312465141
1.1718944226781898
1.0643441896545538
0.973732352711397
1.2772153517222906
1.1238892875638642
0.32563172843942473
2.336897975131116
0.49083043514275004
0.012310981649918765
1.5948741043350183
0.6545812938735343
1.4924679388741284
1.7074151263854036
0.3438122352610104
0.1775180085765334
1.9569374373898076
0.5356033208397342
1.7726093839219972
0.8858430857672698
0.23970846095214507
1.2646255834427957
1.5795957609161169
0.11830665707246431
1.9332812567777853
1.1873336964287382
0.0870089213314658
1.5689183849385582
1.634265995933762
0.6328164162972205
0.9562785888965557
1.377600440780187
0.5164264650873652
0.47198679114753955
1.017859268106817
1.6437634473030707
1.0902641968086457
0.7299070419348338
1.5203731903495246
0.7784675113581799
0.29480105137315715
0.3505091278254417
2.9555697674981873
0.6033422002086352
0.2218409781738474
2.9575678009240978
0.1568100389692162
0.4269687141814501
3.789400951058732
0.18399775019818512
0.020817616322152514
0.9989537666689646
1.079194474640224
1.5817038043903464
0.751670743376295
0.9697637395120065
1.4189710736271184
0.38618154757124207
1.3766812844446759
1.1776022050194315
0.2223012978012888
1.635728985523626
1.914090507220392
0.32624409224100165
0.8167432576040426
0.5253499388971241
1.9916347377723989
0.20991696587898465
0.9283680286165368
1.0984095813852868
1.5070361644900476
0.5913031912793802
0.7576333363600339
1.295307373078723
1.1879890253600627
0.8606575981677651
0.8669909324641314
1.3443705875353067
0.7044656406135469
1.4091495549804824
1.2686044937216059
0.32324782672579905
0.346076450595203
1.56754698613208
1.1118317758035172
1.4648151546984443
0.4860020126768943
0.6515213924641104
0.6870157798866763
2.3692319946447196
0.06332930577578766
1.2504505670154555
0.7704861739507448
0.4703069916813402
2.4677609571804857
0.8873188027114857
0.32123271554886434
0.8805089597223071
0.5388414384125124
1.5551437202497698
2.0283287844017073
0.20436024514743778
0.719168473762845
1.068904398653401
1.4060845121652161
0.4244313610882715
0.8071815262209701
1.6141745864265646
1.1496598349049296
0.9237429569469315
0.9980351756060495
0.6983892284366523
0.7418270742648456
1.4806544131070094
0.855710377918476
0.939999960699578
1.2795488476788854
0.5186763915120745
1.023037914873804
1.3898622833349632
1.023229269258599
0.8021977793205366
1.6591832436479688
0.3709707381775843
0.7409380866368124
1.4885001122665351
0.6369639676777381
0.9816542036766441
1.2906549593801713
1.006281280755784
0.5613597406558681
1.2458631199165475
1.6548791026525032
0.6210153925818996
0.7490511434498959
1.1088694729085344
0.5969704477292626
1.9188305617731298
0.9914363763213256
0.49137546760337436
0.8578573787049535
0.7697935620979834
1.316084033551276
1.3956543293340917
0.813515136872897
0.5562484267007936
1.2102354767292949
1.9403916555114584
0.1132958712339562
0.9355841721547855
2.1976513868954406
0.8060586916384626
0.47463875865572625
0.5879741446589476
1.8147379894633822
0.3483175781463422
1.2224523508402196
0.4972485042769332
1.54494627849845
0.6674899308619813
1.1455222078508616
1.17808066548282
0.7709176418796918
1.199798813080766
0.6459023784322359
1.4727749648480803
0.6229661774503639
1.1395770717837812
0.9480504811072398
1.1166118111166772
1.5879406135053158
0.09213268312400869
0.3270535312366111
2.5305491436535488
1.2707701525214743
0.4530147376934523
0.24727794464671873
1.6604817905143896
1.2128640893946008
1.0552954884011425
0.6534992111660222
0.7385631409456527
2.4543586453737376
0.5974084306327604
0.22348409503617303
0.7809338273372011
2.5255518603481386
0.5942371052514771
0.6024400121583988
1.2364126047886603
0.9671564572051669
0.7303020665423778
0.4581909370330842
2.4295498581178916
0.44353810429145735
0.7378114144685665
1.0711684792367855
1.185480239274557
1.1852399326979535
0.9132546737534569
0.4063733844830139
2.075775254627844
0.41231208480820836
0.7440055627108745
1.4956916550240127
0.8596237033047701
0.9764844823135781
1.6075117709272801
0.43293726345979483
0.7806078834140937
1.1560531599723276
0.8754911296650297
1.247657756575225
1.171999595985018
1.0761897012104154
0.36002163259320763
1.0586660666705405
0.3805605238531466
2.1027350120194592
1.0058619001304292
0.40143287473000444
1.4993936423585374
0.6520359869539955
0.9855090777857349
1.725164458679471
0.8528742040823037
0.48790285896424124
0.8978343839458205
1.2344749598096338
1.4884135610825957
0.4310526327059124
1.340469924626942
0.7576379396175987
1.5712918443712827
0.08783057024884257
0.09310081311162782
2.3839620729994846
0.8078023633689222
1.2736928873588642
0.9843580378874323
0.09696311427703708
2.26853524273169
0.6488201106351612
0.5554272316156306
1.3370422830211293
1.1831318708082392
0.2871587900539389
1.4731923788537649
1.433618056637994
0.23945973803895917
2.1077132820846427
0.2826891046001331
0.6677785723855973
1.5460320884561076
1.1738169006071855
0.32963675800738895
1.2363227230072624
2.374428708621049
0.03230384316006334
0.8575608055027776
0.1842894001216572
1.8153302284378057
0.5415369771102743
1.7841054491346218
0.7372542677963663
0.42634370820389783
1.1999861791884547
0.970520774298131
0.8733476690773992
0.2615760599578406
1.006301888367635
1.4111902417217264
1.725654610378893
0.33164781801649884
0.6304392826640256
2.467434654515367
0.8991077040843527
0.20653400920019896
0.5058102686416439
2.075900471267813
1.3115945274523269
0.4933793547518733
1.522039846536038
0.5237167407322147
0.5484017231110853
1.0427630986976715
1.763615996985736
0.9933827592677202
0.1747944847470795
1.4795990952465723
1.074985434882136
0.5595540043629754
1.0235986353689437
1.524175177012631
0.9877712953199441
0.9468851716146672
1.0230254464230837
1.4720968517750592
0.12166171354484565
0.7115631941835775
1.990607996479971
0.35806950925954223
1.2567235562343007
0.231007305927724
2.02732467950969
1.1441863978311078
0.40062983858560614
1.5005997789860654
0.33132426847177204
0.5905854431722117
1.1403012696922037
1.3795697514257925
1.2464344470092126
0.5196841423262936
1.2265725162290835
1.0464352175658513
0.18169748824918153
2.1944869864589527
0.7399069446449726
1.1995921916419874
0.4511464619320581
0.915100057477876
0.08910105360155612
1.03663744102134
2.9785504078979885
0.11159636627182545
0.09802742085757947
2.210034596631925
1.8960432918874799
0.5103419456003049
0.35443883527867937
0.8554871634365845
1.7022495301711416
0.6661681169321649
1.0934649877504623
0.9395007534580929
0.553288026694744
2.1668250763629433
0.9524610074053241
0.25200609453634604
1.478009445540446
1.1435318647186905
1.1048356644767456
0.5501630112487699
0.3202096232095879
2.6360755098120716
0.051204641039888185
0.7118124298786435
0.3603832809581242
1.6352943857798043
1.3936590903850727
0.5215295583929501
1.0895616195834643
0.7520178552099122
2.163838344730961
0.16822100461450806
0.9650632426653263
0.9245157043576026
0.4442312501965926
1.7567404989408133
1.5314452358481765
0.3163252729841453
0.5679092923978805
1.4648379935924989
1.1898090945141075
0.4554070218669663
0.6662748020696438
1.1787673775272722
1.3826840681017076
1.5638453035623394
0.7239889513189489
0.3783853723219586
0.08580543557210518
1.779673367879049
0.2893318798339337
1.6733223460195172
0.7216653058389266
1.3846801473701975
0.8162210426259838
0.6242271585555872
0.7592105097135189
1.1108746387653403
1.335825476856516
0.39527618888637683
2.0308521048308785
0.3982067353506093
0.6518589689509523
0.9131006534411316
1.503060147147032
1.4225323486206924
0.10168532615451122
1.7060734148690124
0.39567184766149716
1.3671312152797865
0.43802229627860045
1.3466923022293322
1.461990048558257
0.6714485844172916
0.2940075244578357
0.7746394087374205
1.6646613139598387
0.7764089726426481
0.8988616699526354
1.1622830883894009
1.28588306888957
0.8867154957340712
1.0326946478003607
0.6489972416305514
1.3295664221133385
0.6071687683220317
1.319675557296179
1.2782119477278486
0.2614543333563549
1.9106253902545283
1.127344949040642
0.05042615276573642
1.3142389098207303
0.11642116804220544
1.3918574571670297
1.9801131020600071
0.5898173526845965
1.4000004499158771
0.103495414661254
0.08765925029069709
0.6966445251504608
2.6654861984710907
0.5172562412003768
1.1751343476744287
0.09964512897871894
0.9557714060683989
2.4124333597225216
0.5027617544147506
0.3385961019501846
2.5170079216558308
1.0086340340479318
0.04051777070097595
0.6334612434036766
1.064985530164856
0.7315733856125479
2.0161158347767816
0.9672183808263338
0.45049467577684654
0.761201139013275
2.1218753347929176
0.9301381209888294
0.3795187530403934
1.5760310473421681
0.8242986097043472
0.18903583595756848
1.1050932777427036
2.8648070465214976
0.21658296478663872
0.2411814261595961
2.862363393577483
0.3070008167931164
0.4626919177095026
3.4625006167710173
0.3777954140147189
0.04516674244168774
1.2509803230528505
3.0355406827957068
0.266811586103999
0.014537917623870763
4.18511912414449
0.13014911521976685
0.13379999239094553
0.8968207414460385
0.520363574754235
0.5274509248358473
1.8827923772747361
2.109898079062453
0.14565289960432884
0.24845002441533504
2.135797980071669
1.3330497627557625
0.739452973393766
0.3508158689755657
2.0003925171913215
0.805281300838067
0.4908837708859468
1.2099625155678826
1.3860502446756955
0.2745970721809574
1.8072647051017519
0.42500713556365033
1.1841478541763588
0.5593017817804472
1.0123438386689299
1.4955797964454576
1.1831570710013088
0.7275754727578858
1.0508537163543212
0.9597599003734726
0.6792184987359015
1.0815822507344446
0.1365341588270484
2.289608059242881
1.104374269821847
0.06617442051767444
1.7313179364193985
1.9739018903383234
0.24540425063880397
0.46317689318237326
3.105950062104762
0.2449071125148194
0.4608144876151397
1.3869555072388247
0.9272039001721609
1.477199379173598
0.836917825565891
0.7960132480832794
1.4765707274215427
0.15828242334667503
1.4086953969771003
1.5443696661865005
0.17947020916182585
0.8411626724429914
2.2161634894057807
0.926585407799988
0.601664325122057
0.4167078347788488
2.188903672620837
0.8247311358970724
0.5473543090621603
0.5726195141730038
1.6058035372550514
2.1094722974219335
0.27070588575077464
0.14399824059566
2.445497913772487
1.7823365732880851
0.0881504474794173
0.2636172211884279
1.22278965010581
0.22068964761920284
2.3592072646747995
0.5059726626175888
0.8439468017832852
1.047556583425496
1.804644245305081
0.7378164917307667
0.1802603200776826
0.1526492947499064
2.362199192409962
0.8652475831289088
1.198806346051781
1.0871643173547285
0.09585585169242551
1.3121013527965246
1.305211114677745
0.322033984053041
0.7490978620826945
2.391236338105773
0.7725319218792748
0.7296481274194496
0.7189597087488451
1.3642547102039608
1.3277035474600762
0.47556729444755375
0.6401726656326373
0.837851830945769
1.2451425916432706
0.6515840759474094
1.6649173279391896
1.6222036151939583
0.07642058834255344
0.6720392996042965
1.787812632302635
0.3623519014944494
2.159191299316834
0.2946906852527126
0.42916497808476517
2.2238114628879133
0.22553830272507946
1.7745360825701568
0.6178965690497018
0.04867278052496561
3.262482651190911
0.1597092490000646
0.04142611587388208
3.8324274087854184
0.4795981850273393
0.2441465096106197
2.983256373538241
0.07137289715772802
0.26914959206429523
2.255947521468954
0.7278894598616917
0.6290208545571311
1.6275603226033661
1.2150272268075044
0.4983214966140989
1.6065285537188512
0.47994403917364764
0.9692845519027713
0.11241681934087804
0.8458182336958846
3.1747357202714577
0.49989329791405585
0.2567796911225773
1.4498810419450827
0.5456223344519728
1.8534207049098121
0.03334524959386464
0.8492956025554799
0.8340526031143426
0.5512104072322718
3.0074036745372
0.3287544106832558
0.3310147930168076
0.4037511813109902
1.4848680695208243
0.6443475582158893
1.4761075810996644
1.5538382027899502
0.18098243451841375
1.543561676577273
0.2507503757772074
1.152651260279543
0.9450323821367365
1.2004050845553444
0.7235777162031771
0.05410762331962389
3.0412806647920734
1.2755617651557603
0.06831399647678915
0.16591175003077926
1.7431595254633043
2.107733043966151
0.6136271932155976
0.2493148107765754
0.36308533380817065
1.6168728649282262
0.9375306035061228
1.3026346772376294
1.8188478321619261
0.14559278017707725
0.09616323583988956
1.2075236432988063
1.2921228430271574
1.4015910628458526
1.5195846099954438
0.037041515483151946
0.5773246654675029
0.531818442727415
2.3920662730280378
1.3452481491917134
0.13468690204523592
0.0032114682902590974
1.1985678903392456
2.71969265489104
0.7377165273515637
0.4639546304666511
0.39687498257461434
0.45377272575711336
1.273188497712192
0.3747551695783597
1.8832632489596244
1.526069131596463
0.23919631822815687
1.3063314593926676
0.7398542796078291
1.6054680109850412
0.30825909577872473
0.10561794123464024
1.8820710533713987
1.5264918737874045
1.222140566396446
0.2739661727912899
0.5243471182802976
0.8982444219424176
1.9644362589083175
0.7075078648011999
0.07180915472043647
2.129752642439855
1.8012483370744967
0.03627905386497648
1.663561419742144
0.2604008548012601
1.0356537804504011
0.9065377228238347
0.675031687497482
1.244907573604454
0.9715449885881667
1.8227659435844958
0.5743184457175899
0.030343898518499158
2.7775193289700026
0.45270311018265597
0.38743171238812774
1.5269326653108706
1.9980131655194544
0.7302573981921009
0.12888394939083805
1.4717110216964746
0.842352652278588
1.4223684111993722
0.28097621051309957
0.6567206983611807
2.478228192479687
0.7015855853835569
0.4647729273017082
1.3807283178173955
1.7084344895587047
1.0158660307086032
0.014441418357636805
0.13565394851757012
2.916473291316621
1.4583695610869893
0.1448012358221466
1.031178334668163
1.692477426218201
0.5447974476798376
0.5635114642354406
0.8976918785489473
2.6189999726924778
0.19046833284448808
0.8166991423956529
0.9905201110433813
0.30221263710881624
2.7926926361618243
0.09591716823453163
0.2800976332058854
3.0898382601259002
0.6421800848175562
0.5722962029700731
0.6754136499734587
2.207710503032499
0.07103777895858673
0.7292717772390401
2.1476959637732054
0.8703634100485683
0.849786936425425
0.8796768945231406
1.4459692644035602
0.13061567909574234
0.608363771901184
1.569132960723937
1.0421995454131363
1.3989759040733063
0.44504112251152494
1.166024942063541
0.7255833687574273
1.8896920102188717
0.14694663963663185
0.4712024401972995
2.0583190081738136
1.5212251409025408
0.440347128854228
0.38948262529143707
2.1652411105881404
0.7224966505295709
0.8631356319761866
0.7037823560963916
0.552497694032369
2.3128416928691857
1.0257378988522121
0.41074335510994836
0.34005029799744535
2.464855170006346
0.4824074622052404
0.605625733776233
1.9034845268666434
1.0041546492103208
0.882938668975463
0.6122447042732049
1.1195392179639907
0.8363176282373243
0.48621943626729713
0.8855042171949009
2.671402068323993
0.4337004879278246
0.21956580332293751
2.504358376986644
0.6610500710409054
0.5155437735351132
0.6466194064594086
2.451273440815192
1.0714621492207903
0.3663135769845599
0.10227174768417356
0.24648388475634697
3.0678805006339878
0.5636884572884039
0.47807801492378427
2.0837265558671163
0.6840139019259577
0.7818021040879125
0.9500484333153223
0.625128821743147
1.6118513553302414
1.378055837242045
0.8617489951638936
0.4643056859035168
0.11032494552622114
1.8576356451452833
1.8474990211438647
0.6440673232838882
0.17509410801678668
2.2985757661504445
1.0830849290913043
0.09145463760131667
1.3252170830202539
0.1769636082153461
1.8836362890919598
0.8076857804079973
1.3648659440134265
0.5437804119522829
0.4141250114230392
2.0659865495500234
0.469211811046032
1.253083592813524
1.187097974209107
0.2851912301772513
2.108589564781097
0.23604075034028293
0.5277392010927996
1.3447266654260506
1.4617508411323148
0.9854753037258053
0.5451869241323746
1.5414596816651682
0.940601596610744
0.4005915474938456
2.6225219559314312
0.08079934323386832
0.32575396376713234
3.967919717193377
0.08802967453561314
0.19459714127510352
2.5268402098241864
0.7005984834732806
0.46120901601288816
1.3748625798436707
1.2637830914903752
1.1313243836056426
0.6891733822761166
1.1330521253589714
1.2014366048471756
0.1884981700487296
1.4512479147376223
2.1383492781286892
0.4521848381214403
0.4716614531925655
0.7576344550414402
2.5281313704383894
0.05456435763773757
0.5162576508545444
2.844533853616709
0.20340362874542708
1.3395175586292376
0.41103050107624817
0.20092168678612382
2.984843336277916
1.0149131188140421
0.2908103764557357
0.6017532064129155
1.432356791755055
0.5710134218696128
1.345836595905549
1.441989939973689
0.0630731720628121
2.1235380825402164
1.1368570762870438
0.2542497312149119
0.3916629207921946
1.6659088222487033
2.6333584001764914
0.03236246877545772
0.22423991996983497
1.2611249558891886
1.066509091859329
1.0502658951692099
1.9858795391625927
0.3359182671736002
0.6059627999597355
1.124814520763085
0.4247979679210407
0.4498609588429698
2.6522557777890365
1.2936163379500323
0.17486046296896202
0.6059279572947515
0.18860626307357617
2.176301557740671
0.2965813634777459
1.9950149417415635
0.35938203731746
0.3787698311667841
0.10456063073091271
0.7392120151396723
1.042355116450472
2.8945962973580532
0.002732242260300497
0.4579849791330179
0.26123192982213866
1.2179424655115898
1.963460123347384
0.6094414869662765
1.3794789258255828
0.20530408619270293
0.7790950127092243
0.09374172573150123
1.9473890689149507
0.49583242164505675
1.7434883081579897
0.5599106930638883
0.3540633091390349
1.5338794663911612
1.2718661753206801
1.634977346512113
0.07950873181419131
0.4344264427832652
1.6787500514648508
0.23900236233397648
1.8591353858120325
1.845576488832919
0.02443565964161244
0.6758811575996939
0.7821152346038907
0.9317020231630984
1.9993637634118593
0.33873729379318546
1.2393605325179842
0.8096132681806862
1.0202334127566972
0.635345311400934
1.776086031975134
0.722644186277578
1.206781193044151
0.02340400413961427
0.44342725528483096
1.1726298366899541
2.1320059390336614
0.6051503418624241
0.6803421428465176
1.1383425424026248
0.9578280040426838
1.2832699404122558
1.3863962910930767
0.16122116489259514
1.1843895565530806
0.6968851460079476
1.5992224694441648
0.08921753560370449
1.4794757704358783
1.6813138591924939
0.3080609165413522
1.0408220532407708
0.7913112533232022
2.082772573278891
0.3266080214885787
0.6337688236296022
0.9765871049878163
1.4738685331888877
1.4003323554597393
0.6131638917266784
0.09363933565818562
1.7546261188539987
1.6071187627648824
0.18049993059706762
2.0862395376076135
0.8535456681133788
0.19474953729168978
0.9775814895588275
2.0129154788053585
1.3570064578673735
0.2262120640218691
0.2442091888328767
1.624448675800319
0.32116940758972334
1.7487868653727354
0.3264720093691869
1.4677192513431476
0.9080093741838149
0.8802809437025025
1.4368448897682973
0.5217613582709771
1.5066723321195523
0.16062745797947878
0.9706875264814545
1.1909933735220428
0.9103846577485194
1.034163769479431
1.1011833730329927
0.8660964182553708
1.3699609499835779
1.1556582169888847
0.130369779946212
2.1342266694006957
0.6804024057982002
0.5281003698613613
1.2769834269575615
0.5913881990090768
1.5630402497374907
0.593787025448428
0.8157650342169138
2.153862263550696
0.7672599178739569
0.03397531278765532
2.4253174308585774
0.5150730098877963
0.9415698505818522
0.20172947075896122
1.7518441434508556
0.7977516327640861
0.6042192623265098
2.712076700357253
0.307989375137223
0.06191603371356889
3.067130314632299
0.6173641608220775
0.568282916745502
0.7345842926324276
1.2485856687345227
2.12631180751813
0.022994150601838723
0.46577393791474714
2.480863748807914
0.011726799704841221
1.9755405566872002
0.8907952395089115
0.06600615099751946
1.3131851987790386
2.062625480771423
0.9132716800325779
0.11202774374322538
0.8032164391531627
2.0545126723499556
0.1206330807433151
1.7403668972654547
0.6600421122327628
1.0085039673699951
1.6029262058356157
0.7442932954468654
0.3861502745774724
0.021359399655616954
2.079055389836977
1.1971054462350856
0.3125271520623495
1.8420107263281802
0.635456424818784
1.1299349486095862
1.6226244654317117
0.006272258083620367
1.3483841251109703
1.9566007252672588
0.23917697161563312
0.6423096932908229
1.8932132279624123
0.7250942971046146
1.111042102798066
1.4960347468980135
0.25298431126400583
1.2633686336100391
1.1224380820130588
0.6468851397703619
0.6469699614622801
1.730013121034559
0.8673983026416452
0.9694587114139934
1.3648910412062254
0.3463092020243296
1.5989489275413287
1.0627086123408802
0.21282525384349232
1.1369914192275572
0.790914803808912
1.7445338882770407
1.175194618215709
0.28843578893639216
1.7528284901752378
0.8959526364617506
0.2695340592159776
1.242653740997262
1.3268312490241216
0.1440389065638712
1.5388732962047633
1.5221762435035675
1.1580523787816142
0.41612180768767165
0.7970610347757404
1.4510782397665574
0.7084279214424818
0.48329760717285125
1.2499868904286724
1.3865845577068656
1.162052765442172
1.0194398666722064
0.7826442666612586
0.8722885347874024
0.10467143153791056
1.2081048104017738
0.7678660686095495
1.3754657813161995
1.2349265794459163
1.002500604645102
0.8222948182441221
0.9577445688631724
1.078135848018891
0.1914492894791536
1.4868420591353098
1.347574799571875
1.083817556686381
0.9772083325354406
0.5680904060429414
0.7385732107623849
0.9538929341674103
1.1437428457452685
1.234184466752015
1.1106891627617597
0.9883076317968443
0.7962850696865198
0.6181271260523621
0.7487942758806512
1.7945089538977106
1.0424061426612503
0.9440990945606799
0.9430940866853077
0.5322154329551874
0.5266038844454498
0.696008134795937
2.3315247616246455
0.8721228249192342
0.7107086502549178
0.7721566463545336
0.46514392664058013
0.592483970741205
2.744735131381751
0.7443102857655179
0.5389667785499245
0.5067268015746931
0.4185435875084435
0.56555374602941
3.09328156625032
0.5671511244374975
0.39368883598913135
0.37585779292775817
0.5057876549163646
3.4508722475893223
0.4240874066331624
0.20512622215861992
0.34773104984770314
0.4871167591484855
3.530775922389029
0.3117650732275592
0.19925948299596516
0.4516470148697667
3.757852182051802
0.1500449304712619
0.17508757343211825
0.421165254457629
3.681918824363225
0.15195691111826776
0.2290645905724211
3.777497224075586
0.12598834735145212
0.20627686010059787
2.2427926101581623
0.1859163534214846
