0.9901168348216172
0.9416395235721106
0.61989327103784
1.2643441009065197
1.3954183398919555
0.7284115974709565
0.5915737771581109
1.028834683973953
1.6639921437620493
0.7544479846355368
0.8299726320387764
1.1477816772639853
0.6587980097645659
1.3299739010874048
0.855112479984409
1.0387701748246356
1.0724160478767686
0.81065647542445
1.6503157199959324
0.6115422412625159
0.3249581844628068
1.5559070233931136
1.1007707566113345
0.8941722235947269
1.6172076363436867
0.7141918120656319
0.12301032610849362
2.271205334517593
0.5073825097481073
0.665794977688409
1.3630601186943465
1.685146572423557
0.6861358742394403
0.15349671812550036
2.3581975813498937
0.6127948323823814
0.5929051015007095
1.8432803833163427
0.3204353259619841
1.4722019852049202
0.7468115943797818
0.46067504866568987
2.2882577123746493
0.7007206004275068
0.33484182985260885
2.087198740800842
0.4630493925264476
1.164443591309001
0.9232426186174157
0.940081922274734
0.13546842132894352
2.392917198932451
0.9157945035073586
0.07045533638708062
2.351015009411217
0.6425105180029466
0.8715707646287427
0.61392415828105
1.393692766932947
0.22766971018077609
1.9957353960342732
1.4683826954509647
0.1924227122040224
0.05906186901577946
2.9329773116668862
0.8634154056428238
0.6192042737628355
0.31677455059479953
1.9104479258822176
0.3322164216589496
1.567965578831548
1.162252066214088
0.5921790377945623
0.008729424568598087
3.0346778431733847
0.9288998592779564
0.26166387866905977
0.6016397898254094
0.03862560481721652
2.504550300392108
0.44820615755698023
1.2138555905528272
0.8392810524446599
0.9862344608307936
0.07493974712456629
2.582954514577609
1.319904059318161
0.09637095496793621
0.13410849558942103
0.16935872725779771
3.8848111237551497
0.28352760469661586
0.3109316306158046
1.6143136028356477
0.5613139758757316
1.4291317835058455
0.15377942766665254
2.1984482790163735
0.7968892797982449
0.6853202388842503
0.15337570108080756
0.18274156323376498
3.7086887076906834
0.4356324146443254
0.33175471723559385
1.2367574834379287
0.25401321855242626
2.860591282180343
0.13789022166971518
0.2619545886477744
3.132360478018295
0.10442626836906004
1.079347889224902
0.6739882005313614
0.11882722437563507
3.199870516607478
0.6401592508267272
0.36739773169490786
0.689420421063378
0.10575894876874198
3.5720147420742396
0.07133951287972069
0.33902873395415883
2.415481664048181
0.6427273270975835
0.8904024931219429
1.648150734229361
0.3772126248331488
0.0889118852107771
3.3080818455261056
0.9281351240293481
0.31707013314900684
0.080505558866325
0.39951786106123
3.96301742448121
0.00035611385472041215
0.4227643169835004
1.1823839604033577
1.4088669523110715
0.5388032160539074
2.0045120874159013
0.4088118714115471
0.050691467034774104
3.556991703983314
0.664319362853458
0.217234956936229
1.0004520278742786
0.3034743526948883
0.13397031009678595
4.253092660830447
0.08024460222672306
0.1561510225936713
0.7751298784652967
1.808277458910684
0.15717503534027433
2.3986163967972765
0.45506507888591485
0.01587817560451787
3.2933529753648187
0.09175772024467853
1.0629779761658076
0.45179911055445543
0.2036946043821494
0.47828111168127546
3.4228636559622365
0.8284070349825268
0.05948728216496737
0.17673247194649114
1.552080411149879
1.1606367203813426
0.19067544011395782
2.911764677149304
0.5317356838113776
0.01835292553377026
2.4640901128907564
0.972834519963554
0.9013656769623494
0.5067073900112665
0.5531875740560175
0.6706144638935463
2.088527908941577
0.49617212917439313
1.7361271489766488
0.11241232780610742
0.2862439704893535
1.9924590360414924
0.3278160206942675
0.5950393968587947
3.2972346399794596
0.24728790798302033
0.4572402065476807
0.0908743571496807
1.5835600988673288
1.926338435485049
0.5371071427182434
0.9745088481680421
0.8832832136351054
0.4838862428652505
0.7496157542336669
3.3054109516794425
0.054542257085833816
0.30589504064353606
1.4068802649882648
0.2961543593615958
0.4693914373670624
0.5043949933475629
3.358204429956976
0.17952068108166824
0.6706863503536713
0.15139884418603286
0.19980896722285743
3.384718764037184
0.17404162006784707
0.8779940011724204
1.180659640851787
1.6017671658473769
0.072179048979396
0.02113094518138673
0.7091068350350441
4.099463471213576
0.14812533140151482
0.005411186905517407
1.1078978624735867
1.8473318992960954
0.021839036528075888
1.372058847662419
3.1471719930983455
0.011143914515930498
0.14909990687608188
1.2505296739638092
0.21256913891852994
2.4843271773820956
0.3133837267374434
1.0420017212493315
1.1666083237937552
0.9824007083189581
0.43871069383491373
0.8494543602694692
0.30946384716112935
2.773924838105417
1.0868260716196734
0.08211819605315283
0.9101581408198341
1.9158604864894218
0.09581258712047737
0.5963437384632894
3.092029370349498
0.29999276698330496
0.9370625569904693
0.12385776526234538
1.3220965824821755
0.8982393775328794
0.3000355831037852
2.556587065273172
0.5050033302993683
0.3285341533078782
2.492026200074236
0.7687484298591852
0.3998123148526107
1.058424632835634
1.853074113309628
0.5022415430472533
1.5250959383783647
0.3887069291048169
0.808545125866648
0.6324343717870933
0.5460155392639929
0.8524339184893029
1.3911018370237735
2.1493157134486807
0.05715073734196803
0.8988564834718353
1.7880841434178976
0.6175209317450389
0.5931357071250366
0.12585913681632788
1.1730159066726409
1.4162553792372214
0.2497140763899746
2.134639874096461
0.6660493906921593
0.7197752847434169
0.9584615472373392
0.5996386816730561
2.6107230124270213
0.48126294977990164
0.375958174715618
0.5381817851607466
0.04161364597960917
1.1943652792098576
3.1717731304477343
0.16760972885456907
0.016851159492071312
4.266269149834289
0.15028080305522315
0.21700045196105722
3.7010564003925794
0.12003677380125674
0.22989487465360298
0.33554212129134353
0.14807425298375762
1.8181988697834182
2.3821896349891785
0.38604516142347384
0.21355272584081925
1.7647517332216962
1.158602692163758
0.6323984643198767
0.35036332783032575
3.0379220764393207
0.5696699163311462
0.28003739486342716
1.2655284625670387
0.6995910487972976
0.01793655924701381
1.7924714006047353
0.5601568259128986
1.7727052505163596
1.1975690136739456
0.34415893139533155
0.42424851520584406
2.197860383583974
1.1870756500140844
0.4753088527557456
0.5587633503022527
0.9858975984725424
0.5976068159799033
2.134217223316754
0.6191993303073535
0.9465515685268054
0.7367839887881558
1.3507927689034878
0.8572090017517052
0.2595522519540844
2.154502857268469
1.630586284904757
0.20529711181546054
0.31054406067665785
2.7411158961009723
0.32014217836462955
0.1797158232696519
3.0197291523626704
0.7383647385893647
0.4660359907189624
0.8651660081251816
1.9002749214684966
0.5152593567011007
0.7780468420505784
1.9370167234219398
0.7966522330014106
0.6072983407108793
0.649341074986271
1.2216984735539445
0.15506668429137216
2.689572095520954
0.6289105479763091
0.07829250514402221
1.9708325113672538
1.3350931454498753
0.9928894940258746
0.7310835909149597
0.10362349727052243
1.7055992739727586
0.3009746776806423
2.489128714797998
0.17576139358898127
0.02017947885850732
0.49180490899164364
0.9769136553369961
2.650059772843503
0.43048050440796
0.6646531591455841
1.2128799385588624
0.8260042534488413
0.061982281795542216
2.10555015986233
1.9291604888362872
0.27566524696049
0.6542092359397492
0.46231784213673655
1.868027634113078
1.1798702440748743
0.4145671513288325
1.0519817573703523
0.38408820557529366
1.5464169828824483
1.3432586527367674
0.9795485425175213
0.09471913042452061
2.338078844946025
1.4062447910069542
0.18717146139241445
0.1198026068165783
1.9785675463478951
1.5899156828921306
0.23171076616540257
0.3539874127078611
3.8604718723673943
0.40634241357184786
0.032943418504113156
1.7422581291992953
1.1174470239576775
0.3013850580923483
0.3059634807715551
1.936015343024506
2.380047198578993
0.22007320726497923
0.21196327417944968
0.03673028808062883
1.027237797929149
1.8872617879872018
1.018018150700174
0.6491463910832301
1.0233186170596535
1.2950718937003212
0.8964680712735632
0.7790790981710064
1.0834949091379946
2.0109584306718937
0.45091435562389426
0.3252374264827122
0.4488274855161862
2.427732993397444
0.7416328841548131
0.7360122267489676
0.46872492158346074
0.8355582786523461
2.808778778473562
0.6775475129955673
0.03983696223470119
2.195869622869078
0.3754026973506807
0.13656107062186384
2.5952791545704597
0.09261336712760863
1.3434694092450346
1.2823418928880224
1.1564136781642183
0.8341802510689261
0.22144589554471164
0.20342013550859056
0.964437567317781
2.0630793279216464
1.0076463564430413
0.005327834881952573
2.400665043478274
1.13957297335937
0.4062434066556096
0.15000381946240193
2.3551189190379858
0.5652061519409285
1.5597772804701422
0.028512708894684182
0.7025615524845703
3.316039635617262
0.19913791886645174
0.15029309182082184
0.5921660679757275
3.8205360426710104
0.1842925131401204
0.08530345355881166
2.2606395166713615
0.17630573487241785
1.7464971110772949
0.670713478864459
0.34132007169186496
1.6053041743958198
2.0881747794353416
0.6351986226883533
0.06016532053944709
1.9681285023196984
0.7418461644671906
0.10537738820537584
1.7407675221954362
0.3999886156820598
0.6971493970325007
0.7334057300898303
2.901296796629638
0.06495069420336415
0.5365403911956359
2.548199895249057
0.10422333968765593
1.0733015530142527
1.609367960762776
0.549503104186484
1.2032258909902975
1.773885582338516
0.3439517633309279
0.4038603075548045
2.937653708560204
0.23878707654772452
0.7375855378145858
1.0235348644006648
0.28887247176145886
0.5926249846619517
0.7835967200287233
2.7401881235457592
0.7543361036655998
0.08968529235579717
1.1882989071064356
2.5614914456240947
0.13462956808409404
0.9331167308025456
1.8226404063829553
0.03821794972435399
1.387379429447681
0.28433602514304196
1.8452823693789384
0.8131496374778351
0.016760239976916922
2.09472210635655
0.686751208670598
1.0782117954911512
1.9193320491986923
0.03346870068129773
1.3515629687842687
0.12204683154286743
0.6618811679713104
1.6586943916587968
1.9101254671488044
0.12487118053959781
1.3068745719825552
0.33286101885240715
0.5888884594609046
1.1707433875290714
1.5287039545396945
0.21327658440966313
0.7722849826599986
1.2097140080202018
2.200875712556084
0.1661411531689152
1.1249912784435645
1.227054799093435
0.4155982288294585
0.5802959875603177
0.6498450390574108
1.8183048443411918
1.9804828910900452
0.09489119872540795
0.44222321146270116
2.414608559225717
0.23646463009395713
1.4717844381810243
1.2662082708187075
0.10490828369899605
1.1409944015611813
0.5208002837502086
0.7107374165127752
3.2653136747200135
0.018388234320596466
0.4767548192462488
0.6928672336639261
0.9207401988199941
1.5539874318465452
0.8931987627213122
1.262884891801099
0.9843738946042104
0.6106431791605655
0.7855814689184473
1.3655313783794825
1.2143797649779597
0.3527222882553453
0.6484354610476966
2.0795121192587938
1.1294280825370335
0.5440285907438386
1.3723465253487008
1.34707734796521
0.08940530192675072
0.16433104419603362
1.3182529769580102
2.5295060797981894
0.14401989408632837
1.3257894919293773
0.21823622517527003
0.9364974296429001
1.2423661795168408
0.45668802524974983
0.7229703211014805
3.0443596772980093
0.45322225597837956
0.11670794173524325
2.2716178584484563
0.1640188532382939
0.25836709613861747
3.113985418040157
1.0008156154725274
0.49185234393912786
0.2539169454351244
0.09062699447165642
0.5749007934125322
2.4596851851283663
1.357067596026739
0.20951078760246794
1.2973983058023106
0.08205480369472004
1.84151599418196
0.37705736773556864
1.6891013258928873
0.41941137656023564
0.584076958153669
1.3873555508799555
1.2818219112740252
0.2455690389062851
0.6091948027638592
0.9152677035714677
1.2782309382498984
0.655877558015972
1.7455801814127194
1.384966512984532
0.5505567191502799
0.3178590474394421
0.67166608323297
0.8317061584662448
1.7732124273385916
0.47097188633272213
0.7918913096581898
0.20923446905434337
2.321279744275693
0.06908413900386186
1.5169705739213286
0.18476642840234203
2.1636910598922783
0.13834087142524154
0.15000204802435602
1.0985967127427374
1.200865221614648
1.9262745805233157
0.30376218861883386
1.127242293183918
0.9934098524858549
0.616910750170096
1.5866628531134812
0.08984555657405624
1.4810738396278886
1.6890610423577122
0.2180427927241403
1.818971490239215
0.6652529485538898
0.012449008090423853
1.7482709785899941
2.3556953441072612
0.43457488926943305
0.09362596305157017
1.8688807216696284
1.5937132923548176
0.5820551656187954
0.7822320059664369
0.6803937387817152
1.1929874889325907
1.2493108691743477
1.4520173019486926
0.7016426479551104
0.84172870312216
0.8207035750620099
0.09381907142063096
1.6269822213432898
1.1176426911441586
0.7450690408728826
1.253585842512894
0.3377598664657011
1.7874260242611615
0.17095292398553683
1.3319111185215289
2.6607598333468285
0.01966968509115222
0.3354090711898061
0.8925127838860786
1.0467361936706168
1.139744332805743
1.9127719590378125
0.3869646524991876
0.7743490096127196
0.5240049670477896
1.2747001216155789
1.2289622896561871
0.47610211286112863
2.0101536539816243
0.7664608243005279
0.13013794736110113
1.4545365119041715
1.787542023540456
0.9576453369874149
0.14965027902903003
2.1668594940514603
0.815551808812062
0.3450375469611574
1.7507168210805826
0.7710230299494788
0.8165082386311118
1.126834726297001
0.6786316725610387
1.1775082966449013
2.3936663245642245
0.01252348095509646
0.493240199161112
0.8178970548963841
0.7113414935906616
0.7590516387517289
1.7797685602059998
1.4334892722898782
0.6063026446602645
0.08459474600891197
1.7873078375539624
1.2379309489767758
1.0087684150023577
0.12688581158410223
2.7402549194948125
0.3584966674742478
0.2178420567365357
1.0246651971236824
1.4452104506999464
0.8591814004077215
2.027955619232213
0.19801546205758042
0.024891267946067615
1.1469788960810596
1.4020784904346761
1.9477157241295433
0.39451617058980726
0.43901732517530373
0.9840659693305185
1.3989302446057366
1.2858074197645561
0.2811405282184739
1.6445175686268192
0.40515534253003993
1.221841058987821
1.6220992309652664
0.42600241334669325
1.5459176347514114
0.7183459551174497
0.044149591414364406
2.616097843381655
0.7650590434218049
0.22584716627333015
1.9448909573339241
0.6104098031227395
1.4400030150394296
0.16496053372869968
1.336419929453931
1.5527118744445836
0.22163133003204358
1.1672445668245437
1.7209830411381453
1.0970097038083393
0.17604094319269858
1.5080073516462709
0.6702145009779833
0.7836162060034249
1.3444747577402196
1.9094812339260563
0.22722135468397925
0.7559190568432761
0.7193110002169602
0.7543566429791264
2.2146874477605416
0.9776072077229956
0.4063129820263782
0.12296668238554222
2.3227687617479567
0.889351241235922
0.6222107113598531
0.9301165004384564
1.55608373258312
1.6131143771356506
0.05914444931960273
1.083268040123356
0.7327872660636814
0.8640446667505665
1.9112632584663918
0.6847645701957494
0.4042461242797949
1.653421838956766
0.6686323614768153
1.1965121622119361
0.8738520016337591
1.011820383424398
0.7208485579333009
1.26367792813687
0.7638122444910564
1.8721960734152128
0.17454931456840483
0.8681310545067946
1.4982366496591268
0.7294861690334775
0.6805748593837501
2.6524334738920317
0.13018818024815876
0.41277735042672575
0.8717468670304134
2.089272747014008
0.962141726611825
0.5284261095635134
0.7200669247524677
0.562631350665234
1.6037495498602028
1.6500545302020717
0.5138991179533421
0.6820791711597634
1.646987242616194
0.7592968594474937
0.9172905053447612
1.992266619036579
0.3471000135284963
0.2810758616670848
0.26380023323739615
1.159342285769923
1.1755884123195488
1.4447281687615274
1.104032722127132
0.29311487126672553
2.122664050916693
0.6563092139975689
0.20121432008604592
1.099226777703769
0.9864285884648226
1.5324900614692896
0.23893886326348582
1.645518533439699
0.3683905249468359
1.543986254410943
0.9985434012308183
0.7140008560394566
1.45897542291422
0.19843118204189011
0.8452194360284637
1.8493743210563212
1.296802885593987
0.34831187588373896
0.5377062202854185
1.9722397690128006
0.3731198015483241
1.7375097664316572
0.9400792354895728
0.09817238396752649
1.1556994437182686
1.7911007414131481
0.4918864988417203
1.6208536436349161
1.012967415976768
0.49671835564224087
0.528036525908111
1.216558720996184
1.8276580555174922
0.41723562007713944
0.5907138446562189
2.3268529266739666
0.7477073785850405
0.45269905570322794
1.3298278679431954
1.950325971806753
0.29007607315524764
0.17984506042550735
2.457452397885476
0.37540418279323273
1.648094846694085
0.6496463272425813
0.12907705891138524
2.801764172290267
0.6537297690923174
0.029002245894615346
0.7825166752867951
1.5625696290786681
1.719360285516921
0.6270410907390677
0.9167233503043232
0.3286947163216849
1.3223387531663666
0.9623475584077896
1.48929159992946
0.8493868217539642
0.7232323538811121
0.030525575063033855
1.7971760544259623
1.1060148200727984
0.6273978056264082
1.633304953816174
1.007349467172872
0.5020230626772482
0.89524300517118
2.22537418775968
0.6510137959880266
0.10106554219366089
1.547311492001239
0.9717363718439423
1.6418355136592717
0.5985002167922677
0.6306344313758412
1.969234229067741
0.3198764779301804
0.6247080434625788
1.9375229427661826
0.4806207043632756
1.5800511985398602
0.18012017709486572
0.9354288584237364
1.0876092919028273
0.5774855928630074
2.0804056587982753
1.0739250720679707
0.2440065992234187
0.38484578789212076
2.204325730980284
1.6513555652465164
0.012638200165855885
1.4974431451442
0.6560024794686816
0.8866316456629019
2.211020237898277
0.28191718458643245
0.4992533583810391
1.6922559224695
1.9710929055874429
0.007990842443613146
0.6040332969170492
0.4857520255968338
1.239862421612122
0.6860204578286143
2.204601349019605
0.3096554578942829
0.5349642246911321
0.7148274096272217
2.0815132201851654
0.5152238680997664
0.9909719001608115
1.2361508575413616
1.3831668933237582
0.6219132816283744
0.5892046097902275
0.6175992791652498
1.1194743403065874
1.6914818711011776
0.43737808154546626
1.1335484728484513
1.1363258626723511
1.5132449735790805
0.37036926489700434
1.0617618653559788
0.3384328109683809
0.869047246319084
0.9740081885961769
1.7904022126629566
0.6618906205262295
0.7530906247871973
1.435028967552932
0.7887615070894785
1.3318155339672304
0.9931223574312048
0.4707190362646313
0.5394461458959772
2.3399765551241303
0.5670686683494669
0.35511116181252883
2.952309055121984
0.43905585060210706
0.39695908312752254
0.18142920507306573
1.9571061539711612
0.32005913669972486
1.9955969729204373
0.644568526927125
0.33635164038268184
0.4822821432567487
2.7437886929272843
0.3761643121846854
0.9794891982539955
1.3502096386199989
0.13214500000381482
1.182016925316039
1.7661348455025028
0.5695470054521522
0.5161855250892623
2.253055171411281
0.5686342372142608
0.8498102609596452
1.2443874036043718
1.1710007455693843
0.39836920763457717
0.9169845363449568
2.6082179407400092
0.5760680536449072
0.04079619704174677
1.3468229532693214
1.136817839100386
1.6956285324790115
0.39669452808926453
0.8362431714903823
1.3935586948220227
0.48899704748789874
0.3025826700083561
1.4889212049765042
1.6789518236259815
0.6997340691604403
0.7284580192296939
2.2283628280859156
0.37213436888897583
0.3829233737947973
0.990046253175612
1.1956382229319678
1.5859988203574804
1.1179390884373597
0.37928315494593834
0.06340608574090748
3.965156188798466
0.14548969282158092
0.13606167589664997
2.1038544555399517
0.02243531416957395
1.1871887797535918
1.625695169470402
0.4656500478083302
0.7000734417101427
3.045617389871532
0.24430375981384128
0.2855523623786183
1.4520499559071411
1.786138572156076
0.30094574367991556
1.3803266658445066
0.24823091366301656
1.1513004837736498
0.6984899410687804
1.9819234024913785
0.9580831938104148
0.2251466693422536
0.6801391883690311
1.0933223028200794
1.1598575219264362
1.7986027616255365
0.23111426631918458
1.358786829430781
0.4532642483916727
0.8287364544359165
1.4508619595738272
0.2675305507146781
1.8613579466323165
0.8344539250795645
0.47527754422825635
1.852586930719023
0.6471759872175519
1.2987219046305822
0.9344778288103863
0.6936111212160612
0.1302777234222986
1.5277062376345132
0.8234219945104403
1.4161565470487012
0.14415751673193905
1.2143709293101907
1.2220278881634394
1.5644080560040698
0.25267226821004357
0.8850542027043156
1.7198938928520704
0.728508539643991
0.9374895926499587
1.5846643478399525
0.8916796688039741
0.5337312290397739
1.3153034564940154
0.42429547485668817
0.4249773042448964
2.3243601756621963
0.4064234374783634
1.3415053108253376
0.35570261707565504
1.1869908635516058
1.8908331922274497
0.6607434989736192
0.3639417049812447
1.0023229320381073
0.7115137079018695
1.0772742995753046
1.199775040104016
1.2807332432812462
0.6299841119360778
1.178900143952751
1.6515926375511387
0.7011239037986164
0.29825359841085736
0.7458493357719197
0.313059080626046
2.1027664469775362
0.4117296880454385
1.5060239214409286
0.17711277400373604
1.8335607913964396
0.24940791762108463
0.8843027786537041
0.055837544012994234
1.6505950801446614
0.586029480863241
1.2766497375991253
0.353750051652457
1.6033681068163879
1.7071891779773942
0.31665136656756504
0.944717832998692
1.3956497076353545
0.6040439983511352
0.5260165985241844
3.1872411853459717
0.10737612636393924
0.19960538647731516
0.41159456997279004
1.9768507117372864
1.5307095494783711
0.6292579673137686
0.880139834910841
1.2845173608786264
0.3360290103743318
0.9132693164332251
0.3687617777402526
2.3671549506860345
0.8643360137290603
0.7083595405812446
0.591319194092732
1.135598279979884
0.8760393602130659
0.6321176745300593
2.49733123578354
0.4988809995764003
0.06424869982869286
0.9732733296808992
1.1943174693830143
1.1404925209297379
0.9177367678279946
1.4324087525269338
1.4179452723617514
0.13545672515444188
1.1597824035274127
0.26806742730996663
0.8020825518927635
1.1256441508019044
1.7686367032701027
1.2674030541294312
0.054646780784382516
0.9572914677804593
1.5136722226668942
1.002381737489205
1.219701513489851
0.03292632686474204
1.785971234443219
0.13045856273017517
1.0961044339669352
2.434993867512923
0.3897489102841161
0.5103853096004777
1.3098476528206637
1.946574056728054
0.2829194452188398
0.9823483957171903
1.4086584836059934
0.30235404007918576
1.5738938379164893
0.8356961343438496
0.5530082670123054
1.0480659023692362
1.978620123929455
1.1521902542638722
0.11921927798967114
0.9413328810461755
1.8095873357379557
0.24071460638641912
1.1342536919495472
1.3597743813117003
1.376285673543757
0.8074992336728248
0.43122822417590645
0.6242847178588444
0.9784429044872279
1.7738303410890344
1.0276409960251167
0.9322445799294452
0.23029064523491202
2.2095220829110485
0.14999683769161315
0.4748790482973169
2.377625690763776
0.7599218397262701
0.4620610897592929
1.3010337651730561
1.3684409656036867
0.6184341273191414
1.0078306380789945
1.5910832240408563
0.4496422041856071
1.4947204507944452
0.23639661799864775
1.3722095833009766
0.04164598980266335
1.8359033772886546
0.6737980187945141
0.8828095971437914
1.7069791210831495
0.7789173395262831
0.7346356531785505
0.6607210549707103
1.0181842721395005
1.0923586616342498
0.8421941702687514
1.5149850031475685
1.3077986685946785
0.2277095559281029
1.105179903950403
1.4426407506047048
0.9745140878757611
0.4877019711110268
1.9703260452694258
0.06234124547271041
1.0863975361192335
1.0213657894533315
0.9821040927110473
1.0233979105267497
1.7735174551238384
0.8265517745226064
0.20588486070726017
0.6847051943764051
1.9846283910931555
0.8519013023797714
0.42829479691499645
1.3112692847765455
0.25999272444772553
1.7602323740685875
0.5676413952864621
1.3403953075202015
0.9128591977746559
1.0093019815769022
1.2845676652177427
1.0110703326057247
0.24615992800956313
0.6525892690621038
1.9088376187813134
0.49925132980725384
1.2454100218069895
0.8873323664877324
1.4516508346035382
0.10810187490270658
1.1170839628071174
2.6075698863945744
0.4269873164635793
0.41909326171286476
2.186834529218665
0.16507658393985328
0.3084774626028472
0.9623142356471187
0.5978969773243117
1.919145551479492
1.478168047606039
0.47637687118732985
1.0660956306226188
0.2210415098017452
0.39783946894014566
3.3942983146379313
0.5770349696214399
0.05341164486383061
0.2309576655161843
2.254907788802865
1.3777404378560039
0.5601053313488407
1.1608859168374823
0.5839040002346347
0.7466101358330696
1.2722532318400495
1.2385143681635333
1.0373626146680999
0.9970335126826608
0.9332293580642737
1.223298953399741
0.7525309355643574
0.9775913912379767
1.3385765353191401
0.033821173887970464
0.7666724740460588
0.8908076787461011
1.5820178427607774
0.9541256688812243
1.077540103105961
1.1459232608581187
0.13403631281575787
2.172127870677118
0.41423901195649054
0.716436751289229
1.1525544481194525
0.6903584892316481
1.8725172297284651
0.28801224893260235
1.1962443122120403
0.1710553013306689
2.0077228242602247
1.2709095815157416
0.2755227709710914
0.6227160761995151
1.5623460444623036
1.0001473018757505
1.134778028780057
0.6000708634534035
1.449779031501545
1.1161182349769327
1.058319096065555
0.39428174753807227
1.2543492606475282
1.0617784374508723
0.3436795743570017
0.5304543482774212
2.741608478253023
0.278090934101381
0.535614837176163
1.4608705860660884
1.6303524784572028
0.6829273643803428
0.43003575871146904
1.2151279747898813
2.061084707890688
0.12222202622916963
1.7000522165904925
0.3868020731323332
0.6220168262809121
0.6687151509128665
0.7352169269315441
1.78124101239511
0.4122590854526093
1.087764651168991
1.3516156252267495
1.0852620922692442
1.0766173302379556
0.6427526617466138
1.5006471133596375
0.8537192189211757
0.06678442362759975
0.17100863598543065
1.8157440674661147
0.8784057981280559
1.2473266251529722
0.9138426629072179
1.2145804829057225
0.9303457112273801
1.0766487947900738
0.5942416563676213
0.49744577185209893
0.8284854612369874
1.6647362664682344
0.45226496276570105
1.898127681207283
0.09869455096206493
1.1476083318705779
0.49842092391074516
1.660729238420332
0.36068813435326014
1.393085593837149
0.4562807705280109
1.291236113092035
0.3672611550078723
1.7501384905312463
0.2549449416822636
0.8970865003871682
1.5588422014884558
0.8776558695887322
0.9695907050179304
1.5778493400906968
0.2642404809624326
1.2385363130323275
0.7900193205355326
1.5648172000790337
0.6419424247342507
0.03946568826026292
1.5606077473967335
2.6110853305262984
0.2547263922330912
0.6941824911815045
0.5910205392898877
0.4209701830362429
1.5835602938975464
1.8228707547863265
0.2563106771852835
0.9942253639419185
2.0646379313888406
0.4284633738239545
1.0625837259602668
0.43488805414146364
1.4566400964870543
0.8082874429009722
0.2792880491350388
2.466792844081612
0.08328600092264295
1.005684108372425
0.559600713468583
1.5683117302046636
0.6902134625345449
1.0040928265010192
1.817576277522925
0.7662099111375635
0.1576261329484117
2.024184019355359
1.3034301077029466
0.4281521036068639
0.6408352676539678
2.5545293890272043
0.20256503267283993
0.36322895057334464
0.571456642470333
3.6439490239305226
0.23101766963055495
0.014578207730312723
2.086659965899682
1.206984656485723
0.6071846843193905
1.2218729416081158
0.7175296007773287
1.613936936199551
1.358120163972984
0.3354813144707668
0.09417039921164158
0.6798051557338382
3.4304149362824394
0.213571463176258
0.47663869625288224
0.9643835219416211
1.3714279339839817
1.7930477418955415
0.0529624249339844
0.6758332501509535
1.9618260343778737
0.7469763370520544
1.3163390907099068
0.27306129551233466
1.5404251481840219
1.024440228099154
0.7108857055023037
1.5803661787016552
0.25646239256164943
0.17301061551380117
1.4907656943968461
2.3796797765157693
0.10532199183159614
1.102144733936442
1.287362680772075
0.9533014620581471
1.1834734902957236
0.3870424466396041
0.16863751332310037
2.4054332034044794
0.9622749604104991
1.0490960839592463
0.7229255141512297
0.2352969533432652
0.7044066212630402
1.3558055840089513
1.9553399734661736
0.46789804202490115
0.8553597410368188
1.5959273827790768
0.32146844562604426
0.729716784511597
2.2660621087665644
0.2289180603302983
1.01027637940942
1.2527355583198605
0.5925585679468852
1.5013727872644762
1.0951804543463592
0.9391810014232868
1.3700779632906015
0.033839410225009664
0.754288357002743
3.321449717164271
0.22864760742103057
0.2807224136882183
1.5163636282003876
0.9792072943546987
1.1724408736039464
0.3835991031264603
1.525626765970731
1.0144461623091305
0.8372413800031866
0.2479314521572432
2.5209610996161413
0.5362761972179666
0.6669432319164892
0.8749498867573529
1.0974402398549479
1.0639198127517355
2.1020055767637262
0.2518063333561622
0.061342943394147365
0.5138023446333041
3.206671043153627
0.45086408560114444
0.47629604342641646
0.8814204767081346
0.8368151239146818
2.2837076757745987
0.1543425588280148
1.0332593811191468
1.1764590552918102
0.7953728021424294
1.443922810266617
0.42110652327245285
0.7385866856017488
0.7367058297339822
2.0157832550905654
1.374649412157326
0.013419560078109207
1.546660839887862
1.0635494992894843
0.6174651454211159
1.2250654775194336
0.0076772070856177006
1.9965459613406527
0.23026020600778968
1.901948978522776
0.40673364684600277
0.441967271901062
1.384132387910954
0.554688135837546
1.6436342021330355
1.44191185759178
0.19678129039976108
1.6734865864553423
1.0676937906826456
0.3188454394974017
1.0647767942404076
0.3697757720405101
1.5567926343222984
0.6220831618774486
0.8843954263347467
1.5583121254503445
1.658895936491581
0.5233570124091169
0.05996211225922773
1.056209573433869
1.6110869962831589
1.3204497877620163
0.018646846150273063
2.735458111262428
0.13888287012719322
0.07407560279756405
1.9757148817750907
2.4128618992517366
0.2184608754958382
0.5390570945699473
0.9427130424877204
0.12235978447552055
1.9347977987491454
0.8378975890456788
1.4650614724993671
0.2840433858625996
0.9092658128883859
0.7264264701045635
1.1479785439341879
0.8394635934118068
1.2491563427326797
1.688204538249119
0.19330956452723233
1.3690832918919724
0.25735207566883667
1.2208182030481434
0.45352274700509776
1.6868723731921633
0.48898090777436465
1.5640279318647419
0.6599875060429621
0.6822055971654234
0.3609592406547667
1.1395807890175376
1.4893960012206988
1.6115793559608382
0.2753485493160554
1.0113463606217177
1.0024018637615757
0.9947534104135173
1.1827351065604077
0.2947312368461722
0.7481704567567469
0.6262940033218184
2.0063653794264305
0.6320041921337973
1.3836242693741672
1.1769543942638172
0.12597935414999997
0.2941294074655239
1.4927297813207083
1.9548227382131786
0.5712259342976622
1.0591724160471334
1.438817318579184
0.11735521075934874
0.8282710971113705
0.749166207171425
0.5504260476151767
2.9757108060589275
0.31493107850793045
0.4510478948909091
0.9652957833409342
0.10336970997089528
2.064656849569982
0.801859907082771
0.9665988092219989
1.0647806571859613
1.445695539148877
0.4423195569988912
0.9714055658487543
1.2062378200880781
0.2862920086402778
0.8156262857803608
2.576795927269992
0.5416313886457117
0.44763575293763974
2.2985365920653256
0.3194827676182578
1.190489583626531
0.7708633678265561
0.16368712277944197
1.7789384685499843
1.4829747273801908
0.619526230656253
1.5999901754313002
0.3945018821985892
0.45080011761867633
0.10199388438534328
0.9187688091029741
2.3774362751549734
0.6409685042139891
1.0814081552442985
0.7841386044538089
0.4735504355499722
1.1642194705483078
0.2800973345678314
1.4685456918188693
1.6921623043428937
0.4474873677185358
0.967299990973174
1.4453985612584086
0.3115871611484746
1.7803073036039563
0.9802395450870878
0.753468759046667
1.0269651788234793
1.8152674280295484
0.203973198966198
0.05804443249658275
1.5448862363477067
0.3167951076042224
1.2276628560033767
0.7298843740394074
1.8632050363754789
0.5148802812688524
1.1479902698330746
0.8914113732419204
0.4896250440932938
1.0410038805598254
2.162497930461494
0.6363447265959944
0.6668411929712909
0.014669547502671347
1.3327331377603995
1.2284825411073914
1.3642976161043994
0.8566541363227889
1.4071995134162372
0.20358311479754443
0.3668932334634068
0.467716802816025
1.059520297554799
2.472922499846563
0.896490816829839
0.06357565024373361
0.4932267715116557
1.9850091919864645
1.6876985814165641
0.5831069694432663
0.4793682851184402
0.16814156079479622
2.5105801072497678
1.124804877093198
0.5427386990221696
0.6103126956930685
2.5170633819609085
0.4521488603412805
0.037808014801157676
0.25639674848583577
3.092473070129221
1.2240713060663573
0.2011274549606539
0.2895875260619671
2.756181182410252
0.7899220527499711
0.8828935965502451
0.07613878246060435
0.8399169714585536
0.4659116278577496
1.210691629968842
0.6259567716562947
2.3010355139224123
0.8375819876899134
0.18105164554257558
0.6811431918662005
2.3645108656707037
0.4339619590427852
0.5911918037395784
1.1498481325505745
1.508394016957274
0.9500424272175756
1.3085189187992108
0.6765326235555166
0.4765889357194059
1.0413412349938935
0.5738000770258187
1.0077058087251332
0.2647240006286388
2.259989360150212
1.0413901681369573
0.374545973167705
1.2847042962795592
1.8371158805674137
0.14718006792565985
1.2066102043546252
1.3932756114493876
0.684728387467436
1.6679559324486617
0.38562389963302723
0.0670196739203959
2.966798628307876
0.5634949829665842
0.8516861366821661
0.5740031201832686
0.8957246178398248
0.7171128517943207
1.7220258692986652
0.39048002721914493
1.6098230900168835
0.35563367701358756
0.923242343591626
1.0896351205422254
1.894049317170805
0.6103723691983596
0.28144953079219664
1.2070435741121828
0.36843523262572825
1.6894467305198337
0.488320929415337
1.116231180077907
1.8152258277218705
0.6081509730572126
1.142053590532077
1.1393737157861101
0.14859152008446477
0.1328947681769231
0.5787372290318918
1.738644112865712
1.339156976953779
1.0204224797971264
0.9348893672893414
0.4948613580775448
0.22437786443077834
3.3544393025398036
0.4318344051641582
0.23183760942018133
1.4212783188940556
0.9080249268781133
0.6979421992014755
2.0677222715096315
0.7956338357634452
0.43607049866381375
1.6181968219185143
1.2111106381582504
0.35616221121480446
0.5444350207438465
2.4421287243951
0.8427136345084716
0.8430306249453736
0.3520842974436962
1.0793753764534657
0.4446268973518121
0.04706506467762838
1.4009670436899455
1.2682628730796635
1.558533255913459
1.0669921659170347
0.02650275762434743
1.094545532253722
1.4917179485681915
1.2334842845248126
1.1257099210630048
0.08149368520384298
0.867314740821271
1.5053832869240542
0.7029860095103172
1.7184233732384269
0.35760684970690787
0.9779502894018718
2.2846162885201675
0.044924619374184446
0.9699682287187362
0.33780690074714553
1.7674158564844908
0.6991244226342179
1.4574438775267282
0.17269217875711573
0.023616773891521198
2.833097527866721
0.9678844976897726
0.5482307329938974
1.5742617152705942
0.3064898929725292
1.5764852491572716
1.2425674799076727
0.29257606020035504
0.38185516398747404
2.0061294516278605
0.9416885864107344
1.008978314839363
1.3300766510884914
0.767292356055569
0.14762381788655923
1.441628373429833
0.2863593774129283
1.230280545824393
0.888109978090584
1.401075433443886
0.8591234837003611
1.4619791929684753
0.26208007336976463
1.4493486174364392
0.32450052779079364
0.6253350688350351
1.6076375658113238
0.6264850526352357
1.6996685711896065
0.21741193032127637
1.0726070731966508
0.9217577183961169
1.3307638780490179
1.4601167552764074
0.2553855188350759
0.8100561428563945
2.3433396913856623
0.06359433136457215
1.2239545315800766
0.2873255517598604
1.5850096653198815
1.2189063657746908
0.7316740983960583
1.2030599289162358
0.4362951401214349
0.7786531018789022
1.035832673759356
2.506849916020865
0.3519832424825012
0.4194260718101914
0.06656828203676365
0.9474041546321011
0.026100609503410078
1.928891487153314
1.6640728170518257
0.344969987592355
1.6633826072444673
0.7358641362302671
0.5309029393831184
0.324011507234768
1.439778755385983
0.531775678324722
1.2274669238657232
2.1372459664723436
0.5256090021640526
0.32366376877037684
1.4215605706112289
0.7643275603438134
0.18795454954532312
2.521835458432548
1.2091182092674888
0.3893152941565313
0.8270587202147996
1.6458382136740115
0.23523622990451493
1.973847486730041
0.19294758506805815
0.527252745309711
2.03692412891187
0.8281454906272123
0.7684987510182578
1.0071694866914602
1.6945463716941158
0.9635149581541844
0.3172580536515037
1.8423347616650094
0.1606062518812658
0.43595880956485794
1.5663017721717725
0.7759612507914317
1.7551822646450639
1.024096073446535
0.313196385826186
1.0694285123806464
0.2825274401941241
0.7725174895538942
2.2630994308361188
1.5392262134137122
0.011642006848445878
0.5498297164232054
2.112801617670216
0.9821131023571029
0.111452452498664
2.446438483967312
0.32219759994759306
1.3230316174826984
0.7948695457295357
0.013774482870808442
0.8466827983363423
2.641581279414727
0.7820921531731044
0.7316516153255311
0.513747564814848
0.5277676173363293
1.7131224209257716
1.6822903755142027
0.18851267794112175
0.6929004205493183
3.217296591640146
0.4322710869307171
0.005933275616837467
1.1326564243030581
1.9771692184463672
0.7107499149647852
0.8556917449007265
1.3629831669947075
0.970365596418992
0.8627342027493431
0.883226974412528
0.6206028220534864
1.1277658466470986
1.4148502934477423
0.7965048651382484
1.0422044340769576
1.4611555421789046
0.7139705547954406
0.6478720195507137
1.419883373009482
1.3127964873744988
0.1384885593707727
1.0151951233803527
1.1565800394165402
1.9317771414209024
0.30931930038438776
0.5741038230477314
2.7126086663392006
0.18582174125616388
0.6771073248912696
0.8592647713001191
0.4845313086495225
1.9534352016695518
1.1456129027896063
0.9945366185363215
0.35096304020062796
1.2431036032163327
0.5718668574524586
1.0333838080315438
0.7160911812194567
1.2782455816523095
0.9896973030012839
1.1566017193366722
0.9814451471893049
0.5151445309685354
2.6045314671621034
0.19091646271990376
0.18533945085231793
0.5248896085227088
0.3032235579965334
1.3764181059905054
0.7107140881330068
1.6538476838100673
0.37082606388375217
1.9679270752161713
0.24716054602459364
0.7288432253596463
1.4806245722014166
0.22562308082295876
1.3143028754605737
1.533733810457283
0.9422346382011075
0.5916113694573408
0.10340332327923642
1.7393126833384815
0.6895577256809896
1.704974381844239
0.5596451420135297
1.1813005035993682
0.31439582187800535
1.4635686459989456
1.0182606901066795
0.07397607674793918
0.731509107171595
0.7743101976874034
1.5258585352279666
1.1790895291032373
1.3696963903827624
0.3624315325862815
0.8138328903158683
1.5212826303718565
0.945499195209698
0.3853824321277984
1.3208698936736958
0.7279061256728157
1.650328334947014
0.6465340645718456
0.7537751368124525
0.5263681147670244
2.3978638728251247
1.2348232969362918
0.11240989807001962
0.2568867241248065
1.1293736656394386
1.3583987179541888
1.315080491415104
0.6400150729998502
1.2794911837296268
0.0802815788073522
1.951750287820368
0.14433979525736937
0.9395329493733255
0.6834840776403773
2.0891780713967085
0.6278983859059641
0.9913200189125367
0.18157887186710722
1.1062365779854162
2.6207757303532992
0.0015199482209910433
0.7119707327729088
2.9963447539700967
0.30095588386070127
0.555822676660919
0.23301353842457112
2.3413292119136826
0.7561362554321043
0.8970091546582755
0.7410513483191952
1.293249918602335
0.8396211126201821
0.30029242401709205
1.0124986364509558
0.4913210496033115
2.755053742391264
0.676063768353414
0.14015573416882715
0.698582208046
2.296213883160025
0.011398207051989906
1.8960189239268745
0.46237629095529365
0.6701573006599701
1.419549352584041
0.7526170257965287
1.2516135206542052
0.3260382554036004
1.82138947996759
1.201574206689581
0.18466194315245207
1.586807493836406
0.9051396401164541
0.27306552634617265
2.150569682299418
0.24657998760306676
1.4521753650854967
0.5614319484228606
1.5516196005385503
0.38936306725389946
0.5415161046771045
0.9094612389359918
1.9451982641696695
0.13453864723465814
1.5480958340740059
0.7844690721088854
0.7585079807704501
1.1112712157130218
1.8349398716333958
0.42761206501585886
0.5538198581626368
1.6264843573140424
1.331011268473672
0.44736636465222385
1.6688658984535372
0.16966701413475246
0.8780224882560389
1.0486589113663265
1.0266825895302765
1.3623070688089458
0.9512975874769206
0.06420229645055317
2.7445227977130044
0.7352609553097316
0.4453540691829008
1.6877911021311316
0.17790355653914447
0.19731381519526128
1.9599645267133619
1.2755393614577792
1.0299911184831358
0.6069047925286483
0.6996114863956161
1.7906143999598962
1.1258548674758784
0.42497565582099045
0.7753704019776202
1.7397657927622836
1.2642010887776292
0.6024228260320722
0.6028187897343256
1.2847381608886403
1.7024977902345417
0.45480586565392805
0.8459167679198675
1.4866328241042346
0.03738799373783122
1.7324683862334898
1.4055673997159575
0.23215645486661993
1.1313078711033366
2.0076156092883126
0.4325670602859811
1.1173085611581526
1.4408999710932864
0.7596017081109905
0.5112256810779089
0.23481046859378327
2.4451824008193874
0.8202281814828385
0.546407447045168
1.198949206080685
1.5388061240634683
0.8893317756096955
0.4414538265822798
1.8802341283140476
0.9908581089813466
0.048831009090594284
1.6383507258656276
0.958618292391792
0.6750121985930354
2.105687903206525
0.5258582435495814
0.7212130683331711
0.6568417140908088
2.0155502065139825
0.2881405588197085
0.8093107928601209
0.5492787999624066
1.017234322338079
2.0606817934736386
0.944858122068517
0.25690509553048957
1.3199105069311545
1.1031248948448928
0.5338048198889118
1.9195430970081933
1.0036107527929687
0.3395832822556406
1.4512406083966385
0.142002839102656
1.5264754831508216
0.488453982934264
1.6601125175570564
0.5116857901416642
1.1032957693415193
0.7722272718164408
1.5054193893493522
0.7846844140375783
1.0937779238228253
0.32860937871901985
0.8855903553455905
1.7512672616562734
0.9501140540816443
0.9403654536421524
0.551152948388216
1.3218184803356567
0.12208325191595394
1.739832116738606
1.3752862660042569
0.4686754849526456
0.850546246360321
1.4198272742051172
1.6324890790860824
0.4465755037468396
0.848086183668049
1.5851939858795092
0.04846436124004734
0.7671770350327042
1.8677485694588274
0.801681770439702
0.906110611854176
1.7022391422895846
0.9660048562617616
0.41896758178976806
0.678032381030526
1.234353322539186
0.3213067582452339
1.3673356441667526
1.6818650985181414
0.5815526335489078
0.7473519219895702
0.9872146123250475
2.3034296088679893
0.12598331424567766
0.7014323168331862
0.3101008074954972
2.3614938989074234
0.795467587190503
0.5052247947557124
1.5316544438728932
0.8880861734105204
0.2960641825566604
0.7741509333773264
1.1729482296212357
2.35001006552678
0.6148376239112818
0.11277588372872155
1.062846523900767
0.9946744040858208
1.847356306259262
0.34019965249230205
0.9121225761727376
0.4132360333102765
1.9175298543395802
1.4953715333086928
0.10118938674667972
0.7686317876913853
2.45175628235353
1.0514118927465834
0.11943330891829607
1.3204578283598505
1.5459000187516747
0.41877459141836937
1.428159616126947
0.859468460880977
1.3423216581187911
0.6006390324262468
0.7975572417517294
0.3537148152480266
1.3329081789598636
1.6862021605000506
0.6718478173999314
0.9919655109326815
1.455048969277548
0.20654140796483486
1.1652682500588123
1.9989542586897828
0.415112608093905
0.707795937592381
1.9115473807450851
0.886150852205995
0.40275806157608884
1.526801458386401
0.7429342309507901
1.2703444600586444
1.464550597477717
0.05983936235642083
1.7140763475280136
0.6266591656033917
0.5869736109675466
0.6892270119162083
0.9820876463051825
2.3687464688204485
0.9742598136587645
0.06155577060226032
0.10681011138311869
1.4476393150148237
1.2019257830685521
1.5435046526107763
1.183834352288383
0.10660591060563843
0.8308179953719307
1.5112896097712019
0.6985132270084805
1.0000671054130605
0.7496952733446787
0.5773494554784248
2.505817888530769
0.5322798012616774
0.7404396742658442
0.7034920637371478
1.0251046130100134
0.6349011705776947
2.341651166287193
0.23850444856184339
0.6543416525694732
0.8439338025922262
0.6976227480167133
2.661972911540053
0.08234983183174181
0.8169000402544013
0.4147231513353242
0.9904969321122088
1.2185947401286459
0.24021449521830263
1.9958717693495935
0.6864145639003512
1.4738628252150296
0.5164656360192029
0.6778008026078367
0.7891490855047126
0.24381990904220413
0.02576241927637965
2.020857111416326
0.4006346102887955
1.6786139545900727
0.32694575305219786
1.5364060651372229
0.9236363915687391
0.6501456801858455
0.7133968591944452
1.0716978331677849
1.0131150959994744
1.4867543826679386
1.4445562754713108
0.13244855169118108
0.7702081741426535
0.3569763087711221
1.30789602789623
1.789690963704354
0.4065920256051029
0.9969080355638456
2.1353979578903464
0.00048054330784351375
1.5321113799780555
0.46650474037956696
0.7311571728726753
1.913360413989453
0.5339961054513751
0.5201874953678438
2.353184611749257
0.3151743697713367
1.0515588473416466
1.124778846853276
1.1925213228990592
0.9540699196879789
0.5174680944823288
0.3431334967436747
2.007995615343894
0.09413821939865462
1.3307793263975778
0.3141901822507434
2.1175407541029974
0.8543002163027347
0.4502781258401372
1.2894833333073479
1.0311820322481817
0.9935008827597132
0.32063187534421905
1.724100678287966
0.9341229414469636
1.1990354648251036
0.9874009634800596
0.748743286180582
0.5766726477801953
0.5868035343153563
0.6655357613422332
1.673683678396381
0.8082901508597371
1.9395737723503226
0.1733421293315177
0.21032052314225264
1.1446859429090654
0.9733762579199396
1.417346808549504
1.0917468974783906
0.627008149870309
1.3146084138981815
1.0788990779467034
0.7319037345241259
1.2296932003641212
1.2493510665437688
0.6089871807664974
1.054004531710969
0.5893517687459463
0.5737656645015512
1.9619697918569188
1.416750624591066
0.4737369770835238
0.9031580736879312
1.6504346458806791
0.26865950443501385
0.3434154212575377
1.2884436646030666
1.0205479765382182
1.634884902548236
0.9174085032941336
0.7284386791171726
0.1815424993720944
2.421490003568013
0.21753717822753435
0.8256895229314416
1.4612036783065134
0.5870701149411071
1.2762655455423835
1.6156999770463791
0.48625279342328903
0.7471973516110296
1.6067983729944046
0.48857419244025674
1.6342191766683132
0.9078883530003758
0.5779733044952231
0.6700743108328461
1.0932416476329543
1.9009196147819147
0.5253392792995046
0.4550059304991418
1.1594260966517567
1.6075042491667295
0.8884315475870601
1.0259220029517226
0.23327417796813785
1.1655055784710728
1.1210679245609945
1.4522900672372019
1.076985950624817
0.4373413305922813
0.9400046437828207
1.831887625573164
0.7532569955814219
0.7933947762046447
0.6504554917322287
0.18715145683808027
2.9179570968649524
0.3238158768864394
0.6989714109664318
1.096719606880631
1.4092187890951788
0.33663596752354463
1.7291728379843236
0.36369946994700125
1.7490281033059372
0.18014762261887265
0.2663640066688611
1.5954623853528491
2.462827353330634
0.0833324095314433
0.3275523368540807
2.461380591632778
0.796394986659203
1.0275662811139628
0.7221496649475884
0.705768279232649
1.7644385636132884
0.8029788195652272
0.7248315406742699
0.4776546534528112
2.0294413298419953
1.5170445843957203
0.14556525259379313
0.16295423404815082
2.1831901752104934
1.4874404086940198
0.5505917413435215
0.9354106184809265
1.4539011403205488
0.3984359049277448
0.9975133479497449
0.9590556992275002
1.878228974944251
0.5669219903043556
0.4572952778989322
1.4751481917835918
1.0171455958075022
0.9239968807556943
1.2805599556550094
0.6171544547948817
1.1611014373433315
0.5451819731757674
1.7409989594585165
1.1171138647411023
0.6118754498409328
0.023913541272844115
1.8005660003381823
1.906012197631839
0.5442401678399622
0.73382251272599
0.7040622468682469
0.9711374059910952
1.8630989066062267
0.061624230243644516
1.5575851715547744
1.380005725682034
0.518296485336715
1.433185337623792
0.0457792823606286
0.9663512940630653
2.3118447117929106
0.7595235911151259
0.760334647013238
0.624407235441612
0.9510970595263543
0.9694550212032046
0.6803889436176036
1.5523178116306573
1.3296763641053195
0.9161022670269588
0.42488008789893905
1.2349151063503152
0.8504941771184721
0.6288783579274004
1.4763581754430966
1.6303975979550103
0.049805202304380014
1.2867103808237517
2.2041111569625147
0.26886075805244297
0.7169525865989629
1.4468305575898026
0.6767405777459944
1.1757510350851164
1.8034973309791449
0.7076174423596103
0.5016683527224022
1.2301175602645755
0.022465266303528377
0.41115673879937903
0.7482256023955778
1.8563477807411786
0.6823377703668306
1.3382037575100372
0.6415160346450892
0.8022806306831154
1.387600771588229
1.8524626589183515
0.06517975011513587
0.7478502654130562
1.9343788897779792
0.5030568538257424
1.031336754828394
0.672116723801219
1.5556655672786568
0.6175827000257819
1.3453272148170208
1.379103540888819
0.22650721276581173
1.2314461942536559
2.130160125084847
0.1523185835536718
0.24715782687567123
2.7990050415112777
0.23553560811409371
1.1139753167614357
1.5193309761594165
0.142013437044835
1.395477201065365
0.20808350078961538
2.4350613085598716
0.11819106794265238
0.8348079781281506
1.4431961358838206
0.3425038767370718
1.4263738823673067
0.750845640281735
0.9640382723666998
2.024331336611968
0.03735316535968801
0.991662012308284
1.521208083385673
1.3784844226421522
0.6508994078895639
0.11237931351221415
2.8265287323928296
0.7722047502185471
0.005317354654535326
2.0238568542108855
1.3175645885001044
0.6118839307694856
0.9147126086613894
0.4041642478330766
1.7359880679487605
1.5651525089883518
0.80457421460796
0.34943439220553224
0.4135311807520399
1.2422628556166928
1.0690825470578558
1.082869413382272
1.255421248051792
0.5465631953458155
1.5487414288091337
0.7327584354522764
0.4834059586222799
1.4650919768840787
1.615398792100446
0.739633364678372
0.8594177415252188
0.26072937780638744
1.7540497353168474
1.371783407311735
0.1632405678403103
1.3616218222610343
1.9875977677586478
0.5735506563997818
0.3259355696108565
2.1088785136167525
1.1963664470868502
0.30459630765915474
0.3982739958020518
2.524315373583774
0.09700806017980265
1.2970924422668775
1.44117292841794
0.5006202249570457
1.5969409282956109
1.0613009535927893
0.015164957687565993
1.224177617889256
1.8887460520882648
0.923395260783208
0.2930342104938804
1.9384501687895561
0.37417152751017346
0.9351331092678979
0.966939936649838
1.6042417347191062
1.1852153047635805
0.29645301377692873
0.9113667765828383
0.41609773518671433
2.4215406482569315
1.097067706154441
0.10035460652501357
0.3972904933674427
2.3058104504429897
0.6582016285869322
0.9722202675859246
0.7935000744875064
1.5753300095611331
0.06937656977892444
1.4148991207648303
0.9563651694334961
1.1374834611157598
1.457602128843755
0.9577153534348309
0.3058305378507385
0.5196545575678724
1.3400463848225213
0.6871396231088744
1.7088755681794556
0.27636853500612735
0.6540052344674743
1.2811260030391214
1.4479256752223224
0.8903827183001978
1.1761916308493734
0.44517435509493875
1.0569435807029455
1.6896883816684365
0.7496026451298035
0.6516298805698261
1.2460319737397645
1.1421566111823727
0.8350129016484779
1.214554433068206
0.9394083338512466
0.33971923424237316
2.510159365863686
0.05488123697329946
0.5777200100443856
1.3451861371115041
1.5304149222463608
0.8852559295869007
1.036054281655252
0.31027962688981076
1.885169639975644
0.3217234266712386
0.6350206780662965
2.4186671241169737
0.7487931807845722
0.4259359442693585
0.7175103087768183
1.4582765141582241
1.6234296043057468
0.9314653173654714
0.22901086232250828
0.6705928453463051
2.929159880785159
0.09768257267998096
0.7790036257148337
1.536408198532537
0.5678283208413762
1.331544176763536
0.36703266658696937
1.4329226270482187
1.6620695914673256
0.79204937201076
0.21238154257563102
2.1806651144933467
0.9373643173482471
0.07064677522506552
0.9575199412539595
1.2964592085478976
0.991702610613365
0.9796233406698156
1.2255967475320955
0.659434504782206
0.7444376925854996
1.6472031073272746
1.4911238363251946
0.4558651560019246
0.6497749075101117
2.15298389742704
0.2991835073250777
0.4306070143951144
3.0955821052898074
0.591278469556992
0.04783647723648236
2.0981294663498278
0.506597992492838
1.2524219039044333
1.231777369153037
0.8270463777829701
0.6942765732604868
1.078827362610953
1.8813898959016817
0.10649124823516957
0.8892702953432321
2.3571301577892996
0.5383106210546749
0.2589368207483712
1.8041788436656494
0.687207378209005
1.200748159354836
0.5084056009168496
1.4037145959894406
1.6966515327086733
0.4196571965506115
0.5868166018142875
1.5854331572903113
1.593728339628145
0.0881585188089134
1.0068426575883032
0.18913853231460442
2.3663442820765286
0.17204233124620957
1.460144810787733
0.543737127351631
0.8589268084222051
0.485100627848736
0.9778232765665547
2.1331971867104187
0.8101605027516742
0.5443023618913735
0.4084802409223557
1.9892299952577168
0.6651691558073459
0.7607902962897114
1.8259730325408308
0.7733600697544706
0.4687761279579422
1.8951407045453372
1.1537415326534917
0.6645927526431976
0.4918394049312483
0.27887301699036493
1.0644741041308177
2.1115992529627565
0.7045104458162955
0.7223212541008744
1.0397324170052977
1.0815518698791788
0.7205451385165922
0.8747598745277231
1.0483639994701133
1.5662766721688552
1.128710435260066
0.27086911457755836
1.4404671200238905
1.2427939366090914
1.186292627729086
0.4796742108848208
0.10857860298886067
2.6677717040308493
0.1446904330548903
0.6304469980498948
1.2919100462556516
2.0913741250256286
0.10655649858500624
1.1480509649965707
1.5965588627158536
0.5295358058045475
0.5686997354065206
1.2942126613580103
1.3013319225524345
1.5027171557124785
0.7095328016731635
0.10223103621901238
1.0563830472092193
0.4104370545723803
1.8201894323597796
1.1512010026324009
0.23364077343257175
1.9383234089918178
0.7777384384983177
1.018648587469245
0.34172771217947584
1.4659557553267244
0.3775732070590221
1.8173850717389137
1.2212154116593612
0.1561779942569832
2.1922884784043313
0.1281828816360978
0.11518530520582251
2.398277762692835
1.891542280602974
0.3985427635700521
0.08232779738138482
1.2575114393784073
0.4775677710153545
1.94418960546139
0.7315223604632661
1.0057606833948645
0.4414115079390413
1.4587103809908244
1.5046002936994078
0.17917830067291235
1.8697617131171267
0.7052314154035595
0.07884789209694358
2.226781737919583
0.8906667794179965
1.2761490335302406
0.5383326675772967
0.17500478705659842
1.2374507723619732
1.6388430599146526
1.0434980991513254
0.9153223815627333
0.5980938328020843
0.8218482850663621
1.9143922183149706
0.4937357045705211
1.1586058190815505
0.4088292663709798
1.2478864579816882
1.3655706673606334
0.586615729178908
0.9806542943544342
1.299913807455493
1.1276399896678988
0.9497793544694451
0.3766301886309413
1.578880699336805
1.363544401185456
0.3691773420381653
1.963710146349233
0.18206899023596082
0.7048681824947929
2.0767897807965716
0.9893818514813272
0.3261313528289311
0.3752563070517452
2.8424579885567463
0.17385941889275575
0.6971485953043937
2.3123356637617536
0.7889688666681562
0.7045206059030255
1.0929676265220472
0.9589051088874655
0.11245832548243827
2.121757991930916
0.7375848975786146
0.6662358528404395
1.3720527761935808
0.16999429407144323
2.715295432700565
0.06625404876213638
0.3055854967709552
1.9153518437423995
0.7142138879949395
1.429980882478465
1.0437416165810764
0.985127762112015
0.6309911603346656
0.10704319342749108
1.425495856999575
1.8828494839265613
0.720860774541946
0.1902757730579859
2.5269527893957155
0.3875767815896751
0.623136513128803
2.255076738471492
0.6433523721214239
0.5358144141511986
1.2668053145655431
1.611186433320395
0.6814912354666407
0.2859822107588971
1.658764816791024
0.69663538800773
1.3842178688620257
1.3016566314994837
0.3649894563242166
0.8296294537373632
1.3972554216233273
1.1758423305814965
1.5050613267620787
0.2229847945646362
0.5079051344827632
1.784836774448171
0.5837596902876415
0.6668446754240366
1.5415731417004779
1.8122320221314698
0.6383272277663021
0.15486631297172115
1.1741772808795736
2.0050688806671615
0.32584499145170986
0.6841886312005451
2.1374068536098974
1.0864825416499624
0.20898529455113335
1.6436433049793349
1.0316181515698624
0.6290296810071677
0.7150947739061292
1.354559811550863
1.8268844135972127
0.6751722129584811
0.47878725276480805
0.08623397915208587
2.583561967314452
1.6021962239333527
0.09396421659853141
0.3082738015410668
2.1909796268104103
1.8948123145720324
0.07826575401886199
0.7361572507126484
1.6357243557307992
1.0561981480952658
0.3682198769562329
1.6535963396461137
0.5449918943123334
1.2195089809065038
1.7110345491383703
0.5994879048407623
0.4736351893319983
2.3935570790073526
0.1616485548885504
0.42064839985201025
0.4677267524298635
1.1270551801932749
2.1724163612097724
0.3877652175070851
0.7841140929577102
1.7778645053900446
0.9429086163912146
0.842082363675687
0.591369026164922
1.4743979209511184
0.33234577364867995
1.9015017356662414
0.9081472711107065
0.28887423551214364
0.5526065036941756
0.2409295780990442
1.3552309477225613
1.5603475727485665
0.5148559103953955
1.8258161163989652
0.7479825997350711
0.48658667552578705
1.4824733476382814
0.47487521605473176
0.46129904469107313
2.075306487333874
1.5594655667653734
0.37406080820998105
1.011581674831515
0.7501906641161995
0.7560642464926233
0.8309877815723858
0.5775330024179949
1.027908867315149
1.8334252734420493
1.067847072936454
0.8640442784281999
0.4813266249344351
0.1934643945221786
1.7122513243378812
2.2274704977695094
0.2364662527522082
0.47294281879666844
1.6196775103208074
1.2908598405405147
1.0477430765921705
1.0214954793795725
0.1425944320785163
0.6392569053283866
1.9364284846206523
0.5322356913950719
1.3263553615310402
1.0195405586549813
1.3132275832207843
0.21676359221225053
0.888235179869408
0.37621368112857734
2.0026828346138488
0.9551336088172926
0.9213141643024076
1.11323827189999
0.1786493536209889
1.7934471345941534
0.2764793183951093
1.2230552178325693
1.3519810998475417
0.687923342466204
1.040714048974754
1.1721040022115987
1.4563616515396896
0.16307666095832876
1.3260904818718549
0.9417705677465537
0.49203709454262406
1.556146789558008
0.5119825872520279
1.833677332792944
1.1542989365917125
0.24294498103473913
0.18065820672524974
2.5239235484411737
0.5488856260284226
1.0545576712279638
1.6145008198957387
0.5400479832510199
0.1754885518165813
1.4549759126066328
2.104007291595889
0.583567513887852
0.5985887170614034
0.8256130429009655
1.3419465579583856
0.1717103720113764
2.7238658251089864
0.2100518913367237
0.40181976170852324
1.2964335180220383
2.017289206631346
0.23107714862351503
0.4923668235566892
2.8197889937191407
0.3921756154761152
0.5699604181403923
0.9402109511438663
2.221450963389026
0.8018782600059795
0.13723271489067737
1.7818453154771667
0.49242655271172237
0.7811828689136916
0.20743080662601648
3.075762077694842
0.2550605177514855
0.4667789398328769
1.899558385078534
0.4909711943645474
1.0054371990456268
1.7061751445847997
0.38443700116092333
1.2340070265946996
0.7478461863343924
1.8379101580866082
0.41717183026479565
0.5004325454793753
1.1843182447012424
0.34194233755141046
2.3157802802418623
0.7243124231202099
0.4259386984418068
1.3632181513223522
0.5735747034510796
0.9124701555375897
1.4257512226317086
1.35129805358897
0.8631254215864735
0.7433272484237914
0.8909282819644433
0.8873914975687405
1.5840871724084185
0.6507716960228492
0.839883645444943
0.7691363728082752
0.7105798706467087
1.959816960741532
0.3924878038818501
1.1423238433356968
0.956334322589165
1.1003969977114978
1.2774348991986508
0.838102353724558
0.1696314768610346
2.2675276128736686
0.5310151537538667
0.8946730090515689
0.42759982244372674
1.7905903296180663
0.9952186724388689
1.0908121348094182
0.6015904939656614
0.2582957658988858
0.7301949250022273
1.8008350266523463
0.8286448810744502
1.5437316880007248
0.13826775793548624
0.9274776210291902
0.4709228464294939
2.1774271019309452
0.7474117591732258
0.689655864703763
0.8818284957884919
0.45067283462518565
2.148495128170494
1.3512670136602491
0.26073485018464376
1.0113407669390688
0.1891488972329565
1.1424877703857261
0.688715035348752
1.2601507100529548
1.0074764679725567
1.6470935880020885
0.42786722360922363
0.6193614833422391
1.632128947506712
0.8984315344768509
0.9821631783787139
1.256811864053336
0.5108940975190086
0.6956838666090234
1.590263249032155
1.4792605025657304
0.48927735726615584
1.054353449373037
0.9810228101384656
1.4182952091261434
0.4487330238295808
0.7401212370890317
1.0824074451084196
1.6380330084776198
0.2307328364568722
1.5562330068601182
1.0785668530983459
0.6483051210711668
0.902831361130388
1.4413107628070017
0.1493410493963229
0.9965518265354354
2.247613375143802
1.132877970608184
0.3990689459213004
0.5627248780915264
0.4355943264775474
0.8868690257207478
2.7844331991512483
0.6486770576843506
0.2029910290917151
0.7367367541506303
0.7197396646277838
1.07954314139742
1.544195348503251
0.9183337995684534
0.9463810360721862
1.2852161710112497
0.28565484871887603
1.0879135988266497
0.8650330366802899
1.8824545606357137
0.4702149584894761
0.7966301464955327
0.25805989379309124
1.9306887412154536
1.5055726581961497
0.5379911477573488
0.2866065918789385
2.611753000771556
0.12782102072390678
0.871067832780584
0.5883141227106907
1.6858616139384375
0.9302730651128323
0.9154179300349491
0.91545972475737
1.0498040240057602
0.3719541402792034
2.220547450149732
0.6788450379870423
0.33135969459475584
1.4925546397843303
1.3469694622657995
0.3557680096010861
1.3159555074340783
1.2647879414834633
1.3492731206613982
0.5968705197071184
0.46149099000176214
1.8827558278679124
0.1274023532830474
1.389413014896184
0.20192778307268255
1.644306910278895
0.6717411020273719
1.0970388411376333
1.3065761412723318
0.22460513089058678
2.029056997112543
0.32611719479544754
0.9353119341016668
1.9092744674943445
0.6350951616698871
0.9036416441156718
0.35924298250792236
1.4544604769239224
1.3268100630053787
0.6530830786921832
0.38257325025022937
1.8526666473042999
0.9524317138716801
0.958590026819373
0.9252820175609179
0.8289408305414107
2.1055856113419327
0.2359629119752715
0.24726956955500934
1.112558485640894
2.306312178359416
0.3891220941608617
0.9861792434347753
1.124422958890224
0.5846656067258784
1.020488140136845
2.054715149780869
0.39452554945953017
0.9254762105175625
0.30493553735392237
1.1472940429676133
2.486520019371385
0.13867202576717255
0.8492303275532148
0.788397537902524
1.3902706586937936
1.4439914476859017
0.2957178542169963
1.3050302751178866
1.045182441360311
0.5405387810188285
1.3005588471684482
0.6191603238353476
1.3334648541454308
0.9175310753869725
1.3543863494576696
0.23724957838005098
1.8240236492809663
1.3745225506766667
0.188545950142883
0.7487566892121972
1.620092771524384
0.9720080240196015
0.5121835734373117
1.593670203290359
0.8096777411351022
0.9653469778114262
0.3238147924470176
1.490371894317432
1.3938768125676642
0.7404933134059064
1.2979395417121202
0.34340479262059753
1.7185587282524086
0.4526887338108603
0.8402307311806014
1.475841473647969
0.4847007807453125
0.998003426360855
1.2289398885951643
1.3546162412462144
1.011389646231449
0.47153446506889335
1.6495231339313206
0.7309412243823649
0.2888953300737953
1.0118190547695234
1.7208413718601587
0.8565943289762985
1.3682403944325128
0.14654252508743426
0.9305138302849489
2.384258249703496
0.9013006149366957
0.17031065336944756
0.7759612459322918
1.30602777431436
0.5407398352812546
2.2649081263918727
0.6824434871671806
0.49806989861435186
0.3982487387336996
1.2397407769433901
1.599009027747111
0.689456813085979
1.3039828040302373
0.09925981874455438
1.3287512606690994
0.2719762427771032
1.5156354428398846
2.062791152827802
0.07431384954596305
1.405521263962469
0.8389236667818707
0.4569477946637749
1.23075738353143
1.2120395456825932
1.1915021572584035
0.9094314192940517
0.5973021133269873
0.8967419435670423
1.3878560784316383
1.2233439503731094
0.6867937626167561
0.937837943240548
0.8580407424257523
1.7634884487250644
0.8327782999367798
0.19726016028241747
1.3939237415569954
1.2572474883269888
1.2423416505476395
0.4790491587280235
0.6131649257671636
2.384518914476295
0.9248041327544853
0.6094914614962528
0.4811474192873981
0.6804852901395414
1.6413964303807702
1.1368453836284687
0.649308172293078
0.5169358856639207
1.1298095514896929
1.363006181726751
1.067325299969868
0.8988521845524787
1.4151510615244978
0.04457837256549377
1.0328218572197325
0.8443709482303531
1.826113797178794
1.0199203131708792
0.25963124951911815
2.167693439524563
0.3388736775652493
0.7895511492802014
0.4825774908251714
1.6185678328261346
0.19749977638667277
2.18942665525768
0.3100584496903708
0.4503481867662166
1.5174279991649435
0.5844676732528588
1.223432256236934
0.055920284234970336
2.4394790037538168
0.39608760459659276
0.4920201906106678
1.5314440765246695
2.083841803170157
0.400603359141481
0.6421457783764861
0.4707208290399378
0.5595198038906025
1.9134871022767772
0.8551241480572979
1.3735110832343134
0.29398520652036264
0.7882934613201351
0.36479430792418627
1.390994956778741
0.33734615592522743
1.2608991991345502
1.5846618875860594
1.1652774259019938
0.667510425646508
1.097870722090524
0.02182387678345043
1.0543448633272459
1.2332048567573661
1.5360225672578258
0.07944357120433272
1.9385770027161733
0.187185062818557
1.3878562616421
0.917486081400536
0.3478211140734592
1.0664687840213822
2.621072781502995
0.33507122344208956
0.31809131691138687
2.1996252644161354
0.17139342025272142
0.7869220472621635
0.46663143219670966
2.442112949217204
0.9335469163867397
0.3985622677952262
1.1465076001457186
0.6316464358226765
2.3264937404837913
0.3210907665879896
0.1506230130769047
0.3115922346491587
1.9377298525982987
1.632907710354364
0.03449882399850473
1.5262873348819221
0.8313758604952054
0.9829375416025703
1.1450766675368018
1.1766544013867688
0.7108934743287623
1.4047172012826483
0.2009839729766863
1.682215457736101
0.5381124889326302
1.0225354351889713
0.7048611593853052
2.333730537476007
0.07209416506113422
0.20525300954872328
0.1223346812194355
2.4204262791818114
0.697834555539526
1.1088595264782153
1.6156913518982683
0.27435102425562186
0.4542228805023848
0.6786972473158581
2.8542950961225877
0.1496486677967498
0.9933502419628788
0.9810673958821273
0.3567254222967065
1.2511823172887666
1.105999911052204
2.024180560410192
0.15705651514885602
0.0750382552556496
1.3651116696606624
0.7160374093811508
1.3617366761556637
0.13508773828132511
2.2033230292086166
1.284606640257238
0.3637407994203332
0.19504116610495845
3.4932394475357773
0.09060785434938323
0.37104439170862474
2.676609059644118
0.2625008104304519
1.231300318983136
0.42859857872101076
0.057449396849742915
2.436943509735195
0.3424805756534913
1.4754840737266188
0.8778987780088726
0.03502492699064458
3.145476154334903
0.29561595352239345
0.413477213989675
1.2038539553870222
1.901855821682485
0.40118339188397106
0.841337581458548
0.0019880826401144553
3.2700524606113244
0.6551739639607718
0.0017428788502783807
0.15174467328848879
0.8496714462572332
2.2785519660946187
1.5544440334174434
0.16599677361546114
0.4232942013354305
0.2774295466015605
1.7036074333423947
2.4393360424994714
0.16977607708136858
0.5665433906724026
1.1792061118104575
0.019583422685624532
2.8308090007619455
0.4930811294253086
0.22059834705862935
2.6291317209720093
0.39508621505892716
0.6942178720951703
1.1138786159016882
1.3905446648563256
1.017941145380826
0.9479336067241454
0.6886522054714276
0.5616374894807136
2.3853520053395805
1.1016250120838291
0.004814490886460256
0.8877845257654737
2.284994302826444
0.6007284822396614
0.6605712107198971
0.9084913971884178
2.003039949339832
0.7246649937018543
0.19599909740684046
2.1510990650134745
1.1631583094412925
0.5996715853841544
0.24247597102538404
1.4981454970143415
1.6499978243759854
0.6682388228473682
1.3157310955927037
0.46773944888618285
1.0714872025065636
0.8796134723677302
0.37508125289015554
1.107786389587118
0.5698546890334867
1.7977826106186308
1.903123176444404
0.010184961040462825
0.47454334705725465
0.3080410361856691
2.751048740479688
0.517927742249914
0.6347975678251174
0.8276070458115615
2.2333044430140543
0.45608811180144987
0.7020796396210639
0.024096275973172793
2.798341157640876
0.3377027445703126
0.4387772723087832
0.19802598284523865
1.4481274642275985
1.0053446171197413
1.699059007726472
0.3639966523027027
0.998923681611749
2.0580127347265
0.29682989196305404
0.743110109469323
0.22364443998199296
2.0735294310558783
1.0787889143624338
0.46859599749665154
1.339716030422207
2.1650628769821236
0.12985158760364526
0.14715267627185946
2.6054374110786838
0.700753286782633
0.20754164797429628
2.6789508367219783
0.9267886362961735
0.2741270621431248
1.6925309516667133
1.5761156433435721
0.20908659544015518
0.8089532855752682
1.656135839228041
0.4491371434772713
0.3920412541719976
1.2160804954945916
2.751904964770392
0.38293974885465093
0.02700209771710707
3.354308172338274
0.19111740748988357
0.3543879383634111
1.8878336810060747
0.7196208124095514
1.6021893498871196
0.16341946550263306
1.1908293151663367
2.076769744368344
0.47917962084475674
0.14571182193823742
0.5078206494470003
0.5937954871206438
3.5281543721075286
0.027319581976624176
0.3768425111921244
1.6066347345896093
1.1477257520200317
0.9131016779436435
0.29429340150307376
2.1061939855862186
0.9522285416274527
0.5051877213944007
0.8779154972297089
0.7246027215367236
1.2571975742517871
2.358485835042469
0.024282154519871688
0.2775827616542276
1.12386659769277
2.924533661842058
0.5336011896718913
0.13888878581761585
0.3187310982838311
1.7359300015467718
0.9966770973277832
1.6429371217689193
0.585518345264876
0.038572117763236186
1.0988797867320654
0.9207179823457057
2.1300531782442307
0.7222230668294842
0.3582682764704901
1.5029241475073976
1.0796045310737135
0.36130663240219557
1.4415252646739236
2.174873788562733
0.04610964826081312
0.8183012232572112
0.7811126065465168
1.4243879065713807
1.6369206753645025
0.4163038266525429
0.3272662760444859
0.9023431801561946
2.896902827882201
0.6156289255363361
0.2957130095602391
0.20847566022498581
0.6867915350192122
2.587516082617894
0.47797621799907974
0.5256448434380463
0.967576172526374
1.157007044296506
1.409237420507975
1.645060943882398
0.05659146341346533
0.7160299194082372
0.2882410404000061
0.7304736938113432
1.9186415018362781
1.9971886135354049
0.1645058548797348
0.1439116337101429
1.6549452815066332
0.32531375007059793
1.3080111953208544
1.9363188659285824
0.1261483148984932
0.7084445895508404
3.253951918961255
0.1646044489147714
0.5906835438362611
2.243878633331689
0.1709549919477853
0.5078557034921901
0.8737627640375237
1.5705003327559401
1.8417221283275276
0.2603196527128459
0.5481823199337426
1.958173890979362
0.5462701123095586
1.4840245432834729
0.4998320798729973
0.14499890772636628
1.9908034452692156
2.374454317973423
0.12492469302238945
0.24911611508149198
2.85275430389342
0.9165504734601385
0.09412935107071267
1.292934891483338
1.5752024189718559
0.2707826858032776
1.7595564138343398
1.8586708111562877
0.12213114219538132
0.6254304299585428
1.522805214959837
0.4780402988933155
0.4247609784886133
1.7196068715485202
2.1357292046835767
0.23776797120411172
0.397376179905294
3.0625086900393956
0.7264200099543615
0.09191759955903918
0.06361570377877583
4.025541581785935
0.05001331092691733
0.5836959818562745
1.3236147574090467
1.051541776696093
1.3524197365249322
0.03282854453884793
0.9805481220110249
0.016982878814761713
1.8615912242946746
1.3714388431319593
1.1564858204466277
0.3841522502428265
0.7731118050234084
1.4641337212483143
0.2737226115180714
1.3244757086139394
2.5322160805198886
0.30423824604902644
0.23438500298454226
0.23166573283967762
2.4615721427963044
1.735948013728592
0.1544970699194869
0.25342432775914253
2.656095091734713
0.4269594865697767
1.117923844708227
0.5946546669993872
1.5896796385335221
0.7543640352710854
0.062305915612182426
2.881441471035486
0.5366987313118662
0.41008524648746186
1.0652540750974755
2.104467834093075
0.51255620366936
0.9993570238014483
0.42606723030986154
0.5688383250682889
1.4071696421719893
1.9671483452296923
0.4728751291883777
0.37695571314863585
1.4866526379226457
2.0041561947496715
0.33481290018381477
0.46093061991954054
2.0658045462287853
1.4291846145308775
0.2546012132016487
1.231679648195363
1.3906790117433039
0.2545834215516375
0.962753852685845
2.493387972645805
0.33678023454856376
0.5422576071993098
0.6065890366196892
3.0058567324098284
0.20970061959397354
0.23093788407127552
1.1549844332401171
2.6158759260839832
0.6616208506603187
0.12621073036413807
1.3111004422049464
0.7000374125243053
1.5534175349409656
0.4713277487113249
1.5056219556670583
0.822811402314802
1.192067838669827
0.3222662243377816
0.9064799841839697
0.30411751982907714
1.5837308175639224
1.2948944944596101
1.0224099043676673
1.1206939806398533
0.26633167541050035
1.1675854447310139
1.354253328656008
0.5537430935183677
1.3699713421938151
1.4866455100562745
0.8343138657514384
0.23040179509540157
1.7041074379988586
0.6818030395260238
0.36911336063764866
1.9201860096598933
0.2933591020682056
2.0510763308490754
0.19951655693945006
0.5496707051028642
1.221856143903055
1.2179198589442193
2.0463207658424003
0.007385688736700785
0.3371740044037661
2.0214463062903434
0.47953446984979475
1.5124611929996559
0.8494388310661155
0.9251614390430953
0.1992723540349977
1.7923929516192525
0.8408232891318518
1.0343180048863942
1.08381739386495
0.18337638064109085
2.7380505420590873
0.09253750047274314
0.5069954623491931
2.1558424656960073
0.614611349292932
1.3591515836267667
0.06418907148504877
1.3757390676132757
1.7258039731851127
0.1952481426935257
1.2458721675162663
1.2889064438094742
0.5200542895248159
1.5789858323742647
0.7243295122987548
0.8425855123061998
0.9687683029100361
1.6187485198762506
1.3578429531843286
0.022241584871303392
0.7446123330041129
2.207582572888694
0.8278704161637874
0.40397451132818046
1.9776326464397085
0.8281280986287981
0.41460335744162896
1.8286798437077236
0.9649219803562605
0.03202155694483877
2.6752583237068754
0.7567867291982587
0.5019868129336725
1.4737581610723058
0.48218852639712845
0.34368970324666487
2.7113694191624846
0.02300781805422189
1.4039352682954933
1.6259141880837196
0.315433477761286
0.029904716177942367
0.8855409081115622
1.5741794987920226
2.0472553954750294
0.3197085930263339
0.5062988364461964
0.3874706079200727
1.3035015085754205
2.024552526608914
0.858310896165998
0.5420042095055102
0.8632434697133525
0.5627215164247824
1.222700021246657
0.5384416298186899
0.48922431833777114
2.3576802910021786
1.2886633475628135
0.5565620977284651
0.1836121348139972
0.2542784880742588
2.4531901055091376
0.9392082112417611
1.1569908159750337
0.47278089146814334
0.28998807837845336
1.294979258899543
0.9166374273796107
1.0582533479449083
2.348823655190165
0.24776845569429742
0.08177593489174509
0.2176238729845904
1.4265748998741066
2.564391293937974
0.11358227597460709
1.0888288809785653
0.39296744021401414
0.7354502986393332
1.459433191582023
1.5988473873797497
0.04128339605435081
2.1010503425863654
0.640817344339516
0.23727848821751205
0.4715977622008895
1.7677263898783988
1.6087414319982827
1.097356480259277
0.25315976187206984
0.08123047792524409
1.5046060791000044
0.7339315685920439
2.3825968553137247
0.06279344717226126
0.5137752740821832
1.0969935614230988
1.099001121652328
0.11797560357640037
2.293220008873971
0.6865535449805538
0.8000394175933764
0.7686197372271486
1.606295598378383
0.021983006131495595
2.3327805229130543
0.5053669435774327
0.47037157175844146
0.48343221396184666
1.208825393652322
0.7180086941967303
1.2384743175812527
1.6760811394151116
0.5665275192622756
0.5692837840066157
1.185176670611909
1.5247172549637145
0.6863797431788741
1.3449421936008465
0.9360281513157296
0.08752148438009866
2.1489045513282914
0.019712746059294246
1.6240390825432787
0.3949393896197963
1.1402842402554387
0.621148924519219
0.9752783403101959
1.2501386111733295
1.5887480767190467
0.2227137431186163
1.1896278243246334
0.07912254759682019
2.450368182972424
0.40598165779912954
0.6939813939041136
0.316909898526824
1.5650751618180327
0.4347696611914624
1.4445390031220187
0.5099760287957078
1.712546390381243
1.0052784589359798
0.5311698329439849
0.3049247871921345
3.0582865944387514
0.2931408668954075
0.37479420536585834
1.679319937964398
0.2623299403773733
2.0004651189049985
0.8312409119618501
0.15359308930603205
1.8585136299728557
1.218181411478698
0.5179709824740147
1.8705589783568426
0.14490489389275762
1.4145752910299147
1.2035016546204627
0.025515664414752094
1.4106234324248963
1.7138485637881093
0.7933443550245329
0.3541065939095747
1.2470785912616829
1.2723176916591827
1.0284484312197524
1.1639354172714071
0.3395850405917555
1.853727353362577
0.2938506660890423
1.209764878461243
0.3815333160027618
2.126239606967803
0.21560708332687165
0.37910880694375176
1.369537663644853
1.878189096247644
0.6883609347750816
0.38637207245822797
2.4264080440234013
0.20601595540187395
0.9123489527399907
0.8496095090085771
1.132772515989741
1.4891061143170015
0.5546524822317693
0.3502636760806242
3.0122333959721663
0.25604953571333655
0.32717983533321277
3.306457486459184
0.07241973562759063
0.48246619976238303
1.8031346571915894
1.742516761522384
0.2390303204482732
0.5640742843945049
1.088787314820954
1.5978538711510988
0.18478568655940908
2.4508364379284795
0.4826462585967184
0.03692624113565068
2.117682320223679
1.7802555493598284
0.5366024992816996
0.2314432258208093
0.49488024899783767
2.418794258653546
0.9766851969650373
0.010705337672300409
2.2283845835530314
0.40799746058774683
1.300478503142973
1.869331400727016
0.13423073044245615
0.16389039936562896
1.8448485405870696
2.434297487441253
0.08130200744267368
0.28361330752267777
2.3748661821050177
0.48589466381421553
1.302666883222076
1.3366973392331418
0.3959797966874409
1.099235355103072
1.3361661651504788
0.9090822605719876
0.7324255523420543
0.316315344144787
1.787865951190416
0.6897247349004165
1.2927445786916463
1.1565862809248995
0.5343862584937472
1.5355060593043783
0.9210584845566858
0.32380927672029874
1.6099420177103732
0.8698939782357171
0.8491100555768359
1.2833057894182327
1.1571507049487206
0.6004217115999737
1.7530601781784494
0.7255176500933076
0.203166687024749
1.542022289815319
1.429207195863908
0.004438182229422667
2.023227117764895
1.2257890009171484
0.4479468479654151
1.6889168150079508
0.37531402359216626
0.9231736719162575
1.4955031282221647
0.6029817931272038
0.6492872289233633
1.1409309244453396
1.6272988973913673
1.3196389368833596
0.22948593451990046
1.1112225113134155
1.0935716470386816
1.015578514114074
0.24462429851728346
1.2885817072967038
0.6192766621061946
1.4103836350128023
1.2770092421834933
1.0954488835478307
0.9550028681232112
0.16037417837170226
1.289287694782575
1.4565020327192857
0.04167159485572865
1.526863251817777
1.4184423500175138
1.0850443941010568
0.8647810563581384
0.584651102766476
1.268781466719151
0.7775961349337981
0.5461896711039618
1.1657445567844438
1.3860027055281128
1.141457686401812
0.9380671630426369
0.7440355397847516
0.951082885391248
1.0672263622879636
0.611307535014554
1.3573898024213331
1.2733231671826708
1.077393800257672
0.7912702424154141
0.5409703018606363
0.843576050080616
0.9315680757963538
1.4072930166162798
1.1351616861558305
1.0182761594079468
0.9094399828603325
0.7286689679898475
0.6470615007675599
0.7684559162714455
2.0007874350919446
0.9707526340844903
0.8434867808925239
0.7165216059957139
0.5781216148259605
0.6055561438650794
0.7037346987272195
2.476529664860772
0.7844912288268799
0.5905076347714021
0.7139147408398135
0.5020015317675066
0.6228240450059584
2.921802563413735
0.6461307603327668
0.3506699232017825
0.6091415207886863
0.48154850993110726
0.5872363327311942
3.168303950062616
0.4572195962481669
0.3391249750157355
0.415737873555131
0.5494173726617475
3.5038602902012532
0.25447435749970837
0.24450624583210892
0.4038677795955027
0.513049360779338
3.4865374358569
0.25410002661681086
0.22287795283155912
0.4893171851614808
3.6302704188390007
0.17276404176042823
0.20389695828718768
0.44629845045558963
3.5637435105549877
0.1738188663612229
0.24964202981980876
3.6140007636549267
0.1704587083455175
0.22807341851546006
2.202934149284699
0.2141345685302825
