1.0159077877240725
0.9645364418675505
0.5578347593288038
1.30701709216105
1.421385998235986
0.6486066854251461
0.6936950008629167
0.9680995242104645
1.6642408904299473
0.6755591009658842
0.9464331626716588
1.048339916367059
0.8019119540017021
1.2433899486930595
0.7378576514108877
1.2012679691449821
0.9666510771607186
0.922596029334346
1.6010110830894406
0.7554522987248208
0.024087702134574247
1.7419571626720871
1.0056936954951623
1.041937692053577
1.4827939236481456
0.6432581197165369
0.2556574997487174
2.3236670219502717
0.6600098675692088
0.3949827049184968
1.6893228688735187
1.538367194502751
0.507360233129979
0.5438219604928108
2.2470450955953103
0.7510642506509128
0.2176711406479274
2.188940262325757
0.558465567670918
1.016540661189759
0.5279900116175301
0.9220794549218672
2.130648653269939
0.7852220222081221
0.0568164651474831
2.3940912088005155
0.7591368985741704
0.7295834485773321
0.5041588402807675
1.611374912353216
0.312131936575411
1.7353474642964914
0.7855020811972021
0.3544135134600761
2.329916605713734
0.9450670284024257
0.4727348370568178
0.2140574782941919
2.1743927047897103
0.43481838455213595
1.342301835670908
1.0115420640668102
0.791923045256782
0.092219563832537
2.5558279299377418
1.4115223403190789
0.15624605375613854
0.06183544594045776
2.768459908900774
0.5648279726981734
1.0076476832628218
0.6935540764975676
1.223556144470184
0.18025116843232922
2.23763589340875
1.174682719137489
0.44623666902057413
0.0434170376455858
0.11606853814928308
3.0241149872830655
0.7283507783564567
0.7417197296799367
0.38575226051955985
1.7129300782466483
0.2915949242158895
1.9476578303309198
0.4951822906027418
0.8356904424472958
0.5950274470102388
0.042788817624918596
3.293413817656577
0.7466070935359538
0.2644700326088355
0.8397048372014373
0.10388084190060733
2.331417294044908
0.41733269655484384
1.528292211553976
0.1746385876120153
1.0514749816166096
1.0974353420464522
0.01734178135418765
2.8074142404793783
1.0897054656604181
0.26389586591237046
0.16719235317322903
0.26323678923962657
3.8626558691496347
0.21328195915674944
0.3289294303243795
1.6481179778030703
0.8891055681751735
0.7087180921760253
1.4163504218470044
0.07440107792193092
2.4412325913082875
0.9560013460821025
0.44188574574619394
0.15519787354462394
0.08018111208135639
3.97970146742755
0.39465007346923814
0.2999560352834248
0.07409134870716147
1.691022548865703
0.3630795769918939
2.5014565925249195
0.2010132947548629
0.15242220283398353
3.2033902489430734
0.2757167742437893
1.0113518520625793
0.35467007290437536
0.21243913500636713
3.6050471009761433
0.24327610754150586
0.4440544501891684
0.9225557989628429
1.1049008481595155
0.019568840345873962
3.259733903267216
0.1701879778750199
0.21477391726899497
2.7592707457471883
0.4823026261382639
1.0139725501444028
1.2314453151393219
0.3813481862134463
0.21704314951577552
2.433787435927051
1.2875903013950019
0.6504289516470743
0.7324969469123317
0.3234851384444078
0.3970395215135064
3.6795675125490273
0.14315230143998156
0.2781084874976821
1.743128536797992
1.2852415875078405
0.6617586472453527
1.6706958811819126
0.5631693441233233
0.1856401634784282
1.1936878765388326
2.630747128446123
0.7469241290143781
0.2247069022840183
0.0013616394652541945
0.5254044251513645
0.27192823714015063
4.060295435314372
0.11704014089396163
0.024980573402163427
0.8381051469279901
0.2524538096978532
2.12346089573312
0.29038816795637756
1.9841517378406657
0.8677585778048962
0.017179890838253005
0.2041031536519303
3.9223476126764103
0.1444141679588108
0.653147248227193
0.7474498496440048
0.3074993993177208
0.2500546010936649
3.9441153134157276
0.38202339009201963
0.10676655499422097
0.03597042738930842
1.1422942278276016
3.5794770044798105
0.0777689369150582
0.044792844915802994
2.508722100144827
1.3225559468996355
0.49178870072910136
0.19917582435280815
2.744616480275441
0.680495398882322
0.9394657810010825
0.32581968078499624
0.41045058183785416
0.9053672685369953
0.08646055274351992
2.6370528065821817
1.7566447462869514
0.051669392624539984
0.11966931393756511
1.4923337863439348
1.8544481199900722
0.5511578503769843
0.4613080069193883
2.7712261913784304
0.3854049642229468
0.7568116908954806
0.3700094400656062
0.2547258437603153
2.0544639846362385
1.6583186847354687
0.7384689129630465
0.3546283235145126
0.6061324330565102
0.9776167502796191
1.2853579683045995
1.1399630850433258
1.901512497023553
0.02904907133820697
0.2784499060887264
3.352504854987849
0.3480805493493146
0.08110068882346293
0.9615054296683971
3.1103805643572544
0.4621299844888468
0.42608303576183354
0.648100546581466
1.7881129103164737
0.1153363613808593
0.6613959567134562
2.792777905600436
0.39585188265522164
0.87665498004738
1.1529900085117766
1.0076558836734328
0.3967571202013549
0.07166638490038668
4.030271428200197
0.34497808624429216
0.1172606265526004
0.9798196569196456
0.7140364707189216
0.7459822194984436
0.5114771425830128
0.6457693372501543
3.0797702627937684
0.4201879032608103
0.5002481483068096
0.23786385508575575
0.3723363745974151
3.3461724093851974
0.694414171997747
0.1323543889994416
2.3172175499126295
0.4683347810309147
0.35893929424843024
1.4281912930660334
0.39914310899697
0.769671758970225
1.8899479636577594
1.8352374295922917
0.19685577994890435
0.29626554028117674
0.8397287236636979
3.0228341453279133
0.035420020708010855
0.27743362366637764
1.7073335264081408
1.018241766255269
1.826950671846937
0.16024015873883887
0.589045404266648
1.1740939173539449
0.4038046585116063
2.7168934164237624
0.5126708020887468
0.20693179032725398
1.7822214944527643
0.3197554879059292
1.4754675497824647
0.23351650445929514
2.001646569380694
0.26725448025026394
0.312773097089313
2.878515388123128
1.0190838429375877
0.3437687767365391
0.854653256318949
2.177016191292804
0.04570554073728637
0.398425895889245
3.002671104633248
0.9374032540102764
0.3864815984277111
0.5920518729324975
2.3867024350900565
0.2137434468690251
0.8337170173062025
1.5976819328880203
0.4322941473268093
0.7877503728041826
1.7138795702871843
1.3430472948090324
0.45966019449696455
1.6778473270541743
0.18731191725753749
0.08885740264866043
1.9150725739675756
1.5644129297281173
0.8954040669109636
0.9710113327366503
0.6951503834462751
0.2170727435856745
1.8391577369559835
1.1794289062361156
0.16736836859692372
0.912985154988009
1.0199779656829664
2.1167042275777175
0.29701619113443073
1.2820908706299803
0.2825026290600587
0.8989194143662206
1.6153616702624627
0.41689521029729704
0.7499582206285723
2.132130865119716
0.7391798105915337
0.3766755003415834
1.45594150640666
1.5407748459491573
0.41068434134132337
1.189436798061098
1.8087140647158622
0.2187592849776528
0.7520736118641764
2.0446210351147207
0.8091525992664131
1.382674525187113
0.19847218935910543
0.06568289729886177
0.5014742060121664
1.55039175669162
0.8201924245130914
0.8100965717915493
2.774501323447693
0.05873090166706166
0.21951036590580353
3.535959239373157
0.31915655542671956
0.7243303430470514
0.18588770898242366
0.17186964130800444
0.4008476729218612
2.4328917495923488
0.7182829668605776
1.236044303473773
0.8645475779997891
0.06570205554314161
2.9839510108235188
0.08601126894687262
0.22474177965664444
1.785703159106803
0.3392622019625089
1.7431487572468178
1.1704358122696235
1.043315301054921
0.29784710831525046
0.419770702106865
0.4321176539293012
2.7493288760511247
0.26931329128570597
0.842924209383681
2.7051264394611887
0.037869378627684684
0.5150773842594254
0.07359607543717499
1.6594753997824216
2.3102799513610464
0.5652390947552919
0.026178257920306237
1.6850215500872352
0.40913577422872793
1.6461524728021237
0.4123077539487307
1.3758903042014001
1.263810564881268
0.4399741960927004
1.164706038569419
1.8877752408993342
0.37286968744407983
0.6942435239681677
1.724560602574211
1.0779846813620968
0.8641261107616585
0.15619402003711666
1.5906967408676045
0.5004120168384899
1.1427297183389604
0.7360124276122909
1.7856899155220602
0.4990286266560638
1.1671341166331533
1.3422359740304874
0.3455538670451402
0.18372332400433639
2.776495665015757
0.8969014076279793
0.4574841845206329
1.8886706203741388
0.6434434199534824
0.31236472632325085
2.208428628493204
0.3704906137746523
0.6137279081820074
1.5168773322524223
1.3362267577243327
0.9652157691614077
0.3590569828022906
0.5361111551751053
2.569889467801717
0.9650387079890415
0.5727184069506455
0.40746425814726095
1.2713897150733742
1.0031987126248991
1.7200685674722058
0.43837231422673495
0.2539625522918172
0.8707584011884393
1.2614903353803424
1.5465808403954966
1.263865284134738
0.37491270614215183
1.2581096356041914
0.08469389165954379
0.5681330364959567
1.8111357603699985
1.0798227929685404
0.819415039792304
1.8146383601828133
0.5093918707538968
0.3657145494379657
1.7380996198653056
1.3798715453469061
0.10938916251048851
1.265149844067339
1.0873850471841127
0.6144593807921104
0.697537083117713
2.8066200042876033
0.3205838118461422
0.36303167571535416
1.9554285077127511
0.8934565587573241
0.8443558484567885
1.1498675266263096
0.39815418979652256
1.8994687390945393
0.10391478040578862
0.6687266486834719
2.34944604389608
0.9394859537253135
0.641650467466886
1.7087150448768358
0.2988195039108297
0.1614701683557311
3.280891054462664
0.39470849658719354
0.1779971963599036
2.313617893948286
1.5674776833315165
0.026114705512832764
1.4481714586237548
0.8165333995884061
1.306128986059579
0.7735312096897712
1.4857445321657758
0.17669375701534715
0.19533192501116703
2.397357439794788
1.1903627795084544
0.5425578127220382
1.4566644437028797
0.5614730967349848
1.1949140176525568
0.31496308468263107
0.5590356881354889
2.2842246802974486
1.3776464479097377
0.5481268366078857
0.2825505613399274
0.207075434834126
2.504525941253794
1.8022085833879147
0.07878547325913403
0.4994118684075583
1.9765105503510987
0.8582846678051436
1.1308207796976426
0.721091899500653
0.5149432723201799
2.1724747800404858
0.5894821979839511
0.8547271322147446
0.17731814788906186
2.0069196440717163
0.45959968393888373
0.8069813387804884
1.5927979706331747
1.5880056121110817
0.7043470660290776
0.07081702049447441
1.110527504098207
0.4411453652489964
0.4427553438421585
2.264327553165444
0.6460280603180915
0.09886724945276884
2.245527205594311
0.4077983361041017
1.2748382101230988
0.7083373193129305
1.1460139285569206
0.9173525882002337
1.4724641245404464
0.5572358234894138
1.1871601752494367
1.2247002809307495
0.4979802906575055
1.2654620685649842
0.5068350809292398
0.17941055561672664
1.9456324414766886
1.535404541634476
0.8930523050394656
0.13468701392954538
1.061470626335405
1.9111556213784737
0.5678314230648136
0.4958327781307651
1.7592061625248978
1.1119612083821484
0.8403611741990437
1.228046191430685
0.8633579221566295
1.0956164676248485
0.2822569190045326
1.2190271325879243
1.1921599092499766
0.7784013554214503
1.6759669781826216
0.599820985834977
0.09534447076957882
2.1440254835709984
0.9294283705798156
0.7904330099546795
1.7011282744871563
0.7406729636565013
0.34412268700030263
1.0509158580371605
0.5621798762520357
2.4809364796952456
0.7135903383889963
0.44391093862785236
0.07001330975510409
1.605621698531633
1.4744174321130032
0.9221953000726444
0.7341452791906712
0.8445105178745453
0.6711397012596015
0.7968496516462915
0.5451647115108659
2.445659228663085
1.3711443054029342
0.03931271393573085
0.30293780054672276
1.906866566627188
0.4358079018636882
1.69586387840508
1.4450414899695558
0.14204986780639453
0.6114061272005137
2.05932050533168
1.5228568639482551
0.28580597239356964
0.9947906986711625
0.799215217688283
1.1651893849618646
0.8204370408861992
1.0131708755032391
0.4870952837800202
1.8909920915990872
0.2662230328904632
1.3313518372650086
1.4695198713319046
0.902281676480241
0.48740140134508475
0.3830160637361336
2.5094738297864905
1.076804954349071
0.28291808525913054
0.8256381950938594
1.0067287929172775
1.9559850296512455
0.7124922472617145
0.8278584079284459
0.3550738628824297
0.15692767537085275
1.545001685328657
1.6975132144745746
0.6315245848149835
0.6406077213930385
1.3227104279573347
1.362097765847182
0.6019939388113702
1.5455554423899633
0.7882375381810409
0.24591160635703282
1.5879236296793693
0.7701057245032837
1.5167082161475567
0.9437940271499479
0.23162172788305854
2.1299525209570174
0.9942075880908607
0.7935857591880057
0.2235216387492958
0.4184635028351174
3.425631588263452
0.13945495945068995
0.6789907290656676
1.2244526272141893
0.3566722234286383
0.3561645573204615
2.1413700078101803
1.5498281037503867
0.43623382595710675
1.0352894521936293
0.2766914650890043
1.5625234181380874
0.6804376944886495
0.7066452801590193
1.6307149570017365
1.200313170663349
1.2640025073533996
0.17108309289971532
0.2955990808921845
1.491153356563834
2.376553136777296
0.1473088831608056
0.624144351537457
1.0033711058965857
1.8080834131442298
0.5488817449969077
0.7083197927193794
1.038912518308529
0.68114837609166
2.1107177585058423
0.8285685436146065
0.3146181715524641
1.9483576120266646
0.6037692728587487
0.786876056194835
1.197170805212396
0.3363070659520134
2.1755900521248344
0.6323872779699046
0.47772221750656785
0.7246254220984637
3.1114395765202003
0.11250764260744187
0.21238625203127984
3.3447191751881578
0.06685839254839215
0.9680792684744632
0.2979605508410067
0.251150098143356
3.174147877131441
0.4724378943872731
0.568867864982304
0.23024326053012714
3.0950050323253855
0.5966743150202758
0.01217249379535194
1.6597774301361876
1.5440964541070024
1.0500585981188033
0.6145283461655711
0.6236556537155463
0.9811645692893748
2.19698836288783
0.08260442138949689
0.7562819408962111
1.2946140677346771
1.4081623207378682
1.0038686186523662
0.4689513818575218
1.3257034079970447
0.6013853074062945
0.8089277976950976
2.172841688480994
0.6564250529177797
0.9136406521513274
0.4947152057568809
0.7453522732414575
2.3097057762713193
0.15184744111978798
1.1215737050856416
2.00331873869979
0.024601842691518126
1.1066724541720734
0.97556478830361
1.4294120234028362
0.035545863726931665
1.1103257548111733
0.7195262375445539
1.2145009991708455
2.50070338207351
0.2838965332928042
0.05620340818459904
0.24179551848030723
0.9067155210006369
2.2100314288776843
1.1280127708339847
0.5338005260743603
0.8866625190186939
1.2087889988592326
0.05735265859085676
2.314172017939221
1.0540319439005181
0.2753471718022864
0.5872476623758164
2.0096930646802615
1.12223961125267
0.27259525205519214
1.712385455133878
1.6720949643467569
0.5116474678976853
0.281314558869395
1.2518396708730437
1.1004717980202996
1.8400177113145237
0.101841552513017
0.8696304389685109
1.6850716346424164
0.5492706627477167
0.7701474634442084
1.5563135316139296
0.8938633786230717
1.2715164243722767
1.0833970888069342
0.52924286286248
1.4494569523454062
0.20232697964837393
0.1740893770716064
2.740007259867381
0.9106650785501273
0.49709744403013845
1.0239357006895664
1.3079558369726265
1.3637813198138833
0.8343934745585472
0.6375321338229982
0.8041178913192322
0.7256040334255247
1.2519248487527184
2.151031985528652
0.37066446990073465
0.12645760357959818
1.9501407842693734
1.12111763103599
1.005322492619428
0.7098564037203734
0.47219416391579533
1.8031525635324823
0.6797946222889941
1.6281839315661228
0.6041420974479395
0.3436935635146539
0.7583895456601016
1.075407326290117
1.603318924449241
1.2976435906383188
0.276512252255845
1.2670762390403545
0.8316833138992622
1.2219618364982052
1.514855779507894
0.1272126971233407
0.922051236022083
1.3979615875088383
1.5723503048199012
0.6107959501820457
0.3905642070600333
1.8163605370227034
0.7632231311539983
0.7806781039151421
1.2766229730667928
0.24198805198283754
1.9725892932330078
1.0187948323712948
1.0113247722226464
0.31351360248122073
0.25917262558868875
2.6390927294884654
0.280581380849409
1.4153462057246182
0.7984704807284243
0.017643684165551295
2.9444926862303533
0.31812160884569557
0.6662430603172844
0.8473492444696417
2.1255736349216843
0.4643167768082494
0.047606160432187135
1.1282822086651012
1.6420116267676712
1.4674405384828337
0.6569857325468725
0.1844729842517912
2.051937986725884
1.3670153812502204
0.5297592249843155
1.0797929224099707
0.36989811797518857
1.1432437549538879
2.0555146541768106
0.3529730165003365
0.60627954267356
2.0737976797898248
0.49391186852991503
1.1290092252408541
0.8357666916907344
0.4380810279549653
1.4106445094884714
1.1603899333936583
0.7033939052400204
1.8474211172921577
0.7476608305266236
0.6611591781766439
0.7350020483940225
0.45857134331799854
1.5383509181773827
1.1400311841696866
1.2655361894587431
0.38845869118175574
1.7403837867891208
0.008369264839648316
1.1113723192159455
1.7845853082673704
0.10689151416221826
0.8513955368294213
2.1827690911726134
0.09509997044990877
1.5832049530215915
0.9238977761609337
1.0462423567821126
1.0388312034190026
0.49713626258312515
0.8921825757440237
0.9351019946252593
1.975458386870991
0.9165375653153384
0.059160561313621504
2.0523014513743134
0.23199160523110723
0.5672357787945481
0.9130406697788528
1.188230683191678
2.3566131072081435
0.3152549060098477
0.2832258325527849
1.1896306486865011
1.771810351875308
0.6402551789620554
0.25152631358505095
0.9725579613249834
2.568615736126147
0.7472186258285058
0.4763015936123616
0.42252093628703297
1.3498295859684495
1.461459231720836
0.04209847182039332
1.9112559879183415
0.7184987369438026
0.7843775398106503
1.673713144134208
1.3200688080716847
0.48713995416496125
0.09227374943207804
1.6638711405264868
1.3491097978256041
0.13007454864190968
1.413241875161288
0.9382700998060054
1.6900612817468776
0.6413565981456839
0.5670021221943857
1.8298190579055948
0.4625082044120411
1.1140859835391932
0.7310937686166417
0.7840507480113482
0.837289956798372
1.7276109756781863
0.523651012146685
0.8621601937525141
1.265987342795146
1.2324763502137945
1.3247333789639513
0.5085670135575195
0.96599331128211
0.29179166292007236
1.1306049700206997
0.5526888661330791
2.1416753085005737
1.2550568696077287
0.07269668284280931
0.2823120539529887
0.6683091442580092
1.8734876753927054
1.1286775073197768
1.0483540249828498
0.4625230143565997
1.0421674766546605
1.3539111443452463
1.1545702588843318
0.7872190955124733
0.8561863433346978
1.186107568737905
0.5509512220430438
1.973397725940799
0.6206406552160327
0.27021116073253476
0.7018500744163886
3.4524752614699805
0.009262488450546513
0.3912380217674921
0.7734369453358605
0.35172771549621423
2.1988266853536764
0.279297470409214
1.4516429466589331
1.2771816990112843
1.0133087122907218
0.16167276011694914
0.39899359464104056
1.1849971706592366
2.04797835049021
0.9935902733176379
0.41448570932222467
0.7042905398181147
0.20468453208108203
2.6180118805957093
1.3905155791569515
0.07154994959746554
0.5999856251092056
2.177416774134468
1.2365520656394324
0.42097632992059264
0.5261391377940772
2.5823492933286025
0.31774305420670423
0.4376137128824734
1.95846620329473
1.1934482315078538
1.2142967084106797
0.20964327577449343
0.08879300629588656
3.547313534805456
0.2200407316109986
0.7300133851626159
0.5034180115500244
0.4194874568376271
2.3179508900724985
0.8599515870198582
1.2325241044085318
0.24508292077188287
0.01385643283821411
2.2754321615093676
0.08701453819685437
1.3540180706820784
1.6909249925125003
0.9361972724607897
0.2742362762085106
0.4823352356162239
1.5254934346084386
1.4388728323888627
1.1081399944070618
0.9956857109497255
0.471883145596486
0.5387352414547115
2.038009429797077
0.07095675453813767
1.2093583029978132
0.7727497142134865
1.1802432803393674
1.3252977351302964
0.765761718928371
0.8345069121154401
1.3601174541520138
1.3516028823980213
0.5424364234379354
0.5121412059848162
2.498929362422187
0.3515634852812485
0.3166289231773141
2.591752305845272
1.0521851202334103
0.32269171296474514
0.6796184364776692
1.6052240032797023
0.9657465353602014
0.8908053279634665
1.003747038100889
0.8505871527557647
0.9195989387148582
2.1470035577171416
0.3516439000350397
0.32664449932331663
2.8947920195245262
0.6885330453713032
0.4088659970456401
0.6169611578241962
0.4911646101501381
1.711185451017589
1.5148607673904255
0.33802495794558146
1.7078216733626352
0.40637915729986707
0.6452372282323136
2.2359400125106146
0.43497737468688263
0.3677556445948032
2.7110766863406517
0.6315266913227888
0.4892298652876162
0.9549986021145519
0.9901987059689583
1.8343400883262495
1.3144824772378074
0.03517575070008953
0.4405108749787508
2.1669648992487187
0.1906879737719131
0.46460055023889113
0.38536360776359985
3.1724091415982385
0.7006974020008587
0.3058206317433253
0.964404560622877
0.9792764260732392
1.0057453696716887
1.188520503969791
0.1805999082860389
1.411158768174159
1.7559324675004488
0.5366767458203942
0.8463798373515188
2.3239459966445866
0.4441189979467042
0.29030581845053777
0.5967122071976899
2.005789612030669
1.2774853872888725
0.4953971708989512
0.7893614402000427
2.486519001139856
0.31581520935510754
0.26762326146878446
0.8695190163152046
1.198557550019355
0.9454619164487835
1.412985364794529
0.17561308064492273
2.342606233818603
0.598672869621648
0.35333888717504436
1.4969251730988953
0.3237086580170676
1.3602204382839114
1.3298440315298958
0.19765914325689635
1.9599919099646659
1.722220246493101
0.10255982767424174
0.4976419534039382
1.7071492653362097
1.2633941015040238
0.624526122364979
1.530572356590754
0.9191029430817469
0.7788911844624762
0.8338683082132484
0.4026502596534062
1.3138682517444784
0.859157924604772
1.0555581012643844
1.3853859499321528
1.1744187488736597
0.9571823742777681
0.33461294109252976
0.7907811555498928
1.0825035560652474
2.160122005579095
0.20416230552896494
0.6511381329543401
1.9236503054905085
0.4008012610925187
0.95526710077382
1.3016278446497032
1.4542798209540202
0.24530851226482475
1.5099206622789472
0.47027068822915336
1.059259832991162
0.39439858223399554
1.347645646830059
0.9522532599096649
1.6433331288521154
0.05277624831440489
1.3090130828011397
0.9600158333508056
1.757892810702395
0.20250575209457458
0.6501354057864144
1.5412487145806093
0.7513077765878398
1.5175261673791596
0.1922701027952736
1.107790051609479
1.1530728911920374
1.2303462980971889
0.5647343950072247
1.1544247925397437
2.5117481838389346
0.017524644052643434
0.1502906377171965
1.7599863762786747
1.5998875478912193
0.6864926520827711
0.9088952797296727
1.026677187696661
1.908648815160515
0.07122356767663374
0.2853490984931604
1.4683052542185393
2.132815865222694
0.2343626947211064
0.9006842044653142
0.9436712036419748
1.656382377194152
0.3770000532140938
0.8129661649845492
1.8957386139879726
1.2224117504330085
0.69213332884277
0.21968049005141219
1.358521188511213
0.9413823758185436
1.2024291514380085
0.16672154212988888
1.265697079896286
2.140150800698435
0.13697576691889088
1.7342022189902293
0.20723807828068794
0.9445237101017673
0.39309891550411563
0.577195424782095
1.187446309260728
0.9696834412411104
0.5284187858456503
1.2562342002194775
1.3644271307595495
1.4149848215770164
0.4031665852711236
1.346822320654213
0.38283019098071014
0.6666995966222401
2.3393080764367067
0.0040405132239220804
1.2800640581982297
1.152763189330715
0.6858472715581599
0.4670172312930983
1.9569464084339632
1.085339793698111
1.1529091440363946
0.03191214550274275
0.42600775867487173
2.7701525412644643
0.6013616791787685
0.8975697603594266
0.694632065148368
0.951474536517598
1.0048915213205403
1.5836590998678948
0.6641763544254737
0.4789820202987419
2.356562325967954
0.33522808640106944
0.6462490647690706
1.690186129330699
1.7928174305617344
0.17888946992141544
0.20962283664198084
3.144681631288353
0.7150998056765948
0.16092267049830183
2.021867153809335
0.988982689584642
0.8174156223600513
0.017645614541826702
1.9607454859135989
1.5507097446313154
0.7264608596404108
0.17990291480620568
1.5538820608825947
1.0790550319202712
0.6736558708510277
1.396606271435989
1.938979800847948
0.3140117705286981
0.08460428304852308
1.2109612808153298
1.3400350270511157
1.619680669473523
0.34023369000898396
0.8540392987592171
1.1752797248462437
1.6145731627897726
0.3772021878462527
1.7140488347877152
0.3997019886532824
0.12030544937755364
1.371285394171145
0.886509502557597
0.6970361903071401
1.8251160968464677
0.20660780316773242
1.7932020221712077
0.9096913046244536
0.6647231430743837
1.114096137519355
0.673279621892131
1.5138071842592162
0.7468447867289402
0.42708339257198014
0.886605869080265
0.19451668547985093
2.8510121723035646
0.821843342623885
0.32982460917256595
0.8795395481556283
0.5028104317071396
1.3173641999411287
1.8217980603516764
0.4564024136882199
1.1885747889207081
0.3143231151295565
1.4845774855052605
0.6088515575010159
1.420342843756617
1.1038528942945587
0.2757449017595561
2.4042653271643792
0.16598321340041358
0.31385501260269644
2.1451003347013398
1.6818493411859317
0.557689173121595
0.2135645100735833
1.237823401123412
0.5842632292634057
1.3448958820500194
1.9232829266767304
0.2602160820600964
0.23161312362567274
3.083042459110612
1.1786155500562134
0.01659752284989458
1.2763021416808888
0.3688129300663545
1.5763226596877287
1.807787561556772
0.2291410787648651
0.294709527189916
0.6289748314946999
2.983726191254792
0.6597962448420142
0.36158247538501886
1.0958241124088866
0.5977640504828197
1.6008609800565783
0.8801232770636978
0.5103258434235963
1.709630082220024
1.3486982496217665
0.8929620297502044
0.3547634173154015
0.4523077122219186
0.7108257138005315
3.0155947774344445
0.17338860488040927
0.43285733507548724
1.3037832388514818
0.7746295257059804
1.608300529980105
1.2054226613392827
0.2412724340491313
1.345185330801678
1.4137837393210102
0.9212363624895626
0.1551385325848141
2.281347567402713
0.4553069192736316
0.7034960958800204
0.949841804447578
1.485992159893513
0.6862008070005029
1.2150013887623716
1.6291488017414613
0.04515113498178364
1.3687950728474367
0.2371690446940138
1.421793508421409
1.702162845915287
0.23206052419525072
1.259413456559893
0.6273266566211643
0.9159381147075889
2.1897302510927488
0.6932283277747937
0.4251309143778638
2.153944389000778
0.10993928081739153
0.10549483294697412
2.4281445607994088
0.410592634693325
1.3435842500649287
0.849994093394966
1.1886583341587391
1.0082941936605505
0.3771514960840266
1.6988413700581628
0.7192661623403453
0.7972364473896234
1.630770410467454
0.6007627884678718
1.3388709585551133
0.40442789896863207
0.4920932346527598
2.759290974276249
0.07832560096985272
0.9079672504159324
2.459456216413381
0.3421818993370736
0.12020847319933486
3.1596915144843845
1.0868382617624195
0.17439596214885936
0.49120752345733826
0.6941797306909409
2.637299352895161
0.8513610023703686
0.029544224874502485
0.9052116694447808
2.58567600595943
0.12759322710813945
1.2740761963585596
1.8905537289913195
0.29989856338487686
0.46751560399667963
1.0134072280842539
0.6198232077891723
2.039054285697024
1.4328292176811832
0.25779335469604964
0.28757706590473836
1.7271825011076347
1.9445254186977499
0.23200178685197567
1.2344734114619564
0.14085252420434263
1.2415165482199082
1.376108582559813
0.7363601387803419
1.1038059135803875
0.6247572210398766
1.0693319124019667
0.5194148813099713
1.2221954825464199
1.7977064414413435
1.1488107413620052
0.2965440223626003
0.6218484098708473
2.2937252482089767
0.05108669494192382
0.9340506295109221
2.091651051412746
0.5207811418885299
0.3699538258285962
2.2015242903226127
0.6693515332597432
1.1039730799827154
0.8810413443094686
1.2757750903524299
0.14089549002571908
0.7741953859987599
1.1333063695199805
1.3039756085990022
1.0620325082119662
1.1173643293627131
1.2456119972836663
0.7669364120789371
0.28729190615562855
0.20069306086568608
2.901679450868009
0.5526670260815466
0.4318363679888179
1.0065716330357157
1.7368483114938615
0.9735674567169323
1.1271683913023498
0.4882992469639719
0.47854934464052384
1.8834736900598583
0.5211970599627654
0.30321604422064896
2.5516062706538873
0.4329175837450077
1.3121412222034161
1.287120645511371
0.04830049423203288
0.15172971084082387
1.7106052863665986
1.8260609455815857
0.2894840402002077
1.0701652776585275
1.5125094678986817
1.457262686094205
0.023258007345590248
0.8327118479243215
2.274362565219367
0.2580381271540655
0.40333603985656863
2.9435957490297318
0.733813639086364
0.3936452285052122
1.7911849774233137
0.7402706384921607
0.5619870717772298
2.2581199334861757
0.30738517923700015
0.07386181414387467
2.0993425395242373
1.6220404785823175
0.43056231576579257
1.0931605634668975
1.5324818476833242
0.4410545934218589
0.8006457350217713
1.7900182064176684
0.3423827286209923
1.414987506312799
1.2480230985761098
0.771737561898687
0.33539015507808306
1.767633173065731
0.017730510299733
1.342356638398549
2.3684120594384144
0.5118323928592502
0.4195619240982018
1.067199144270478
0.8141810811413848
0.7186739217099035
1.572264081077977
1.387659620474493
0.68144346423019
0.433351512360393
1.7172358400400158
0.6620413458911631
1.4456895656197462
0.7901044670086521
0.3086348256592024
1.8859447003005012
0.6550262711985227
1.5648268548428412
0.12460209593995225
0.7323299534368866
2.0317889020763498
0.4985834908897084
0.5116535576109589
2.4865270866841396
0.668981452597416
0.43221666937078
2.385515092945045
0.40124133526170247
0.8122808863359732
0.2074547989486094
0.20408446044057332
2.4340765069043684
1.2988163261259744
0.6043960473514111
0.5177313358007104
0.962956455084199
1.1940169310524236
1.2590609596695288
1.7377168066195425
0.19588801196995917
0.4565211157168502
1.1737832854669674
1.2706796717637263
0.47573280123373013
0.8496687991293204
1.738514165789705
0.6555463872272336
0.9524174465036557
1.487045905344882
0.28679356589855814
1.5900522796676937
1.1932738779795007
0.6345052433846183
1.605975937752081
0.020465178199228128
0.6687270145958917
0.7787140232439052
1.8814280790853792
0.23822917675044422
1.8562459866946455
0.620181775063032
1.0843870951259889
0.2490515822249585
0.7538594246655945
0.45319693541669565
0.14301325365721804
1.5357775827822355
2.0469261028086905
0.42591249092956596
1.0220109947664888
1.2689577831097576
0.4685682942001095
2.124508957506692
0.1067373303497183
0.4823037201142718
1.7862943397711146
1.938023849387283
0.3194856721851324
0.03798787540199936
3.218056894030919
0.9964858778229551
0.1471665420198671
0.7726324919605099
1.57674178591609
1.0470421316892986
1.6756063104367271
0.154784037245879
0.10360553678328073
2.9641572400588356
0.5100998917513502
0.9175952357794535
1.2585934946482715
0.49804492481326507
1.5676127452947557
0.8384676459702565
0.17632162027705717
2.9635064746752935
0.6311024740242144
0.19821571835987714
0.08289039718674855
1.2927546973145059
1.5670618568898287
0.5814091210632595
0.6023573495506513
2.8925859742371207
0.13374097783174937
0.42878414085494393
1.8778670367372277
1.568475361107627
0.28858243094820824
1.6463862149780866
0.13847503106514955
0.772599812640291
1.2756903395798835
1.4762946298206148
0.29421323550277767
0.6435170677480335
2.0417985568826067
1.513767996080888
0.05052885140522749
1.6292430548014538
0.47606405440533345
1.4934775832969898
0.35072516445504187
0.3978881437418774
0.6254262658847478
0.3982351189169374
2.263074489266023
1.5532983790343051
0.20246717827484403
1.0490420736449908
2.18806430065074
0.1473465141280932
0.09586785355058199
3.1854832253024283
1.339875599012089
0.17544412755559752
0.39435410086135186
0.8163763960452469
1.3953803625743748
0.49472687862580556
0.7273279418008071
2.58917362158513
0.9003882701975393
0.1900523174657294
0.5867168124283602
0.8857478513965182
3.018979417691916
0.2794400277067941
0.11129199424237307
1.0613593700187982
1.4619007893870468
1.7953375129589884
0.5144892924191419
0.0449818758625109
2.20650017519292
1.845830877929006
0.3038112330727979
0.2354769822733124
1.841541539979143
0.4461858960114089
1.1490913677704186
1.6261999233745446
1.19561702160454
0.23192386929587983
0.5984154253555267
1.725413560569321
1.5244963209854738
0.4428573376069401
0.7935796491261665
1.7457818028523118
0.033691259603633006
2.4782458803402685
0.1608206869160935
0.33363878267082664
2.7674203734646934
0.15910350573712656
0.9386522705082146
1.340044623593934
0.49476409134749283
1.3465484483517964
1.1054750378019362
0.8848295433126135
0.6984624242505504
0.7072118247587194
1.4281040171847241
1.2503742446417079
0.6692720332092811
0.5381230607462609
2.3737378917832612
0.8040705152748404
0.6550305415971485
0.07707988670259076
1.7881545452851144
1.8721668748224431
0.4380072760093507
0.5972150462478594
0.10791857360581804
1.6271879852107032
0.4966027382636157
1.2564082904757323
0.5188412612364971
2.3556501891228883
0.15013877125476716
0.665406088807913
1.3742294542117683
0.9031865780167461
1.0367490221369131
1.2733322949258286
0.7092506244375473
0.9354857269516109
1.102536618613883
1.3509090393498093
0.387803358063359
1.4475133399162436
1.7082083092589049
0.03493894077914063
0.667773951717546
2.428083537521498
1.129586623550033
0.47579585567581295
0.3300766785284647
0.8646682317643941
2.0761938562137314
1.5522718495318424
0.025799076317813883
0.7994063475690276
2.1541774112686953
0.09680855177844053
1.7490752898794248
0.09913445589922387
0.7727934409227731
0.6045400109572769
1.2506517231740428
0.8373618513770308
2.455528591252861
0.12474662888281332
0.28034041187248276
0.4308517287560253
1.7227609779756252
0.33945435695341736
0.9205610867332213
1.6698856996271674
0.32874112724437454
2.160745202036617
0.46009157369734516
0.2904915358094296
1.7243944145737011
1.1924844186723726
0.8556900529267072
0.9074659643575496
0.5833836451632639
1.313418194155273
0.5153714582227116
2.3924646649809866
0.6210904643531205
0.12226475960750426
0.1462030097576102
2.6562018713140216
0.9789185631758267
0.709716268714524
0.7008900252166579
0.9458115485796604
2.085683467983185
0.09262514396918742
1.1820726312500789
1.0405900355372468
0.7885854002132585
2.3525086861703954
0.05782193862392599
0.10008303820858475
0.0364250457867461
1.3144185173881002
2.881189196222898
0.49125641204600784
0.011019544352140854
1.5569634389380553
1.5955269973725166
0.5270250045242217
1.7719631837335212
0.902275542624088
0.08399557022060386
1.653536616250847
1.4431854446772603
0.006423868695268803
1.5451759678431454
0.7320844381673886
1.9036134528067024
0.84075931239936
0.2760804869683581
0.07049006906814685
0.5595042465748884
0.445663859439757
2.6176947943660727
1.324563557954351
0.0851004495574012
1.1775165518372834
0.37171991110374397
1.3486042659939321
1.5994722706909763
0.6825034903851266
0.8465305735362926
1.2318651374994851
1.737345307366156
0.11614681881420244
0.036876792687207886
1.8649162182161299
1.2269100650872842
0.13317070604134143
2.4069137865005006
0.5103982508734326
0.6298482652790228
1.5138034632921367
1.4176763911608603
0.6808668820209249
0.02069851072809697
2.3415145854535826
0.4476534998865518
1.2098198113203606
1.1124114143602308
0.8748159421997459
0.3909696257855011
1.0247185764065085
2.425115227101599
0.3138631037808472
0.8136637128718349
0.4588493201522082
1.2648811989871744
1.6654595128625798
0.21158136884338324
1.0683178070669688
1.5017565267769195
0.9495181720385886
1.0547824425275194
0.11166692828890784
1.4400584559454783
1.5007163930176
0.9907124978372129
1.0192102176202211
0.9327761981171696
0.40321074370966486
1.2948759208792187
0.32704998870861623
1.7499267826135854
1.092927400834874
0.5678917298987864
1.3399813986488316
0.597017226626415
0.2558189880805545
1.9228160285978175
1.6328797899411722
0.7948246292767682
0.10050712530066605
1.5078255358108168
1.812807802653848
0.979883815343659
0.028194887696127158
0.663824348814863
1.8205489111039372
0.17996683459732432
2.2899891364708025
0.3501878240105529
0.5659082762196764
0.9309474942810825
0.37990850717705515
2.4515987409596582
1.1527752784843752
0.3488028505617464
0.2719347906733939
1.793657849398961
2.3969139839686417
0.13537374917009112
0.09402236144038452
0.5889402252992016
0.38720065626371425
2.8777749842711575
0.32756446587967847
0.8822240687726386
1.3711352557550942
1.160483687442536
0.07197655908948591
0.41995943116213025
2.7278143033003164
1.1986169591550195
0.5785703283233987
0.25791513406508143
0.4957882051604278
1.3965358521691935
0.023962518288442
1.7098484485205436
0.9806189441689416
0.9452154256264702
1.164080651693043
0.6273596432603608
1.968717718189306
0.18857524888046898
0.803991489945454
0.7697721974965506
2.4689752266770446
0.33014544207156604
0.37297374430892744
1.3984351236804422
0.32797189307754915
0.8076956360591192
2.931377116561684
0.27537243008699963
0.42213786063709674
1.9239367862017185
0.5788380706051058
1.4027050104403749
0.9158963640529985
0.4243030191613217
1.8221537700878006
1.2351861269875788
0.5503448102504047
0.4772400904031464
0.010049055245378554
3.12653167163001
1.084274098510325
0.12075074781640686
0.8517218573132821
1.4922421959549164
1.4126648534952007
0.7179688401332105
1.2084124739848094
1.097519774365601
0.22446044080702954
0.4635579494830338
0.968702949654699
1.1141048918348122
1.3931405238664714
1.2559471746371778
1.1230794198721872
0.2842617958818576
0.4376289413366162
2.2002412407834515
0.2778323533702401
1.6682320385393408
0.377963137733201
0.4268889038913702
2.4280128434304595
0.7816425560536749
0.09653642475081767
2.111317213664126
0.07270562059794587
1.3932313775074963
1.2603869523198346
0.8406612655198947
1.0621484586726446
0.5001972808529769
1.5880180205217755
1.3347919636937449
0.880910656880341
0.29902896632369785
0.5308154797141005
2.044590604704779
1.211891805532262
0.09832087348295065
1.9885978898911971
0.5583120733267947
1.3053003039979403
0.857855127137058
0.5163236195128552
0.8423083608153268
0.6303661113780002
1.8582969248080305
1.2564796821318653
0.6877982119882344
1.206084720881838
0.3532220767641302
0.1851906609797541
0.4100203537535573
1.4831180331130036
1.4486210984819012
0.33066869487364114
1.7556256432835622
0.956587976750186
0.453715189832948
1.3335199889761757
1.2215819472449028
1.1143715473302276
0.9070206865743047
0.4718839573412828
1.4340676996156014
2.094471031273639
0.25050946051217277
0.07776861415721403
1.6280626722834883
0.6379728041954412
1.2502488377205483
0.7994176900107528
1.9726329267773246
0.12769688929874
0.5100779280578172
1.8493752596301523
1.6753952860294599
0.7301030069703551
0.4970595005030401
0.2196840645874423
0.549845312932398
2.7535995269229656
0.16345039065282485
0.2600067234513117
2.33106198650772
0.7382614210912017
1.2114734481438958
1.3458277986194105
0.2850054210934261
0.4940765559100197
2.3292805421858467
0.30003507108522026
0.7661206227633697
1.1114552958063886
1.5754798555796594
0.7839710415149228
1.078631353352418
1.0725444031892604
0.3213700278706431
1.2491744320563294
2.1522631707020756
0.4226959551286107
0.31722824732014476
2.2755830762465843
0.7883934092867478
1.027703801636944
0.2935203632173948
0.4726402704473365
3.1575105191542923
0.280565059228138
0.3396763964375523
1.4969435976335033
1.576896238571306
0.828519224212601
0.47476270907156803
1.208580202326923
1.5587253926967493
1.1295200586315488
0.2082646861694309
1.87609194733237
0.7504212147704474
0.20157090777913414
1.4532997803894152
2.1045371211173594
0.5522552422957494
0.7139347421108169
1.4491563899103774
0.0313321036659198
1.2501153029615268
0.9628292824409233
0.446949489116648
1.6359713553068655
1.9481751436872727
0.17142380744304658
0.6516805489895006
1.2145790026870236
1.6451307060697462
1.0871385702518797
0.7967473128095486
0.019121242797012758
1.5092216244732852
0.5139530830042263
0.9290306566424984
1.2627699109142325
1.5932099569286022
0.5543370094100077
0.8816001450394517
1.0707746077345952
0.739021943111006
1.8808085571739408
0.5626167816012337
0.6915066470341805
0.9004345861540959
0.6924062594936817
0.6435377155593965
1.863354459588233
1.7104828356063382
0.16903260741152484
0.5840719283925551
1.099091114227381
1.879414007811295
0.5572801277659296
0.9694018643870366
0.9583995122154451
1.446178507475492
0.10742831318335627
1.3315315870580717
1.6261640944192022
0.8345125927192766
0.1447934140748576
1.5267700049568018
1.8424368141885794
0.49492464897910543
1.2656389898073805
0.2860103145442332
1.0334418987765146
1.5873842624075738
1.29456323299988
0.26370879701613276
0.25766352306063955
1.4221155816514768
1.7753782597525607
0.6351564824948776
0.8231006690072412
2.214970459508444
0.3698211958589978
0.22864496601003506
1.4961246058214734
2.3665499367315808
0.5899486990368227
0.04649918167054943
0.7279741530524176
1.349120555987158
1.2688205571658278
0.6691762044893607
1.2400531923868665
1.4022673298024095
0.5449674689540855
1.0148799242886979
0.8445766222519824
1.2514139197229064
0.7605815867872036
1.2651478281678505
1.7169922010103302
0.18110159613131108
1.2031425024556133
0.09532117974845426
1.0166649114728854
0.8051990743111023
0.6284084559681373
2.028282388791545
1.315952502213524
0.13089227413338392
1.3983099798893457
1.6005448150205104
0.36084872843540283
1.0059242639983719
1.0367227491099895
1.2478282318233556
1.1325484557218541
1.2825433627647826
0.11213943073486726
0.6963986412213168
1.7711387762632977
0.7935916082045922
1.1646989113912467
0.6609179563071528
1.03597427507192
1.9114795446874122
0.702536192653305
0.23028759812435975
1.5402668372470674
1.0237191372191285
0.7887899059164943
1.0944503340025213
1.6225649460025857
0.7174816559441338
0.5690873023202467
1.9272350473655682
0.01775692053151061
0.5775381823053178
1.4590567538295622
2.2790821146265507
0.3923366560883425
0.4156835934713364
0.4452117884250555
2.519695182549354
0.5972284831331509
0.4740511819445429
2.069280027380294
0.3837989637446756
1.2334360609209438
0.4455821276695131
0.8442442420572595
0.8884647114160695
0.8740644449664006
1.430168432275246
1.7872354554290741
0.22500073063181453
1.0529642964234136
0.7587810376328487
0.575315447020768
1.581056211071486
1.0094314564928055
0.2262410295557296
1.2288376675339168
1.025089972374219
1.4092838328548922
1.6363624732117041
0.2849064492297015
0.17471177370345692
0.9440322141668801
2.771346051494
0.4454718767000242
0.18723209265111948
2.4131773908243472
1.0899174887375767
0.6133361618652058
0.519718032964639
1.4524206501534618
1.3771217395430322
1.2171016760127868
0.0858983406367016
0.9495528441256278
2.249883597243175
0.2111341930499579
0.6926718886583517
0.9747298234466804
2.3780251181220713
0.6914186754970959
0.09082655091548551
1.3214122543102829
0.3218799815847572
2.2808267553049197
1.0718643819919766
0.1892323930112436
1.3272118229243108
0.7499626735524113
0.8130432365692857
2.3451162237706953
0.434541629228793
0.25547628719841753
1.372026347216741
0.7896900740390567
1.2340900857442645
1.807731246495567
0.028043239125399688
1.0576385835381663
1.4095931381998945
0.87730443208854
0.8702163564501888
1.4114317243411436
1.277712951662843
0.4070433206584436
0.9535626722910191
1.1146217881677376
0.740255981811359
1.2544809519795965
0.9446464361338849
1.4359744746198493
0.3050277561048413
1.6824645165364636
0.9180595049728002
0.057293153363485484
1.7836406239134757
1.0156542468411551
1.3983603733334695
0.2716406986013246
1.074852320179437
1.316306775141141
0.24751771645922827
1.9375149256508082
1.462520559166548
0.2747285382781216
0.5699137383406663
2.0894876391461383
0.3122201590986089
0.5292402399429322
1.9413900462135905
0.9902119698608696
1.419671435836174
0.3650665819176838
0.5104379625913852
1.822403581663909
0.6147600109222721
0.36464835401224766
0.7027812647692119
2.182102580963874
0.993715663974828
0.7925711966426277
1.400601331503691
0.012636967890482308
0.30772992872196747
1.6109947372741678
2.2321035767054664
0.5143086435225525
0.2915100674137279
1.150374874627587
2.0752383800289325
0.7943717582696078
0.16754392907874635
2.5984262072225044
0.19694876257345134
0.4096161200459635
1.4550177713732144
1.7895594214256032
1.1479365119087739
0.1239972242105824
0.5867409064867609
2.1137414271748662
0.6613423884433476
0.937750091214257
1.546105482868156
0.4310333891231436
0.512746101457238
3.444503012212861
0.15996878678317217
0.11967322526410513
3.3039915290716992
0.5441197073526846
0.20323313804593598
1.256303699779412
0.6471787452816173
1.1893378835123438
0.7714370350212145
2.018714642606054
0.9701015085882938
0.2635711946313346
0.11632201101291383
1.8470385546510528
2.5606860398639903
0.030771111222185548
0.45598071050287464
0.007244201199684642
1.2095548037140846
1.6245857206802137
1.27888973957904
0.6920708570367718
0.8545377695098807
1.0283348824358294
1.8173981002645287
0.13410168310672946
0.4898139194315487
2.5259968284882146
1.0347291662620535
0.5467749312603075
0.653563474665878
0.3203742558344359
2.4442836122541567
0.806735082712543
0.8729277689810742
0.2023481294986487
0.30118772262971016
3.3081861120224647
0.949963044976625
0.11210568468799484
0.767663695923369
0.8292878224086786
1.0803066967637496
1.9965251896638232
0.6001851314202806
0.9092753917564541
0.14004703105094574
0.6554113605315329
1.7410113683976374
1.2367302328620835
1.089125063044772
0.06978973267050162
1.5945587790608329
0.5277815415839309
1.6475171290575674
0.7775444595941104
0.6933234937728476
0.9314998126164648
1.5155621994620492
0.5326878160536026
1.572156589471328
0.07549404738333693
0.9947584224080445
0.6777162773816662
2.050084328319254
0.5536611551483145
0.8265189189785758
1.7861312228272643
0.833015753966955
0.15103955753649856
0.8548756328315342
2.0288422328193243
0.688800918548056
1.0311954455507943
0.9265687723494805
0.8504540412851513
1.1351045886568785
0.5177723048637192
0.8592628818321216
1.3446523971403241
2.250075314457382
0.23037216534506033
0.10825473872048832
0.9503985814038937
1.1662931201449893
1.7668132633545108
0.29241924868103614
1.4375342358599088
0.964650988254711
0.5982838562808496
1.7875876502344346
0.5469998156186703
1.0971809716606704
0.21999197380556304
0.9561921649009353
0.9867362199600669
1.6911725247923906
0.4202171231591121
1.136787228128691
0.689020095668772
1.7110763960255555
1.0546905237080264
0.17376593697866363
2.0688513946546796
0.292025863007864
0.8569964088189134
0.31227464615541495
1.7590669706639208
0.5802141223049475
1.2061481095658952
1.6160808353162168
0.22143052527547671
1.4917218555568756
0.3539709777234903
1.2864075984124428
1.0900504308642123
0.7429306340771138
1.4460880612162235
1.1061590595464879
0.016398007019004773
1.7235997303107142
1.403660976257541
0.38826498468048604
1.4666933412842855
1.2716559740195374
1.0615954635687626
0.48485568486285974
0.18155607732774345
2.742971215457889
0.6228148752055795
0.8521796209448943
0.36410865638239276
0.4520073299339024
0.943596619719416
2.0375307655363244
0.71510298983507
0.6865571019733613
1.0252644661210337
1.7734380302637898
0.4952664744396512
0.8653591162844272
1.459684531179091
1.1704272111308118
0.047548717253842895
2.1293622932722336
0.9322036038721584
0.1465149424407022
2.320860101733507
1.1409480307220925
0.22260022643027605
0.7696632823345477
0.9985414676592856
0.9927531544850559
1.599041553409412
0.8087129451602082
1.1266769653594062
1.422932682680123
0.1672877444165254
0.08039532637700507
2.986183613256429
0.2709423272904331
0.5412782428428224
1.8907249916459705
0.7048403262059921
0.9262714080641167
2.1074313289064635
0.2101582644217586
0.7333237134848216
1.6239775326087311
0.2812222591147005
1.778195313844067
1.255552512804804
0.41035437070283315
1.4440204446938087
0.28230137572308395
0.8245648775773735
1.2413513685982034
1.4401759888719734
0.31332892978397464
1.7985102518399296
0.8589515380284669
0.6421592834001747
0.04106758817129464
2.6776185679307867
0.30620754584493903
0.9544363787799682
1.35278387709241
0.4022752040967269
2.40138173126298
0.511455442013108
0.022490702673556438
0.018324292539384595
1.8871117228217067
0.258904097039753
1.73525403302493
1.4953773621313438
0.6134535516226786
0.10805361686704769
2.7799651069033477
0.7538044099668465
0.3392325137862476
1.3569592970995037
0.4170797747503115
1.4994045337059743
1.2202681728995957
0.5481814222385434
0.41964824443025617
1.6839784551946868
1.3072657546067368
1.2224243894422233
0.44921824956401096
0.1042546368716663
3.0406088365841493
0.8372302935678195
0.30835981574835797
0.9174643112601039
1.0367638706600613
0.9238600128734347
1.3680061798257408
1.3788142053131665
0.9307888406759969
0.23122903712033838
0.47700696554167543
1.2764380958278765
0.9127716261285006
1.3441422804491172
0.7896853649372025
1.5281592985599848
0.594972648766331
0.7394903037677166
0.8057129572133362
0.9414915225089013
1.994480880140643
0.6873892791041291
0.7291268532559405
0.6755564144794846
1.2305543349290098
0.9105884388332951
0.9954323294185995
0.41565947315387863
2.70154314808663
0.062498653836111404
0.3594944615805542
2.0251953472031823
0.881716142439763
1.2379088056600578
0.9145242953105182
0.8213930352918202
0.8864460326802538
1.0055306969485192
0.9011078039733034
0.1601143677068518
1.394864228673988
2.4874537107514945
0.5943330737283604
0.17974088528651216
0.6054774392536845
2.0944469424550483
0.9038681812679165
0.5114427128900715
2.1337532013147205
0.0980090548456131
1.2081247228643373
1.573673202534552
0.07954662130590066
1.2824623446157912
1.6258078348793636
0.5329429845259519
1.987156619740554
0.13364216056049324
0.42263597294627997
0.3337529969382356
0.9411301246961494
2.085656045090704
0.4998011703450579
0.8045451649913654
1.383735698567594
1.466858123909691
1.093532845891805
0.24269937913730227
0.24456042052254146
1.811978673100635
0.783433330737584
1.5071579888796656
1.0798814744705558
0.033844331359184944
1.5628643708605132
1.025865028365852
0.6142551738497295
1.3587646340798643
1.129604361377993
1.3616381355181613
0.002393115180882211
1.8689412042617501
0.6182152700275363
0.6639916238771264
0.33558182415132215
2.338708607362073
1.1173070569462475
0.46833023470379065
0.7685951534225756
0.9859261553670875
1.4886608534544161
1.523939027977752
0.21752619341007284
0.39808419849169163
3.4779521288559816
0.39289293887253696
0.023607301139596335
1.3196813031964418
3.046250401369409
0.16717980487583234
0.21576402367786204
1.8815880543894659
2.0670740763282516
0.5293219346087918
0.07741489128702417
2.298455353338773
0.6822978052619938
0.14805017071548165
1.5345010275781197
1.51560492916888
1.173693072119831
0.4259067420452816
1.3350859334870115
0.28588071576030644
1.088750980045042
1.0537886988071603
1.6892539497375894
0.854178301233303
0.6901304728688828
0.2196470538282728
0.8467459982222825
1.3410323741023509
1.2478762537818182
0.7368152474595602
1.5408199396722848
0.931097676551397
0.7792900340766272
0.3805762318628217
0.7818029153142875
1.2365207231380178
1.7642576087558306
0.6700586211920222
0.5109877323400841
1.6712218464992128
0.29248649224729206
1.2239961616283783
1.5468637584715974
0.8917795827114284
0.8607634726853888
0.7577494188223415
1.7775261949210548
0.1889992139921948
0.8402302495440684
1.0761995676090361
1.0523783631595869
1.7064516774393341
0.5320805506732453
0.8761077873162236
0.0650553242403049
2.1414150571402373
1.3760352760112382
0.21818143950291247
1.717583077638619
0.22652380241287318
0.9821660253217509
1.4382471379831687
1.2036535409597764
0.8604405140218989
0.4269431506315042
1.3357014517220587
0.7806306922460365
1.8794543403115145
0.9039296300500703
0.003914482936312669
1.1488765028602868
2.0928446677897803
0.27238923212589644
0.9337039559200443
1.8236785424952267
0.7724593131878401
0.3697735430046684
2.0430455670369576
1.5468145074491266
0.11018933199203923
0.8305311167094991
1.9253603146135496
0.9163795795085404
0.8453227340338975
0.6885908738644974
0.6154956219762076
0.9231603609995277
1.6205483380381664
0.8944608847685352
0.7124791556510385
1.4707673532109902
0.8357917135388759
1.0833382184332443
1.482088130924794
0.48141000284747176
0.3485448704494984
1.182219685038901
0.8244960792025955
2.302379628361895
0.02484257638268807
0.7277003416361999
0.2974385980392453
1.6886806412441513
1.4407884648645113
0.8095729648619955
0.7222303984818276
0.1840600668925656
1.9102012151188725
1.4056853367659299
0.7861235543151773
0.24506291461474958
2.3135865442505623
0.5820490959555763
0.5622083201880465
1.2919671216937867
1.3020558614148818
0.06455930135710744
1.7136971142002704
0.25088092383697647
1.6953699719485738
0.28113841251138577
1.9415896933040506
0.45209003308301854
0.22579729991799047
1.3844071516302865
1.144243554264424
0.4012298499562546
1.6056857343753501
1.309323067134052
0.9671611491778839
1.033354881526681
0.2354332553363578
1.147731913907318
0.8487888790311616
0.6336864939164664
1.0389363321315552
2.6957275091754234
0.3245695579059617
0.11864542355753759
0.807309908127465
0.8054268359321147
2.460569016401014
0.4308767012652201
0.29400767604990624
1.628283706839132
1.276436252407896
1.5321276337634082
0.2809086006241428
0.22202091101067364
2.671099330147294
0.14487069194647625
0.8763726185289707
2.1273541349642704
0.36626936593052567
1.0402834743354914
0.6777186783726766
1.4466773683100975
0.9639939018139007
1.1753199767058247
0.37464342168611825
1.3982062463699487
0.49497046352279445
1.0168594836767346
1.249559871844854
1.492240525419098
0.5647506829312335
0.6816007159571786
1.506177149355377
1.5402903533044752
0.30399958233971014
0.3944304952317942
2.5450070720421563
0.6834934309098563
0.5871001640158806
1.2521877084755213
1.0257738534576448
1.3128887314330364
1.3020546213198527
0.052131900393953275
0.766978076784471
2.365000510305407
0.27825781320999715
1.4490176760197835
1.2613568587513078
0.1421591122744874
0.5502249805769607
2.8406733213499784
0.1302039041538135
1.1724256227833696
0.986493067340161
0.6702224254125821
1.3039159525984922
1.0421755992241366
0.9443067600856351
0.6446370511080454
0.7836325035333995
2.173361456996588
0.6085235694912136
0.8794046694536534
0.08650695056280693
1.9453832137488336
0.024893970949989467
1.1679648127170705
1.0036630723352178
1.8934794119938128
0.14264478611863426
0.9179042598644933
1.2953855975803445
1.0860788604208087
0.9285542696249021
0.9978835134806018
0.053377266623970514
2.015236242241749
1.2637827387082086
1.1426929567141024
0.18435468165683716
0.11049064538027732
2.083566890968441
1.3125374563346937
0.44831291396335043
1.0209224574814222
0.6822685827556035
2.383408162986362
0.3688209449051884
0.5427006788997485
1.6424655951323253
0.6037963223293306
0.4412734595629499
1.9218223680849742
1.5317397047366201
0.403461833195437
1.070868458164782
1.1218363007131966
0.1396252848064883
1.228415150269181
1.9875540568875822
0.5102841930710894
0.7814003848172772
0.5408658563264737
2.3129563105828446
0.28938384806130824
0.8854505201370255
1.1122063815945162
1.221177167229951
1.126953574937982
0.9388069031363421
0.14404156232792034
1.809558599217341
0.27206766706001057
1.438732044478682
1.836837025680099
0.1971318714151991
0.8634819361823882
0.8623162625347058
1.6241231425804827
1.310611475605025
0.3636161847783494
0.5721147391204131
2.0239573411349014
1.1691025648289288
0.6188570377907865
0.45074310620437974
1.4084116909433573
0.6004426599916182
1.2097037723195019
1.7250202700726722
0.2982742828598087
0.726824355777626
1.8347297749462632
1.5667568264741631
0.2195008863786676
0.9511186448756245
0.3024327584390913
2.192989588471329
0.1227133419630518
1.323468937108699
1.0723606900071296
0.43416149848286184
1.5426888373315744
0.3273439633491803
1.1469030425384545
1.379075920949998
0.7315300024080587
1.0538816941908138
1.3330050031859562
1.164633936811254
0.402526373082324
1.3002471337779669
0.8613373913279561
0.7903472512103398
2.053011981666471
0.4155509234657418
0.5764304947157769
1.212059581165
0.16430133262231164
2.1513097903711893
0.7188974018575918
1.0608702127517335
0.45452024358903265
1.7147508317566855
1.0837487328609514
0.23566548021136483
0.4771863731835179
0.5474848012371137
2.509794493273519
0.2874518181044506
1.0635756468638564
1.4511341781750537
0.9581343903447112
0.8919595666681296
0.08354496757601514
1.1694293774916378
1.9759797507463395
1.1112243565633046
0.5683634159023526
0.604466125956211
0.6432158661772841
1.4221594729901494
0.6055127679221555
0.9637290647054174
1.7042844910675994
0.47008874224864705
1.0270546299614332
1.797054162283446
0.9230248560633239
0.5581110218627257
0.6650844507459313
2.230162211324823
0.24293808167356323
0.2687450125209014
1.4120288809712171
1.5433956835075806
0.6995795580076805
1.4157100355398695
0.35468501083762044
0.5357039889554689
1.550458873701507
1.9623878042456153
0.6393742934714643
0.2435128981357928
1.3915587749960205
0.9068901146040118
1.083315154828719
1.3367659687664926
0.050135533098900294
1.8972537471157125
1.1992741938121974
0.7569037736070627
0.8372796394637666
1.3903416436567155
0.24554208190143753
0.5639478310644945
1.9842796761133275
1.0528795758966103
0.8663458900872091
0.5742679410335108
2.096654095981395
0.40437602560595703
0.36252986946946547
1.7521015146388068
1.0896174412461443
1.1319854652867176
0.5282489179128396
1.501014652514212
0.23964770084136605
1.3526848882532085
0.4356744982938208
0.6760529359592143
2.436852290773088
0.6211422336448963
0.6136358098618937
0.7504904029566287
1.0142151556704369
1.7256005715490266
0.7310261171729124
1.1646738763584756
0.6968221004396385
1.2615722896860668
0.5592901887034182
0.40298026873241094
0.8289898740894426
1.4453448645216884
0.45009088001063985
1.7990596858329149
1.0767512635264362
0.6603420006147532
0.5334693235439957
1.5626737550506697
1.0221744288625407
0.7199126376604219
0.3773836256317373
2.296872752603273
0.5175102172695906
1.1483859181331917
0.5943742884613787
0.9586798975424876
1.5656930315898265
0.5854185433557892
0.8909960924311893
0.9779495661963861
0.7336924351138673
1.9397015877800299
0.2910931821928957
0.8244107269781807
0.9815146000789056
1.3352657153353964
1.068278813880339
1.0820343104169063
0.884630657938373
1.075894554974666
0.9497103850247431
0.6988455085547693
0.20791742365392107
2.932246487563835
0.2799213850145329
0.7585957815535612
0.42956288900085465
0.5364875588702062
1.5700635528394449
1.542367816174995
0.4882999063203377
0.9676612028272907
0.38357613131194845
2.6669556245651687
0.2665109214526738
0.3937305111703661
2.904175825093109
0.5178156096152513
0.3912883662550893
1.0544991985183576
0.570061183486372
1.3181873569864841
1.425367436411708
0.9543193995348436
0.9087385676705028
1.339779739429562
0.18761447044834334
0.5178910901633378
2.6530456149561
0.8784276702641278
0.4221737085422774
1.390740840813772
0.7969576010651562
0.3901956091165407
2.7935801647557046
0.6454540635713928
0.10124329480738663
1.0766644533531724
1.8180789892898659
1.0022643106671938
0.38347231453315916
2.331932636597321
0.2568130363342053
0.3491188271747567
0.7807867122786977
2.1524605437370696
0.9739439466225911
0.7372437950080463
0.29623830421839364
1.8108621671325893
1.4192484515648305
0.6402382500287811
0.8066085062122393
0.09220828400097175
1.3766230794129
1.4110280968588642
1.406225414332937
0.4412928412469103
0.7669924383685349
0.839156392543477
1.3188353185883863
0.8952043780041812
1.5516393984324504
1.0288695643973
0.3244034348823208
0.7189049403178265
0.8399246131015327
1.1197449694172872
1.5132532279169826
1.365224109678023
0.4135489241920825
0.24676267904717744
1.0655242779237577
2.3755392591395625
0.9979637541054456
0.16396905700547323
0.9203182300055954
0.4369549590669946
1.5180016704770865
1.5169843746511582
0.23943383560986645
1.991859987359317
0.6230632303213869
0.7865288728844022
0.6370860816768211
0.657100323176254
2.4509665187433187
0.38140267014341667
0.4583408501697293
0.9600796601454942
1.4048417465679879
1.0953736610414226
0.9982619239210592
0.9391113074208342
0.8752967846703834
0.8749223686145581
0.8537956633897066
1.0844884881877064
1.9320231267187855
0.5047742429626032
0.7050291255080692
0.19602571583775588
1.801434570776382
0.31261610930850336
1.90717013854201
0.44824266065523705
0.876645202192462
1.0140283213560808
0.3802878204960306
2.2262688620740536
0.7421542655969011
0.3788183898824059
1.5368328657398618
0.9126320550234355
1.2832492876682016
0.308834830151051
0.9182744253307694
1.1812581332145287
1.7762581880106978
0.6934738764640717
0.7089048107422835
1.1392460161572158
0.46522847013895335
1.5854262135585935
1.1443306994119233
0.11274425588030355
1.6643547701279073
1.435066646489013
0.5932957690555306
1.5639949779609397
0.6153902270050476
0.18442061605356033
1.3751220073352715
1.8896076497439873
0.8247393166924021
0.3913307527058518
0.8326161112270901
2.1431357672545484
0.7016685494934746
0.8257175004929049
1.593735199802674
0.5752350424064676
0.10036213302340098
2.246411385437599
0.7935335704613355
0.6765211159068201
0.5630134968641322
1.9911072373735148
0.9745471349027011
0.6455288749405017
0.950342322515493
0.7585959612459123
1.4315832475011978
1.2113402493210264
0.1064937952373201
2.0805414972109215
1.7243926937095466
0.13314060857453966
0.7988164853796761
0.5872937082637378
0.10473920816922963
3.199302198453041
0.4408252781071864
0.5601453097463205
0.6274629927835765
1.4062845645580377
1.0306085015613449
0.772669859788011
1.5006301955794854
0.5088809153443401
1.1016528485906487
1.1323296880875802
1.0428799267464002
1.5705638921523273
0.2549813262971136
0.6389532792080076
1.834119118654309
1.1660964857927882
0.6311617366230392
0.5515966730044551
1.36637698799922
1.3602907714771793
0.8790296889545118
1.107360151590688
0.6168487574796812
0.5846100160991544
1.9115001852148787
0.8917120993990969
0.7523714973125739
1.1706023347612315
0.4805809811477467
1.524216502549563
1.3541855905160871
0.792225288977379
0.7906085465426633
0.6724608936574643
0.9880868001635971
0.9944670775472546
0.44282894236398446
1.4698691579316896
0.969042139662036
1.5903933187345716
0.8101066009460732
0.3774284381666042
1.2050200382791931
1.1399486787311806
0.6464745944179352
1.4089801621339375
1.0176554941406153
0.9416267927204487
0.42615007437275276
1.301219461262576
1.2722531473529968
0.822984397372821
0.9613821477256136
1.1040183450734513
1.3098290389136416
1.1260780288833647
0.24241395924649606
0.6296326731873255
1.3204023788818369
2.6734819836441837
0.1331189787068917
0.10212778197032751
1.1107597174888195
1.8169141651434544
0.5554122618606374
1.0611965252991689
1.479458911439655
1.4335676940022957
0.04406476380153783
0.49382932968922955
2.3616018639412704
0.3326490400321814
1.1771401259115497
1.6613891345138811
0.7017480975847254
0.5124960226185233
1.106046504285443
1.2960434863200199
0.4579513615724882
1.7618669915677447
0.5015382502989335
1.4003724259238457
0.8189792778098371
0.6576391946343397
1.1667854783524172
0.3446716619681823
1.6876069093923076
1.3025860236826003
0.48782997397589195
1.4958402148481826
0.44332210708488434
0.7416380069397563
1.9261695632180371
0.7933432567696678
0.8091175391969915
0.7034991929959209
1.2288328500642598
1.2824171738317758
1.063999637114182
1.055967265725989
0.34412662896381335
1.5006780881144528
0.5440810299004708
1.0312954283004387
1.7603242815956375
0.5189439206468031
0.2646668558377312
2.217316738084904
1.1269543025781064
0.37838390245036574
1.4300068415464926
1.962971330508663
0.23403756541362755
0.38501696311150024
2.005704209728385
0.31921171013787036
1.4342139411499537
1.2042924097100032
0.4525076602437983
1.821540854641885
1.0141162556518666
0.4809283964345952
0.8808935066299368
0.883481262523809
1.0588627737298144
0.7819464468489449
1.3097001654227773
0.9443577965874733
1.2587783437633966
0.8148089382003006
1.32890681829661
0.6752242011213437
0.13411587753461632
1.8494373942837397
1.293306817963004
0.20209844374541816
1.5258262155966988
1.9926931016536422
0.4943983984767144
0.7165192104141204
1.4468453130948424
0.06427554823712135
0.9986965150861881
0.5756201609772857
1.6057428216076592
1.1074754543506429
1.1639885753363095
0.33449851487219456
0.843581931908231
0.5425353164584752
1.3644773592694088
0.90140827290766
1.4951925204506764
0.7447598248513215
0.7787520289667347
1.9385313773191932
0.5351278055177419
0.9019960472435974
0.31470563806088714
0.17319853535546523
1.6976232430278557
2.005264369643888
0.47855361275237157
0.5207631077846461
1.6887302446748669
0.6413800280651765
0.7432822420632201
0.8936185990688609
1.4219557338692754
1.2721392133449383
1.2928292745937926
0.06345695757877613
0.8330711664012224
2.193002014069287
0.9167091615046739
0.3756550905072678
1.5581813472806427
0.2169221112672934
1.77237005303237
0.67949868167781
0.4057143369171249
1.3971436470950556
1.9646978488272362
0.6265944857965599
0.7792455531609747
0.3313325427487644
1.240284406856086
1.234076773362851
1.089664234613003
0.1233880591539986
1.7611535260019076
0.06975715466622573
0.9251470247171314
1.356159378843769
2.185112118232975
0.2302962393694287
0.4076815657928255
1.6405624941436636
1.1127216140129472
1.1818992064493337
0.3616669467918592
0.7379267932687262
2.393584778843312
0.07665776610658667
0.5721286570044348
3.802726666332564
0.1547818547567191
0.09862206603726133
0.930401742992979
1.810408621771452
1.3075823832444773
0.8341825748373392
0.9206516295967244
0.1000220704650586
1.032638676202541
1.8820474414024293
1.2781947740351591
0.6726828165809571
0.24545152714152274
0.862300861175114
1.3059124949738632
1.3045688436258018
1.0614764248461088
0.4622643699260489
1.1608124061825504
1.0133827521778418
1.984686792245075
0.14237314243004515
0.2955645844022919
2.006510475742054
1.1228869545989315
1.257072296589134
0.10753871030159466
1.4558193966643866
1.6829920305018162
0.0366447474943353
1.076253175435422
1.6091608923331657
1.335138047586659
0.7658037675724965
0.28675666494829133
0.48210665146127324
1.8530790296598507
0.1348874095792089
1.3570018129204475
1.0681829102994518
1.7494970119564883
0.500199843430327
0.45296456556494513
1.494276839880687
0.43683698861729087
1.538383160084328
1.588473738295526
0.31696155352422606
0.02085605954783839
3.002957885277869
1.2057180909736867
0.21916561821864383
0.7591497598003281
2.1420875147318656
0.027932813016832193
0.7609387078506477
2.588400521802835
1.0106838771813949
0.463545142956494
0.0227499564644352
2.4084707445878997
0.23522215826381765
1.6638440573221152
0.2945955689266963
0.4987066256521443
2.270055280550366
0.87097111212831
0.31047929964355403
0.7107546233457386
0.8459370119962064
2.2091948224455455
0.016360214394543954
1.9522063437183168
0.14477220499716073
0.22106308538856606
2.0160910997708834
0.6099956101449366
1.8803440563300866
0.27353208475250024
0.6473959854643133
0.09294048720857591
2.52943534466856
0.11184668522757331
1.0598603955353052
1.607403009865343
1.3642484909518653
0.05465344585435277
0.277495221917641
1.6194394665664908
1.269785950377949
0.9773341732270088
1.1959619725277202
0.8455074877840624
1.2403098756707747
0.6459636369877726
0.12726137914117674
1.6745003301255148
1.8207469895685333
0.8307444407771277
0.1868360265612734
1.8838716877439874
0.6150290902968172
0.5488112871608399
1.9553852830086367
0.12568718455458275
1.4959213065706374
1.3867504015774264
0.3798296755118356
1.1543548045816183
1.710463032054355
0.9967499204479039
0.7592314457875107
0.5100566758777887
0.10634221247173328
0.16686037005643622
3.507069379486225
0.5225006246178416
0.3742403253224966
2.79415210892535
0.12167555103052881
0.16277517488487886
3.365975519094655
0.2097886983718141
0.651333960378866
2.73650067554332
0.10031159543439126
0.392036713419458
3.7819098339928954
0.2487561430235778
0.1828217617197915
1.7442597965762876
2.3267989870062133
0.10223065925083862
0.2368746504429927
1.6228394694467487
1.2800187502746982
0.7577546422549939
1.0100802228569885
1.1498124500517464
1.3611570926382877
0.3789756179294622
1.0492587888314076
0.9464616053208599
1.6475153656522057
0.14632745012689347
1.8697050661896168
0.538177803774612
0.6921450500054613
1.3615744597257828
0.6403870546594864
0.8243494156716401
1.2145873941699705
1.072284441354919
1.1432574368669874
1.113283484708149
0.43575093655140995
0.5628942562350495
1.7373021396347255
1.0042250185137218
1.6045199797999936
0.13404837401784075
0.374005094640482
3.5047467721507495
0.1722146881497309
0.5693164419011251
1.6290965469542755
0.44143683075372514
0.4709935906418848
1.3558074455968627
0.7296047549575786
1.7961962457211094
0.8713371777678615
0.5862563918992858
0.4377386450932335
2.8380446598245554
0.6328578937770137
0.04848786012155274
1.8806316555780003
1.5862206663234837
0.10844336497747534
1.6840250488113584
1.6874433575012457
0.3248491302133973
0.9438344353795534
0.4615661032388161
0.23145657889538482
1.4902242538984567
2.1833631854345006
0.8566160027132554
0.36089266055566493
0.17601353945296916
1.3853498740991164
2.0318629545777203
0.7932967216737336
0.6437529121029355
0.5298043590472891
0.7468715555167474
1.1388369032123897
1.473462525669054
0.4293973947737878
1.4040710565086363
1.2145644478539366
0.47603223336194145
1.1633074363584677
2.2445715520076974
0.5380933617207067
0.18944412222208323
0.38397737280821853
2.0388668848916196
0.37890968353393445
2.120889449153761
0.0569206814228104
0.7330270593789924
1.1788171209955192
0.13328069415369206
0.005148431625091379
3.223562988669208
0.38117149431273334
0.885858031996955
1.766200111255519
0.5548062507664485
0.39037266912192164
1.2207624774152037
2.589172872480476
0.19122993671443853
0.1920719460648712
1.746808409030706
1.7205288366076474
0.6096739490631262
1.0166464709825673
0.40626992602396306
0.7000387838613755
1.227056144315308
2.0757992874889912
0.8207856014621292
0.21270529036931765
0.5847784191351968
2.0825510846284585
1.1144887059352735
0.513257029439751
0.9274680945945977
1.5009503432878193
0.4373188104632589
1.0346079859878874
2.0241227769737526
1.098811938107549
0.07093430609562608
0.46816822932022994
1.673385771932125
1.5084103618489837
0.7083008356434317
1.1263786317231765
0.907595440836557
0.8512168640701272
0.37426665018467703
1.3641983595593064
2.555643734620075
0.1053375404324124
0.08807339386243043
3.9516196614376504
0.4267569440538322
0.14868881759771757
2.971608493984037
0.4841403876097236
0.1405348012618142
1.740938825417577
1.4527331375483343
0.49245968300074683
2.011824701281851
0.2693086065540628
0.29357252442939746
0.7403788261238615
1.6160497274350916
1.1553426933351045
0.9643059224687975
0.3028743093314565
1.6218108203137263
2.0507126563321463
0.4184137676886554
0.042189061992501824
2.5363760261604953
1.2303659310814659
0.16685716741534262
1.4660075227038158
1.2012424581173178
0.11668335388286487
2.0791891707051167
1.3545775231071502
0.4575543650410301
0.8682289013105692
1.70353095710345
0.2670663916061821
0.6612648899657605
1.6278819591233717
1.5262368964719462
0.954647344557707
0.12995724018262883
1.2311678967920852
2.817101442485441
0.06701249468431776
0.16047435750857095
0.3692805989705294
3.671482661893558
0.4387629522250644
0.2967749478200944
0.1322029765131688
2.4223379722994505
0.7703432530555925
0.9323665259256416
0.3494198305300414
0.7737295536378488
1.7637599431863993
0.7907936285071185
1.5806228542438021
0.5199300970379109
0.3408277270289007
1.8611867587447193
0.186713827989643
1.5389267666877966
2.1331703808222864
0.22320863661341392
0.25023131883575395
1.4959582188951095
2.7635163194214467
0.0471463122779967
0.2544758214227814
1.362867855261576
0.07357051635496081
2.5296050062672824
0.1686436829278062
1.0099235719901072
0.8422190531051108
1.852381356952559
0.48008937958427117
0.11977827672573094
3.4263660784276735
0.17349592536757552
0.30845254501266994
1.4802793059113148
2.1274719696302427
0.35936380881689667
0.7969912810604014
1.6310437959220396
0.17074276450267684
0.7953594265620796
2.3228893051025565
0.5369452765570251
0.7929663078952903
1.1196876955252175
1.7490661118322122
0.5262585028139604
0.5503946652012508
0.37726057919971856
1.8180452822534365
1.7232483832310996
0.33610097149391216
1.059076063843609
0.8351923389188342
1.0211228700694133
0.8215345584884274
1.085770561072304
1.802968302343138
0.26420176041914945
0.5168075148350648
3.230241444489063
0.31938544326678564
0.23453294360352822
1.0762985244194625
2.2084758278442744
0.9777839746959472
0.35783263330110526
0.8840354403748243
0.2520581180187384
3.0493056106627745
0.50548860389199
0.10412445411532609
0.6139028458009875
2.2936709676786435
0.21781631996483097
1.4711897206159166
1.315986737458914
0.10914241658993414
1.3669348337623952
1.3996958812408906
1.387564061741504
0.5363451632174576
0.39136165595560574
1.1533181012453375
1.384706053012443
0.9816608240877998
1.1799983026373906
0.32366698766678265
1.7976396785363884
1.069476485700021
0.6314464316582786
0.35278961023270317
0.43142371036457167
2.9811716177458294
0.5756441349704242
0.4397425427029896
2.053826689997675
0.4486120413141795
0.40742435013709255
1.7155384417599926
0.9815467122646659
1.4476146616953756
0.5612511416756472
0.6771958017540639
1.84453113838739
0.18749756329245143
0.7065652632496947
2.2202511039900936
0.15812455738541106
1.1710661790443677
1.5592007551860065
0.8416587972378655
0.7253545869568995
1.2197845062168358
0.1495304699028402
2.846388408958013
0.14704176395817267
0.2994537628479573
2.1433385581186064
1.1858518660109798
0.5387684335212106
0.6260585041465051
2.038956224374912
0.8396813000497301
0.40849778993107316
1.432867074429751
1.076231149428608
0.9514913345560363
0.7675835144803762
1.3226277092366994
1.1787551156558067
0.5248411191239474
1.0113784097597285
1.7538753159402296
1.3379843230277215
0.004562445056880988
0.5979189574563553
1.933007780351319
1.2289252497520968
0.43638726112184817
1.0859711436288322
2.0984022804514675
0.36903367504896767
0.3966236931406962
2.6269119016311713
0.6069717280766237
0.12134573915444333
2.675743730107972
0.7632162445699171
0.7999979611499661
0.31575920378200384
1.0036881195729734
0.9322245762729597
1.1882763663697977
1.1839533497878794
1.402413949484877
0.2450756367045291
1.2268373188730177
0.5439525458959406
0.6663871581163914
1.3837265234390494
2.4717403126236137
0.07484820299381634
0.3210069404491044
0.5749998801839736
1.2139449811926728
1.0002716564662233
1.3037209212063572
1.4302235448271385
0.5979049695388965
0.7028846354741001
1.4383612949247706
1.3059646503477031
0.22109456643719105
0.10115776875014834
2.930887905668055
1.3545058414626276
0.35050135132504456
0.39847675786826214
0.182405784749849
2.225006820279549
0.5523037314476019
1.825985489933373
0.4629325503926788
0.08774191000576982
0.2467309655196947
0.6084811201854654
1.4895128995423963
0.31542466362829463
2.811631271576369
0.4113140910913715
0.04585172488017788
0.4619604382519636
1.0826521304499614
2.311357132303931
0.3225603324499302
1.332602626259222
0.7073791259302228
0.5527023377183604
0.07914212203620377
1.4887461967290536
1.4648622575365573
0.8625075789247103
1.566069701972346
0.42570995546813
0.47970049694441025
0.526045387393799
1.2666621396149988
1.728709450167644
1.4984175362449672
0.05150896489772994
0.43685312130536735
1.709668809339316
0.041994449786416393
1.99238386695149
1.1518879011921652
0.8973825894917775
0.7806155358285111
0.07685146223934111
0.820749988159398
2.2645253451264886
0.6397699638416119
1.1715714231484122
0.7010805171330919
0.9867366833745439
0.9071207328724415
0.4049526724555717
1.9847675729229806
1.572845601540023
0.09655483642671209
0.9206498416250259
0.1092001491420918
1.4722671851994868
0.33155801888281505
2.1616956166658317
0.4158796034437787
0.7802802358400802
1.0689899570111598
1.159897771296799
1.0210736254523538
1.5701543097148893
0.03918522258164254
1.3764458926520868
1.3291942001647155
0.32184717988583367
1.1611872557494436
1.3539087578741595
0.6973994490886373
1.5213224418129856
0.25845118692253444
1.0748552598756058
1.0574704037963847
1.800259607151177
0.5159239069325235
0.6538229215583228
0.996779506536647
0.9149554604518361
1.6748144236652713
0.4364629660075267
1.015604874553581
1.2505716945931225
0.6163385913385796
1.6492851249304177
0.6000621633568075
0.4754203940740901
2.5783126870945163
0.6868801042695143
0.3343788290514163
0.8304468362849683
1.788105064503101
1.726141263811583
0.14126348074493933
0.29570547209544507
1.7508723305579208
0.9389473705888648
1.2695351357780076
0.13894835769791986
1.9201307196278794
1.3325175584317837
0.451053495803326
0.5111824947600119
2.1013378087167744
0.9730681036674463
0.457185131984155
1.333894064779761
0.8745662346231741
0.33325942800311703
2.4905952639704987
0.07382294809486219
0.8388779473119797
1.4222276780503937
0.9445961483522929
1.2071214630607974
1.211859163392035
0.2748792842747992
1.9066692550357538
0.8148466289040729
0.335923241998587
1.0561254577572607
1.1238285355846587
1.591135709353931
0.5176222584664187
0.670603400339247
1.0328395367366876
1.97750120889099
0.8588462697487418
0.05146273717983639
2.483901855202476
0.9437333077190891
0.18012144785422252
1.1203456664748144
0.6657674135681657
2.803399758953641
0.06357295661690966
0.06659770247146979
1.072623781775156
3.18027981627427
0.37132262817053424
0.04978078534884893
2.747986557170435
0.8973978087829396
0.6210803548897746
0.18914057209738394
1.8689399782097436
1.6365642833037541
0.4283931005767217
0.2522771798361993
3.7360929409805586
0.03139090644236748
0.10239843639080518
3.2601151659768592
1.1617796908585087
0.15519769236491798
0.6233089120992295
1.2079820136016801
2.230971058167047
0.4696231179658482
0.173049475877718
1.8000545038803706
1.4504084861348367
0.11830995837503554
2.164924438485835
1.0487098869292568
0.3512097109015938
0.6873874379233231
1.86227851486871
1.4579399554599706
0.2550875088822528
0.33563365786305976
2.76774004397865
0.5761349384595589
0.3179114031999323
2.102193017642434
0.791895069058639
0.9152193162146822
1.4349784655312556
1.0477229806139055
0.040289831252901594
0.8893747763231648
1.1962589270883617
2.022800256478412
0.3768224061150363
0.3090127180918151
2.0182684744088717
0.8450038541536834
0.9907322121013962
1.602173677653813
0.19782318237383903
1.0111989949335027
1.7353195008992237
0.5905622413041713
1.149963335352282
0.2754587697477427
1.3717653978702689
1.0740147098411528
0.9980975070577675
1.787431516552377
0.006026235734444631
0.9490010505338033
1.403340866394779
1.037558813776251
0.44237186445176246
1.7008493406822747
0.4809770762687129
1.157524776822669
0.9118916312783625
1.6333809213908028
0.0890233091950078
1.4739093026219412
1.384776286116007
0.17427175244776538
1.4563003404410122
1.324435814535714
0.2529177348047348
1.7534404079843824
1.6918645414043145
0.030103480779479524
1.6269607330951337
1.0402341239170871
0.4393417346184175
0.8096536509663915
1.7183486372294356
0.5648292478105572
0.8793130625044369
0.926839506051852
1.48755554411953
1.365364367533339
0.7630032998225579
0.21756775839958814
1.477866448478429
1.3713108468786206
0.2138457575569319
1.4574663798810832
0.3978877746070264
1.4633068262591096
1.4489749414765287
0.9050765030892635
0.5435410861964095
1.237140654708915
0.5462407844491745
1.0984012176758666
1.4420777211401052
0.15701740299390995
1.411580489019478
1.4577126858856588
1.0011752592062602
0.7227064539392837
0.931370898334884
1.3571311684144334
0.7064513563747874
0.6896566048418442
1.0075466272701126
1.4602038785540075
1.2618244164861359
0.7889334838222173
0.4957980654478459
0.9592178428618038
1.2839242095872152
1.192778819196965
0.46226355726884755
1.3735727483434639
1.3186305593113297
0.9325125321594898
0.6880924547886617
0.8522456592251264
0.9615338196328855
1.0012169451021693
1.2709064372201215
1.1801160590254578
1.0853089113149024
0.6538611347284664
0.5772811942481968
1.0004521947485205
0.8287390145569252
0.8714971413928889
1.8945019345931984
0.9412134610191978
0.7125089030116835
0.6630553468691434
0.8900525628013481
0.7034905593693044
0.7861157849995478
2.4739546479406878
0.7628335728322014
0.3324648952732866
0.6691460033923706
1.0224883362639967
0.6331186778936645
0.7256254314394847
2.791339616532178
0.5025949035926305
0.3572536028161527
0.916167251272581
0.5738992119754727
0.7025025920099828
3.168755486126547
0.18368402098466186
0.33438385716137836
1.0300182533889275
0.5330706568817316
0.6423778968259806
3.1677116469544284
0.24429920014602755
0.40690612022806066
0.5185416396980546
0.6220224804618262
3.2222976693307097
0.2611398937416114
0.3743972228565021
0.47421582534977047
0.5658065203420932
3.2221890183988733
0.3233992780529036
0.28421727251147305
0.5527264860893962
3.1957899329689163
0.38413853646073304
0.26579302438483665
0.4922407997826634
3.243693099078663
0.26217334936719777
0.3055405223642661
3.188500491185352
0.27416011789903355
0.291078041411928
2.097753010325209
0.2858384091996978
