1.0300157042370377
0.9771290639003432
0.5244068530439213
1.3305721148786709
1.435475026437348
0.6054668874109308
0.7490904601578152
0.9336245745169175
1.6643677631668508
0.6314871309580368
1.0077664456584305
0.9937560572493687
0.8808295798412565
1.1955417973355755
0.6739073606142632
1.2899431914500483
0.9087088531497468
1.0032018225782622
1.5208590443106682
0.6873698886960173
0.15102995386136994
1.68699673459908
0.9255854014969869
1.1602476537138553
1.391032294331701
0.5507211846486361
0.4565269697711615
2.266820745622494
0.7300549518762701
0.24528973297285142
1.8836028823774198
1.4570770541824496
0.414513079092136
0.7499280529034345
2.1825704126109713
0.8206302561532205
0.017121830303398207
2.3838575080792217
0.7187597484257862
0.79118560856328
0.40624158667522503
1.228725486297895
1.9505335734717633
0.665633058667254
0.26506358403901753
2.3401503909537738
0.9080065445363548
0.5312461811390805
0.3000695268916386
2.0179924173157326
0.4183103663450838
1.4199818121569479
0.6709155768239567
0.5887732057736093
2.268232835221622
1.1151831562075412
0.25577773852828606
0.021058622951586867
2.6536553086805275
0.5574885011000732
1.0588551382305198
0.7751021778418887
1.1212331388354533
0.17892327741057
2.2747505014115217
1.3228613313839253
0.18462431925925873
0.05400116201145537
2.9070000421413
0.7124817436408768
0.7732624706066018
0.4654174423241154
1.6039924247700363
0.294504135128188
1.9746569798908609
0.6739457352964224
0.7199437033231016
0.5284232090179901
0.02224114177635215
2.8617472474849843
0.973548373336381
0.5268980381226687
0.16749525551032118
2.156276310731343
0.43736605364612013
1.67251184323707
0.00885828604518135
1.1178635595326605
1.0475953298459886
0.04421707244905179
2.823177141753443
1.102087888069977
0.22429106341193628
0.2986677739445491
0.14590439673884698
2.990208641941492
0.5373888489720992
0.9062963845190747
0.6602290721255197
0.7876390265294515
1.385944298364892
0.10979466008814165
2.4152087346552213
1.1006798736322414
0.3581523509753069
0.14100459043147548
0.03954115280646652
3.9541203733969117
0.48063881614072446
0.29078737975599767
0.2567231227806234
1.46931627643557
0.43480850814841177
1.6621892508373968
0.19331453032636534
2.0955054155085606
0.43336372659995914
0.9130618385386351
0.3752653330320774
0.14721676152234192
3.766700510367577
0.009281121788388217
0.5486567159456501
0.8252898390402453
1.0649352289148564
0.06845057300542744
3.291120125950713
0.05092197942080827
0.286696397775998
2.913347603983576
0.27181001014921924
1.0422648133634642
1.0344825555924089
0.09943614550411559
2.307181088936056
1.0585650140517389
0.7931857148398708
0.6314759740082221
0.3539053068912038
0.31609275629896894
3.7953388879378798
0.013998445553666805
0.34822666414349934
1.8894607075469096
1.0556647717926466
0.7199144053585785
1.937348271584423
0.4691672115131263
0.07443404148765606
1.3919331482522441
2.3338548473304876
0.9550433668628883
0.10704368106494683
0.3463575635912821
0.21354263648737987
3.872786593806599
0.08659443217397741
0.3720169583309333
0.33226303143432184
1.8640187273688957
0.3542975743152972
2.176300806123573
0.7307570743601461
0.038448244410279886
0.05687649602054372
3.7520226791005578
0.2784586178798837
0.8172859256984953
0.6265817537981873
0.3553612294980234
0.35154867714653176
0.04423433703907478
4.144006402882259
0.2926387505413009
0.11769238352415995
1.05846606484501
1.9417089053641265
0.03131663865741972
1.8690378337687248
1.3651027780972613
0.4106769523014778
0.015117636239871808
2.901355070113846
0.5403910479367467
1.090848388620028
0.3134635506525093
0.3138195155064712
0.6448043424264969
2.5131619652802946
0.2709577157153535
1.621737968930687
0.4129099874349915
0.07486676685415936
1.4131197558588906
1.622205588141927
0.43465230162360735
0.6920949964522783
2.915176853579036
0.6221367845612703
0.01604904756171131
1.3177404686448004
1.107627420022612
1.4498947981548276
0.9168687441807225
0.9038199460823918
0.4917634929313911
0.46817246744620034
1.3633426165872713
2.7354812614670876
0.25988505201907863
0.017928890274048998
1.771320236455171
1.7904625926028168
0.03910076951527298
0.32479393778841736
0.580792653160626
3.461459661365543
0.4407266438015448
0.2655847594198606
0.05393001864257958
1.0599945374629327
3.027055114789268
0.3860496079219426
0.3401670429467977
1.6933841513499261
1.0411428832078686
0.5336575046705957
0.01022857352589259
3.8592528460815534
0.32911556890787497
0.2380306570482329
0.1328303576764823
0.15315778098802518
1.7491316896532876
0.7267712777180884
1.1918211292802854
0.07151529225714734
2.968782822068825
0.5528604585006928
0.11078482783581503
0.5035200888037538
0.09016819368502166
2.9413073223624617
0.06978540110893361
1.4101717510795846
0.4355750179602236
1.0147807130122433
0.7769227614054539
0.64783201283368
0.4218296381371992
1.832351105393565
1.7482329531188707
0.7368148095871117
0.20004496482699538
0.45606647141825907
0.9920880198480692
0.15020152297627237
3.2605624908415503
0.08051267656610511
0.7209126257236309
0.9620547347434513
0.01274787065137204
1.0754868517117107
0.10712467858097317
2.9862618814602704
0.5807987029692755
0.12307789380311299
2.5832740892388664
1.1358999897703717
0.2036621108331605
0.8773477094323224
0.03462184590984596
3.484569437173552
0.06294067560298286
0.33974637648342254
3.2858240765833444
0.01939283279769755
0.5457368382909465
1.8316107908969919
0.8225256281941801
0.10617204023816669
2.1510872249409276
1.7993210763703047
0.26826004545924687
1.1292541621683942
0.5523855333966856
0.1531602401209362
2.3377855966465586
0.6105812026736245
0.6643143905179579
0.760558645894716
2.207165002301663
0.29762795798428743
1.1597092457241605
0.09506066059210791
0.9318086795771476
1.316850787750227
2.2852366969492155
0.19710805133304538
0.4220285495095601
0.7586547904748806
0.11800324953111749
2.602826824597679
1.2088219060322714
0.010421892462345829
0.7178311691474711
3.4030958952626476
0.20582223194874114
0.617281683260713
1.8273410901869318
0.12938905912507231
1.4168286259747942
0.961467901194238
0.03261853529153994
1.3872648648645272
0.3276523215845047
2.469905151568891
0.44261254804929945
0.8131430712741557
0.24355323317158242
0.6735287525674938
1.302236264357234
0.0499668049861824
3.1888274831983607
0.5378808039576781
0.05837346212087684
0.35877857044863753
2.287305083227724
0.08579553044928401
1.0603717177735692
0.19427815783449934
2.785516591954829
0.19210240882529642
0.7222717279670192
0.3379856760474125
2.4278677417756365
0.3196426776066574
0.8495108888760577
0.062286774701961166
1.150649128674493
1.5919791874152025
0.07379420880120144
2.06198889136505
1.1972240059696042
0.6361120875173779
0.4513167413999896
1.5651200174698623
0.6421749972076033
1.055145351362877
0.6374433794075554
2.298252434256477
0.5692108255882344
0.24355639308913044
1.051284881194907
0.005464550977977121
1.4147283037027278
2.0712331656222145
0.43076812222824357
0.978422690322111
1.634093813306081
0.8637701936515024
0.19787335476341195
1.518441709185214
2.3362103330388515
0.41039086016182624
0.14225087935274244
0.12133602900052026
1.2014818531616573
1.3023323228964685
0.7912700118583893
1.6372882801943782
1.2401481460943253
0.058962697465035345
1.021395614411545
2.4787955160824984
0.3646091719019623
1.0283082013112927
0.3806560076535608
1.405273287399728
0.4546632421346143
1.5177567546612756
0.6113270182992342
1.4391862899079386
0.5793930532416149
0.018414198437176846
1.7597634569764777
0.6629184402053175
2.1755825601945813
0.27203430565030395
0.4120225350714325
0.36995560556263785
0.6727361035512364
3.106496340270142
0.48509328360184945
0.19768493064163054
1.9204982387278642
1.5593578794287395
0.14876407486607615
1.3700401873725265
0.38038108768599904
1.328948798145184
0.5548861451491753
0.942961095524752
2.459558609779697
0.3327377012549492
0.4849779187814141
2.669317621052416
0.3101350888102538
0.5183098527866846
2.1271518527974274
0.4885813929653326
0.7610435779525786
0.522037348008882
0.0518372158127827
3.258953643710835
0.5910170350977931
0.7079016744182862
0.422952663079669
1.246941814813685
0.21128186243641495
0.050410990627830665
0.6543206124973729
2.678674046952228
1.0823905860233205
0.43609099058094025
0.9032756049112912
1.1225431671309771
0.45177608862025853
0.9269336758629771
1.6751794503500395
1.413046378023373
0.407311296034266
0.5929501350008135
0.6148878292214954
2.607135080401589
0.4425144812221911
0.8634083024853191
0.06984239302489556
1.5846378848702323
0.5658974528816985
0.45921901244250535
2.05122264331434
1.0749361230531782
0.49496836391690174
0.16740267911703674
3.764666024621613
0.32045848746544686
0.12381290377287166
0.2691101688196461
0.7344114330248117
1.565471262373475
1.0955219206004563
0.806408271423689
2.250796373646495
0.03736409961818269
0.38688265571115044
1.4999823819338456
0.719675815140228
0.28020816947719995
1.236173069887086
1.6454449984897388
0.948841193245753
1.238570595421652
0.7246348169145783
0.3571009237285668
0.7698379067010661
1.255273485772614
0.9339771656678527
1.623766814303707
0.6830215697724107
0.8803161201153731
0.8458188817058914
0.9076722698296673
1.722476077095827
0.4958795070430441
0.9553110822968905
0.9612945610967122
0.8788804105296331
1.9681441039976817
0.05816146495364172
1.3915279458403278
0.5338796677144967
0.3881072947330804
1.1237679536688667
2.475688280206428
0.021749246208214633
1.0686165021767549
2.0355297732030833
0.5322890633023196
0.7961617280097391
0.3142408832046974
2.0345337638226595
0.5469447630666192
0.708150268020459
0.6100760682481464
1.0605433046396513
2.4944041377469848
0.11694428459822753
0.41456177216470974
2.6644935522033935
1.0812466251562272
0.2654441618075552
1.0458650760392734
1.759917092048629
0.6582093199628852
0.2965238108513779
2.4797151853679584
0.4495918429923863
1.1752901428336127
0.6201354038673798
0.3980216936061321
1.9959491834286012
1.388256399811703
0.2490024406915147
0.42491074486260005
0.2052554917628576
2.2326438082608036
2.1512260002037458
0.12098471001853983
0.14501367483344454
2.658565384967755
0.9725828024133533
0.7502090116138502
0.6534290496193444
0.876883675306562
0.8095220180188928
1.7583657796609817
1.1998135674080739
0.2750787281346064
1.0677091577261508
0.9344597885276036
0.41264344969522915
2.013833669226514
0.30862719517401993
1.8994887190562169
0.8811139485551408
0.0338604501062684
0.19794377625580017
1.4093819911056067
1.939026848767202
1.116633898622224
0.05607965964310359
1.8030369009267335
0.9837152444995719
0.759374427807504
1.5349770118659152
0.16825434321375504
0.3164129317208686
1.7741650216298812
0.563864968977366
1.8233649066320978
1.0514702656295083
0.3888647544056703
1.1435356983425784
0.4564431015604812
1.4488188460820726
0.6594751870748831
0.4658900297960484
1.1658736985508584
2.4268253740240193
0.02119416731079081
1.1916903157291525
1.4067925442251392
0.603177816513552
0.7901235354777392
0.9227643726049246
0.9475963785034215
1.4264575897605722
0.6620902341944496
0.40650268916393184
2.413532060433031
0.4609950197097402
1.0491732850369624
0.03885241811323549
2.0208227142242823
0.5914190809292655
0.6287712392382053
2.2535123753842305
0.9313015909631097
0.24534510024764772
1.5231192546356982
0.03941427056841502
0.8536955370546033
0.9684819985451832
0.4450983975545471
1.8618897688994327
0.6455034127208303
1.680776792737826
0.8628730284201773
0.012405835117900775
0.7365298937312145
2.396669797681931
0.012430751073893182
0.9311313086398354
2.094102566927603
0.9373494913836091
0.769884341633428
0.5932816919792542
0.9865707084590956
1.9354910033910686
0.8156687203731925
0.2972513545570979
1.9102132668354617
0.17354684154458327
1.967470300665039
0.0676083976603538
0.008678646584701234
2.1965929425618476
1.4742182225185059
0.7964876734554273
1.1854670549455615
0.2454757599747927
0.5903871669874089
0.6097084449454335
2.0919264919216802
0.24469958317473373
0.9517098413780535
2.044786015492693
0.7702490152590189
0.9229005353050216
0.8852067981571846
0.7214553402287825
1.2944107353017569
0.9002645060391361
0.3084714680450301
0.9657160660913557
0.1161010754578718
1.6059392958285084
0.2781408878496746
1.271334662345774
1.1528752606208275
0.9866911896472929
1.2688062086930174
1.185351404030576
0.37396656739734957
1.8614501736969802
0.1039075550801718
1.160377726672777
0.14546289911051885
0.34153279949620713
2.117702042931296
1.445221293999966
0.9971419631374746
0.27392594866605585
0.1582792687607189
2.2677115151972864
0.4677698423416027
1.4318480924507462
0.06468634274562832
1.435491075154593
0.438514348752221
0.8699088023454465
1.743497875328832
0.8826206291093148
1.156549932666064
0.5573633506616128
1.3844926482350017
0.2703358568905205
1.2367015694092285
1.55365917024583
0.4245199189773969
1.5267820925029183
0.03394086448138543
2.0156469277341005
0.6270837644005677
0.20975141790977023
2.084454126375075
0.596424616309251
0.5604641317023863
2.37945117995615
0.30228217970295435
1.033058003621904
0.9127361307632438
0.5943265096241969
1.7107298584231216
1.600289369106831
0.5830026709077636
0.16211503957437304
1.2866724213463396
0.7493283768069302
0.5595802884768534
1.2955498762767919
2.0021467102391055
0.38651010743654035
0.9197196774422057
1.5755219805013518
0.09929971061443499
0.5954181515998527
2.539814810770037
0.8619453995962763
0.8926115118370151
0.6879935603838974
0.36015008620692346
0.46442187518047356
1.0436441407927575
2.4290485717550343
0.6664259623944975
0.5237378604931209
0.07207916964719888
2.9993266926859152
0.4006142281523867
0.34536152729784325
1.860345058131028
0.7149427497229675
0.8611004882768843
1.4222330903032248
1.449343070418898
0.6612772443912042
0.15035342565912613
1.9308197123048791
0.38286838690489927
0.8661039911038839
2.7523432474772767
0.24145661308953908
0.7349935019390801
0.038941654698728845
0.3711970240608005
0.16388628753137402
2.646479688165153
0.9727068158752127
1.0352534269842004
0.2821509892687529
0.2746615517413202
1.7004513719180574
0.23350932726578863
1.089219263995566
2.299502256440099
0.017457142266909226
1.059388144200694
1.1927027991363306
1.636280738839135
0.286166651141994
1.326044775196556
1.3138366664301886
0.08259972976355912
1.4390189869851986
1.8447733232856658
0.2416683514523259
0.8411990070435673
1.505565245603134
1.042925086007744
0.983291966280392
0.2852885756508643
2.4703406028846127
0.6508298777700406
0.18401883433339983
1.8551641171574504
1.5101644790657995
0.4870649460533779
1.0016152868926125
0.10969418418079653
2.354326447119567
0.13793142608110287
0.741087435375568
2.533831911656165
0.5334018815187586
0.5431304546379302
1.2735548682831357
1.2670023579996894
1.117989239816064
0.845728574053153
0.9969162282625628
0.4957839711503019
0.6109878937347186
2.4355955537961442
0.6590680021226382
0.47965651997752934
0.9587917176252324
1.4623792733941412
1.1267074491376148
0.8588994676914069
0.5696370514890947
2.3381021336075754
0.20855413973138887
0.6355389814545899
0.7472121927641412
0.3557159326896416
1.7682774238264762
0.1561931343211246
2.51575119506935
0.19996115880576523
0.24453157965192868
1.943916358984887
1.3252166343383693
0.7165776770170279
1.2111067460063538
0.4042034979640182
0.8826822715372538
1.3762418141571733
0.5803710494317267
1.9008722673531622
0.12395796990001257
1.1779791691905217
0.7081524022562707
2.189324196356938
0.25012617328365827
0.12860372340953766
2.438088912055051
0.386628907716259
1.0876734795078218
1.4692351989437185
0.05061693206339764
2.018559490616105
0.3610156321821369
0.9436367925607215
0.4482164447007042
1.7221014136380222
0.9816168173137905
1.2776733386220391
0.5100565927541483
0.3709754064262647
1.9733767984960402
0.7052458580540103
0.9221234908774814
1.7522074670834462
1.03798952603855
0.17242804530718564
0.3816171675072234
2.976335116767759
0.6203156505767426
0.43340310175937496
0.4829625666566066
0.8831161255142743
1.7180218380168102
1.1990645697007491
0.49458203099598885
0.8404414665398832
1.7960393552757028
1.4113202067344741
0.35824372692908363
0.44420586882920027
0.8558767835415199
2.7631042897157685
0.40216156595969177
0.26163679304282056
0.4374107711438947
1.1108358912523137
0.9301665662229052
1.5351482980625233
1.6249440076202
0.5032168002540983
0.32409794082305576
0.09315051511178023
1.1027808417074076
1.6250918551497895
0.7672722961164231
1.4557933730050583
0.3837856456632225
1.4841625521950754
0.36798152515142735
0.9168513114274167
0.4795348852773451
2.870950918652313
0.2157127098075716
0.22727348873047717
0.5072463448360208
2.5874553325293137
0.040904637000690566
1.3558850845108807
1.6535717765891533
0.18274488087159022
1.2797969885512555
2.359682480499694
0.32772388015891213
0.2312302582676468
0.4306735109700014
1.286039463949473
1.2898605854551908
0.7298675471742946
2.293948676233888
0.08893485054301978
0.35350413670718706
1.6516902069777928
1.1270814882866176
0.5372444232590856
0.9983959948637666
2.06317161334413
0.44650254701913106
1.113931805411404
0.8330663333549225
0.8398593268942635
0.8397457580004207
0.7077840878662008
1.5508331652404022
0.523871195357098
1.6103533220078614
0.27446151346123976
1.3012454124889523
0.8986838699874649
0.9350028784642768
1.0173729656681298
1.052126666892137
0.828330377333413
0.9271766109263918
0.9237270215229583
1.8611853827048035
0.4079645371396234
1.3134490195612865
0.3304499364957607
0.6347562577511707
0.6343766740145952
2.344279333003356
0.5468126198398412
0.48505947336681515
2.186627966674638
1.336218516095483
0.12254468825745732
0.9743613954522724
0.8611267113256732
0.06464962231162442
2.06982021428268
0.2184000874706895
1.1790485096046504
2.4718552156837448
0.520909389205702
0.1816811352274605
1.1144324302724367
2.2547280878001863
0.6672650875691384
0.7364504218941827
0.8468444124030667
0.6242950411223797
0.20123956354692865
0.5603354260747072
1.8565136020690953
0.8673477771975923
1.2086235229231468
0.7508587205629241
1.1449412577927347
0.5453264855165921
0.8700087908941697
2.3208452590392548
0.4801534584446739
0.5075942081401456
2.5165019556224895
0.2558611351105039
0.5612041460849786
0.5099379378157342
0.865600467630357
3.126888759438749
0.2370686815145857
0.2008632228959612
1.5905403885610372
1.4756828066394767
0.6034159320696756
0.6924196369065718
0.23954896447974933
2.771464534892465
0.9457674820280568
0.37164762720753614
0.3804876225917907
1.9932272944497185
0.8822198369634304
0.8290826880032799
0.273286085434287
2.0679804957496635
0.8416264205552626
0.32053919481264376
2.64543973625513
0.8753557804590878
0.04978888580420074
1.4086281727681007
0.4275942297265007
1.3982921400866002
1.5789583960987663
0.6333641356681039
0.46416220418249643
2.724584948781946
0.018952588647422133
0.8245968582884089
0.4866969926738244
0.6878290035108374
0.9640000143969909
1.417217683734833
0.7823998231497831
1.712747000316345
0.533253752048571
0.6914437368228654
1.0650798408838944
1.8076809917634207
0.2424545177924485
0.708186237591517
1.914851839834766
0.7042290211696037
0.9196927316368199
0.3802648027079155
2.0748214924026644
0.49278177126816636
0.6747319258888442
2.2937114076116853
0.261121929023835
0.8598315084456879
1.317151474922336
0.7656079205980292
1.6868083061637986
1.0367190736848435
0.33147209307439457
0.6726831953492547
1.4256507190189638
1.5816476590326563
0.1599073210903305
1.1855572706929092
0.8554482385435161
0.4718925851371346
1.0287735659586899
1.8142833454272604
1.3750242039227418
0.6517587351990302
0.25419368503413725
0.48440440939800533
1.071225093839062
0.4297624183562796
1.4212425896607095
1.8460761879253647
0.9900351716139422
0.1581248429694049
0.7558082629977543
1.2372694854572082
1.4574590953301152
1.1629537378161823
0.23446899663427645
0.6293262366313246
1.1860622436922599
1.2055785658563476
1.949835524170726
0.35112604255855495
0.20973598370339142
2.845035207571812
0.2009461721606347
0.9918237918712164
0.2913814096933879
1.0116704858948655
1.2470242582777222
1.4139044803173397
0.6633697813603289
1.6215080416075291
0.5730048874562415
0.12059727033344625
0.9285799393193069
0.6652403600812457
2.124831667577124
0.9546807832946047
0.7941192988681951
0.2358668029662528
0.5388331292395905
2.486495284521971
1.3778249977608734
0.1920270522317263
0.47933631492807754
2.329037674860338
0.9868637931951242
0.48315601905339767
0.3617872869811024
1.9338822550328176
0.43619803678106317
1.7081621630345045
1.3308984672182411
0.2823549652156733
0.008403604172525291
1.6940806983095105
0.49768348615251345
1.776668379877815
0.5504499035506941
0.6825727862259843
0.7981157045395235
2.3688729278416543
0.4662423908518149
0.9133970335983984
0.19743049498544413
0.9985694187253387
1.0630939689240095
0.4615133199298184
2.025637671744563
1.4550136441445607
0.4217989793935943
0.014354829263709002
2.638872964535332
0.14715269489515906
0.6652328324117137
1.7233921669611694
1.4314643761123924
0.7052059452408672
0.2806870248456028
1.4687357890424468
0.43738120022285404
1.848633115375237
1.0583847531425727
0.5028151864869707
0.5870621249480727
1.4452375785998226
0.76678376703466
1.7828834853113629
0.3086866789423753
1.1214346401865414
0.991404215326666
0.8934911364403005
1.298712614220541
0.22053259074419226
1.31098352983064
1.2433147528124442
1.1180783162907328
0.12835617711780564
1.915814820531064
1.3051584540722194
0.7523651694218085
0.6682326070070013
0.47502340639730195
1.3486533778855458
0.6832002163799165
1.7304457588716584
1.1471768454549163
0.4133110135210817
1.318054593954879
0.07516409988468957
0.8191657249323739
2.632025119426171
0.6226050514949164
0.4076070712771118
1.4856528542808516
0.261190118139732
1.1886068816567321
2.7874570220003942
0.2778403129022106
0.24373580581399543
0.8099288928060528
1.333892063974845
1.530286913820679
1.105658849104144
0.2632107955044412
0.8768860517666094
2.047057709507732
0.8561984418491367
0.5181607040383722
1.4209776286481233
0.6620468339045174
1.2880344252297864
0.9229675206252305
0.7342082186458853
1.3452563664522077
0.3016566094084274
1.0877119918395006
1.9780741621033882
1.093374075268255
0.315720165572832
0.9464172759139363
1.4864518571427157
1.3863665989825698
0.34773824658701635
0.724161814401436
1.2873037178023057
0.3726333171947005
0.5348031939352658
1.4890883790190348
1.319726818458764
0.8873984425746624
1.2570237593463691
0.5911103723065726
0.4084767004066686
2.0245507617736713
1.3455425232150684
0.5581954001529988
0.7662990091487719
0.5810727866794924
1.1706868291495864
1.9376928565705316
1.0753155972421746
0.19169775323830107
0.9071544590410715
0.7973770129502941
0.012778142959595425
1.5495504478483666
1.6807202719011038
1.4773421495283172
0.17335506533067496
0.26543001517490333
1.7665244454799336
0.8373465097002455
1.473582111543464
0.661913842147052
0.5274391261312931
2.2923786526038037
0.16811710033872163
0.5342784352796501
1.372031017507661
2.210251103164344
0.6372003787017985
0.08953476447682415
1.2191850767281063
1.4095059703818582
0.4385715938043152
1.784325710000374
1.2612874495659905
0.14209925017461464
1.6612674124605082
0.9859773653992538
1.3724768363036721
0.05910631926913679
0.6531874801246841
1.5161721361810137
0.3651987521669207
1.6806334569031176
0.9225375311470527
1.1124904574520451
0.9608801483483663
0.7360425034713428
0.59471412733672
0.8583028066303625
0.9160921035788526
2.6434636612508737
0.19823899920213778
0.47661870613511625
1.3180693315015437
0.467352623025644
0.27083334475245746
1.1053322124237868
0.7025666219907384
0.8568619673704124
2.205892252358499
0.09911409628946849
1.523759891833849
0.3602192318051145
0.7419833705729376
2.7687124770590232
0.408965489354847
0.015151879546774591
2.8737120495035198
0.36432135150601463
0.7763563496145062
1.2822297761588326
0.7066438993317333
1.7328224431007824
0.8863364305284969
0.652896351680561
0.6612111433091624
0.866420973877303
1.4349447045072448
1.6343920266542378
0.30757275256974864
0.6852283820186755
0.5062029389438233
1.8207355205503513
1.2248961833912673
0.8458550800738844
0.4167025429868059
1.98991645579074
0.1508686389657918
1.3799562944708321
1.8826929057617356
0.08599906366798234
0.1209067555025913
0.8257979002495796
3.0626561740304448
0.37368044751865215
0.5529424383119845
0.07392750049570838
2.9398337106542733
0.30042693541965054
0.46331696150822327
1.9069545966910224
0.9017396735731302
1.2714457544460913
0.15117702115935322
0.36275075802475326
2.5302372888294338
1.203276778905529
0.7612902846815549
0.25350771699005087
1.0695427700737172
0.22360184601357982
1.2968162421770766
1.2328454292274738
1.6231639805246219
0.5764000523855192
0.40051420088286627
1.5209734707854066
0.600336423700139
1.4122753973274258
0.6236737022467228
1.3625945968612387
1.2145348917238097
0.508873266153913
0.7524732310453244
0.25601847127321664
1.8575923500090532
1.4812626074478572
0.692574469448677
1.2356361494200674
0.5155798270472439
0.4145261867478577
2.3703152452860246
0.22947838645632845
0.934474786635972
0.6216900525728146
1.8280337404334515
0.26411633607726304
0.6094561613993288
2.3708615594116833
0.9079309546521779
0.4202907203140763
1.5174227721596019
1.561470140601127
0.309780204690922
0.614019126758687
1.817309862509593
1.484659047963134
0.06671205486617136
0.7682242802410637
0.8647089070708078
2.1869888073377957
0.9106022774721183
0.49350752060863357
0.5210348116386909
1.7317542052292278
0.5651649911190653
1.1748520366208375
0.7521858731313508
1.2526093349671834
1.7634799569577662
0.3857694683099941
0.5415066979993177
0.9652527243385212
0.027757639032317347
2.3262176669561683
0.9108211624532325
0.5408315063167887
0.3564587292311274
3.071273330990405
0.20413457396016998
0.6610811031508608
0.6522255548730881
1.002679638838707
1.0284962204426125
1.4627359721621278
0.794172194255954
0.9254862381948481
1.376064872027478
0.6948872375332944
1.0270821249264162
0.7132177323762087
0.8698564661233119
1.574786162506033
0.42429402351519707
1.6822560341605188
1.2108029234426918
0.3865359343375227
0.6596380431170177
1.176419391995551
1.360966983707636
0.690113707060228
0.6150641503475208
1.5692576072990596
0.8230897187001137
1.5791437598797546
0.9282810841550985
0.13746432528085367
1.011969099816799
2.4574222723461965
0.7198520771631727
0.24999656621891767
1.154370650254639
1.4114602607798694
1.573155830695849
0.3044469884288049
0.16866979731839288
2.1152586396869513
0.2689557127120624
1.5806865120652487
1.1916869545642197
0.4791602635282437
0.6717003440084105
2.4341839035337403
0.43446233246251836
0.5518146830155243
1.6122657049564335
1.3660583142108436
0.3467102622678886
0.9605196430359026
2.474573020705657
0.2902143399573494
0.7036019584460007
1.0727624115436962
0.31266896751917056
2.136386706545966
0.9609511388934696
0.2656055460903798
2.207757272846844
1.0639552302128081
0.38606105143963554
0.1753241460418036
1.0701112989214963
1.0726910886323844
1.413129969720752
1.2854798392485278
0.7598624860049542
0.6142065627764609
0.9152176236195179
1.278507558267055
1.0321537575535358
1.0457274620188335
0.2015978357625472
2.537127088224361
0.23104590968997646
0.9717056934915321
0.7563604841093264
0.3056978614839287
0.3736380055222187
1.8278172350042399
1.1039132886450758
1.255620315755988
0.8629013161964894
0.8612477689472334
0.34506090410421475
0.481291742116001
1.1454434877074338
2.0667387633879017
0.7530253950860822
0.6332641021707781
0.3501953246715163
1.7780147976387184
0.9168228098431426
1.5563052316518884
0.12667195397431713
0.602989662914002
2.7097817086027614
0.4285715850590841
0.912187925098368
0.6957781389788283
0.2664001095649545
1.7170928075342062
1.1101114488723776
1.2828112156927103
0.23222596016637942
1.4303496102180584
1.6351700916955685
0.6810742225389413
0.11554997439326029
1.780136332981688
0.8247865285226037
0.586444021836042
2.1445546718456887
0.408223893488885
1.2158336273869426
0.3283802513379969
1.027149995906672
0.3932643658155289
0.9622252007185949
2.1622959893633924
1.3638674360206418
0.05189532588101189
0.33473133665630406
1.320413174110595
1.5048411978845642
1.6554664523946505
0.2960874541021458
0.5889094823776645
0.7604574212880791
0.7017594582209427
0.17724966903213102
2.730288215155015
1.6290241605801565
0.08152180287760905
0.02044828732783179
1.4404576033003933
0.1953093060329254
1.7664505377488893
1.6440079692107723
0.5327449633132973
0.42690975994651037
1.7584581028431805
1.6077129961230026
0.28859084415540376
0.3745963606001745
2.0130157003888285
1.3647219463189006
0.9311321232321043
0.8146484436467745
0.1279277681415245
0.3784054043177686
2.0249686304349814
1.7042974760275418
0.48991819832023703
0.02095646297168782
2.3582692365133333
1.535779367836933
0.4352420865181221
0.8101792539733399
1.4968553614562803
0.44837757979488996
0.8800155401271958
1.672290433547003
0.21756335743663777
1.4846928262755512
0.8504792425930738
0.5467681954922312
2.619795545477285
0.4598914124768158
0.2536547227339383
1.7285657441097204
0.49001481108657946
0.7619255315695309
2.1433840337017975
0.3594289912022548
1.5641184362620273
0.5024005184099991
0.7180993157719479
0.5787573498147814
0.22272053985059687
2.5322172339499485
0.723638905881833
0.6377974228169482
1.6632198839727719
0.6363218645732085
1.0906553596557667
1.5487238541255055
0.6564337797007164
0.24658231511884612
1.0619673977953648
0.9174785808052962
0.9826767772358975
1.8408946008233287
0.2480000292353747
0.46516741577773696
3.2912271355020954
0.015703093052288224
0.7917291745850901
2.5685897077748474
0.4827244762123381
0.03287320133090358
1.1006290108067454
1.1517954645881407
1.3764133712401068
1.5311901205378162
0.2654762106845197
1.064235686062725
1.008561751425473
0.1382572602754856
0.7366958928281664
2.152351708641871
0.7495110866206073
1.210666123739079
1.1190440290451433
0.3424322872324484
0.9137985912491771
0.6708679342980328
1.2813219951950179
2.0231504313717794
0.690920521337777
0.018658781680436713
0.5278773910348137
1.4209403241107388
1.5324782336759204
0.8651813477576258
0.9127263775240843
1.7048012139411763
0.06565619346419407
1.023913506512172
1.113777991429938
0.6139564722338371
1.679495468190101
0.9082899728387764
0.8688002220232006
0.282453788020072
1.861917224942621
0.6417752764675763
1.430610493942392
0.8135174415554823
0.08544723866254951
2.0044996639718824
0.7265016967545658
1.0485484861594
0.6133808502013905
1.7151098323618486
0.503379840469682
1.320144599667909
0.7003263632691362
1.1909312309637614
0.19609311004070723
0.5001334847526733
1.8049252404526746
1.4947668036891821
0.7213689401169933
0.6643255680679258
1.2559557019648497
0.47770713731568626
0.7522133942497505
1.317577772690753
1.4106390686302972
1.2872021459141336
0.7604680711152815
0.36693536516899894
0.2612322425254088
2.10756694150926
1.2282844241170927
0.26515751305415797
1.565947418525537
0.7082774460272344
0.9024049387341156
1.3998305208564292
0.23098565197944101
2.655088426258839
0.04861283854449802
0.4301622720075892
1.2717133485010261
0.6782101555692401
1.0451076036932436
1.9907006281483821
0.5017057446281974
0.6626032621497292
0.8203678190651551
1.0872964661572957
1.8488631154106898
0.9762638730690508
0.47685516498811087
0.1792484888402148
3.160002988869473
0.36737671522071114
0.012591389274195787
0.2576443484989318
2.969666773432653
0.4123726909971548
1.1517857975585792
0.8870435218124284
0.9901100641946553
0.7609839780333243
0.2901104200273945
0.3269987229144137
1.3336674982778334
0.35504166692701206
2.2328765685807905
0.15975945274075645
1.4002572637965343
0.475741058417071
0.6281362558971003
3.18248317479974
0.019774838024228813
0.3913498896543215
1.8028365420896073
0.22794083669321158
1.8126268293275536
1.6490744673135864
0.11990256080231355
0.5318876586339136
2.2961116232684002
0.5815928333585261
0.8473928165665359
1.0963217082242074
1.512943597810508
0.7249535934005144
0.7186037153238594
1.6464101497887111
0.9218867553441963
0.5948541590630334
0.13540293431932446
1.8004168435975527
0.1459352364712591
2.126691613103147
0.41793448478323836
0.8746885842234332
0.4238703511862847
1.438315456130159
0.5094796102799107
2.1297513583168346
0.38589807984990915
0.6709669200837823
0.11250660927654775
0.7996911434409734
2.8000597803084215
0.16455563403128376
0.9378285713044732
1.3069481091715753
0.42898484658914937
1.5504155101470114
1.0739776548243587
1.3345302394732543
0.5619872496743972
0.17849509885868603
2.5054388333171285
0.9216395003042578
0.09999278233910198
1.628687025802392
2.2335435128104457
0.3735719943078275
0.2996638308308138
0.3897245385766696
1.9540233595190701
0.7810801899010852
1.1095880133303662
1.5551537702696854
0.526927073901887
0.25092659419696245
2.972778745496419
0.6118114345706624
0.2583499884857541
1.5945310167742985
0.6371427199800915
1.0753770428523983
0.77729803884168
1.0540895601941302
1.3483798219460348
1.46410803985647
0.09051898137316124
0.8454437082845372
0.6647614084725011
1.566442937925483
2.136922112960899
0.07414027926384283
0.6929384041566116
1.3623061476839393
0.7374612676427978
1.221768789286409
0.903016422917258
0.6967342184404008
0.10857786158069797
1.5222150509834236
2.021371123024666
0.6007836151456905
0.5100540817682745
1.2199618265337246
1.2367488894145249
1.4689876176498289
0.8730381196517877
0.47393247043763725
0.4111371454386648
0.6230981128514663
0.9022251454816568
1.8316811632518892
0.05364596043584776
1.2102589840990696
0.8192221566214466
1.5103624085100704
1.1327422874656976
1.0557379829966866
0.5632374188637927
1.0937903342047304
0.250636892336696
0.17649845583205806
2.158079696228914
1.5909950476331416
0.5197683593197163
0.7248793879550799
0.9886293083558657
2.2249300553903466
0.17768259735320305
0.4679220548956313
0.90584607209555
1.5529703430683788
0.5065613399438611
1.6779492169436787
0.38552036680988
0.8634975083376428
1.4495204450488415
1.3321198610386698
0.5949428852908041
1.8191674116880248
0.024269079442071517
0.12205734010636704
1.0260894993627019
1.1601773728614164
1.4423356832410081
1.1094032063889319
0.2742265073578293
1.4102132074629807
0.14257379775687898
2.012359608175989
0.21658029552948718
1.548036048736912
0.6073012261101776
0.6318046363565455
1.5321123978695683
1.1444822630924187
0.5577668535801059
1.327030274029353
1.96469600425606
0.20596550546903516
0.492955207851591
1.2101452587036066
0.5404647598271743
1.0377792431574306
1.5452590547500138
0.4376319394258873
1.4703793304591541
1.0743807735579642
0.9794281153003782
0.9973253113087426
1.2001573004831878
0.44800272042474765
0.8898563618821793
0.3217429759619684
0.847685220112752
1.733967452732372
0.2586555734584209
2.0600321247415225
0.8727108391437218
0.20542886874197167
2.3726335185353715
0.34626955570907814
0.5037071174864494
0.635184637697101
1.9241103781342968
1.5257073175185178
0.2863095663106521
0.7183012892472109
2.262727397339031
0.5899733613789571
0.7584353938363593
0.9846816589551615
0.6439048925608926
0.9458500500778216
1.6667310938752657
0.40755247869423983
1.0175196899008865
1.3515936578506706
1.566985549517632
0.5303657412501608
0.6872512245092669
0.49275683740998166
1.3080839990709898
1.242933782216678
1.2193809282057866
0.3603670368430197
1.2464504912632937
0.9545281357455107
1.6715054214498815
0.37654195970739335
0.47157718372050506
2.9039335444473555
0.20664218239230192
0.44047641039639746
1.9609989302354522
0.9068578416545715
0.7176061607856068
1.6075113374800252
0.4185538650165983
0.7778641150467742
1.700473637403125
1.529941204905618
0.26275331730639007
1.4073224307571084
0.268008107777653
0.4804521551438885
1.0998794854421474
2.0495764798943474
0.3765079184478007
0.7024592621434743
1.898967499899754
1.1556867976972491
0.6364612089076931
0.22536822843472973
1.9394981348987468
0.053898947718016815
1.688786343389423
1.2282826695652802
0.7266623762909891
0.9576129778862196
1.0833148219451758
0.5541414328509319
1.054910466421547
1.6199737725621894
0.5278445364623255
1.4363654691857508
0.9123627878420905
0.37867343628959393
1.2495828483963174
1.3008102763773584
1.4071597393292363
0.576141604837394
0.3062159618616623
2.150084803213403
0.6957899335042453
0.43313504173123857
2.622349171794913
0.41434805803794494
0.09214908284033584
3.4241636105555604
0.38722741707724007
0.6069410665532848
0.5422987357127016
0.3223527061054263
1.4196635732794887
0.7488401095902233
1.8965391657846005
0.5748947731844948
0.6492872920862712
1.640201726219012
0.5912351943578482
0.6176720476952012
2.7981431482732866
0.018480786879408802
0.5391309455582628
0.8521426363607293
2.0468606293957534
0.24990908378514515
0.9762588343940796
1.464674515509046
0.1785147870746605
1.74907720109352
1.1707377405122603
0.8056980670281595
1.723615399612763
0.18108870528290308
0.19748282984046342
1.8469599562734398
1.9317404354343497
0.14119461220904186
1.5427197090781533
0.004345835582157115
0.6510083485029744
1.5254975453407205
1.1232202060560466
1.4559857140321966
0.4318754471527493
1.2421886001076246
1.4342426771578702
0.1320113941494943
0.08103888372810349
2.0988317005529127
1.074860641842615
0.7152863309437771
1.7784388208109707
0.6101796769333124
1.135635509934065
0.1146124606034206
0.5628289425652818
1.6575627452684678
1.855822166501496
0.7759532544308493
0.15808250761885703
0.25592602953124743
2.1944965851826987
0.3805173192147999
1.2754933885264483
2.069134086470599
0.1514423762762801
0.715316401167262
0.7317733950792035
1.6109701090724293
0.6417097868710405
1.7428120380180043
0.5748833592222746
0.6019696438191808
0.3276401984342089
1.2855255915363901
0.5320227340885745
2.3589082341410093
0.5406353608108856
0.40944931854279737
0.3408884749322251
1.731887812648594
1.2816223628725556
1.1917715534661697
0.251823088321335
1.13087302220035
2.4529623706292187
0.17963420791703735
0.40003766250887274
0.3974751557869712
1.6536735572056074
0.6622945737989561
1.9748801513517464
0.49651866757161567
0.5409943686632177
1.2187991957075146
1.083006166130102
0.8187330055523062
1.1769080190877925
0.18569776248192096
2.198712320976964
0.46959170324864435
1.1563456094721603
0.7127890591741772
0.5157294408656973
1.4154500914926114
0.9395236886081134
0.5916634505592129
2.076085864058413
0.556363391878401
0.522470478792752
2.80419901770367
0.2922160809559274
0.44993744112936723
1.270350098630873
0.3860392854634128
0.9186861233636276
2.113665572714751
0.3746294269980319
0.4750734706778067
2.3498770509392015
0.13927585455624217
1.1638701693931313
0.28144203666510326
2.6263014841314005
0.4447026393431222
0.1275079149440629
1.4466381075664565
1.1146827559889056
1.2454890193628678
1.1890486578730062
0.35918980500876774
1.0810971364490918
1.737330064976199
0.4117006448975693
1.6048624794460877
0.45697433534421433
0.9678830446664256
0.3008632784750367
0.8296658991141673
2.3264120369108783
1.1303371082637943
0.10272701430952375
0.6172470943635132
2.677064672770481
0.6905757966282942
0.6972811019021382
1.463302851052949
0.5516295426705876
0.29930034420928164
1.616579783502448
1.4423582432176956
0.6896938749882154
0.7827695523665636
0.49417593164139295
1.4185436316598643
1.7076929234747162
0.6097587969821044
0.9763960474248708
1.293018544853824
0.5942587677473026
0.6310708735557266
2.444575128137855
0.6503893023827119
0.07042944150996495
1.0967877458459478
2.2976024971636155
0.30479048696133554
1.2109717786716687
1.9003698445190875
0.3666437297487742
0.07186437280641315
1.0073824959065316
1.2927606029638399
1.8915232252023904
0.7805580504267856
0.26272629463130615
0.6080025211300016
2.610159266738269
0.4426076199908212
0.7945180067230732
0.10497084114644022
1.6411771796503072
1.9757033246291948
0.028043416125961725
1.5124467466257914
0.9035131557017472
0.45784883763045925
1.685919717506513
0.9379294957386471
0.8921671197571037
1.4381113939848258
0.6058623769170084
0.3367656874516099
2.849469804364468
0.570298581343828
0.39348780083472856
1.502096133855431
1.1590368187710935
0.29667248782570926
0.5422784488487814
3.1159989563362136
0.29620798223373096
0.6370842326267574
0.2676615799901719
1.360180557332961
0.028950953662311752
3.003931587127764
0.12235876610360553
0.31708561982293776
1.778512653029881
1.2918751950546252
1.1752412407617523
0.06452512709593822
0.9931956214890455
1.4553893783528584
0.8017119232362867
1.3980666310179657
0.663668648211186
1.5324855344524293
0.5309121377243085
0.5523133303447952
0.5542783711675007
2.1450861834984565
0.7994540327784262
0.8587922912588651
0.9287346629675346
1.2160777789487274
0.0032997171795321966
2.0941192914769466
0.028487083306823743
1.338787368160292
0.48004128318816713
1.410865954173504
0.5133938140494543
1.9844192788161814
0.7597389167622117
0.05770225688272984
0.6158118348501918
2.7295808698429416
0.8028793241113081
0.6303601660840567
1.297055715512907
0.6067132855711787
0.0985379285711841
2.2106407536684882
2.267467377431884
0.019184510836596107
0.13152228424810183
3.1849942540316545
0.7476573459473589
0.415348648656355
1.0366326867435605
1.255422477507628
1.4482244553709096
0.61441790855844
1.2156044976321088
0.7235501275240708
0.6642476260817383
1.1226204015787116
0.35555197632055996
1.8649882697556948
1.20994553798755
0.4037049365696756
0.6952076641727589
1.8472266012118346
1.504135958085905
0.7227269351907891
0.0617456536279025
1.3155788004951943
1.076912496436347
0.6601402359409657
0.833786563121248
1.3457240364049783
0.9994458613006348
0.5539656854140524
1.2990499168517764
1.7349125538746222
0.7614284667305586
0.8274871588789094
0.8017599232380673
0.09882981764306947
1.3607672657077583
2.1361634194475867
0.7169214301635646
0.30971535979239556
1.6903339347837314
0.21528255902471885
1.7944949413925435
0.38076781091059175
0.9301142619423278
2.0790553359057236
0.35535854628679026
1.3175597901580964
0.5250151509970697
0.08099507412542586
2.839196657567552
0.7944687952573609
0.351179288636904
1.5230472281318912
1.2411241742961407
1.3680547487889656
0.03881691062511821
0.36115009446900165
1.060317186980676
1.1930886071198312
1.6750989978801285
0.11827860199937278
1.866884911681596
0.41891910337055316
0.9030430347969339
1.0932004818249221
1.3262977336091983
0.7868580577966491
0.6504239793686364
0.5509384301083148
1.4903669968233062
1.235197414344916
0.6220578586192601
1.3989741935525817
1.4325212351366092
0.8696650371331641
0.07211798966397892
0.36932284366915097
2.1233367138598753
1.577002334971991
0.16546969391236283
1.5645182313840353
0.7535637486305543
1.22525311921863
0.9752117915882531
0.059504731029437444
1.223819060345117
2.736651717306683
0.1059800642352
1.0052094649649608
0.9458579562375601
0.07753899926313224
1.309819513309299
1.5730640538817322
1.452638390058551
0.48128413097467393
0.43478108562262935
2.1469780823285234
0.16427907385835203
1.0339527213461628
1.194874549135522
0.13852420012741512
2.176971340222839
0.7552899532270607
1.313381826672489
0.33552791263182213
0.47566424417935305
1.1759686432461904
0.5989137605416337
1.1371487204482775
0.8723781406918898
1.3806626349890265
0.8420158208339461
1.2357664993963986
0.9935804595499842
0.8761068728967838
0.8515661676404802
1.06822879453887
1.0526951467964
0.2238425009098205
2.5050053241639616
0.7211673401435054
0.09966198603185708
1.9013067609054335
0.45820042159732965
0.9745619546029438
1.9091007968455709
1.087709388131499
0.031209969997451584
1.5993996473471854
2.567444540970089
0.06662892827839101
0.1256825863550187
0.29245997943130153
1.5574692002742736
1.4807632080525175
1.2159643095597747
0.4642370538768301
0.70500796069681
0.9347945535958828
2.4228447686412418
0.4527996242150665
0.24238253482829622
2.7666590590229925
0.8489929249126827
0.05066769586669431
0.8323755074369854
0.8567713308804934
1.930735775076046
0.6214526569006966
0.5683054416565445
1.8638970848049632
1.104051982114003
0.6992796868222573
1.0675510320835175
0.30282941537517233
1.276309679208991
1.1921157643813207
0.6825553501197761
1.8708160388881605
0.5642520099499098
0.652638200637995
1.2191415376077044
1.0838996449522764
0.8724039055408488
1.363215482069488
0.862456806141854
0.5930326229370407
1.9046215085904696
0.38316617142692244
0.41204675030435023
2.385071199397694
0.9798832322985631
0.4538108487475856
1.4942305135088265
0.2553096156966861
1.0074834155620733
0.9183805109390577
1.8561598284724876
0.7636870963196795
0.795637742712926
0.4755880798412983
1.594472782985509
0.6585373673185109
0.7186860757443666
0.9311790119862329
1.3545422841275248
1.047550034873462
1.4837279946702753
0.02615086403955923
1.2763541449928335
1.8710404388969542
0.01878938719419655
1.6896023475710895
1.842649857067324
0.35635240337816154
0.004474170418771433
3.182377309549676
1.0892749331096003
0.100225325210423
0.5820588705419886
0.7561868732319376
1.7527641596329016
1.364987471375883
0.8006711709303836
0.6107324441519866
0.6794847454924654
0.3494764465283203
0.6603099731962049
3.2137015624385734
0.6188221837983664
0.1273435187415448
1.0141221666090865
1.7451033720255658
0.31849105726403276
0.9870481019882813
0.6847707036728524
1.8503315951216706
1.294236306008801
0.26333475071990925
1.0616435737692047
1.6392713976700362
0.23071543670595618
1.8160626158199087
0.6261252437698588
0.6518271679233579
0.6787717817566095
2.5396477997341163
0.0641905099485198
0.6325942239370552
1.7730348390748467
1.1693557585078223
1.2874779514857513
0.27231709776695556
0.4840992361549766
0.9349367849576048
0.6920053236872106
1.1827482185370206
1.9457944243008756
0.8746257082517082
0.3423465965651046
1.4703319584680974
0.2761354995306613
1.0976438335095626
1.8649531216882256
0.1443530244319113
1.6267887187136993
0.5830812433138495
0.4877760753099942
2.2486984601007087
0.6864813383803196
0.5105315508163882
1.4230046626271315
1.8091626233179976
0.02408708433000216
1.2933067020739257
1.3736781726725578
0.904036576298704
0.8127233001896463
0.819825640176014
1.45728313693413
1.7230741054029928
0.08977595515383835
0.2024611101597673
2.2397058183990324
0.6257276178577119
1.1943417571633639
0.44153914637346425
1.994596444475935
0.13263555991307285
1.1127812485219823
0.3669102792759511
1.3137459308250472
0.5852202971664312
1.6199432643299239
1.3073960957054462
0.7392507636085931
0.3792169626352398
0.3417797257763227
1.4360756547549616
1.134869318779129
1.199974416944389
0.9730659450350434
1.1248268266349963
0.9611577552204194
0.6568841398680577
0.26488468326746156
1.5493260847886712
2.266291045332827
0.21615611693038247
0.6064059200910791
0.18576947062743931
2.565881057271951
0.8202347709204905
0.5886811320304155
0.4126445240299525
2.0420698280947294
1.0993214715708355
0.8607357855832461
0.8209530148807718
0.1425250883258787
0.8430985036618786
1.62718952648254
0.8277361287904135
1.548451648995226
0.3276836275952421
0.6977246693570219
2.5471593303882183
0.7865954420654517
0.35405889556238185
0.792358891115797
1.0358372316216844
0.5519502658483477
2.5696912658433058
0.5800107011826952
0.290678465815711
0.47354565057669823
1.011943791677614
1.0411585851648582
1.9022908507489558
0.8085926350513365
0.0956152361599053
2.210449416325047
0.7012198407794882
0.7588037234248032
0.9707750220016865
1.3829568043234877
0.9231311208069823
0.8642020980950864
0.9033258294480161
1.7412098182153173
0.5145668679096206
0.22236654482179946
2.2259652425108865
0.9146919014252204
0.8794111621468159
1.1231090620240898
0.34569066609874477
0.8105983129920252
1.749352380005767
0.5897331548109848
1.8051098501880518
0.17404546290242204
0.9082204230607459
2.4899899264475347
0.2583482969982567
0.099078729780932
0.939348991156734
1.9663784508642181
0.07383724818039704
1.4887147758523065
1.6044005263320418
0.7704897028811799
0.4662942731788193
1.917673614761405
0.5585072803564368
0.9103292032728542
0.04902745654752743
2.0820883653130404
0.8898073199224996
0.8110424742957804
0.7577560649013791
1.5413380300181734
0.67824951210527
0.7652772002071688
1.539426701175288
1.1402822501156284
0.28124393496892985
1.984391779215582
0.6655507893634974
0.8614995638703519
1.079868274027966
0.3278920006593626
1.0125069249705276
2.086777094204413
0.6729789318706325
0.47027598743952226
1.4587409906337148
0.7568513534135229
1.3291286416077697
1.5656241087386935
0.5326591697444216
0.6809162266129564
0.40375405412351917
0.5417919322934952
1.8241450105732635
0.47274409607874546
1.0558557727279752
1.0179828319403825
1.4367272562481814
0.643596121811333
1.3217737231458582
1.3362326876029074
0.5271920941611971
0.3029230350048261
1.3568046349348521
2.165915136313929
0.1625685032196533
0.783836852875952
0.4823492983379268
1.6655469490236974
0.9874236239887587
1.0119913394267186
1.112585849477248
0.25565242979811015
1.6459641331316965
1.172949110632511
0.6765467387676728
0.7581572838239634
2.7844032674180537
0.19100569466542677
0.021766084483992264
1.070888392981769
3.0859403089399344
0.11321649987561201
0.3219612506577146
0.8876721654130407
1.7660035714090907
1.1074389937614137
0.48566133322217986
2.1559531731701704
0.050748472723914265
0.9191580444294367
1.8169242676243689
0.2503306805506062
1.5066796511429557
1.2328812680656331
0.14745690559764302
1.7293365239322809
0.8098468213331734
0.33813097283253785
2.898170495995658
0.07108401134068927
0.5974754599731147
2.5612947459300224
0.7072045834653101
0.22442445677759706
1.7711512246846666
0.9815195019628672
1.0221541530023655
1.1677505802079577
0.9916541271559829
0.5362997624125078
0.37765901816978875
1.0617345537894585
1.9605339730759979
0.22336972202710773
1.4656579063906665
1.117552883683844
0.8159392325743648
0.33347295073346117
1.894628710875755
1.1146221222507224
0.2991207423841842
1.3064784267591536
1.6511183362058177
1.0802441417194963
0.18989542279799582
1.4118255715899939
1.2800414412825971
0.7452692098194312
1.373127507000589
0.5698070483538126
0.3135085640011412
1.2036876404828007
1.7654963321872108
0.4897911367034357
1.0672290635239434
1.7483498695153945
0.4261382219398792
1.3447227202471248
0.8388216367347942
0.980527100130472
0.5571544210701251
0.019206362844041234
2.2345978625076417
0.8126324939879968
0.8645046834884388
1.8067181865321011
0.21441671623295913
0.6526722961818083
1.9863554364013867
0.6672702116442027
0.9281703731272751
1.3571838930098068
0.6577666545834958
0.8951224912826717
1.9669373364902252
0.8549265296907459
0.29874268135531595
1.0304264418363525
2.1545935722870153
0.2446818937614027
0.63376147612117
1.1327027262230338
1.3828912035782772
1.3806507248566529
0.28641606662039715
1.493298436949799
0.3905053181829387
1.6889960958427062
0.49614193454747496
0.3727113225818088
1.936603711258548
0.7997887254896328
1.19664843840981
0.2683637688309626
1.8618488730519867
0.88678597353903
0.22156927943736
1.8208251347357436
1.6505512797177546
0.17961271680349122
0.8255197743139036
2.4993563526321982
0.34547581087532797
0.708034917767599
2.02360676536151
0.6678309828216086
0.6365139760723588
0.8123477405069824
1.6014502450316943
1.3410021341408067
0.33586584308845474
0.43741362163234554
2.028677641303096
1.6979730637696786
0.44475946366550856
0.3133157198252982
0.9477391873542016
1.3697322056518166
2.228674029929235
0.08851612316608781
0.2489063003071389
2.290256438041391
0.41969911778353747
1.0715660031793561
0.9051869988375035
1.1953991697107458
0.5476035446562968
1.4975696823774176
1.2560678744950249
1.0090064165865118
0.34117346062108417
0.9597727024693647
0.7497369028020127
1.554203098013854
1.602189148306875
0.0008505359421777403
1.8427211216490011
0.3528866602140533
0.33427797834021444
1.0484989029071543
1.3071704406357185
1.1794102377376774
0.6003449876602368
1.9102785253092396
0.46301260224970137
0.6470518445083099
2.2821698836603335
0.48140469678164194
0.4408238114177684
1.9112714050917616
0.0477304799554918
1.91428057496782
0.4183896758400943
0.7520460056055218
1.693105822866555
0.8350321842863221
0.20866647334552496
2.2305820648648385
0.9409454652250857
0.5087241109103184
1.167207116543322
1.4902841433947533
1.1259951081619068
0.4472094054614363
0.9038802377163725
0.8351245423750072
1.1619768850533239
0.9356093202469826
0.9404370319303509
1.0132651185143826
1.389181323387339
0.10739748244201074
2.022166721148565
0.8060384536193285
0.7798061498566642
0.5432960949234822
1.8821842742629211
0.9115706369937815
0.6406777524483482
0.3476272585016883
1.2718029887079128
1.2980549653648374
0.7840045173438703
1.4869097458277465
0.5685803386902398
0.800380332158881
0.5437588719990623
2.2394285375460834
1.3006496864139803
0.1010044677985428
1.006193946726186
0.5400907224377886
1.118441404129995
2.3701310358686687
0.11423822974207552
0.6305453650999436
1.3307571482455862
1.4718385745496385
1.0714430556950667
0.1512086234563625
2.052926632433897
0.780430526775393
0.8439095671903208
0.4546087524588973
0.45304783927911024
2.280505185193891
1.2095757629604806
0.42461881550289565
0.5419957810835184
0.9472953767786569
2.2900544136595755
0.6218681635010761
0.5231331759336759
1.2972488933670092
1.5265343399558249
0.05097339409553505
1.4756624529182694
1.7135341923119651
0.12990480113546746
1.7346051543858805
0.29190232225191787
1.208051001236821
1.4248581354783543
0.8596894629148397
0.5063996577392569
1.0094133934506477
1.291081869442043
1.831302012555856
0.3727827177003007
0.24409776476036357
0.491963028797633
1.65658115914
1.5947501464225515
0.9080790730494863
0.4179945263851332
1.148963944799831
0.9433170642264228
1.2203054231910193
1.2448157007416927
0.5000178238125658
1.384682541216715
1.4182727625371585
0.6192143346503609
0.24095723994365922
0.3921133383043385
2.6956212299398343
0.6633754612376482
0.6638452540751153
1.5768199917688108
0.4476487533031473
0.9617103035281492
1.5207084451559776
1.0616139033356922
0.9451389900691829
0.36455319723904434
1.7784075477698205
0.5459098748415357
0.717924178997422
2.204723920028467
0.3593392363190631
0.7151897505535464
1.659787795901454
0.5410876225528475
1.3160519147505805
1.4918799475575601
0.046568932763036135
1.0664655653451096
1.1519000023579438
1.537121587941196
1.277111226636723
0.3727794520799638
0.6335550433634585
0.9866852487746722
1.5460387056344107
0.5107305454370541
0.3286456708913293
2.77267663828331
0.5017569878469871
0.38495921928292676
1.6546265289477187
1.6255003881813117
0.5706734240406435
1.0049599192213639
0.44920630100360165
1.159086623041495
1.4018886714677379
0.9815838393796508
0.9284612051695176
0.433573017853421
1.2303658743993269
1.3166710473541412
0.8931485600524701
0.5497305581525633
1.6657357604482683
1.2631919635613498
0.32523863351499666
1.1952905491190833
0.8879766168987239
1.931690694039539
0.7357214277404254
0.16307133328408985
0.8889446078529328
0.6604293659566303
1.058247913104807
1.4513577280452685
0.5119979417036559
1.0422206458483225
1.1309941695664982
1.4601902680621035
0.7967186263202124
1.1476121379379909
0.4817467608049355
0.6115834770514799
2.467723224769187
0.40396950442469864
0.2851908720973282
3.1816646862679883
0.395386497252101
0.10702994015737066
2.782585209161385
1.0934935641886876
0.2773999462673089
1.144156195407687
0.636184450547801
1.1693337627590754
1.6236061850014987
0.4475320954164049
1.2323973931681445
1.9519733666077719
0.22425774387447556
0.3786335861336951
0.8786746723315823
1.5197445541244188
0.5069566301004276
1.4777679663411167
0.8082011041914295
1.0560658316468206
1.3850821357475096
0.6961760281423627
0.973473844336432
0.5977345414105362
1.3947642996176006
1.4960935893847838
0.5575429172507597
0.41505131566847403
2.025345785202206
1.1700066880848765
0.7576852343708859
0.4191442200199608
0.49004028492526835
2.340737342884051
0.6754275033502707
0.8288048854612922
0.28936338650027915
1.705331855732684
0.3349370579764174
1.0672659880575566
2.594342680678222
0.5731410183078752
0.1216541410254979
0.9301548214699067
0.41013439973446897
1.7756549787562985
0.9537560443686619
1.1783257063799633
0.9735250589469955
1.0267231548514468
0.3983102650463409
0.2602719095431856
0.8115339241166654
2.6447108118305795
0.338989657583201
0.7064655448609468
1.9963317117661354
1.0045148059628533
0.34761906953540234
1.282757050787461
1.0107694889557977
1.1301794560892808
1.3869272673175521
0.35765371043079847
0.05193691574798544
1.5184267709893995
1.8385879630755586
0.5600099457874198
1.240050235740111
0.4336868479414209
1.2766842787562553
2.108872369839851
0.33847493379106997
0.28394798670905264
0.8670427095126616
1.7974486900368032
0.30650286255583054
1.5135287381821618
0.21666949045125095
1.608016612119451
0.4971670661783571
1.0630461733699317
2.049791338654108
0.1223753561702942
0.918344071774169
0.549288919487057
1.8987395970798824
0.9521900713418806
0.978929537524571
1.161108076115639
0.18593158469158722
0.023598835589577666
0.4554008164618944
2.2378836549333276
0.756839640807685
1.1393875435786955
0.9396068881995653
0.6460916484470305
1.1508973255748232
0.8886147988411561
1.8411811874075243
0.8377337170298111
0.03321320879604349
0.9489049017748514
3.1363914480388586
0.5317517191144552
0.03955278112632477
2.221292669186537
0.21603759529427366
0.9254533333149397
0.6607984313719668
1.7042648891924874
1.484669152451005
0.16202122262798416
1.110970715863606
0.9028680827717231
1.816067335125676
0.10541159751008908
1.0201024784506023
1.8606622186796804
0.7505772823108117
0.3346675726515116
1.8788015844161834
1.31071906540857
0.4110677357848765
1.2422718693236041
0.7760332806486407
0.7111528492754557
1.8440908345845926
0.6113296883345635
1.3566571918929302
0.649782545310843
0.5679306055626427
0.15839860904031353
2.3958331692058006
0.2509602524597071
1.353769559154212
1.2871441200569183
0.3358375656934971
1.989453351671803
0.6930734773596884
0.32638251089239007
0.6817677426660484
1.7116639768484103
1.0690070228419246
0.5167127532280507
1.1852028963348495
1.6085565606828856
0.7292260982875817
0.992335363179688
0.86913325112185
1.1946861111022669
0.6652650810419088
0.90945108866629
0.5927184428548251
2.064568185511524
0.9713582174207293
0.46587531023878936
0.806871159055409
0.8027842747820273
1.4146112610350696
1.5489623216133996
0.1741113869095614
1.5204532685919094
0.39819595828024
1.2247134920233937
1.5036897327874161
0.9262426941535973
0.9161822675758651
0.25379738622334824
0.49901986425683414
2.347705979901948
0.49346933876090343
1.3763992409837866
0.48013534350000253
0.9460936313406749
0.41049314224083583
0.7229006048159938
1.3694533575387478
1.284362970685975
1.2574003382905012
1.0227420230204098
0.4018623735395359
0.9699067568485176
0.3849963931194493
0.28804063105362965
3.059909188730259
0.6763767445666659
0.591399789087656
0.9843246794749346
0.45537003946234955
1.1346410599259162
1.7590121430866978
0.32796449749963696
1.3281667987726917
0.199325225346877
1.6478098310764218
1.2885568697555114
0.994943331047228
0.6995642491228857
0.12579967990212795
0.5835067319202446
2.5377071140694776
0.6307037975061323
0.90039340695056
1.0992584313531333
1.2000440328827169
0.4267936643310036
0.9314192147626128
1.170263636243352
1.3818578742411358
1.188301544456087
0.12453726369652113
1.3276359805560738
1.6373732630651248
0.7485094096651148
0.6855355757008479
0.741071866586096
0.9675009685355286
1.4234500762448552
1.5255098633001682
0.2680687265601789
1.0887278551206296
1.1128674692192373
1.542160421923999
0.16698884191261273
0.9792787958649659
1.4818747608048615
1.1531636922364983
0.2802795844434838
1.3439115779212227
1.315172756568264
0.9729999042946617
1.5218304268395317
0.030641919097397472
0.39327662003040914
2.9972868140287567
0.3368014192595299
0.6749005001046657
2.300786470887044
0.32251316042374634
1.08197247807853
0.3170610521427926
0.8809687767069748
2.1015999885391583
1.1458136641771468
0.2988128032482685
1.4308010418566859
1.1087818275540462
0.06727148946314401
1.2096471047204347
0.39016182254040604
1.9118405275834787
0.8496255470131142
0.20094262818875885
3.0480100092281672
0.24074881279218108
0.41478319673635533
0.9893733500118723
1.3223252196824355
1.0052428453293656
0.990759809700581
0.9768112677897892
1.4008951548067075
1.0992286393690576
0.5607306648146033
0.2081314775822378
1.7156919881002215
0.07866540312850423
2.1753231323642273
0.6855362466577722
0.35355189225697653
1.7652059495491559
0.25246863008853926
1.020799053054027
2.0876142994377074
0.8721054607895358
0.20540137271726103
2.4325447804238394
0.11076181278505928
1.0256098966001865
0.22844246104969435
1.1654483800738886
1.4117969007223772
0.7486183158246125
1.163854681579605
1.1169016808467622
0.9312470685365637
0.8189139958857189
0.5374357187124368
1.1679751302424537
2.3576191710471996
0.32272726909923505
0.326004472392143
1.482219942255258
0.57048252986048
2.152780181840195
0.3470889873038524
0.8012672810876363
0.6636351922611026
1.7177404640163834
0.2508237827008436
1.5428114484083286
0.25546762443740856
0.5991175546122742
2.52740377609811
0.12337924360628878
1.0331278668829602
1.3126642630150591
1.1681823306197807
0.6061137628616655
1.034874864907728
1.5277990508418486
0.5019031026351267
1.1706747131599733
1.3456954990576133
0.1635193053441168
2.3175662927735465
0.431306508448069
0.4522118938467283
1.997086592696204
1.428665464749282
0.33760495276828334
0.28835551518961244
0.8131156707534074
1.8911814628611738
0.319235552347901
1.851392149569702
0.6894106245025039
0.6985039122327789
0.8721745215804727
0.26809126603229577
1.6115269735153792
0.6729592082557856
1.6083154981368757
1.6276708799243642
0.082117819987842
0.32923089240553777
1.3359211494542391
2.5565892561946075
0.03624731731840402
0.6997016447914781
1.2601822794081117
1.2270589251143402
0.9771702055405813
0.2914737040854812
2.5334056142601358
0.555381436299925
0.2190947195745867
1.4212875830717677
1.331756660357241
0.816700004250076
1.2639880129056151
0.7600427168925237
1.1539899240740668
0.5538902390569832
1.1768251057642265
0.5411249767210699
2.4900007631129992
0.1969276561723579
0.5140944001477912
0.6189741490002534
0.1822296611736442
2.1612151024167745
0.9787495422015261
0.6804364458219344
1.2894481049356221
0.405343589973757
1.2294654119554789
1.4984579754163263
0.15199149276301485
2.095628995503441
0.9881676259480053
0.649064893354009
0.5581449188720984
0.4340935067965189
1.8588011459477631
1.7019650636977897
0.2943956429612834
0.6896490634028688
1.7738860167028854
0.6907929833774971
1.5741267545407203
0.282653130091634
0.36553768910006224
1.2790146792207715
0.678094106716158
1.7567858086198744
1.042874295725852
0.5448838114884116
1.5131167295031596
0.3920582701417427
0.9112749583343612
1.6167483558067044
0.6503054622111288
1.4099484046289055
0.7145838302364973
0.8987524425437474
0.8832426564186989
1.3402172009791984
0.767990886519172
0.750354374998527
1.4881383557306007
1.50204051516746
0.14545115823206028
1.3935076926962406
1.162358689237556
0.26072372547817757
2.6101070561075357
0.32803661824754476
0.02565460256638724
2.2627782565267673
1.662993043808874
0.11512039043116255
1.1215786144053792
2.2609979958604556
0.2165898154905486
1.3141650460400827
1.0567812766355702
0.343238669150547
1.0774556772235628
1.4844597900494667
0.8604769460150028
1.0671252831609963
0.6705414173991464
0.5751893228244808
2.287931776013286
0.9013927680885158
0.4055235674995962
0.7706105328287722
0.7620623809111211
1.3347084631276847
1.5811021696420386
0.9309713096816273
0.25671014475018833
1.3425512038338305
1.704815806115295
0.539867715515447
1.0774138035365672
1.3358738379188504
0.6159563485833783
0.5252036695426797
1.5617451091256418
0.6099380817227429
0.7096141578467839
1.3336777564236553
1.7738630952774455
0.3750315050544066
0.9742176056587195
0.6333140966233423
1.5399437957583402
1.006988752877134
1.2988499415117958
0.7067836887795946
0.07278966593651989
0.5047000166211597
0.7570299862603553
2.351850400164267
0.9231008860255708
0.5190541400946775
1.1613459361253335
0.7116409575191561
0.7673366770826289
2.554183637333542
0.32797762011004933
0.23975956529355602
1.1198005265083006
1.8071734615101978
0.48038743795330047
0.8133271462452115
1.520839389165303
1.6287481341567132
0.5743877393965949
0.49488468689296294
0.33747272219815594
2.652994081826029
0.9492499474163014
0.14417910476864906
0.8410043694931483
2.2282114117988585
0.808535818478111
0.5911971095667519
0.8858765247445781
1.2718716360278761
0.6371848972228055
0.966104181827283
1.3431155930718814
0.7218423547304442
2.0133997254824143
0.1575820842808441
0.8301388334984798
1.1070386220980353
0.670828217262114
0.9531682997551333
1.6225624129271385
0.8178589806462602
0.6747786743930183
1.5226286657903345
0.8526931267925311
0.48813672299336386
1.8144858288752463
0.20436334646559565
1.5464776076172682
1.0152228352757262
0.36415141698539577
2.466753495071273
0.1441753653975121
0.6547450420120676
0.5544110199299794
1.7544974129291033
0.8610629555361424
0.5990254452007432
1.4149437832577711
1.4060857223661483
1.0771343786360692
0.5444588403324273
0.5331126048611182
1.4588121272052215
1.262415547323168
0.574557602195537
1.6032506561899882
0.3396142787123725
0.6925778068392193
0.8346389558262549
1.0592417965726946
1.5452326290711598
0.6538787312413623
0.5168613636576871
1.2406965815350572
2.5088514167487914
0.037319971823372
0.9612414916397779
0.35293671284676437
0.37093884661389315
3.0452942846763427
0.0925951148251357
0.9050408426643116
1.0728602543378987
1.0230264086761047
1.1697534840774728
0.7027719721162837
1.0471064841109898
0.7693223523045594
0.8971965153223918
1.2821543146969137
2.050932524597516
0.22846261278510252
0.19427926725030095
1.099660409278169
0.7827622953364423
1.649564490556986
0.7053117955102605
1.5753420951747479
0.18064161682331634
1.1599410747573224
1.1819294217096683
1.0415279465682172
0.4899328357248797
0.7262372191408263
2.2782173461166417
0.1297186269285528
0.8022033026835654
0.18300852055772968
2.073245328541908
1.2701860973044465
0.7336495427111621
0.6563116922055919
2.0425337726681585
0.1264919827707295
0.7812918441689015
1.2786170199698872
0.6166382858866857
0.8789639213994584
1.1772345844129866
1.961292332732258
0.048952468479085694
1.4500915311982001
0.7665045799186287
0.3348922812977615
0.4868635823591963
1.9150390910551576
1.7105552994948126
0.6725268129061647
0.43082669834208176
0.27800587124954357
1.5897453964875135
1.315064727483359
0.9120351336847288
0.9197206481460193
1.473972398043969
0.003974627712423304
1.8557515503788617
0.3516663938830265
0.43402095109276306
1.681046128122821
0.21248738348579924
2.2958064693244484
1.014108933080104
0.14213163748380925
0.5034062718391863
3.091476834313619
0.714532631808329
0.24253649320022355
1.4490214768751788
0.2503139064499521
1.6217386014806898
1.1381813337296829
0.857783334961267
1.3135420674364662
0.2587047780416173
1.471904249231858
0.6515442947130023
1.2038459348597934
0.30002707151301977
0.3773578752910523
2.136439492765344
2.049762067070767
0.14684013514489858
0.32881585861630036
2.3474791611336334
0.42073973816589844
0.6581069341126281
3.0966548859325314
0.10789465715712997
0.31111060771199966
3.190349093873144
0.018293036445308233
0.6691933451961931
2.3756951950936864
0.8526304694823018
0.17876031144721855
1.3540603596356493
2.490019060540077
0.24181849317813728
0.13170072685310805
3.417411553494224
0.9025840276357038
0.2310035480046506
0.09831407095859696
0.5564249988927329
3.6834963330313166
0.37135847935969957
0.03498589819725862
3.38068268854702
0.7542929197055976
0.013919982404449032
1.1506440676273069
3.3649459381470685
0.019913596060700863
0.15070529446927422
2.72955567386883
0.1971862191104126
1.271519685039731
1.192900366185947
1.155800082128607
0.4734107978470937
1.2217077718587541
0.6991779289006429
0.3467185317773628
3.0131610105386373
0.14049278923629424
0.3300471970591889
3.3226161472928233
0.19408806486623037
0.4442611999192528
2.009679496365783
0.45610565848686413
1.5340784273727484
1.2923583628754585
0.2518952659263954
0.8086324354702756
3.2031872596848214
0.046824327284032845
0.19124700362513056
0.5437678376477991
1.458304998508626
0.27546650066843875
2.4051423322753767
0.25619208613214584
0.6686900969482721
0.0592023234820129
1.9293789214828316
1.2748779258949618
0.9867475257885228
1.194879317655157
0.22545989470033018
0.5759431638194188
2.0659058117601847
1.3088433147985503
0.3726300208003057
1.2765070679639787
0.4821501631902906
1.1296241051976161
1.1661663546735561
0.901499697627521
0.3083454305575571
1.6994442202830866
0.7214088515581331
1.065773368220809
2.0497081127943924
0.17730072760058924
0.7807333753321356
2.2945195024300933
0.21154073899766537
0.5639957590271312
0.8594800773508843
2.2102991451015814
0.6232654321659827
0.8101500665410141
0.4991256410327759
1.0229653965860335
1.8318421711743058
0.025559701670673722
1.6228213294605909
0.3290884781859617
2.1037918522435737
0.14682923573817658
0.22080796670223785
3.1912366411006095
0.7522108175541657
0.4150524432163298
1.1650607315546304
0.6858643565172283
0.594989667816374
1.0512937933617592
1.3288281503302115
1.7066475458899026
0.2543792104782717
0.9653460819202623
0.7691298459147567
1.5218527563039659
0.8465372264480265
1.240122760912017
0.35701954838564476
0.9156607414505429
0.6138747924159481
1.8487370143911803
1.209045885492183
0.5447360679417478
0.5135495321737172
0.34109796374079204
2.264401883387952
0.5210229191668015
1.4752592886399594
0.14435257117341413
1.3181559934520326
0.3585294327847649
0.9106664633578114
2.142538608298661
0.9478722504036462
0.6243057118064039
0.14198856980738472
0.6581906532477041
2.4436803407664125
0.8279600336619927
0.24536703325851603
1.2210437848637763
0.7744119166847104
2.294331231174981
0.07422971788473341
0.909219888960336
1.0950811495997836
0.4287684569971833
2.4675696090800256
0.202637302411534
0.5057816873552154
1.6063634675966945
2.1203322799090785
0.19571259933226462
0.155789579384756
2.504319109838516
1.6467445228402062
0.06029612242007838
1.1420245927889303
1.351504041793558
0.032845496212016385
2.147451654675081
0.2895631696974906
1.7436912292281956
0.3530195307703934
0.12753503753814524
3.398508388173736
0.3796227326515193
0.21567733883697177
1.647505476410678
1.5937241426526498
0.6530844746161742
1.2354304312174493
0.5238349356867911
1.4279580514551768
0.08654735194240104
1.4085641341916852
1.0104245842693067
0.09618002483808277
2.3168375793553913
0.24572039409744556
1.4239104783910725
0.7123528604347632
0.7095570014519019
2.377251801826013
0.20602570282313393
0.1819583237648988
3.32364170458958
0.32357941744771507
0.5606996778077704
2.33783778562447
0.5605807597804604
0.4236779022059351
1.1411217132182305
2.2241204078223156
0.4204870134548648
0.03317789831229623
2.3550879267434253
1.7166112267367295
0.29931747402404973
0.5751070482156907
2.439890799650696
0.4707055642766551
0.3194075003604593
2.552378060578572
0.7853571028206006
0.6435812704402403
0.3466023167529134
1.8334973397183951
1.3203740244356612
0.7583011938197997
0.26690279524599597
0.7802543272532145
2.1394166409620756
1.0327654237149448
0.3797775340714951
0.8349806298030386
2.453065865154761
0.05729075684576018
1.013130715953401
0.9628775128803126
1.253462109965005
1.186284817953532
0.3176955105563584
1.3911700011886337
0.5537636223927703
2.300485382233642
0.17874711300676963
0.26935278733862966
0.3439252584018558
3.453739343417576
0.06439361894731048
0.46925468596988085
0.36080897452661087
3.0676183766465894
0.48548652995515007
0.36887198796814324
1.0149507391222914
0.8017984843319461
1.3378372179419336
1.3628680657458456
0.9090904091546552
0.4503512167125617
2.0460600815137644
0.6896137735797234
0.10712559870790919
2.457227264678313
0.1472328732125584
1.0154665722137137
1.625897143288993
0.2057447298989112
1.8426490673824203
1.338452004982071
0.05549947609116945
1.203363709476174
2.5237684896079022
0.4168169651643082
0.28067459737115674
2.190213890867937
0.4333977794690853
1.6731891645733443
0.22495507567217926
0.29925106647439553
2.266715032586964
0.0271804244639906
2.223657986569379
0.04586586531893154
0.4039554683792119
0.6806758436718643
2.0730775659570786
0.8815828209932431
0.8785755853660316
0.8754585657362356
0.6987074358307958
1.574628671474931
1.0618681715646603
0.26645405763354996
1.914811312795954
1.4238560077548992
0.40360715498935845
0.8627328703668615
0.8212927249703204
0.49205293684209844
1.2652274121804956
1.7556541470075522
1.0482739165616959
0.3352918554607543
0.7510226237309051
1.7678210850922131
1.1097911415374435
0.4373867582015588
0.6876911063557828
2.1221809854182014
1.5401175856842855
0.04519263531796881
0.7779975925815902
1.0484259355097136
0.48791741492272805
2.329170616850133
0.722655672364585
0.24138642017144532
2.2006904459632173
0.6408428674408657
0.8218648247560911
0.6222421108418391
1.1066410579565547
0.6908558652787158
2.215058344472934
0.49010782977569295
0.6021113406482548
1.1023374231793273
0.7039010924398584
1.3069859426564192
1.4811275952679326
0.140206844468222
1.711732370987466
0.23136884528017485
1.337336453575192
1.7854021547676446
0.4017305977746533
0.5471306497773945
0.6657307384294529
2.127599526195579
0.4099435379581835
1.1340522118575067
0.9891364639448079
1.0396632200509133
1.5305141376029732
0.26831322425488013
0.8075412271559538
1.8918595047074174
0.9335180946283888
0.34354175495155637
2.2995714763058808
0.0995349027952555
0.8785629042818973
0.4107931915586733
1.5559545242957775
1.2931277673929025
0.008353702418341612
2.6230846550928115
0.3834348288934308
0.5902736813587881
2.185412667494208
0.35907610422087305
0.3204940168844004
2.6395817303578117
0.7139770447105162
0.7431203385387871
0.40066986907480145
1.8694900113841557
0.10772559968477
1.2308871664439298
0.1898453747599281
1.6036085538128257
2.295672367121152
0.36954214402705865
0.14939453350086113
1.4403919730376513
0.24408153337275848
1.289006076361214
2.130317060669575
0.9451864884861316
0.12994714647472874
1.1182917681520121
1.201734430872513
0.7451906792652017
0.3217610643282247
1.76273501423954
1.3396219702768484
0.9094552935253146
1.3724484223606606
0.05712292432101625
0.09127756147477523
2.83093869657136
0.9577843388101411
0.8852553677184207
0.7408690080837703
0.8185251748754783
0.26858377728125016
0.29948222870345126
1.637732264030325
0.30624371080979973
2.306648034067589
1.116304724150527
0.12990660478202637
0.6656432145239214
0.054211595071468714
1.2883580268704937
2.9099410708506936
0.0652534740141019
0.8545868200604125
0.8636150173619864
0.5171200171062714
1.290737975117276
1.6877437956722185
0.17766683535532102
2.1118039738874663
0.2556263071902792
0.6327206209064598
0.3725398748254936
0.5447414485710703
1.3892671375370627
1.9388218639071613
1.0198271401758845
0.34416258599948546
0.023537341147735452
1.7517863405309704
0.7658239843527216
1.4784563748590465
1.3065049637901258
0.786624761040792
0.09027242171607965
0.4454901252726208
1.1603552426146295
1.3763328384746176
1.2823466923278606
0.8266064542172178
1.0003692416519387
0.6910949413658103
1.358400448729511
0.9947731676477337
0.11473954826562259
2.884020979444539
0.06960975782864177
0.6899379976159968
0.7044065499986909
1.0663667998926414
0.31856948971308874
2.5482480521202824
0.6399473530009303
0.4443461125584164
0.6670908712941863
1.141177601093032
1.6481432554351048
0.6338004250996178
1.4250348245909787
0.8455907251860266
0.37406124157368453
1.431266182587089
0.8137843117197903
0.9514650004578155
0.6009812160991806
1.741437791653765
1.6562897667548953
0.027427576804547157
0.6576442693339221
1.0920344425340576
1.3960250379530617
1.5404799737267993
0.27462614282712716
1.1670923307611756
0.13727486842626668
2.022825824145416
0.8842957278103984
0.8242179676732448
0.4078506725127814
1.408587102522017
1.9308046489060426
0.32173134231565015
0.5069831877911091
0.8350437808832748
2.107273007749664
0.9751250044995114
0.5517518104952637
0.2874091905214387
2.603581069035167
1.2512851673287992
0.1177004969650613
0.26091214391365747
1.7228779976749153
0.21672931660117623
2.8906722317149716
0.06038675358021152
0.012996351563238034
2.4804705979618755
1.882175335024033
0.27986558373116294
0.31246462213303444
2.490562410781132
0.21553241599679712
1.5031566459891121
0.34128515833747375
0.6100292081180286
1.6772580657597171
1.0333533316681989
1.0788917620927523
0.6134845751862515
0.7244892736387223
1.3495068837156636
1.1201334917407428
1.315973113499746
0.17588908485153615
2.1388774809231577
0.7241442680373971
0.1196956546630919
0.7840160170851671
1.7326969046012173
0.6624515423767144
1.5870386865639
0.7684134673612987
0.4316130972804622
0.9285917387651631
2.04381972656816
0.7931689447762008
0.2925382395109158
2.265082201436183
0.26591397668019706
1.0761805698219689
0.09645403612457235
2.234469794781314
1.139094930934396
0.11282245103375843
1.035883958061704
0.5299525852762117
2.588228186545329
0.30251009739686024
0.2839571538351264
2.9871331628848035
0.4594540900828779
0.6695425212721445
0.30027454346587623
1.3957459634553373
2.3812030574859753
0.048393439618156175
0.5359990637538521
2.088713529702887
1.8268128001144008
0.1652815603944541
0.09717648192027234
3.511632757030763
0.8092748919965443
0.05728595966903673
1.269399469839559
1.860900753465128
1.1466810739886244
0.18728090006822942
0.6805785871167955
3.095170600020142
0.40651859711158755
0.03443355476780447
3.0205917208496254
0.7602290958860072
0.4615643419980886
0.9844384964541253
1.3003747574891418
1.8094356350315175
0.05828891298905096
0.32254706622122964
1.9459271766601138
2.011011765345607
0.2955489521591461
0.23395899322785227
2.2012188715870122
0.63898275986699
1.168336503443301
1.5407793595610626
0.34189414469842655
0.904923801982556
0.2517976688049379
2.1963029117753474
0.5896882328661234
0.7136876449215898
1.0200352018400278
1.20067220887566
0.7812455836169984
1.3404184509089936
1.7553162417009025
0.021392741503284934
0.6946989122440735
1.726102368107888
1.367441619140825
0.5302810415310029
0.7907455653145964
1.6895528127085324
0.3258849560880522
1.0435259555139527
1.3276392182815033
1.5095270701777828
0.2005537219034786
1.3349877890444228
1.4333575117615394
0.19868842398826986
1.4650632049126857
1.5005556153361632
0.5519385323075574
0.8516439581491473
1.0414539861285612
1.7348189410496049
0.24983247328220567
1.3696753200913445
0.9364063530096455
0.6740761617881096
0.7765869735958679
1.6789076391286044
0.4669105153432472
1.0658808508782316
1.0587242839160835
1.6240099094924352
0.10629099374746499
1.6747384478549308
1.1350355218391948
0.12940711216320994
1.600376933202438
1.3046882042283856
0.3229932905780384
1.5616468100884853
0.2328230641725461
1.5841654273342305
1.7122029418716318
0.7512150593501454
0.05925722779491204
1.0680207344358499
1.751253087256247
0.5017723413889462
1.1427568937827963
1.3355196627319341
0.3347927618732176
1.311999863687195
1.4803935528440846
0.9564914390152467
0.8647678134871475
1.029730369071798
0.22114070579516573
1.6791076341300637
0.7116672601222339
0.8833167649911541
0.8687156874612033
1.5596246514062477
1.2548007215293486
0.4928756541767593
0.7299979684739746
1.4747362576691991
1.4046373735546283
0.00890608510292502
1.5308443090855544
0.3833109285306725
1.4437117976447202
1.3641948971240054
0.7990766849053955
0.6948128878074441
0.9725632236351662
1.3952785885820627
1.239630048734542
0.11975224324698931
1.4165205655982787
1.6124004948363209
1.0026336255833403
0.38870063905489244
0.8652609290109949
1.054139392182481
1.1098012843689686
1.131458554651369
0.8367773972594967
1.277211513615543
1.157104411637118
0.7156772241026851
0.736169737361896
0.9818215066908267
0.9214558604012218
0.978628116417501
1.5823847997470368
1.1024885976415828
0.7447603282760661
0.3951582434785554
0.9462216678383665
1.0527360446935468
0.787551834832456
0.8784118295529876
2.1461843652405657
0.7833971768978671
0.4596899561226746
0.7807591032773833
1.005031038673857
0.7040152919679924
0.8319108836798775
2.6974865528748344
0.4115751339732266
0.2779644016354307
0.9704979670973879
1.0397822376981436
0.6393263962253455
0.7690277520927926
2.8512355265061102
0.2830567309908279
0.4216553634715342
1.0225989637682744
0.617329813265975
0.7449300747275782
2.962578255146956
0.2430464039422563
0.3959294347611487
1.0262260698886432
0.5720101473421905
0.6765423597457993
2.9861142807617544
0.31223872495742333
0.44857114594893044
0.5719157514124048
0.6611333302969242
2.9181952156558153
0.42934740161430673
0.43292693857533376
0.5068148065545917
0.5983307459870535
3.00751558909019
0.419390274654496
0.3277871493343945
0.5868725219486697
2.930432838934959
0.4943795996635339
0.31703532864933215
0.5216418860946387
3.03645394235095
0.3200759994289331
0.34454366020768035
2.9489740914334615
0.33008274209445104
0.3318993697399027
2.0359384285174595
0.3271516529548355
