1.0713389341135158
1.0142578713836354
0.4285664986501462
1.4004655934287267
1.476259659118097
0.4811425145397106
0.9094205875652852
0.8273846432084345
1.664703959413668
0.498351653304977
1.178356760684809
0.8332020800656867
1.114296197100614
1.053633235582106
0.48725496009715197
1.5489082608585198
0.7386814052893839
1.25178465242039
1.2701800322267978
0.434003214202927
0.7125173341989838
1.4604898810635736
0.6920882850101782
1.566692204653487
1.133060088559987
0.2967401839091388
1.0721842688399532
1.9527338736469704
0.6809181354488362
0.2328209105095963
2.2198429215319524
1.149543232010366
0.167407299828502
1.4803290166803131
1.7152384710497264
0.516499584729756
0.5503174227662729
2.254085055545967
1.1411373687738506
0.23684891281023274
0.03992733203825859
2.339433838888861
1.491199868594532
0.3620847897510027
0.885482998915515
2.167452077836967
1.003099119091193
0.15861224605311677
0.09656291077551861
2.893952412967331
0.7640939281100789
0.7234510772669401
0.3270376197079809
1.4986476285925405
2.0713377269575943
0.4725419750359823
0.3648485291875629
0.5078109936897868
2.565744300581465
0.9564824790298735
0.4595020702086183
0.17573998212747197
2.224956286815683
0.5205683396539398
1.563387532559976
0.03385405994281462
0.6307462503512538
0.89826580034378
2.308903856398047
1.148328030473268
0.10184400121072762
0.10531534510081003
3.1147564704961
0.6439835971916318
0.780209270553087
0.6333721372115804
0.7653605875048769
1.4805147612593943
0.20628310163100222
2.1963552635632237
1.0478668804577451
0.28653203443497555
0.1742240945820016
3.4431349871906116
0.7324542130538331
0.06030031772225559
1.2298333015283933
0.40434115607947113
1.778117699186239
0.3276900140460359
1.8975167866897404
0.3758616236525543
0.9229086902740772
0.7097734261776711
0.0003235220462430863
3.157995191923849
0.0668499665167957
1.0558322987743773
0.7653269390033463
0.036729871290627276
2.472563539159296
0.45509500932636676
1.3740072535352719
0.30601492489112325
0.9946658326920337
1.398152748977044
0.07272459399970735
1.862841246332896
1.1438851765772489
1.2585523215240872
0.35850005189283995
0.02662337125447132
0.31594670996429597
3.3191479315259977
0.5364408303679234
0.6024005762043064
0.9964430449934678
0.6430435839379186
2.134455373661185
0.1443382309974141
0.744984004446878
2.31517876354788
0.8666336525385492
0.8801608127984027
0.007577591283687747
0.16095027513438093
4.223006992776128
0.5412704248394414
0.003981835883909846
0.6261259163288706
1.6281033452872935
0.27347978753969177
2.615933939277024
0.2021729039364908
0.22052149464446846
3.1388658275827814
0.115374303919963
1.1228257616257349
0.5727190133336801
0.12282136682160313
3.1492523928458542
0.5012635661946893
0.6095304550414093
0.6481518302875496
1.2559929382579158
0.10407742864682412
1.9223518531967445
2.175660565291109
5.314945448075047e-5
0.39040551918127997
2.576394579741715
0.6107566888754538
0.9131246011652011
1.2511164737371263
0.11546399256253519
2.071181427190666
0.4259272059707516
1.2268333059367713
1.4932389314331476
0.5784246395205419
0.2346461300845243
0.5111316277926418
0.6795938495440654
3.359058420713838
0.061286122730784806
0.33770365582845274
1.3545560992120989
1.4395425989118336
0.5726414321559375
2.0628780029536697
0.4293827546228675
0.07476643540767987
0.8464669919235907
3.0034491413701776
0.7176068716228875
0.38654667921921004
0.23506475708603658
1.9036730395166002
0.105440473299312
0.12270571172047214
4.4300415608788475
0.12242038038975578
0.14410959037844004
0.4851956290482828
2.746891130262531
0.20434865840634883
1.0974459852402891
1.9528624008001492
0.3971119278561775
0.37167391525403587
0.07842051992055152
3.7922848432093614
0.4895124778148016
0.06976062933186775
3.246683501221146
0.25567769788905376
0.015020563235540596
0.5365873863626427
2.9206590350943356
0.7240765488370837
0.8207940794595445
0.22330584242614784
0.8484607509115212
2.0504729571332714
0.20644891443491759
1.1770477264220234
2.3865636743011907
0.483876504469656
0.07328704920099491
1.8939617307803343
0.06916284532624138
1.5316357768193885
1.2266435078597635
1.276812265800382
0.6640174819673874
0.20312588523221997
0.492559889386606
2.247186631032626
1.7679872106426715
0.3199887388907385
0.3384383719785018
0.8058337642028027
1.5234161622809301
0.18589959548975468
1.634936696695362
0.6700784910116541
0.07392791681442591
3.436126076307459
0.25385790076506404
0.5116035112752001
0.05291461990117669
1.6707374497925378
2.23663503076834
0.6230777021018333
0.11284788379662417
1.7367198457069855
0.5034615091432068
0.4945409457102103
0.7897667921245132
3.290487463885536
0.2255656985056989
0.17095295156763288
0.4045444098903918
0.892062068080393
0.5258976117350324
1.521751953118977
2.089899707439749
0.3696848650987851
0.025890643315564822
3.407384748093083
1.0490257957851372
0.09056074326344199
0.0598840259583951
0.4929430064762234
2.9125440538374354
0.18876516248973768
1.4866598598758272
0.7738246988815956
0.014128827044229799
1.062424020106762
0.4051319253686259
0.8499248349019229
2.319083358444011
1.3691056966469015
0.13100112261650135
0.4174918928066851
0.30298450347533334
2.860667220153945
0.006877634301115169
0.35060019851187885
4.375047706901567
0.15760230964434013
0.02094618699601721
2.3747461714132427
0.602897035010694
0.35735826436533685
0.09245191072280938
3.400010717451128
0.2724549440396646
0.6607858967706981
1.6456464040670928
0.823490016592274
0.9940113613999741
0.2218967698266116
1.2018434943766703
3.045692801077689
0.20708410386838944
0.026658335809140697
0.2592089404976455
3.949470685240898
0.3363772396377122
0.058663805433869044
1.1468857120120994
0.14808079341245872
2.5643577884962987
1.0700783127754578
0.5265302791607048
0.871092921469833
0.19129650299103665
1.050107993221744
1.8996884509173806
1.3578545225684897
0.016848806614258135
0.5845127054066602
0.6224618003631553
2.783017713737664
0.7408235667395013
0.25034220017220815
1.144192898153002
0.8019661113447915
0.5353007047331786
1.670016438128877
2.3586187102320246
0.02678235826562336
0.15830700812642612
2.2149201733809334
0.7439861366164816
1.2651335321389314
0.5998136990521367
0.18650779174304158
1.2899639772064173
2.3619332725520352
0.5259875509138393
1.0099836396701514
0.28766363132039935
0.15219792764696757
2.0202093089271855
1.2944866682875324
0.6988768791753591
0.5969241076462248
2.316466936823478
0.11392974614304745
1.3126527014619498
0.24239198994010794
0.46542826312851543
0.6957850228586688
0.9248177141146506
0.8444134255574841
2.851159605180944
0.27819082902124276
0.03396808169048832
0.8633117564413886
3.559161276595044
0.18148431309865462
0.045739175756624055
1.6858350134776294
1.7572873364803512
1.1532649178233596
0.5672600490632035
0.055419231133159656
1.080607709828793
2.7385127659539994
0.520447882012722
0.39062415830782204
0.5273010255891483
2.1009003887786677
0.15701147909112337
1.0838959744904486
0.894612996416632
1.4761526022870521
1.3560780488602961
0.17088768919275094
1.6458721155793123
0.6764493168021093
0.48876856708666644
1.5146466339544704
2.0786821301870995
0.5620682516487479
0.17927173388768522
0.3704323091615794
0.6501542368994213
1.4883621203202844
0.6639496803101604
1.5799162853693618
1.162922878016767
1.0237039195508102
0.34175548521769133
0.601745642308255
0.5455759241837227
2.0964920445365687
0.9549267996405408
0.7816620980855061
0.9014704862292919
0.7452515819287417
0.33739930777797317
1.4545064707797226
1.8297469824901316
0.23933032981583988
1.9895165462456634
0.14573360037401878
0.13817193994984991
2.2306789282364043
1.5619496674312976
0.8626948262572562
0.2980272036488962
0.7781852723908744
1.2489428520242893
0.4684122394460052
1.2644318529710148
1.0393491823102892
1.6113490170843598
0.038839451086134756
0.986806928988655
1.732384567680585
0.7485948948015444
0.33108900971443384
2.749326714938459
0.6486375649869487
0.30306699337940135
0.7703680622963903
2.3066063778470682
0.7609248990413404
0.30265247910386245
1.553865888597713
2.011709773319126
0.3333233970362034
0.6064261674821104
1.2088183808960886
1.7579619539784495
0.09293991104933966
0.35942303623561206
3.500741069405324
0.3771945313341769
0.427686925162885
2.0907656921630298
0.7498747528986457
0.7259355566612731
0.7364155155456186
1.3859540860528803
1.3131072340137442
0.04188020831253091
0.5701191184474829
0.31171511366893007
2.149777277647518
1.7519393645190557
0.5545086242144707
0.21164863224072045
1.3371803128358695
0.7112832942544425
0.1317859273272129
1.696542906211164
1.9312625768621299
0.553952012807788
0.5135801092903152
1.4858876443331193
1.992639099018882
0.0339454590817104
0.6375870087826065
1.9581580376674528
0.8415857943219696
0.5940832802724503
1.3908553944592017
1.8450447501659393
0.5337015205762138
0.7174833899294455
0.05555996896130368
0.5319746158026012
0.29945526495208163
2.022137294210848
0.4848749407030627
0.7501732173681478
0.8533063735092271
2.1407358881225713
0.02737516637354245
1.0019289006370686
1.944411440445094
1.1882062034701386
0.7033386754252664
0.0433876075072603
0.8894212083312911
2.389261039697909
0.46335318922642726
1.0606781303499466
0.11266159818543801
2.4063993944698736
0.34945558908417407
0.6031539451599699
0.3198059513640484
1.0955640570359646
0.1656296666197047
2.5911294500936477
1.0038699756024423
0.37497027288045714
0.3051165845598727
2.843686571581681
0.08198685389389852
0.6991667426426745
1.6727017473919072
1.2082807693372648
0.9068901309087279
0.9143086707754329
0.44301938730253226
0.5970261715707742
2.5288995514748684
1.0733169793997963
0.005314122155865208
1.295563507705993
1.0889907353655905
1.894696499058504
0.2855675314303787
0.5310740730104875
0.6020359582402878
0.9856034381325733
1.7315135849363288
1.4815705730757662
0.3317879910155594
1.0113519497769328
0.07344128881894112
1.196147051729757
2.8552088104485946
0.28247573669528425
0.08991480455506014
0.7796278884486277
2.9966804818144928
0.5253967382868898
0.2602677961944298
1.833527034420967
0.14851296334865846
1.8587298471400229
0.24602334259812184
0.762149463401559
2.546806190029894
0.11593885955813645
1.498061804721566
0.3627611028012404
0.36454008285476125
0.9080532287385223
0.9048308313068741
1.7740815976168491
1.54682715197861
0.08841008205379072
1.1194292331986646
1.2374159151344122
0.8185800698822403
0.09601186580729962
1.0838143802118516
2.2113478831959186
0.838755546156619
0.4359301729308003
0.5396611375514336
1.762000217844537
1.9908988183355505
0.20100065303939052
0.2676415891655885
2.1900252601469044
0.9178887696053003
0.8673305694858255
1.334814698820555
0.0763656859995555
1.8286514510887673
0.06150206527712567
1.0623070712210136
0.36401349365987545
1.9802263422176656
1.0725777306386857
0.6296286590607073
1.7309913741155458
0.272594914433981
0.6658327662380108
1.9202374052486848
0.9187421263609331
0.29469323265202163
0.7040169165064268
3.404742814277352
0.17203229358348368
0.28975773414625927
0.1389292489837014
1.6012340839386658
0.9720973591262801
1.6551886403928249
0.5428280788118853
0.3892230176618932
1.6681024597854406
0.7211274734240237
1.1341002618035187
1.354700396145184
0.94930123929261
1.1079289671351
0.05638031844682576
1.2289999653696313
0.8345178515084095
0.1996518425381792
3.0840416273153135
0.11223509468476571
1.01404696221307
0.17420289001211242
0.2138048831655661
1.4298716574338608
2.689936815067568
0.3238730514067286
0.34248516142847524
0.15139481477799485
2.8538966906375287
0.25784942262176286
0.8688181727618783
1.636840102824389
0.6834045102139908
1.0518647743934821
1.0171292864573576
0.5244258357837585
2.0377351421250673
0.670091360377128
0.7721429131011116
0.8386358058736372
1.300596897407487
0.786411036901062
0.6510962992947728
0.6241814577215268
1.7220840006469562
0.7904866967263761
1.624125817259015
0.6562582706216504
0.1313030498717475
0.7843673224293879
0.6999938604162387
2.480966278520308
0.3471303984521849
0.47625615919897785
0.6018906915814046
3.1410819803978622
0.006110255852132377
0.5556552786002767
0.9937201353992619
1.6042623367404494
1.7235158699510895
0.21048446369062906
0.4915123777140491
0.8555058872038396
0.37341031247723055
2.6318978583729713
0.5232894066687416
0.7406087221854835
0.0498210436989913
1.365135015968112
2.156308023752497
0.5303164620849486
0.47416172777977256
2.399907226538832
1.1677098544475448
0.10181994020314176
0.04841474545737101
0.47312548363316625
3.119991520127557
1.017495893987218
0.3082059905491698
0.3292815263210348
2.1354982420068556
1.0300674093301723
0.6266463929112164
0.14623096392978027
2.366922472637228
1.092929336954022
0.30816140680957815
0.47015513202823045
1.0261944767060023
1.2810294387636623
1.7145625741254087
0.1840908125171128
1.7655042132210779
0.6804730087114466
0.30097956394792746
1.149681091127439
1.71894809383658
1.4048953798596524
0.017769680618870434
0.3935936254296095
2.0711832080814396
1.8996929456628973
0.08285779268485811
1.1992238407107492
0.3792489384265912
1.7306658357828055
1.3406207231046467
0.011556304115999587
0.5085670128685975
2.1145240140481865
1.3392361586671424
0.3138579840044989
0.7818885332615546
1.9429193753988345
1.2056055125621086
0.3427644441751352
1.2874533562598827
0.20484251226870379
2.3172537416841763
0.19610906515596366
0.7449179441346647
1.837524809836576
0.6962393960521462
0.9925262632825608
0.7540479184527723
1.0364201081916422
0.7937266344412843
1.101637926958568
0.6227815619609074
0.8572431165287261
1.9468959289652652
1.0702759022369643
0.5339782438733038
0.25543109763700517
1.6720725062922988
1.914065294613849
0.4618339546807566
1.0557209387462152
0.9145516288054515
0.03289704712424791
1.4607716512765965
0.4311333506809641
1.646935822927927
1.6301797362247121
0.33852900484421694
0.7691071486586996
1.2696936495511033
1.1175465317505158
0.9253785053007548
0.9727842759259621
0.8109489163214613
1.2166677769324827
1.2362088572153802
0.36302160840328024
0.8230960151741564
0.2381625622980852
3.236139716665545
0.7232784575250744
0.03486931077279844
0.4508477360638813
0.09622558741551877
3.3939307049418956
0.18330653197522442
0.4959040107409005
1.9453747375476504
0.09657393141936024
1.9900738815000294
1.3197379397154927
0.343028899247309
0.41444684056882986
1.0443491600097696
1.0605393841438435
0.651898832204597
2.280099484016661
0.5309176214501691
0.6768406491042698
1.9289852294138599
0.06557284576904371
0.09070558453679003
1.0402181240078276
2.477115287779814
0.6204213854056277
0.9602688400417227
0.027006984431264123
1.4609482147467212
0.8711104538937092
1.2456784598071482
1.2880754766937157
0.011526865062637417
1.7759309520042843
1.910783664979782
0.2625845336098779
0.5764223748508188
2.4463499681915186
0.046239121612261874
1.2352550998087564
1.756277295500356
0.06375165417354924
1.4876250648212221
0.9043001301212531
0.6267576454082493
1.7549934076879774
0.4222361891607931
1.153132891235595
1.4003769577448428
1.3674938670690044
0.3071024389393809
0.07832148119847307
2.9275670521471406
0.4891345319454405
0.7452634262295705
1.81940098637334
0.6393186187388029
0.5837244680887103
1.20803719313805
1.9779189215711623
0.4835641097261729
0.054488766692648294
1.2242655093045618
1.624081432625994
1.5314587071688746
0.7366324164293623
0.07091157023168577
1.5325884073083327
0.15872527011303703
1.3035587079033288
2.049480899392962
0.37659055404294284
0.7327198291173862
0.8930572226695268
1.204547258006656
0.5277636697996494
1.9037332988742481
1.1992509248814989
0.4313735607361622
1.1717835926537177
0.496902288771157
1.133625053266191
0.13251331830162016
0.9913612045723843
2.02156015122057
1.2240754086839163
0.4519468909507408
0.783933966097996
0.2672673327128313
1.608873030009937
0.7473607798981169
1.9451321982155323
0.5743339793509349
0.1318003430793536
1.1845569973049084
1.6508165276206113
0.7239842443783413
1.7411904981841106
0.12971690159094929
0.5337322522806046
2.0918756704651367
0.979980472650184
1.3354767594143238
0.11372077725237266
0.12646776963869194
0.8609948172707631
1.4307002440278211
0.16251140906799047
1.9622494564902584
1.230361792270912
0.7795710213848281
0.5247578621265244
1.7459837041290596
0.22721827561059071
0.3707281345856558
3.5853396635581
0.5278490437904078
0.1718652986197349
0.19037845851957522
1.8924234463835563
1.0866302609859362
1.542652057899546
0.276545869809473
0.7418903558430746
1.3659029859500005
1.120511600158921
0.11027578624938855
1.3152071382384158
2.076384196601792
0.6757117623629413
0.07184594684832532
2.8851303377573667
0.7397088104035187
0.35345552183693213
0.894547664067962
0.23202994622557274
1.7990564426320765
2.193854112660923
0.18010045325950724
0.4989975734527368
2.7601061303963372
0.3712458677681273
0.4052573615776414
1.7962479444868513
1.0482632154608935
0.3826121246456113
1.219786560943205
2.158221712876675
0.6799473130707099
0.4111072887867234
1.2950310345664975
0.6453248552828098
0.635861274891835
1.4860681186497617
0.4758175322978097
1.8098677154438734
1.5919345387407673
0.06661831208149388
0.2744965558225023
2.0976402640327247
1.4442067873481
0.9815174069984205
0.2477312017589635
0.7699393371749893
0.6496636931856503
1.7943305967423437
0.2778291885130825
1.5343398783470004
1.5063143553207776
0.5320794999100121
0.5815412765326635
1.1976535420508563
1.8271845524339774
0.2493418492369931
0.4094916187096783
2.7563450460735774
0.49659402102272704
1.0463590966386636
0.8511835378522141
0.04627496546975374
2.745721007372739
0.19883330790889597
0.5196088503851118
1.452434242174993
0.8389291952938082
1.0145113334652163
1.889380067144586
0.4836330077639537
1.1972546739310534
0.26503931895683847
0.16609002617815863
1.6167531554033474
1.3074461927225984
1.4217577732257538
0.6263839971260378
0.20916050766090458
1.2039634231835878
2.3606015989279756
0.20723174958752122
0.535913141681422
0.39229576210114714
2.6527009334016984
0.2459286686801303
0.9055554399046415
1.9303281116335713
1.1539524910432764
0.04676628353650829
0.9003199190582726
1.072967385693558
1.079902483087208
0.47801043153822564
1.6222965118775479
1.36602498200661
0.2447774478084882
1.895131545332237
1.231022218258179
0.30364533537601274
0.10968719891241047
2.6714350790616423
0.7099222996466448
0.8851894409359464
0.6022281530259207
0.8372416123421986
1.8981225440506657
0.5530891551624469
1.3789763729018472
0.24447978041219295
0.697955597980647
2.130569099388921
0.3746798275474059
1.2569602234801613
0.41195407813753016
1.9541100129185247
0.1843183903800896
1.1093434271104177
0.2802732024037347
0.5984654013554789
1.3019148289586935
1.8811163600899181
0.8111836041089316
0.5969766169597532
0.7569962577835957
0.9485718696925205
1.6486014726762475
1.0637653493172219
0.7743721026154547
0.3467428735568893
0.7716939551935966
1.605808127972177
1.5290818129631523
0.6974769050554703
0.8139241026018559
1.1724045629497821
0.33481540227857076
1.244306837738783
1.6259784772914876
0.6796685725207836
0.023821179507209626
2.136971328510776
1.4574965695079476
0.6535543729534152
0.08201929801019002
2.09792426277639
0.5725335125549647
0.6735337823568449
1.9973656555052626
0.7568822640974681
0.6098147703717114
1.8351232810257354
0.6668450470260293
0.5140041510939565
2.6488120683577385
0.10260491891280482
0.6175892581391179
0.903342806300075
0.4376311426017935
1.7662666027224567
1.328836995403088
0.7678124850987833
0.744070941424401
1.9315911409566486
0.3505971389602915
0.45236631352402235
1.82912749686343
0.20375317919832317
1.3688396808903547
0.8549271503538678
1.412361872865615
0.4823504911824031
1.151205225821719
0.10601503432165076
1.6760367593292018
2.059861375270449
0.3439523513303307
0.17331332074583297
2.4290691407573894
1.7113344683417295
0.045364928722302765
0.8674153298227684
1.8121411596921673
1.481192550656758
0.1655801868816256
0.289770547423815
2.054079408180037
0.3212870470616068
1.7311779516847252
1.1452551330217822
0.34983247916414967
0.7517656739838888
2.168210611733267
1.0688285719177841
0.3483319081809283
1.134781270390745
0.39981271996901163
1.712243183618712
1.5691102273490414
0.21600428527499232
0.387857969532712
1.2852710103784983
1.3248816232876686
1.738127527726715
0.5782884198637422
0.32100193236889063
1.4340432442389492
0.055004700975962974
1.5910514102361097
0.7237853956053801
0.9634859722750684
1.7581397574977011
0.9017216369692277
0.27133119822845864
1.991974180517245
0.2417102319938425
0.9776359367545115
0.5690069281150599
1.0466724141423867
0.825920238127109
0.6125511443631562
2.252340718518166
1.0846010040955931
0.3528112154000223
0.9204439978586823
1.6667368385549226
0.09458084077551113
1.3829390218250153
1.166636904066831
1.1298996965737795
0.7372773878443002
0.7373915047190343
1.6674984958736276
0.7144071981224007
0.9206436169524994
0.2929865684514558
1.5456497747582498
1.4002127837337774
0.7251488425194845
1.113951469609024
0.7851614477146016
1.255795012707049
0.05705094927841979
2.1952543037982295
0.807901104066619
0.6763690541269913
0.6318716114151571
0.6120885223763037
2.673452416499343
0.5313498549597966
0.21665705931324827
1.8297331646840576
0.07634918462918137
2.257661855783423
0.5756345511464133
0.2691367889889806
1.757512139577101
1.6244523811269258
0.366109040263516
0.9751177211300612
0.7035728372694227
1.5307472718674036
0.7659085596928057
1.1671080587458846
1.0172220397993823
0.1882079399055102
2.227195173274764
0.6343809471089094
0.8323189633323415
1.9742615978251252
0.2871577074688196
0.17621387637402353
3.220858104459672
0.425453542236246
0.10866151419452215
2.485307297067938
0.1464218055530995
1.4593676137956377
0.09686008916828531
1.3290996946443194
1.7622185940368689
0.9473175871240986
0.5077432032510639
0.05599288144113403
2.961238175798673
0.3591473038213161
0.3640339513611133
1.7947359159409577
0.4020580851312769
1.6298927540830355
1.2685231072408343
0.5684752981755615
0.9984952788826814
1.338769207578373
0.5830202131952151
0.7957119292228618
1.025727942022884
1.8717913983734762
0.23163365084431253
0.8915115084302812
1.5328209901552907
0.6888995369175137
0.8468215074837926
1.8272491331083605
1.2398458905914016
0.4102918714004665
0.3539498260464996
0.428561185661876
2.217446609695044
0.14358492741257775
1.5981612072058826
1.6495545387962987
0.38301960111763955
0.14056623733267665
0.9089933634732923
1.5488138292808062
1.6868861255680236
0.6410662422808788
0.1230536352752202
2.08988849351128
1.758172003738538
0.16360720801276396
1.2074600791743944
0.59890650105325
0.25331450195635374
2.278601583631678
0.20539756627685737
1.4786551594124453
1.4424001241254725
0.9178207940645596
0.019913817074255057
0.6608354556481075
0.6988954382720306
2.372670443876118
0.6123143863252664
0.4673463919690484
0.7752059334603681
0.30874700961127494
1.885126177509286
1.341311203660916
0.29134982501322226
2.1286902679097803
0.14558143422022002
1.0278233570364956
1.386090993618151
0.6920309251508674
1.0654513513992112
1.458372405237127
0.3191516973696107
0.38562065528064143
1.9356109838061468
0.949531101478151
0.957820775579456
0.22716584247984134
2.786154376980497
0.4861552269408536
0.26140150859529593
0.7420547130430621
1.075524467828173
0.43659034239640837
1.5049720693939264
0.6095290799011313
1.0456580665402258
1.4959623115160985
1.1868973052761649
0.812999694624474
0.9299244255284854
0.7042934126176922
0.41263547836512215
0.6338875402010845
1.1720667294512985
2.3642531909294617
0.5745912468406733
0.5213157747174308
0.4772977464492324
0.05114707861886564
1.9905519110528218
1.8404271993017485
0.21537887945502834
0.7414323444639997
2.2591347623515374
0.6073860130576466
1.1388470473786954
0.6528954783530732
0.18361481731996887
2.5748824989415464
1.2301898010997254
0.05948817270805282
0.4823836562413265
3.5749156348052478
0.18524998137543075
0.36598008668123966
0.6616016130205206
2.6115094212147176
1.0169404812280802
0.14099725636732333
0.8101458041507182
2.414654400526252
0.6393004585829926
0.5787309665270132
0.6543419954491939
1.656768184496623
0.6752878643555561
1.7720898037138548
0.2673836263338604
0.6372033076313199
1.0522825211447606
0.997314770312788
0.4136603903907139
1.9799790132544182
1.242289663658597
0.1194560430857293
1.6990603860730618
1.9778123997191932
0.27467933213464774
0.6808040826843563
1.893798785141406
0.13101712665018148
0.15583702224808338
3.688545779698771
0.1490166384219788
0.6771785956014628
0.7160439000683604
1.3433048657047495
0.6277670406873417
1.207041340397452
1.5160042157088367
0.5638183927529112
0.9603265191774103
1.5947339704493388
0.34046901483665043
0.7350899138879647
0.9258508797203043
1.5164782976841265
0.8140037353873192
0.9742230081746962
1.910098578428556
0.1653333347188104
1.1846302545923026
1.2501766642031669
0.6863435180655562
0.08826094317861664
0.24290339462403587
3.7353916421680857
0.19773287817632318
0.6600763736942347
1.0419590336691942
0.3178970489685278
0.504245245464832
1.336334122193176
1.4837413472092136
0.8204550117192573
0.8615189019219068
1.5107559876252523
0.7551705976232496
1.3390178796337313
0.8742641659990769
0.22499557675945908
0.4918691870972331
1.526681412294764
1.1535477011723534
0.20853534501309973
1.1030920001903468
2.32314583823564
0.1364944993384737
1.10881021610472
0.5897488495243356
1.5717203397687916
0.5769463455197623
1.696667186705539
0.5796041078102212
0.5341698416170901
0.5386392591649566
0.22388267874293644
3.7875913955564644
0.27891439454861583
0.1376500458932906
0.7695049456053943
0.8613622789540473
1.230929244465507
1.423389046217673
1.4143411875394414
0.04966071062583213
0.5465664165597754
2.002819170903355
1.0647305482470524
1.232304060310675
0.8409734690018725
0.1868558603118313
1.2748646382466184
0.4900730759320202
1.049260444669214
0.7724625627035416
0.7589881924891789
1.6372192563641
1.5080555251902772
0.37234631039492805
1.1225862041918802
0.35271952672648016
1.3104025050335089
2.1670650690833004
0.3704668307029052
0.441868593496821
1.2582590878185835
1.065050692237803
0.7394408171266617
1.0331928514986353
1.5647378879634666
0.5044263580447609
1.2814460617561871
0.30296615145812245
1.543394864034436
1.7158712302507204
0.36752378328065094
0.8154336604522013
1.560001975805069
0.759365390075137
0.7660772136264503
1.3677348953042066
1.386582759703288
0.12513848513302797
0.9317918026551729
2.5616290686598435
0.4057301150869039
0.8160534515254876
1.5514522671882722
0.2729003672815525
1.177742618647064
0.7458833150619897
1.5611932658737566
0.8995737877998634
0.3516524067095429
2.172702780162945
0.15978980596771994
1.0357558633203456
1.6415561496792244
0.6479425655562321
1.3424552610617992
0.07044568328504205
1.3860893155571334
1.600817249080295
0.66955720731315
1.1209228004691203
0.14411320367261093
2.1015417683126345
0.9876307931133784
0.40089119935587886
0.9534044235000813
0.46241369268865223
2.1002338161862193
0.5310337273376263
0.8816579316692708
1.8270015585016894
0.21675824274187258
0.9617501071938873
1.8977040413852304
0.5071255179621194
0.7495311130860145
1.872117005825556
0.8933286981674912
0.5215268283968317
1.7943060730958147
0.5626888610821051
0.3111537746730608
2.097329098978871
1.727865086218882
0.03147894171836749
1.6441439044514121
0.23910607268646233
0.23842539126936596
2.1141993040672644
0.4505296943492512
1.5664211451378363
0.7007343987396422
1.2356160507576432
0.3741376769749016
0.5613936813074999
0.050784108707273734
2.9305334457532823
0.6363901978599267
0.4896268022261409
1.4962758988313694
0.9431653195044625
0.8460045439150976
1.8527128529177634
0.1608860220416531
0.9670533096332016
1.8095079382134405
0.7121338238723207
0.736633789702914
2.129081823434019
0.09492487272052434
0.2754836527338263
0.8733182348387591
0.5747326716564681
1.958288089425234
0.24350783765363748
1.9576042930852808
0.8075726740334132
0.3617381575379402
1.1884577420952243
0.3569233431783386
0.7117254612975663
3.284761684652668
0.14935701483137578
0.13284405629895565
3.4570019721087815
0.6571526842308352
0.07490040395683263
2.3174383874778255
1.0153315033808887
0.5683586915527847
2.0428456674429794
0.04892607751884328
0.08986743954340769
2.5633879065219296
0.5763303659846206
0.7349414401103428
1.9783326844305928
0.316747256026331
1.3154120293098648
1.6340985921884044
0.45723699349676233
0.39553618633248055
1.223209916893059
1.4541834208514812
0.5610838726793934
1.6934322644847215
0.7599436502581997
0.587408314026885
1.4164313355161147
1.1047674272721373
0.9339922348462327
0.8538104445486309
0.6646439178817742
0.645529708696212
0.8932376840519346
2.3950629913786834
0.4462675474366672
0.4217002894938362
1.4963238792590263
0.6795712977909104
0.8208472427433089
1.7902507631080036
0.7991147852863855
1.0988809302710156
0.3287347433379143
1.5006570985136516
1.2458517545994365
0.2715346308248235
1.6916875121772292
0.5956452817158898
0.8443238716747907
1.2971972813817432
1.7656048028117601
0.26488755820011034
0.40545063878387655
2.710487717173423
1.0188215490369799
0.373458121823085
0.7168228854084262
0.8623968916564267
2.259210001666633
0.08561993746591001
0.4023085834931817
2.4176517630405616
1.5205125601861633
0.045599247623813274
1.3956150646352226
0.027603427415740393
2.064455085192429
0.631944922400015
0.881867333000373
0.7108570518775501
0.013280991439667397
1.5117325466710891
2.1528599990564077
0.6429577208925112
0.5118461698605019
2.052567952836666
0.6262132846639208
0.20208352874336707
1.849461919824046
1.4765157666611501
0.2511850171525454
1.2671120052524627
1.0900037521924817
0.8713697535273239
2.0616158817263948
0.19684679054866003
0.45936855177620173
1.3241533069092624
0.981722306044316
0.05865337133669
2.298997612687314
1.5766346487433633
0.4389325178867404
0.4791428596766289
1.276867759532722
0.24006880495322303
1.7461808188631907
0.060470865902766395
1.3650809177781829
0.7249750942482108
1.1727768561219278
1.0953020877688888
1.8363621234478475
0.1654766625854956
0.6419108683274936
1.799341852358211
0.32501315882962173
0.7609226312195777
1.5047032581692839
0.73715351408589
0.2687128705505452
2.0566453834022083
0.5897435440297512
1.5921867946975263
0.2833042775194043
0.7453076529707909
2.6449225000760874
0.12420210692697678
0.8407548752295959
0.6998017217609622
0.38106248383589225
2.1505076703920354
0.023194099908321178
1.405254228979414
0.6197262549154474
1.5719527112004312
0.7053789977763614
1.0908989219838328
0.36971636504343086
0.9124397688474578
1.826934532190177
0.6518508953133509
1.1026443243459998
1.9658227515384536
0.17861143225039103
0.33081642358808694
0.7355669682858261
1.8496979270214893
0.3235295758793621
1.3344789929826986
1.7945851347920052
0.6933586767246868
0.6571420549027263
0.01152419227390705
1.5004618675620542
1.3416752167479244
0.33419466300035716
2.0316769701809223
0.8802903381899496
0.4952377702869572
1.5247529958797674
0.6996181371754072
1.2506381795957957
0.5522366826221524
1.3135269970986612
1.207549603205777
0.18053572549338082
1.2373673595270975
2.156954737338054
0.024996106314088253
1.7113376690404907
1.5758560641139856
0.06384071547911957
0.42696761363548347
1.2051746783155495
1.119012416087509
1.627592346224451
0.5098039303309924
0.8982210861679186
0.02770283622555438
1.4775809094680303
1.7298614529189908
0.736877188845581
0.6713664367434704
1.6296083739804805
0.6208924923521467
1.3384980916170781
0.9991469986992692
0.7710595783296399
0.5183747129734406
0.9500724777284685
1.8588738602533368
0.5051027132578121
0.47957565898091853
1.200269628487267
1.812991182157036
0.6255575689969851
1.0773246427640506
0.4046943067142431
1.948519365250658
0.6060883850702398
0.4996225482952828
1.9588749051336982
0.3196041561222509
0.900695035898391
1.2940954920811478
0.8760906204968509
1.359203156758894
0.4470128323584014
1.6876277545057763
1.2327002506169165
0.019768586824308678
1.4335119219300523
1.9289852738043907
0.3155484797891798
0.8811741265058086
2.2980309141208553
0.27466962138137224
0.6561769771570803
1.9546161430236286
0.37456892125249625
1.0658993699633506
2.0855821834511077
0.25473167118258055
1.0045670062824545
0.3432062879708939
1.035605773604499
1.453910484099526
0.9942114535331739
1.059291319640067
0.6792728510711471
0.6587971773302573
2.828099212136549
0.06316298238167978
0.42571210156895917
1.2737555647969565
1.6844143419523951
0.3318359961457089
0.8932902493145342
2.4142965729373356
0.5556641970453129
0.7159764764773731
0.6825389108538179
0.7677930140507354
0.5694242646797196
2.2758549572293734
1.1855597449426938
0.2883206470739578
0.23525221381589437
2.2594607098501474
0.3400395728619697
1.6311910866767554
0.24609920992745332
1.1719711546736054
0.31728046458055714
1.3151293446938677
0.7334573317493459
1.2890988412431772
1.0305441816265384
0.07679230182810938
1.8216389215671211
0.7288086434772274
1.8162180511736656
0.18951875459696968
0.4766020664651871
0.5462603900547943
2.1677808748255227
1.50963065332799
0.14009531953618312
1.011925090254561
0.17789169629132323
2.046252373113669
0.8371784242462145
0.7806388679845881
0.9804556154510135
1.4071747746265935
0.909554785935505
0.8294640160231929
0.06373869716034057
3.093929058793601
0.0073338756564537595
0.42714443165334925
0.3698777951675986
2.4782060246929665
0.37954232033865914
1.0157542131109436
0.18349276040760493
1.4214852141808387
0.9741496052030809
1.2693055532277369
1.0428513379372517
0.5122321601633251
2.019758482193774
0.7355999237378344
0.08536142360073197
2.2451598060020537
1.1713355864971036
0.5240230570824902
0.5372058332145467
1.4667178093109363
0.49758292290105566
1.6272950350572708
0.8661015666361525
0.922920278897343
0.32574387188712856
1.4562050724842845
1.84626726293684
0.793368774592523
0.2899549252505749
1.4699508468711093
0.07542352246301451
0.9471565767474559
2.3458308953582376
1.0658030677494634
0.09736131949392374
0.9182716811519639
1.5285980021100252
1.302859317485063
1.3651189921811948
0.16627434524574994
0.5898744527058616
1.2770829855471166
1.3707225667891154
0.20568722046155727
0.8583651426250871
1.4813190725698577
0.9961154881349314
0.870850330281265
1.7856313627354072
0.9083043482347698
0.23123144720200525
0.8513582504487912
1.6377033219868002
0.9444727452349739
0.7966700295707575
0.9261493644642979
0.7654258580859853
1.261175300384473
1.5220098580193602
0.7590014265185536
1.077963910288947
0.5822265290106705
0.28993804234503756
1.2008482984639608
0.5917935210247582
2.8016353896473127
0.2330609359031302
0.1555425336224835
0.20612524183580033
2.0028427109771245
1.4130619055000206
0.8218755200129061
0.6556604493509656
1.2195056586267077
0.27279138831773386
1.9763681463028584
0.022711257602818904
1.4928315359934792
1.127375289669226
0.6499737090354538
1.0001449246152558
1.633462599083513
0.5161020215067246
0.7778230101755131
2.7100188988450666
0.2416016138303262
0.14217635164884743
1.3248554439894356
1.1453898211783986
1.3977073287054975
1.230458833056539
0.6759991900208742
0.2308351510379727
1.3418223638211597
0.4237978735335027
1.4212243018383388
2.01751382155857
0.7366568385285911
0.17354609227834109
0.3082425544372714
0.5182374958700939
2.1023361470052597
0.9162610069049035
1.1241373958775573
1.2390218192631766
0.3009968648072368
0.4482236571666803
0.11515588696016439
2.188187134404616
1.0035742440852853
0.6728368795717522
2.074430375363445
0.0065969239684091205
1.1699918000901597
1.5155897057714658
0.028529931428644302
1.7005700683011704
1.4274183390765924
0.2070372152290345
1.766598733342638
1.3312906053553202
0.31475039023515855
1.4613968675622908
0.6748686516821027
0.8073931260995943
0.6763776723888217
2.0803463243788127
0.8499005191980105
0.0021570395530712927
1.922484269605964
1.093265028731384
1.3563203418986673
0.37043539839618445
0.39326624108798497
2.027385066987212
1.7261592909873618
0.07237748710824846
0.7480785703555077
2.039258432729752
0.17150122477476784
1.9336442516036747
0.6894881818714826
0.554349371903365
0.8410340151966268
0.8423965009314955
0.6983190878236177
1.774930561842776
1.775109046009366
0.21337688725700207
0.12347168354284753
1.5210400562751192
1.779461350641163
0.9079409826838161
0.25332201020115275
0.8697350478271577
3.0843030362645343
0.523750161361614
0.02095026197776187
1.2112073919104565
1.1646648860169138
1.1961447132175558
1.0600595774932045
0.7348254847277855
1.1393178801396628
0.5879232374449723
1.3038745719174913
1.9066465005488915
0.3190496683769771
0.6070408277849891
2.8719876470324923
0.37936393628703263
0.0010303762136064476
1.449296100290427
1.7361619977076395
1.0347434615032105
0.8797346875865121
0.5425425960935747
0.31968302179927494
1.547719112269343
1.4723958960495191
1.0381642198413843
0.3814315487392687
1.7280363441996067
0.9523021267661008
0.34802954489187626
1.2194254815350956
1.0327677095566816
0.5334980328238584
2.522703253898067
0.22421027197986906
0.7574490518090139
0.37420913331014943
0.8905145158465857
0.8915850919869983
2.430569509768
0.3697566046157786
0.36695238422206894
1.7387460524745502
0.2259927782091037
1.6236551599010778
1.0237253765986445
1.2240227781474105
0.1338068024604312
1.5084524419655323
1.0750712145092283
0.2043490802582663
1.688015775405807
2.281727446655813
0.023663487182313783
0.3331984491061402
1.2193465525847857
1.3257592006693362
1.9094205593250122
0.5588632569404611
0.14550295712599412
1.2940573040328183
0.09796968693538587
1.8280462338342538
0.6377832637583422
1.4976464977974617
0.7814508189614301
0.30151002950957334
2.1791432346577686
0.17178826161196373
0.6494302282817485
1.5214640279577831
1.907320350130457
0.4455352540753337
0.42361578684226836
1.9497163070921675
0.9528133539422518
0.8373223255480547
0.9020955354107654
0.05490005736920928
3.4293078282417873
0.04051189459347524
0.1188516086608737
1.4569137179321399
2.058190440702062
0.4412334994056226
0.6701195714967707
2.359306856997937
0.17970565073305722
1.279070748683807
0.660343966953919
0.45526009350133817
1.8932203468398447
0.9990192157284845
0.03286147489126181
2.630341621396021
0.68255527283177
0.6600665842722706
0.4998658606843639
1.3724912173082007
1.0279047705821802
1.439608527837549
1.06479574634028
0.03387608032404019
0.8860319202757285
2.9103230379898886
0.16630322662184346
0.4959246618058053
0.7353819632964345
2.9623397817076413
0.2785724195520046
0.2989985821933592
1.7420718800080774
0.6087032025525633
1.564495972741764
0.8567749047495213
0.17732336600976692
3.092128823647824
0.30154492898205226
0.01685966236516231
2.237665098378775
1.6780332808552212
0.5091608798675163
0.8420252411210727
0.014963150117225347
2.603122539864269
0.5468089998750836
0.2533067375784755
2.4573323861914433
1.569362670831294
0.0557845747268401
0.6961656268160539
2.452937620005931
0.44199856493249
0.7661517079361714
1.3848665433546146
0.18328518617046274
0.6201247670228539
0.9139537713626726
1.8088090721071746
0.7611428827330783
0.8564585372011145
2.3279498705850847
0.03214432682291546
0.48907155889556664
1.6469636329817572
0.21948781219603755
1.8666864716525637
0.6385985655151951
0.35437944542412714
1.9454917618697987
1.135774556052425
1.0909676840964788
0.19558286206623057
1.0488504997259853
2.2261045466004745
0.8991284016529832
0.3091975637543479
0.2926458504690613
2.107954510458179
0.9991172392738856
0.6194784240387277
0.1063647622044593
2.227777062909316
0.615624212334881
0.8127876577540148
1.420409286816269
1.3884142909771209
0.6239066080192149
1.0441616103988542
0.636343581742697
0.30761045819491756
2.259482064937806
1.6849038969436891
0.008804727569416897
1.084566393373848
0.6661979666922698
0.6774851518874295
2.438354294788884
0.4436165504504629
0.5780071692878154
1.5399660820452825
0.6971867566002925
0.9320110903156182
1.2121186138295257
1.2636958947607961
0.5365185534403817
1.3100738935467324
0.7356503162678864
1.8458440480838687
0.29869402771283426
0.4433331473795325
1.569732836451346
1.9189634585525677
0.061353800815353916
0.6760833912261015
1.8059518037263564
0.3478633099317797
1.5214703498398732
0.9797492929316381
1.3701710955856063
0.5948822228939892
0.22753204013442357
2.605901172138071
0.8676548027694684
0.3026250790009666
0.20933216803202434
1.7167584563350995
1.4383302442763806
0.6190750503067757
0.6870506345065407
1.4159637015730453
1.381054936258494
1.051904348163832
0.7067507647848094
0.2599354484875939
1.918526062505698
1.1100179824427692
0.07981069452384083
1.817692481173956
1.0131940507314827
1.4064720988628152
0.45568644161090577
0.040659123479193295
3.0066414586139487
0.7060540837456041
0.7139707447120635
0.1735107235635521
0.7651388174067658
1.6731302516077704
1.7515982613878434
0.2813876033040399
1.2242630013977527
0.29714391934646833
0.1439377683758406
1.3763554892967937
0.04304774854431516
2.0879018808113714
0.8921095630469863
1.160859252488408
0.39193582411830813
1.7577684315067317
0.10889781063988445
0.7315628768272151
0.9050293014276838
0.5028662753294971
1.3884203592135287
0.8599191083557614
1.1419939057530486
1.191219875011516
0.8558793752995658
1.3542950231940905
0.44435901116929677
0.9985161129747866
0.6701872309973671
1.478160137593869
1.1102697929242464
1.2684802400457766
0.12351777546782923
1.105444103059734
0.46585478222474247
1.8147931761039284
1.5472770151881887
0.4506830774384092
0.14592860822263723
1.594167113223656
2.453345932079216
0.30771555110047877
0.048025495194718
3.222665609454171
0.9836171087629388
0.046946516253471175
1.6663872200528775
1.7811278593294055
0.39013200762436895
0.41167457990154266
1.0623410739935257
1.594857689174847
1.7536685756211523
0.19476161133841519
0.3926641832355571
1.595324837124102
1.1995153641351814
0.9665545125400195
0.8940154030455137
0.7890142027617464
0.9919995178731478
0.7600740680970925
1.0730013597605452
1.7696699068569899
0.4333453846074091
1.6277258697589543
0.46896445068377185
0.2143502489013533
1.2569078833630274
2.9388195529915833
0.022783931307386242
0.31210305096276003
1.627324580206467
0.5314653035423642
0.7062607516775876
1.880912661621382
0.2843021998747789
1.8830563268126586
0.7504285560704874
0.20929776382976023
1.5109152284205463
1.3671894697974136
1.3089098356353153
0.41153913381415286
0.7633983115720516
1.2577598523035303
1.0297912432593679
1.2852514559588617
0.6638669983511962
1.1170564470363054
0.1650819278098877
2.3146116135019414
0.923710463197753
0.020775717769743345
0.9957970051419839
1.496115819204578
1.4073828788640423
1.3014744377094902
0.0220767501487481
0.8707707510699532
1.5003679779076777
1.1253428011061315
0.9820514802853432
0.06470884480576768
1.5136598528143137
2.169070545064947
0.3227056096352983
0.6576313652774068
2.211265317420184
0.9201041841654891
0.19646865379596096
1.5283106493171355
0.10475440445662951
1.6770380929394182
0.24182691655395586
1.902779656118922
0.7994148450792639
0.5702301355762797
1.1564906591827924
0.6980224929790265
0.7979321064076575
1.3332216321948736
1.0403741980938146
0.9329196593005853
1.3990793751985662
1.3483604532505449
0.022879957838027785
1.2750171850428345
0.7305133924450423
0.6512956559336567
0.31191177547325155
2.731239403191675
1.195887491248828
0.13398762445923182
0.7124940381435017
0.5137739876715429
1.2948184745362976
1.2304083824391965
0.9928880329828307
1.2758914694076695
0.4433812377172582
1.5627127960529505
0.9324874531205117
0.6096269926316212
1.7441410255879979
0.21662399502144256
0.840818625773723
0.3635508759787357
1.5570894981018886
1.5014279616017263
0.706764226345052
1.675758115484727
0.13350505668338009
0.4125718436803216
0.8864089672603485
0.1648536357089658
1.6766555111957708
1.575941062553115
0.8926704910967312
1.1841544521600316
0.0045188168798205005
1.0585485313688483
0.33617909359586157
0.8917099250998748
3.031219970899842
0.1970877530587333
0.4010881238551449
0.7128728662333009
1.947330049836645
1.0388703741379945
0.9606505736817798
0.8062166983051654
0.4167061989551135
0.5824876335959155
1.4247338511889382
0.8402825772115429
1.8687902450143874
0.5745718872959538
0.6247953752220567
0.4051330674413729
1.7794790926276747
0.6651927428001917
0.5542943840639201
1.8099926389455994
0.7314246623151658
1.4274877797349326
0.3348512668379299
1.0319891178839808
2.1146484954514237
0.5665920526993536
0.35371549595524576
1.178609782504919
0.8238171615155842
0.32832891015652443
2.4196384937536837
0.9594467780968389
0.08918783924753183
2.4855164727871895
0.9170748803464321
0.3343957508711345
0.9167308210434525
1.2595987508049151
1.3977862338232776
0.0285819559262673
2.333399754884163
0.037953532293814735
0.8729226309558823
2.633145061418996
0.3908251835158479
0.2277078984636804
1.1704263063669282
0.9806378244911713
1.7152918753294715
0.1342907991066406
1.5936431872381542
1.5475769156504298
0.5978736136565087
0.49145320955376615
0.2523008784824451
1.7506768594219226
0.5832068255802254
1.3754060777504693
0.30008575103305773
2.1832818865233077
0.9081771890140996
0.1886456923499946
1.0970432180332046
0.8139276304776627
0.3226239007579314
1.920526634106952
1.7647443077870875
0.4587562341964766
0.36674884829059273
0.9099256653912748
1.3142688239584408
1.054498728573039
1.21941523121587
0.9072601663921094
0.8376183191835922
1.296148153333656
0.6385292786755126
1.1331137263628674
1.2957478447555608
0.9342011560544071
0.6004633117714848
2.1640304933891676
0.0823918324370094
0.019402254429486832
1.0033898137269006
1.1994932408999648
0.5669427131276917
1.8879076377733544
0.8767932703573168
0.35904754305825376
1.8304321913274244
1.8927295160410318
0.1846651029516535
0.2119528920785113
1.59597942123606
2.330352860307905
0.44478638579906016
0.3544969109751263
0.34591102910593663
1.9166407876442415
0.4732974787114226
1.4710255628255906
1.7179646628225762
0.10689142596807168
1.1487644030607953
0.15476772047534007
1.1578044662595948
1.0434292001961982
0.9432018363356047
1.9316861118327164
0.6762771259718695
0.4873220252637296
0.5069176984966361
1.332725785870512
1.8723943138130588
0.9234031171132585
0.10082755649915329
1.2726439973942374
1.7545895733896937
0.11497730010446056
1.3199834631624026
0.9227453768157239
0.8783892301841097
1.9990772183586947
0.6875804306553811
0.48483880025340714
0.6935054742375195
1.975581931170098
0.8437401464852374
0.5125052528220829
0.468901391635799
1.8562395011476802
0.5281138986006486
1.2007046149564613
1.4928038617324078
0.5952342273154239
0.7775357856871337
0.7848861035375833
2.8234359884239595
0.05972709866200541
0.22007478801622413
2.110416788270198
0.3333236700750471
0.28159532998100334
2.3094662925246787
1.2709356139041972
0.634088365456546
0.999328819407467
0.06604455883991468
2.0447868455609655
0.4948793198628603
1.4231330464228882
0.5466231391144283
0.849557528281959
1.2979290884101102
1.0173281389812532
0.499188200046764
0.3621955594408314
1.9633018855948532
0.28213520456279734
2.0848041366613033
0.4988250256599843
0.42791671797331077
1.151981833648174
0.9425034833328596
0.8681432078029616
1.9079128889442496
0.4788722816308778
1.1195383211436611
0.596934147720333
1.1285771741976236
0.707817535399633
0.3286612959832212
1.4018700929637724
0.5741355887272388
1.8162271830864811
0.5346066103790711
1.2123999488455184
0.9795016580327858
0.6232655598465038
1.620573684504434
0.2817199872855364
1.2075760367823887
0.2647044628599814
1.5240244646304628
1.4113858274456876
0.6966768646483112
1.1991968255857153
1.1019437055436354
0.48285098917869534
0.8903063451081471
1.5647815165664176
1.6131856300092622
0.3168029824129158
0.3414364727149737
1.0766028803385848
0.7222489929662391
2.0966769370152063
0.5795816030989791
0.8377189967383439
1.500557400981703
0.26584903081826144
0.9093648922966
1.1242671563981042
1.100732160910572
1.3134760522995186
0.7383207930164494
0.7747997355273359
1.4929986371584134
0.7978683024802752
1.6018337294686809
0.6038629102630424
0.23529786475433323
0.5355479394940088
0.9044800657672204
2.3222121122643835
0.40781535149937015
0.5051916454040613
1.8227765214740632
1.5702962266107396
0.2772036526812173
0.5698122365264745
1.6017040150977782
1.745431723463671
0.4443888656431525
0.9815357394325855
0.20200664189540699
1.615745950094721
1.545391012694457
0.6565091979124511
0.34137150609638806
1.080159832467857
2.2704403646554416
0.4064188515999365
1.0514558879959228
0.49470817718801785
0.6784084221942455
2.6700911193351677
0.1256643623264016
0.5578519076867674
2.5851660434034187
0.8194385015764512
0.27911915577328505
2.2171509776717873
0.8181831582253082
0.19260143772607513
0.36254848413869617
2.843169874905605
0.462634628671257
1.0283156301102976
0.7876206095819354
1.0641782005386322
0.6320736895358473
0.24570076520119058
1.841750132402742
0.8601604328769157
1.0326350505397435
1.5453025497715287
0.3889098269100451
1.1136904499281042
0.7290385556268069
1.4468997056986084
0.3828322049943387
1.4946074325501695
1.547378941356525
0.07875341693649601
1.597206862691437
0.577699981337507
0.5004954068932979
1.1177578271222697
1.9144743561224886
0.5528855646327923
1.3620798546887776
0.7048712162046686
0.18095582060148896
2.3122242267001383
0.4944792639821448
0.5250412031734181
1.2593301885855208
2.2290451405348173
0.28386946770260363
0.6411720681107902
1.3303715168282073
1.1410159448271997
0.4828424325739703
1.8668052801307375
0.6138292070940743
0.3806994048299259
1.73855498423402
1.6624036398645063
0.16800407004180237
1.6381431418060497
0.5889338222303611
0.8371415838860343
1.1642992969705548
1.0131717272752632
0.0292406663330909
2.0388539836153576
1.7365304200504152
0.2733618147206775
0.829316258981752
0.9379468884010767
1.3468849316552962
0.8243031877761897
1.341023664307209
1.0613815077951665
0.49874846523751676
0.9270398281866824
1.9577103333315211
0.7925664375785277
0.09172490852870596
1.3446257771520447
0.7605167591668007
1.5525538841212772
1.461501621851188
0.4138539511735857
0.7814463683827646
1.1386183488621193
1.5689498367668464
0.4201589450072868
0.7248408527262474
0.4558252809664009
1.784835592423202
0.7350322602037856
1.188385328129116
0.8708789173379782
1.5389581925339275
0.42672881851938477
0.5149313660323869
1.9759154229002176
1.3657967395336528
0.02691967432714291
0.7331295079538723
2.7174490229388235
0.8227087219764829
0.5337365166204019
0.8807228509215106
1.402118276141241
0.14490395280801313
1.1068299215013608
1.7522081723540532
0.9212749947310546
1.026848902524831
0.21160421502970672
1.321974963736634
1.2870897405404398
1.1789309751409307
0.8310599839384578
0.5447082799813683
1.064837937287806
1.246515035218061
1.0867701883887797
1.0180973969103801
0.7126728438623663
1.0815906115909455
1.2391338940437873
1.3129624702508225
0.6348856423118361
0.7674547363735476
0.34614162459233916
0.9151478528056878
2.331444353310172
0.6055492474976206
0.4437491617892173
1.7882082172677995
0.7998981044575045
0.9399844793409441
1.223837419274438
1.1061959563907042
0.6104732888745634
1.321665968424127
0.7097107474851263
0.7123537338510455
1.2072004288795193
1.2681898217925274
0.44664410777950936
2.1236028112892456
0.3592040235330733
0.35383520895347104
2.011867110078269
1.4979395055512386
0.598223655434858
0.47563702983586764
0.4935287681473958
2.7248212399952116
1.0130371658596318
0.13386190883828616
0.6646176052010394
0.6936603035097169
0.946569567265453
2.957825616310902
0.11959446145474843
0.1969057316770298
0.5097558520198424
2.585806817103744
1.1205600252542673
0.2954316512185873
1.099086783808292
0.5940009671524679
1.6741013421481739
1.1415782845302196
0.06371670501740427
2.5613153428650928
0.19307972343884738
0.6907384209220108
1.0995433156983776
1.0237899978101552
0.7200999298923983
1.4700004444380614
1.2018158370103784
0.5035540844792468
1.0769155011422769
1.60350386678072
0.9581946484419442
0.9216982915182167
0.6094131391868493
0.026613248140189606
2.4696066168855144
0.27725315108254867
0.6366155920756154
2.4347089110085505
0.7570291324012143
0.6356833787046567
1.3247684617907105
0.5004467652465047
0.7814288192774258
1.9474363910733086
1.3625923547426457
0.2307264201226254
0.4446117958058812
1.7935682760020788
0.8907245444981664
0.7972829475497413
1.3530323775475872
1.8111983896195654
0.21941295547849252
0.3869597381233726
0.8585188213182801
1.3782009585190071
0.9537011442590655
1.254649436592791
1.2509782053671297
0.6221393934051918
0.7058268116871794
0.6269866587508534
1.6594850090612376
0.42048230712055995
2.157497555009284
0.270170304049918
0.37475799175620184
0.7886592160286797
1.6669331950763562
0.43611351857476166
1.8395612236263905
0.5481296564749971
0.8264877982613025
0.34303461383004147
2.424436901484747
0.9222614855255906
0.09884607000754324
1.1192242862976904
1.955515722936151
0.895695064811212
0.4868687713661818
1.869747475366952
0.2525087108840464
0.5041530119778767
2.079926448886348
0.6178018988629745
1.4263755938132725
0.49588173113252515
0.7805731107199158
1.917193859456933
0.5806077772280543
0.8144463865499374
0.6550122468035169
0.38798530771938905
2.351747538443073
0.4504323744561146
0.9097609961496379
2.2751141072283163
0.30584876989021986
0.4060555811718058
1.1339112844429207
2.429103423878763
0.6722417101453899
0.05568210309443572
1.3689964531242733
0.9490697474856112
0.6936584990817433
1.5313435037294747
1.026853267761663
0.8190127373921756
0.847987700758271
1.4117068904778822
1.4955179162881223
0.36410445824694715
0.479939142698401
1.5567288324529658
1.67407261720565
0.6031349739359001
0.5968490552990986
1.1050228560414093
0.9210949643017639
1.0930716505285012
0.645841245467476
1.614029083959645
1.4496157445615154
0.5570049426574706
0.16541711158323563
1.8060297025060452
1.9440200514227324
0.06256162168007162
0.7359396110664695
0.9704757912387678
2.1029770774819587
0.30224356834547833
1.1632050271299152
0.20617169956945222
1.2642012875003736
1.9451845763806583
0.7624235790654462
0.5078904728495303
0.44141954339854045
1.2441840700270392
1.9692655342643752
0.4639398658935883
0.9224915992173569
0.9724055344852423
1.3121759332766822
0.5503896468514925
1.9143922758706204
0.4599139276810138
0.23219405855566755
2.509856573540397
0.579423464739637
0.5301211850431974
0.2712052021254335
2.1676546683558113
1.8295826546852867
0.2782474526750364
0.5503600367117862
0.4913263744719293
0.9129575945070257
1.4110844107138276
1.5413968367279534
0.6411621277487315
0.8595214903908628
0.9645321690274046
1.508295601324389
0.496394368232173
0.631919502367488
1.0536360083694938
2.1167709419041705
0.7708757526026541
0.20226920661872302
1.3509262825635149
1.6958914431075622
0.15249752883623208
1.2825529060390897
1.5960480439970617
0.7974446263158628
0.9272586660390721
0.28284977630017916
1.8451819755731271
0.8355436282981599
1.460154270288988
0.0041236803190614025
0.6437516717784748
1.1639177524386146
1.9615265998246691
0.532871397102137
0.6178824850332424
0.9397312792815403
1.1682074502304374
1.6738817159125248
0.5174664542248204
0.5770184636540308
3.002135007966639
0.19849139548502626
0.27570443724702315
0.058802977754246366
0.16268503634371898
0.7364787220309743
2.995091768735291
0.7287683822695915
0.3265165969007006
0.9794271680518487
0.7117343266016357
1.3662195295484316
0.7849251943498272
1.6004089817934677
0.8813868411763017
0.5985361024625756
0.6125244159754718
1.5296174918305963
1.4227794691123967
0.6012215717682352
0.6251781072526612
1.107197437112502
0.7615016767905484
0.9466409939514796
1.5293814264620582
1.643689502561439
0.15152863165815492
1.1131788866136927
0.5230013945387916
0.9830340476509604
0.45345159893562587
0.9161190031638291
2.16435429037599
0.6704674730445285
0.8434190530273096
0.2684508944000381
0.9156674673465011
1.3258006415060586
1.173479563482454
1.0280482192868274
1.1609332371142542
0.6759311628711003
1.2255835484171858
0.9167227902636375
0.7509777047778476
0.946054626425541
1.4500500413011772
0.494271650132905
1.3934298143200483
0.8616472145695998
1.3190062498547999
0.09145270700980618
1.1930479379106549
1.45884207943032
0.8978660778988591
1.2614140672793472
0.7486368723303948
0.6617626560796359
0.5454778312447268
1.9682649770463756
0.07884347646994819
1.7192250533001543
0.8795190246656157
0.845463674492189
0.5675748385129291
1.6201963325441173
0.8130859263092867
1.2410600190450027
0.03390148402345406
1.604468472757723
1.498522608450401
0.4696326128413379
0.7903224993557219
0.7682151128243647
1.7110380430311918
1.1812792166306756
0.15204183960356807
1.9517227709946694
1.0132039419839522
0.5265187191093665
1.1054601174156788
1.3273600591328905
1.0490122349958766
1.1763243838072321
0.19632655572038854
0.7619849277699543
0.21934800617367947
2.2461504845862166
0.9341948507954954
0.8116709812833531
1.1926655522785135
0.2875854732010118
1.7791616168611977
1.221622249722431
0.49880184310684966
0.9500797300018391
0.7963627754542507
0.7679471630593581
1.879383850109798
0.35421706242884327
1.0790826206195894
1.5139401249278968
0.830482358174483
0.25757905651219654
2.2885550187092214
0.5523578734002889
1.104345830314981
0.4312735882955462
0.9000883396077679
1.1641889046907024
0.9631260966913027
0.5074502885459484
2.1876212923178873
0.6860935996179949
0.5541239818801911
0.5915643087828306
2.1059271347594475
0.7479020738550303
0.50531420835637
1.651316300644612
0.4768660419870778
1.8622592911096292
0.7204271468445675
0.23679174194401947
1.7103621901933332
0.9224910878894872
0.09512148413341247
1.446863816027756
1.720318802732723
1.0790248300270937
0.2725079467922415
1.0690717769160332
1.0935849862893003
1.8393522330592573
0.35190568204421685
0.3001683981594703
2.3951399021504476
0.9981307588139783
1.0776305655241336
0.11597404929797221
0.2609517141401832
0.1283661248695623
1.8762184839873595
1.246881983360787
1.2632457215718467
0.5484822670333536
0.5433378818010534
1.205419243153835
1.2686994784740087
0.3455542471066489
1.8624465551419491
1.235968236783523
0.30964253398941427
1.4030160399448315
1.0436909698050894
1.0552552538790072
1.2558358710441193
0.00119328092430166
1.5993559961190897
0.6361526911469115
1.081935875201365
1.406130600810897
0.6651461105818648
0.9599678982018787
1.817197759395133
0.292166083225851
1.2084899600190722
0.309862747973175
0.5314001288434672
2.346486765338578
0.9639874866036573
0.9095138880344413
0.4599052760721462
0.9010403782256584
2.0794249955640165
0.31335018205961135
0.38754415483756155
1.386078797054699
1.0032837771173704
1.101571129327612
1.3461347037331248
0.7244119789308482
0.9956458631942814
0.900874170570779
0.9349892581106217
0.6354912894460618
1.6913800305909696
0.6073858593829978
1.3787874691026336
0.8141413276883145
0.8881497315930525
0.5718638727658629
0.7665517659283787
2.331191202163609
0.5799396351310878
0.5741481987019638
0.8899587247544569
2.236022769133013
0.17492586390599113
0.759587691363733
0.42623958588428573
2.094942252550895
0.7074696495740694
0.5568433942734398
1.7324615382065978
1.3758239212197043
0.30937086456369584
1.410486873318142
0.5986905681433116
0.2700428282906552
1.5402102886577076
2.4037433786438895
0.22556134683946613
0.6620059300683506
1.455641668239375
0.4181229314652496
0.7351154881407449
2.8705090232155612
0.5124748972447382
0.2801006673132127
0.9585402881469764
0.7610250419244238
1.5799073245208342
1.2730114323879533
0.7815458070887252
0.4518879700041276
0.7647174715477034
0.6336118654243528
2.392732845386108
1.0074227856521787
0.37655643422654395
0.5942110759760019
1.3434944984122228
1.3047302488229933
0.11728856051919259
1.5262535217784232
1.3684571786047497
0.5992832701639299
1.4666772873811291
1.6848116400090825
0.16529973548339372
0.27785069021564524
1.16846727431124
1.6448638153846402
0.3822083569825971
1.1721278888522997
2.0863503586376755
0.4580607375490586
0.6831593351350443
1.0154512961700568
1.141604103416931
1.2428041418905735
0.5127783983381394
0.9146792573710132
2.1086951718392317
0.233571768531645
1.3622171779929528
1.0012003298386325
0.370282072725793
1.2685066638772906
0.9364099711866398
0.7631301147110475
1.3192497605597686
1.4340607283935307
1.103682042124647
0.1700108676791038
1.0874656455012202
0.9460583333135899
0.1191785624931994
2.59364857110824
0.3506036483396139
0.9485489593998055
1.7198315629110443
0.2411628422057253
1.7438042805912295
0.12369202120154386
0.8857310208577961
1.8527032713419604
0.4095870206785381
1.2802117177001429
0.3289439782835752
1.4058985547742813
1.7953862037047241
0.25431535223229135
0.7360078315200463
0.4141260300945626
2.4288841900108036
1.2157941337133906
0.25800713686751037
1.1281352558086546
0.24894725509693955
0.8118750339928116
1.47679384836405
1.9969529499838787
0.5630748331530483
0.15223465851000537
1.0123630355812467
0.6787962832389719
1.407071655363574
2.1255056800187044
0.1606880735618383
0.21952076622065836
2.509042634118212
0.8043918444197011
1.0224713198240045
0.07424689581756046
1.941086382566914
0.760586575013846
0.9486888158936604
0.6807752539617
0.9588003957187471
0.49270060126663223
1.8614169488151766
1.2874037403546985
0.5282803641453458
0.9307087659840807
0.5253250595597424
1.7751897340587748
0.7763935203525338
0.5739565773413843
0.520242678516207
2.326814059829782
0.9865534535648953
0.4555460895735264
1.1324157383564717
1.500103257160088
0.22839547712847633
1.2972260219318825
1.5901301137455452
0.47148899519640464
1.3430401153527867
0.9552037003715766
0.8535187695400765
0.5357194248675632
1.594790921460977
0.6376744154988787
1.2965947434909848
0.7725509484861822
1.1921413654840425
0.817590325200402
0.7285622769907427
1.0781436930926154
0.5924291178141688
1.5514783593024633
0.7560327594237856
1.6606386681967453
0.6552742097843764
0.5732976989366803
1.1314123877285671
0.7425267204255988
0.9554925942301203
0.779996828064887
0.35058696995523986
2.274051679118787
0.43083277383232427
1.134274691511641
0.38830174090057906
1.2382436653333393
1.2812469467171173
1.0025938238912082
0.7440140384528351
0.6047412609921916
1.400475171710393
1.5558643215638144
0.8820528057881148
0.569999868537655
1.8305570114169016
0.14529155348266992
0.5005587747474542
0.8247136108229417
1.470051749509158
0.9306225566498059
1.687484233102222
0.2995640176562223
0.5984762241127701
0.15485915567491396
1.6095825654348397
0.6926857030037004
1.2958950872157082
1.5213777370691963
0.6283318774389333
0.9431364916315433
0.5904297121044633
1.6472725212188546
0.17111094287233694
1.4692935028687497
1.9754133743400208
0.40663888693198114
0.3436472507820179
1.560463739063371
0.25234876365625136
2.040748404706848
0.5892999113582441
0.25155247882764625
1.5949830828959428
0.8092849794448943
1.7471647833055015
0.7862796467586891
0.2745596989839279
0.8890823003002883
1.577710080083229
0.9689476663652729
0.7482424562368195
2.2980161435312607
0.04977075434508846
0.5004289508536123
0.8207262545757514
1.2659601631497146
1.1501626420785467
1.5678812140894625
0.3955883631347448
0.7697294134726751
0.5882842921020798
1.2807614727884131
1.2287731401854642
0.6719174902978763
1.4432460449236961
1.0175647925896725
0.5311202886713026
1.550585053965145
0.16997463834265938
1.715217872601957
0.9407712477807278
0.5335781142944818
1.888021194963209
1.0956738674101543
0.20790541744748317
1.4702637805664114
1.396841207957937
0.7960572765890045
0.4321568573207886
0.9239120213046315
1.63262630411649
1.2883623444834618
0.20066126810612778
0.8269187310042007
0.9882100860578965
2.163512602362028
1.1141012832425436
0.022373132906318666
0.514483285821267
2.7584010150176725
0.3300229840344855
0.2866754832875773
2.2009111421504826
0.8887940591489754
1.1654705192486519
0.5442893191245775
0.9288985824576517
1.1993052172714154
0.6102336528521766
1.2251313833162054
1.198711293136506
0.9222328408441577
1.3355194462191342
0.8555037895009774
0.34186272712921534
1.5231527348236282
0.29192742302648744
0.9969771614170728
1.4890546728037144
1.1654068088226834
0.8268412094729204
1.5287680166516264
0.6198358913856623
0.19735310701496372
0.9433221592217622
2.1754250711165075
0.39769538417088934
0.9810832976108037
1.1981789661162419
1.3342748117202008
0.8528140088808447
0.41864454935907863
0.37162316133626994
1.7467902785182037
1.1307356319478836
0.7291565521412391
1.3508795600242636
1.3501651559167995
0.7496778077911286
0.478455886879979
1.2241080256546104
0.5956580089278607
1.4629604694958014
1.2674034985712697
0.7182002839335698
0.726369022754081
1.769961014617363
0.8949216123406376
0.05085063829801534
0.8199657677227322
1.4928163797425291
0.859188769566
1.5469840252471816
0.29511296551046423
1.4813772413757893
0.9289068608414569
0.7448332674365413
0.7532360836229144
1.9608541401416149
0.9023190106828283
0.35026406111397773
1.2340553906792249
0.7480799730188915
1.6499522455333842
0.3728142050734493
0.8928801071044907
1.2575569887735143
1.064710520460193
0.8070964015366688
1.2020127658491784
1.4098598068969712
0.7949874416617713
0.11650903329313612
0.9061348606461122
1.7046282803565174
1.10683350316949
1.4404876543962728
0.2790891809117519
0.4144984980287647
2.6883365126584713
0.6197612082518492
0.4114939090774262
0.46679103635364966
0.7214291277474163
2.3266850135184733
0.7609597576217342
0.4728927311244854
1.3310487123380994
1.09517963029363
1.216657706639802
0.9137854590022955
0.6321045113322009
1.3683404640455716
0.06525830451442884
1.9128376622900038
1.2542513158985864
0.4237231153593269
1.2160911133683296
0.662929053491777
1.0386260395083657
1.2919774198300833
1.2086351565899904
0.8294519767161328
0.933862004392892
0.753721607791708
1.2267471885990078
1.1839070006435268
0.7676836066825073
0.8889543911370792
1.6342981260087661
0.12002241460264175
1.5405937075723473
1.1771125628701689
0.057905653829463846
2.2544206079525946
1.0736596940450098
0.09329444162630762
2.4335140794419607
0.3261196604811542
0.9082316602143422
0.43494283926205024
1.1002423895906284
1.2550198511330917
1.6832884259434395
0.23266876666147318
0.9600353351751082
1.4991453686054244
0.6712148585685341
0.7996756632806135
1.741230921294921
0.32684809102613077
1.0769104898163486
2.157175886540814
0.5093745322362215
0.30008752276917305
1.846135596654262
1.3630367905993943
0.3575766759457271
1.0990225159462819
2.020742154423634
0.033125999941384814
1.312863066811179
0.398828086186571
1.6003597439414448
0.9260305976208355
0.6742470257102352
1.7245734426862502
0.3689931308695188
0.3589081202000364
3.024984741794135
0.6213986153904044
0.31710531997167285
1.2317105925962264
2.6695492122610163
0.13776466102388465
0.2119498079227032
0.5072102270807578
1.7144973355296091
0.07590205340088729
1.793137065669383
1.4335695344203057
0.9492119098850067
0.4029449475834387
0.3800181924963317
0.7313525854056785
1.1834852183295317
1.527640269760277
1.2720635875304738
0.5083736431000287
1.059086544964857
0.844104407982935
0.8825368189392058
1.6716981284883865
0.57527616231738
1.0347960848485849
0.6736254945859446
0.975708836479793
1.4939713384264244
0.2251824306672404
2.4083531473001165
0.12423009556237938
0.14353499028906422
4.118116542481585
0.1973579025622091
0.12937640724696206
1.9577129262455615
0.4372823000144042
1.8859330279885613
0.6825178483641406
0.4930103583544542
1.8192088441303864
0.07686189235266037
1.4439652969950085
1.5034442444345635
0.6278697684546387
0.7687477661919488
0.9764312150963211
0.542694213519176
1.0827112624161335
2.4985640959849307
0.15282692126894942
0.7622058363936405
1.1300440658628732
1.252994841183173
0.15293170901951467
2.5526373356611374
0.5375569089523075
0.027805034384982774
1.1141209812912265
2.5617189637637687
0.414509865172342
0.6751676851973294
2.633852080915189
0.16849447525610162
0.10630106947150536
2.285098094428568
0.7722315794506932
1.2902303541816635
0.7800205979157023
0.4292393533168095
2.0252918047700015
1.24992773647827
0.3688638917613892
0.4073343435718062
2.009648550378969
0.7466000863528894
1.1060190811405195
0.39824192110911866
0.22662951170325127
1.97165788965584
1.9227374208922674
0.31642256970137733
0.7153095868132588
1.605464098512714
0.26858653653813835
2.3226795347205145
0.20645945596931872
0.2216735252482302
2.094902207257321
1.3097038145832902
1.0877237523743917
0.2750633973862996
0.9550353634599197
0.9292962758357903
0.19218930669944131
1.1040062191060498
1.4796573968388487
0.48982697217896043
2.243166304255368
0.6836265675586215
0.07046545216482432
1.5223446162355698
0.9966497779153493
0.8653000074695503
1.6592257779711337
0.9933101530473455
0.43544546468129847
0.20702638911381852
2.8524129893026218
0.48743400072703785
1.1249299672049051
0.0893789822363736
0.09723593763884707
1.577333722828019
0.2386305420865111
2.3006356390122185
1.123585469421479
0.03052153180257742
1.954050685394817
0.6221186682221165
1.1366778051185822
0.13175888813163097
1.2617746859752899
1.0355682548812268
0.7223042274467683
1.6334065805393765
1.2132663017349405
0.8003269693487669
0.36661217434591814
1.3151272064315906
0.1769974881399469
1.7500230368888456
0.8139022462083672
1.0568692069787904
1.0771167898484455
0.5576917532853634
2.334011921042994
0.056589028189813886
0.46287802901802527
1.4205363950729688
1.0704595479866947
0.6901639275955772
0.6575709829653988
2.4139751911794134
0.41447836224865237
0.8090157058869749
1.9602415553857397
0.24874330521754653
0.3389198306454218
3.441411247182495
0.4342071379134128
0.20858396904510287
1.6745978446460763
0.6659485093760472
0.3908322723542021
2.8107892859256736
0.35276813995704553
0.8687109542685769
0.7763904530762619
0.3282096390022013
0.8432714267809933
0.7136307511893433
3.15291800278658
0.1454350595802293
0.030566185814591543
3.2866544572219025
0.43473922422472444
0.3202051726024365
3.2089220550253343
0.5804051236950426
0.06363063361972732
0.6502337765321148
2.5277941185676
1.157144254413434
0.38324002735684143
0.7465081386995391
1.0441856563847578
1.3201328772299488
0.32792814313404844
1.3376800950990497
1.909657826897949
0.8271756352119676
0.09740013290163528
1.5794939895079803
1.1503874095966284
0.9242583312727578
0.9394935458296837
0.43898254687552607
2.1249713849829015
0.6728484745874557
0.6462052359462279
1.703634847199487
0.8671554978873771
0.2469773188867415
1.1239260412426664
1.4582460479350956
1.158102783173587
0.4491262191549373
1.5067390537249383
0.29140663797198874
1.961581900392783
0.9292234440510165
0.10181440260744473
1.2639454793663711
0.7521249589637573
1.5465180359141781
1.338838786127582
0.7091486828781569
0.6188656611174741
1.4093862480500075
0.390093431391792
0.8676358911813576
0.27619693499372955
2.661281874913057
0.18996900023678806
1.1043072619238636
0.09785141971455721
1.1646129122988584
1.8577023272609334
0.40542878413927724
1.3615695983819924
0.8793882540484794
0.11526306464399257
3.175439949896173
0.5336629129162153
0.15904599612008266
0.88491686321321
2.123430601097059
0.2713256227760794
1.0641624621115928
1.735496471105082
0.2693545445547263
1.1781239034290216
0.6113689993314233
1.7953284035099772
1.562691807619451
0.05787806671682887
0.4599087857024686
0.7842227321958991
2.0499290612069636
1.0819771758873205
0.251886861414857
1.82973660375987
0.33230810218752865
1.5832029828256993
1.1491404699045153
0.1626147909420722
0.9851477995667657
0.25531750506347684
1.6595988396172747
1.2041415338264365
1.0602803446000573
1.4732173937077417
0.13269814116447295
0.34836819743757974
1.0137696987788938
2.374975438251938
0.4073297085174786
0.2632665641193927
3.259146321908448
0.5287433248636662
0.4174227040391345
0.9475988804416712
0.18967975608558627
1.2140223326104767
0.24155941405418133
2.57216892711335
0.3385007385837836
0.6055958790107793
2.1874165089603834
1.0025937914859209
0.5182419000609234
0.21787266405640593
0.6492022675539585
0.685793593297373
1.5361173770425802
1.520062835758377
1.195013556612942
0.2720436738933074
0.5043522822837182
0.24007932481987226
2.560733048267256
0.6592774460649449
0.3807416346388637
2.849713684128749
0.12477690314164898
0.6194790406756643
2.3152441358795044
0.1954128694480918
0.6859950723747853
1.2996981377649564
1.6631407009692771
0.2384037393031283
1.5452989806004125
1.8847417082414042
0.22598208951286775
0.08529577240322628
2.38456401111556
1.2787953289089045
0.3603036846881594
1.1087926883304837
0.8658624351680838
1.7510814086078208
0.8951744825501307
0.5147704646636956
0.6113415010993364
1.0495566971924257
1.437103614707841
0.9174725730427493
0.9952895222608736
0.30679644825405533
2.574363862160963
0.21951080338489123
0.4713032369767302
2.9283091789641653
0.5297202426916692
0.029792914637563436
2.5446898526408828
1.3875284004478072
0.21218563266073923
1.5457037940603955
0.4058079508358857
0.7037031968045887
0.44639505189282674
1.6355061408905156
1.2728529696462985
0.7045338401255627
1.5422810786047827
0.9826113345414073
0.053569584572158685
1.4598539829066952
0.241673727970825
1.6122155972857315
1.1822704306173257
1.2793474102658677
0.4182799490052255
0.6430057246432013
0.6262145646711053
2.7064264668092464
0.25373603613732615
0.07262476954707886
3.97323817775061
0.21311311360688157
0.26625613286337646
3.2399514844520265
0.3784917415418721
0.07746322123914412
0.1116382822285108
3.2556037680223606
0.7377326914363675
0.618465767984303
1.1749449891204597
1.2582298950426742
0.012436515928691397
0.3839574000004348
1.9420197807716644
0.35020504521261464
2.1925643971142526
0.8299650488134183
0.19279860505555288
0.41043466433803244
0.17108881525673475
1.0644580938796218
3.2680840408856726
0.15525248697180158
0.374814128569946
2.5223211183704994
0.5362576988893195
0.09884665366246287
1.2129747308111345
0.7606468507052742
1.7642610119852433
0.9372811085305616
1.0266667632822366
0.7409417002813529
0.3118996943391488
1.3962547492839663
0.953293392232378
0.551098146654317
2.2888351530969375
0.743651604629377
0.5930235858913764
0.23845538432818486
1.4470048494578656
0.5616719408970696
1.663872617146956
1.50091652480986
0.42871757947349304
0.6786632996132489
0.8591393355844512
0.3486837535562566
1.8966626662976578
1.728501280389498
0.08443009810573499
1.262794353035206
1.0001660398525338
0.7043068206704303
1.6497220342892998
1.2886076247482392
0.0676690011861454
1.260869325685331
2.583204742911094
0.1896855609309488
0.5331436046318172
0.89074268238796
1.0216146495653846
0.6381292784564672
2.548991770541206
0.4678394416016896
0.39502855568822387
0.18734545345308568
1.4362182931416907
2.3643316513959496
0.2146094256967917
0.7737009616646021
2.2747400125543367
0.19544048408271927
0.9189739176057226
1.6467522070915235
0.5871583417128841
0.7750769514929179
1.622947690006234
0.7621265561071899
1.1697689017319859
1.0252148405946266
0.828133143399192
0.19653162821492315
1.823029369898048
1.849831340716044
0.2689829873606824
1.1425097729195535
0.634384047176437
0.356400577233111
3.069617173314344
0.1106892252037375
0.47387790848507977
1.7260263373672073
1.1561862035397443
0.3306196086363428
2.11951819491051
0.5912884002103005
0.6413030666693651
0.36401978653725103
2.2256548251866803
1.1557132289768073
0.5194007146920322
0.2988990747972066
1.7993596776436922
2.2982124336892342
0.1632149845577322
0.012839935219598565
1.7169611227086887
1.1873201653944367
1.9551181673584075
0.036328766713194884
0.12958657999007672
1.6181558275534271
0.949665322341292
1.9406623435539483
0.4371020265036354
0.23971389729424278
2.052069965129657
1.18553391863982
0.33755507946993335
1.976420997613127
0.4511360657279346
0.38065267468355346
2.676552291701262
0.27032557635342347
0.827136263073015
1.651055677043771
0.5242131418256503
1.267945434663843
1.283711391394007
0.3471055538930602
1.5984356476677797
0.2611136478049969
1.5141142502470102
1.7651268477519522
0.06559228884881889
0.7640494584545254
1.6351520579834604
1.3756245976179255
0.6273324393850155
0.7347972628982055
1.6025573179597172
0.23156445463370695
1.7445338251094828
1.3263312315940898
0.1741578255786401
1.3115291145509116
1.8432238171022859
0.49837740709618883
0.8338764136679064
0.9448437461070615
0.20859359796691715
3.2629656259181408
0.2411005116424826
0.09662535119130673
1.314699538855565
1.8497261563543677
1.2482646142278278
0.37228321583078705
0.2758587600117165
2.59543470068873
1.1944710028151757
0.2786926675923238
0.48152874797861767
1.589583245225381
1.9086317486804745
0.9197797618143221
0.03939231805136401
0.009504808775693405
4.0549371704860055
0.5905276072280315
0.15998660772048245
0.15335418463349296
3.035280461302621
0.7796733525732608
0.7006025630291928
0.1623218830753802
0.8859678575106089
2.4295618043131237
0.8532600506936266
0.21188101515440477
1.322965584178385
2.578897998056153
0.08105226760861645
0.4971811554354367
0.5960692621004295
2.0555601206912275
1.3901657771812947
0.5474617756520225
0.020875246201535143
1.7331615600221075
2.6845230358828958
0.07451677100126532
0.17683216469173912
2.7866959959496294
1.042504649293598
0.3009420304094053
1.294580427316976
1.366901054273919
1.0834904917710313
0.9029302516396109
0.7096534689868826
0.14017480406321045
2.040583769320347
1.0336756989871314
0.7492000276372889
0.38071671338937507
2.6639206035059986
0.069667024208106
0.6750543916907046
2.3271811368604713
0.2723776512796249
1.0335666353548707
1.1377043311091066
1.1892689089436583
1.1760898440774983
0.31164679577395976
1.3413677749515602
0.782624892434674
1.332101059922186
1.1368125184209
0.15786080677941322
1.985914307306534
0.7725865512837158
0.7179837462902892
1.210164490679495
1.170663310558088
1.077261653583998
0.2840290680748144
1.3372100672909115
1.7544557934095146
0.1387912756557426
1.804812071294253
0.2663926651987806
0.9842685102349911
2.1141148267527385
0.1648481140425329
0.847550967668011
2.371747565668854
0.4654477632348564
0.46784138350209653
1.7335775565015665
0.9004535072792171
0.6901647697723031
1.7293855067512613
0.0230516185103371
2.3002102569677247
0.2627803231993479
0.17631367183073723
3.508150528031616
0.5476195971038376
0.011100084655759686
1.7899309557243805
1.6317588807920194
0.2167584664345804
1.4485452016578428
1.120531567315049
0.6801120875044987
1.4762135430010181
0.5707811766900476
1.5096675748771173
0.5919105684657212
0.7593413030276499
1.314177673240364
1.0145779887445476
0.5009530723173994
1.6675962290778779
0.44792941073743203
1.2818284226372179
0.9386002153662045
1.0969144609301564
0.9089482849940665
1.2332503649877316
0.5908285997854172
1.3401653596019618
0.39692001029212093
1.2250065082627686
1.4465505871557802
0.2331159938900538
1.6649340052225559
0.2732875414763751
1.5913161808905045
0.256032428703741
1.5015941331004496
0.777097980110218
0.891415369618913
1.418387079941944
0.7415011052437458
0.8307241398609174
1.409356238557681
0.39940565760058
1.6227177056855375
0.37400744311398726
1.5086080651800569
0.6630558497968987
0.7526281026496456
0.9805442066738964
1.184784872388382
1.3697386381947352
0.7470754380076802
0.8582556054270409
1.200325891957779
0.8372201637360553
1.0069471042648805
1.350421519863771
0.5627893044510206
0.9168031991089289
1.0369434262819055
1.2229210920479374
1.3379211741453547
0.5313711655550548
1.2081791050678996
0.6185044844223144
1.618990547907066
0.21837291654170127
0.9798686821725353
1.0113562192774082
0.990697540140309
1.008153738317618
1.3261221073318723
1.4220822405992983
0.038020824151438565
1.5990722104757578
1.0527001034210834
0.5575692929144509
0.987032791602258
1.030864347753712
1.0002219448301408
1.10727475985654
1.3301273470008486
1.0495537979954421
0.7613854626843483
0.5883143763003005
0.8936021015824753
0.9870973370108135
1.011057566560885
1.0056502184061864
0.9659656469470513
1.194994049919993
1.6720244307527592
0.38806631122479557
0.6098487714193295
1.0081352272004631
1.0140938456990314
1.0045608932988441
0.9642640308416459
1.1382765431924953
1.627910450869502
0.651045345988449
0.4760827023057729
0.9549425443888049
1.0331231883732261
1.0051410988370904
0.8669996975845072
1.0262292831426432
1.967014866207694
0.4937115497975127
0.5699158252451999
1.0005157164026834
1.0163060444415144
0.9142225677865996
1.008551034851006
1.6393463054436181
0.8694935613834438
0.6053733669151588
0.8764100007459393
1.0058280836753983
0.809198019631248
0.9028311293677075
2.013956663569177
0.675443593633542
0.619016956389416
0.9486586172468553
0.8476924397886001
0.9112804880160934
1.750346484192636
0.8641400660406061
0.712362797140053
0.895315031339906
0.728425518152037
0.8026517397168594
2.1245496316173518
0.7107339537343398
0.6604703459001409
0.7448911856802108
0.809899314672107
1.920816958936035
0.8255329749082377
0.7287525968338067
0.6489341804153553
0.7061033090592547
2.265857344429698
0.6990886455107129
0.5248737704511461
0.7137063027217014
2.1062273958748925
0.7711656405128063
0.5080553231221145
0.6314998611526332
2.4092151412677754
0.5022383799163316
0.4864465314305851
2.289232982479525
0.4883640406935408
0.4642522724914128
1.8526373511381489
0.4480175713385598
