1.087434830723241
1.0288086135711045
0.3920570956079071
1.4280644355373187
1.4919475380055884
0.43351850913020734
0.9710859282759661
0.783811104287121
1.6648214886033914
0.44475052377361024
1.2413494748856584
0.7704201595601562
1.2060851125490457
0.9977166945063283
0.4147858863823837
1.649497394566626
0.6723414641404845
1.3492719731665026
1.176158417698018
0.34129141424157666
0.9531667488797185
1.375520883048426
0.6064744777792165
1.7476591641988666
1.0368623618283357
0.20410750447744855
1.3484175774452474
1.7834290761103195
0.5663818566109443
0.43676082358315155
2.226907940493716
1.0125803697338855
0.07361949578511208
1.799221566054648
1.5527617538274796
0.4080991199575432
0.7742012808322767
2.196764373612088
1.174985332374309
0.08291474186265849
0.014959804011283892
2.706397647723934
1.332085312388042
0.26316308978950387
1.1919626897947047
2.094168347812596
0.6195655576908
0.29966382637962724
0.4033692647398958
2.65197313463536
0.9133756703757988
0.5225907907142652
0.18933854857049712
1.9982363843898046
1.9879804479329706
0.1459551825615665
0.5153020377514923
0.802559716747534
2.352322824853525
1.1232788519671497
0.22143036599372382
0.024704792176987674
2.90054158065278
0.6391842022592273
0.9753244949621057
0.43831855093118366
0.5241207940764677
1.18666483444508
2.187932277285691
0.9001931736065177
0.21763383867314473
0.08955756421786615
3.468002749165402
0.7856943093164546
0.1497895484294203
1.1081058170475655
0.5051091757212691
1.7119118886963076
0.3196552589697798
1.935730186072385
0.5526355321103964
0.4517964325554158
0.5886315381085415
2.9050776068462727
0.14814680919907394
0.8571096100414365
0.8353202328755347
0.11737993603983901
2.2837521170107498
0.46529877442048995
1.530676525434216
0.1269567024145993
1.070741227865012
1.275522769628503
0.0906542547120056
2.042816478660392
0.8327655872737562
1.3696374676202732
0.14098620995319183
0.17684388959175973
3.144793212606604
0.5630205293154302
0.7414254881297422
0.8142181930877826
0.7210097524306306
1.995920516259321
0.1743018871165256
0.9445326774970154
1.9955791825957485
1.0251471041794267
0.8101866364486697
0.0021074427367945
0.1221362829438883
3.95571075339448
0.598390375278808
0.10063306702244271
1.3815717781082824
0.36825791855722656
2.755559521455562
0.041054964624134535
0.21933364302000247
3.220154377639454
0.2722708808986714
1.0248490877790384
0.5622686155323194
0.07548996919432176
3.3297427208538206
0.27170640192271683
0.6794282348874394
0.6046285761147131
1.2373002160323372
0.019259011127798036
2.0621985308357704
1.1595939439292493
0.34132604033547737
1.9694826104348497
0.44189620922568074
0.9817301443003924
1.2752571462977496
0.026860325101866974
1.9200532818760483
1.3708901702128435
0.9862900638835135
0.4385544154171008
0.3012457814533196
0.4320303115944586
0.9959138022065069
3.0330287707284707
0.18987511154523115
0.3144082688472425
1.5135691444972246
1.948280677929099
0.474138962924086
0.19750703754118118
2.758815032371146
0.016204759395808673
0.7761518872675789
2.664190705873031
0.8065699288333894
0.5578501830787906
0.2954895411504509
0.19538992548375514
0.053807088422555015
4.2627879752923405
0.30402375148100924
0.132798072751935
0.371308652185318
1.9468008284302658
0.2590877820567912
2.379913817344603
0.27261404592691035
0.3500807840366264
0.09289308455715416
0.9622236118496599
3.5605131480499366
0.18503112291894924
0.06829762783504786
3.1347195920385316
0.1993737863215289
0.28594750875919334
3.5202068704543064
0.2516640690256763
0.6347427770650123
0.6544200619800894
0.7373757808833159
1.7929973825576024
0.13999776722982793
1.4723270942329953
2.3178129447253712
0.2626454595942788
0.1303778852424078
1.9334861144918443
1.496851021211126
0.8910080078922976
0.3917887732875461
1.4013944861071037
1.5206034467555818
0.1904552793049198
0.3129581538567554
2.237359624694255
1.6936691220483715
0.4367558545246846
0.6414153716289034
1.1154804994905467
1.5572077785740026
0.2270014787131888
0.028847494685470116
4.133830798150808
0.19686370672600134
0.2803209614335439
0.2313396303292293
1.6916230657943816
1.7730796796940012
0.6385159607300451
1.071659898210067
0.8744763136565958
0.45505493817453496
0.9619768578597785
0.7190446264735029
0.2338446054421098
3.3195514586470334
0.7043550418696694
0.14919151578644269
0.0664531137257813
0.21919034927904843
0.7142425152272316
0.6591662326485852
1.7993329795845816
1.7874087412434343
0.4557191223309676
0.5901578146288633
0.2844642222928324
0.2700807336781353
2.563965024394697
0.22531531283690082
1.8434670973911151
0.24622200375253883
0.1879513572201493
0.5760201931830269
2.983640883976925
0.9345787345216934
0.04347146751868261
1.8938511259124429
0.09430416141428956
1.4062828286381694
0.199736833716991
2.0984474294232998
0.09982212820423797
0.08040998523019417
3.980861116355732
0.40160269519043384
0.43077873428565083
0.3545736943613876
0.3554743884021416
0.1660510969235116
3.0571814711627754
0.837594473920732
0.22683639438012654
1.3183883785978097
1.9595457450273337
0.5009677613917725
0.48686796618349854
1.288529022330729
2.159103538944785
0.3142480592327325
0.873113255648332
1.742186633483029
0.05592691133294358
1.4945586670443467
0.38398289061846635
0.17335152379531635
0.2824048543375295
2.6469330170883363
1.5318305268911934
0.4581991072685734
0.09852458797072038
0.5619089817313642
2.957503973561201
0.28340851427252445
0.5509171235302335
2.142000535724637
1.1229732791212585
0.6792142517582367
0.38475291525667193
1.2635403691708165
1.1748057467023116
0.2559195237816897
0.930050683793311
1.1958199524981046
2.0640453656825084
0.8812100634424902
0.10564845487536068
0.05962619386978616
2.110287809823144
2.0327555177216645
0.4800320681823443
0.021137872191413335
1.567740138185395
2.3783787805914023
0.564622629458788
0.5319710334616817
0.745685078058737
0.11804537896260998
1.1714729564479305
1.4331033313656636
0.8478093620297624
1.6213242289237206
0.4924992169627463
1.1087958771552537
0.6458195459511867
1.0320437705055268
1.5856674602078638
0.2536496967848005
0.17788487772056763
3.764094790996588
0.4240535702965105
0.2666641314208897
0.5415262228451276
2.836485719845362
0.24619911720248044
0.1560563725870122
3.1006144240085294
0.6640480236593693
0.7509059865740142
0.868920918498647
0.4890725291938417
1.8743170170847627
0.5045129472288911
0.19762390313066394
0.5917748666692666
0.9301608352227712
1.1818019462804903
0.1549820499152871
2.722232039056971
1.126357615439579
0.11423659808737993
0.32018582896096476
0.8633112632429298
2.8145998230676716
0.09960512037031273
1.1543267609117713
0.5209265720682492
1.1879104136930836
0.2492320239710221
0.12571570221855222
0.7638291640383831
2.0912951407949865
0.2367058634426664
1.2228463014379516
2.344778779527853
0.660886026137176
0.18932473192481
0.05782114733399084
0.8336279685114367
0.44514050530131327
1.5577633823409844
0.6953964331251
1.7350455132150617
0.07529017179333325
1.148398555013615
0.9433558884351575
1.653577320483127
0.6205997211021034
0.9155070324389449
0.14812373668387913
1.318658139909255
2.357200893395785
0.44536400286798633
0.8760707602584368
0.48269929150583807
0.8166148873171382
0.30373520834574164
2.1336469077449083
0.41641272009787117
1.4439333216901025
0.9532077766362348
0.7479773796223951
0.14229446918594282
0.2461029296630652
3.883386191785932
0.22398298070315895
0.3240048985755372
2.021557464934423
0.9489453459079507
0.6421664100992788
1.0173998201502206
0.001993926542575702
2.692199554200475
0.7441799870007725
0.6925197424224689
1.2623625971846197
0.11772008931191454
0.7170481097924204
2.048798354588243
0.986816892041051
0.38364983281013226
1.6319004052075154
0.7576549051329536
1.6674206490355283
0.4065119961285455
0.4305067070799676
1.4484561737118997
0.5839879548336949
0.6616146617808883
1.704907654517344
0.19824838111981202
1.1449970093682182
2.3229195157344673
0.9343880273139789
0.23644301788821753
0.13211941977260244
1.8465017346410932
1.653339347881162
0.7395714935606551
0.7471158958337355
0.8392532986830687
0.01434833157605183
1.4404099599119977
1.684424972659062
1.1524770152664305
0.8324669873184664
0.21342830518832206
1.4500765139025842
1.9899435789055497
0.3799683137444436
0.4286265479111001
2.873020826493125
0.061138607634667656
0.18917071881078526
4.322130608779154
0.20331272270950637
0.014661627705035632
1.4492673463251284
0.4216006315310414
1.3506330015442507
1.7016339404903977
0.6228331094633021
0.8382332617715331
2.2123883009032395
0.24118320191103262
0.10929199412418784
3.099282536150891
1.4322038127038967
0.033531414917259875
0.3639974854786952
1.5481598234427898
0.034273111249843835
0.24433159402361385
1.6506059421035917
1.725569813231309
0.816971698476354
1.1033303044167542
0.19726186314282432
0.9921287474235059
2.5013393290540513
0.142057285791445
0.37074716970387567
4.088207847789283
0.06341610653925094
0.12344248236349706
0.14344782978952525
2.325762796217414
1.617491719475602
0.11667140309002234
1.0496788347873975
1.9700629900593096
1.3726363234497865
0.054494774797451885
0.4726036332989897
0.9273179390147132
2.378178867916615
0.6191506398874026
0.1537965466224422
2.1505495373017665
0.8143950042717556
1.3703694471375414
0.6735407031274827
0.005128451686399146
0.9412774263260998
0.19152451568716347
2.7308267014920857
1.2679395842916477
0.06383333820255252
0.520549978450621
0.8935987060002043
1.187996602406479
1.8045995531459795
0.691884352770076
0.8048868499004116
0.3698165075051577
1.6799700674013918
0.8445983810000799
1.5670257031279053
0.14775448065951763
0.47402719007705557
2.1619290818626222
0.8287325664290528
0.3389050805096203
1.866261928330727
0.8972037292897207
1.4614188617988542
0.24811364175417647
0.9957603561173481
0.2508575216776568
0.43005799593879734
1.3531272717130773
0.4988088932742306
1.112596034988161
1.3064772497796988
1.8608243659764379
0.1298664058998735
0.7914995666084871
1.0616271425784898
0.941692097334069
1.5230089019894097
0.12374139309967119
0.7954936194735855
1.0569593438097635
1.7651845633913814
0.7852264499913613
0.7430571129442601
0.8586826087880534
1.7981086617924076
0.6296097953627614
0.6412441224584652
2.651042752709698
0.13719951245655182
0.16902439062453867
0.01125020810158666
3.1013879047261432
1.0103437532488293
0.17879124972242916
1.4111577534152384
0.3776738490990689
1.5307102783148419
1.8382600732277312
0.4669729847019471
0.36660387081116846
2.865188168537353
0.08977214177285636
0.47933528456872126
1.2637272735963008
0.16561907119305277
1.900758694261963
1.1689196789217886
0.769825583291845
0.6249013354196563
1.7250377132322516
0.42233440638355113
0.9970161913764959
1.2041769430832343
1.464628923379713
0.597383587496477
0.7572677218904112
0.9891048455110724
1.578045236447117
0.13753838903970714
1.9540657205716216
1.00487138826298
0.1967239385242193
1.1847359169181657
1.7510537896696403
0.8784284267083005
1.0991696399319602
0.6210880927314707
0.3038613527111874
2.4228001731683064
0.7514259161599524
0.1858277605633552
1.4819564876039009
0.9070546450350108
0.9433480886295135
1.9381140160258161
0.898749125517022
0.1539807682015355
0.8204354865880857
1.917890953080634
0.9854413533536857
0.44987793595959
0.41925645868010264
1.3382664337006143
1.6501031101200363
0.6561801292717955
1.5904285593665466
0.042481623713708436
0.7587556026773128
2.2858562244638145
0.5550917176138135
1.02648654093294
0.7620005410318571
1.2883433408186473
1.133397873533746
0.8774782573356814
0.8447259096991515
0.5096737831497782
0.8383051149671564
1.2431717123542099
0.2291122216610902
2.396915091584586
1.4909774962276237
0.007344333605991961
0.4113109271580246
0.28500340521482503
1.1713711109847564
1.5158789284899046
1.506041870449642
0.616960209636233
0.7116531162841155
0.48362676702726126
1.270472056765629
1.8071506153466876
0.28850432312967866
1.2013265131331563
2.2999320461455146
0.14745916668661077
0.13673372973080025
2.365742189154173
1.1189196174099945
0.6335392025405037
1.3535822691129513
0.6609823475960112
1.045910713126793
1.3617389233539396
0.9172266177637686
1.105344446580393
0.15806067621604938
0.524309074006263
2.638540135414056
0.7556562267999671
0.8057235521892798
1.253773608789096
0.1225667597103868
1.307514328134172
1.6262151153754068
0.7576224990453725
0.18823392101488085
0.9413941564914814
1.1741341914950676
1.1746573999020622
1.7799197682251933
0.33266265665823536
0.657134535533129
1.8390831793401865
0.45361823079075664
1.0969547623373463
1.2230650246096302
0.43849674489621493
1.6495907827591185
0.4468187941135797
1.827906948108459
0.282481723613321
0.7555987403017729
0.056924097899733
3.000320623763492
0.13862409753953986
0.15552173943507894
0.5003954144163099
2.7703284880039636
1.0559975929839223
0.296671312059102
0.8879110567013224
1.6188329120528364
1.076980318749635
0.3867361670151187
1.6167146764860636
1.484439070006283
0.5970603094174984
0.07987076590896064
2.145518889198337
0.6878740616542004
1.2870729581903513
1.0263323049233286
0.4243407387307248
0.13233238564500133
2.6143397278413474
0.07756885733001692
0.7644000690216848
1.1485582680573003
1.4413676169163092
1.017495536791416
0.6929734577495227
1.4968548043839163
0.9121811733702099
0.1556015606145216
3.103980044723735
0.04473585188487329
0.08328552509525637
3.219255439860084
1.067986822192611
0.49776034117632345
0.30513422352816433
0.4496840581146643
2.3449839876898064
0.4863042003221767
0.8002670185861304
0.44250564375893164
1.9829373285374141
1.2739529936921905
0.3127017465328988
1.884682285393868
0.9009824584670408
0.24755206146823328
0.19472602517838128
2.6210437174103993
0.7631284690037746
0.09976925506433183
2.889000574444289
0.6864147701421277
0.5240054674651281
0.884483326683742
1.067832414556517
0.14159787650974415
1.6300489405364784
2.0809137261694772
0.7873568816604792
0.02832100628411304
0.6004962278595747
1.8276281263137422
1.20537918926234
0.35016265026254445
1.306484672080059
0.8052188328963892
1.093123799861845
2.2410688210898764
0.27408626200150243
0.10328010302300157
0.7160512955727367
2.7959725402442235
0.4065939952639399
0.9683137312134558
1.9590707635992453
0.034434690667143074
0.05216831242807003
1.9743930689748603
0.8791031330096409
0.6718046284750515
2.131787794609571
0.9472801487671247
0.2965380800705665
0.5518279712372386
1.506992947812936
0.7994087056017333
1.1989312258981508
1.1143200801685764
1.8334140177288154
0.017813706437637793
0.2095419760423972
0.7605263375920248
1.855957710294132
0.10514158932324244
1.1598848482032744
1.2942927503915085
1.4918747558886323
0.9031472083053362
0.5949114386266462
0.41908572329801097
1.6783326595843087
1.034860275547264
0.2711997689480326
2.327642699011423
1.1597507957401725
0.2817423448924831
0.8827610805922403
0.812203539990616
0.33154650433691596
1.1938660566339374
1.0723494483801754
1.3946039349341934
0.6620524609513845
0.8686674361834004
2.280392913486403
0.533369282807922
0.17031929813104849
1.405557277164346
1.2760245729971351
0.647363499785488
2.224669260635144
0.09768111528859558
0.448318145064967
1.546677384773659
1.360400813570785
0.6405479252222427
1.2878350695178795
1.33738967452632
0.804048096138254
0.21197408896009987
1.2270061999453268
0.6714676397424189
0.9241840219259769
1.172490522026435
1.3749351963805345
0.9967407162152487
0.46876817478579447
1.2049892394452695
2.147565881045213
0.23644703830750718
0.32630736905948826
2.431972903278936
1.0423364666448494
0.6485992171399496
1.4111525434143044
0.37658944753036533
0.23677502999152217
2.146218223783705
1.315814974068743
0.7711206385850664
0.1916266576180667
2.392968933562557
0.13543585410994224
0.5904913670156264
1.03507479934217
1.8811542539000745
0.1676954849172088
1.000718760919892
2.285430029908968
1.1634986208430038
0.09057071424429809
0.4490669722187143
1.8040055083812152
0.34091404101434447
1.0280672871935266
1.220411039171789
0.3798704040538448
1.5536155161476646
1.9728147590114187
0.4381174248837394
0.20454322736395
2.412325566962946
0.991666850122191
0.7642087683829968
0.3622608331026922
0.7235462506666779
2.3058306888147366
0.22724969787793137
0.6678760990680599
1.8916297754064422
1.4028937097271015
0.22879355481445954
1.1573761499520003
1.4944037498248464
1.084368930713996
0.6592954817939378
1.262584098825602
0.020140237095753143
0.7245871602576615
0.5899072255102003
2.691998914378152
0.29595491633753196
0.6389961695199262
1.8425586494102146
1.062641364337882
0.3204361027034674
1.0944393444679057
1.272920592242347
1.1639237303660206
1.0263740778290564
0.6610916687213104
1.6504746276532463
0.08727642280646875
1.0334703822427165
0.012978172971869973
1.524256643670931
2.1452361904586317
0.5482690530989154
1.004876345335592
0.18575166991363562
1.0077071391196692
1.434376976667306
0.5984437686449834
1.618310528379489
0.2916527997512639
1.498562506689654
0.4353506693266149
0.8915166596061385
0.18861359082400678
2.7239425270530115
0.34188678178478443
0.43205638677794267
1.476463330146504
0.9422326294335429
1.789092898405668
0.6249352350344634
0.40371042446938254
1.3438961696749527
0.2566352781854853
0.8105681981981673
3.302268250436905
0.03645784458687187
0.34695745595803185
2.848766155593299
0.19154497549299243
1.052772863398438
0.2833457013421284
1.6969800114998703
1.9051013078979648
0.11678695845002553
0.6564996641241265
1.4441849088667622
0.5493103545448816
1.9623369079138417
1.0892383806097867
0.24954502575780843
1.3970505694955122
0.8245890286421449
0.4206596682083242
0.3844277099106074
2.3955761316687605
1.4220634927044267
0.6153556335646609
0.0684671771718977
0.1054027897045129
2.835540338736482
0.26461278167717367
0.8263522377543894
0.8170455860084945
2.597511679069299
0.4171070320720303
0.04653446685715565
1.30811787452741
2.0620743498765197
0.05135594002499571
2.055629827033655
0.5252701486353503
0.13290665594407514
1.479432396583407
2.8234012119325493
0.20257445828218168
0.20689755863116888
2.110312070320941
0.48740692189481377
1.2781561851840988
1.775146960181838
0.2342983941938861
0.730309060430511
0.5449082187468026
1.9608137782815187
0.4445718507120578
0.5894802848291293
1.2562189355413689
0.8676737771350155
1.2778810968404266
1.7800627130372089
0.276580838830519
0.563943879145252
1.9914396454688772
0.638023540193668
1.2220574898390806
0.7858160659667062
1.2755261215332683
0.14706612735910618
0.7637579481255147
0.11090077452493854
3.0072636454647523
0.6336673106908596
0.3475660034612173
0.6689833595860565
2.753777982403918
0.8669094083472673
0.07124069223388955
0.8728022152203436
1.538060103900623
1.041619020075338
1.1152157614602198
0.7431752519989955
0.3671650697209739
1.8719448699953247
1.5467214573830592
0.5217420233741366
0.9933371393631034
0.6645527106385939
0.04492288086307106
1.9471735929877014
2.0745580673523683
0.27454521568224893
0.37962990013575
2.9506060676366532
0.37774700493401503
0.281213078357697
2.6926709505383695
0.651258613702625
0.5237252780691912
1.3849781680248716
0.8380170460224063
1.0742890565694516
1.0932003630261269
1.309388759702311
0.1896786402926537
1.6176102257245353
0.32674667555493747
1.0009841983160814
1.9171514476816622
0.9157161824462956
0.10269239125510043
2.6581142755918057
0.39607152472325874
0.372337933954242
1.396895034763278
1.3320797793149055
1.4228554598014114
0.4852826476877437
0.4270663920706007
0.4992497181875619
2.6387698984989325
0.4088183613591226
1.0162839101683794
0.41738033951060444
0.49501830295186044
2.3980910302705514
0.869762664907076
0.172035259158711
2.2368902152058054
0.5418047063316168
0.7473850460438091
1.8069882320129877
0.5036334770128553
1.5196659685999536
0.28033702205385086
0.42685765083218286
1.317074662581914
1.574474590837105
1.3433162430100758
0.4404278039595833
0.31861232099387554
2.938855667487263
0.0786332290582802
0.8251234365547244
2.2749082785077475
0.028286771144709406
0.5865103010645533
0.41051563947495595
1.7354184988527872
1.8871568847300737
0.24613292749167165
1.2656167107562681
1.3533744383725839
0.11079703313952641
0.6337836633709537
2.2930477548132804
1.6037140342863254
0.10686549285767218
0.46869859296055183
3.58242372412685
0.09153261626369041
0.2981169278826249
1.9296818414755657
0.2016282239855411
1.3620886524088147
1.1211154219562454
1.4619523145486235
0.666929503857794
0.38826417344644903
1.4226401228696306
1.7762835855417176
0.3645864331449924
0.4810111921099308
2.797150828827557
1.0514796108044535
0.014751957828141161
0.7348573830484215
0.8817586215760828
1.3920651347839714
1.16370269993754
1.2588030410402897
0.7167001243241121
0.9824519898424534
0.16619059381979057
1.110491310052745
1.9413534158894965
0.03681307801584635
1.3345242879774002
0.38050124247150663
2.063177622231651
0.3814443690751853
1.1903252741626047
0.9784208661265256
0.4914112362979428
0.3333429494282628
1.3688545997429127
0.6095328177277265
1.9037314966536043
0.8722633811664585
0.4955516608225045
2.140971886423331
0.5360600546896316
0.24529234213962406
0.7485583352598915
2.5226327991931643
0.29690313644221616
0.7605949018450836
1.259910468631835
0.963401925127093
1.3920115650782803
1.390446010871096
0.3747937235089588
0.5560227995363111
0.02403104436695076
1.2073226152321443
1.1606556845734635
1.5486433274539972
1.4434056154252908
0.034263815141945236
0.8583144187737365
0.41328589059668946
2.8157494843323074
0.14299852656745107
0.02423352630586426
1.7811917045967436
1.4736573712857366
0.8817353041170889
1.4390702183817725
0.018229246520691546
0.7500012173252963
2.1425371139808767
0.3463708373175203
1.5965620236391542
0.7856316002979721
0.596583599127206
0.860930154023276
1.3072437035273365
1.7014245072760834
0.23710142069440074
0.7088093409670775
1.7494084007741515
1.9110219342457482
0.16546527289627522
0.31893220091368923
0.9794234396076728
1.6651878953435162
0.6826235529302646
0.2642425887522727
1.469598136664489
0.9585147959821709
1.4654052101963613
1.4263483239656796
0.3115083195411239
0.6564856831435578
0.08882875408547422
1.9046286554885046
1.8270941951422923
0.36880707272340024
1.014014269603226
0.6833731517837169
0.3600874621332252
1.3885405148324244
1.2163779441782028
1.516384681590813
0.6701382256765246
0.07447940592933772
1.1264795987193992
2.4599081469246076
0.47266874821084187
0.9244967659028601
1.0046248302549878
1.2481911195517421
0.11086826593208442
0.8764961928834388
0.8936730866860527
1.4479864730213812
1.3053096581366128
0.685848188490425
0.15714742529539308
2.757470170448929
0.25717553747669725
1.0498973860407728
0.9979359335418889
0.37445596595584296
1.8248015445436219
0.2751006810775558
0.7749270743952451
1.544958198143189
1.1583713644380413
0.3354075981179006
2.277662248156646
0.7213839242918925
0.2295549292874195
1.5654744970565218
1.1957088969257357
1.0750672417838116
0.6173997666505644
0.8155475855385846
0.13806819604933612
2.5095434043075757
0.6786236265005432
1.0131811756302265
0.49957231980162253
0.44549015832905325
2.599030930871855
0.013906330913813235
1.195598232757533
1.1270641553555096
0.5183415802832632
2.035234163921697
0.4243555956689115
0.8800463886212179
1.5131046259906178
0.059210448236614484
1.7417073324051628
0.676745334683131
0.7619759759816377
1.0085745885191562
1.974769535969754
0.5276146666518688
0.8034268591705687
1.1805603888051275
0.42191333773724415
1.034542301185103
1.0741453984015112
1.872423140612435
0.4923809827325598
0.31862989437947287
3.3336623572964723
0.036517169911508496
0.2459709271989772
3.4156788135807887
0.35026407547748917
0.45662799413435395
1.1232092078612275
0.2813138268481248
1.8406561481165227
1.2981926998199549
0.5907009690402553
1.1011927975543316
0.19227188982098206
1.9046944385938314
0.5914746979803795
0.9393588005382327
2.2934973087941604
0.2697505444835289
0.571622562793224
1.7307471201229148
0.2492985084138018
1.5673762819332846
0.638982536842011
0.011144274601444532
3.527842343059495
0.6912054978106861
0.11422571637335872
0.9662175909353874
1.914713776573797
0.2198509494303857
0.7203155412260743
3.041231436088956
0.47035345350340646
0.09084530596734539
2.3032922921569883
1.2134389360602622
0.20373620519624724
2.010397748766803
0.005935281347479397
1.446406376146727
0.7977868777829328
0.8296272137813738
2.31486251994684
0.23726824311220454
0.19017815679972125
0.8343252756970091
1.4077627116149276
1.3184241555529674
1.0015968763653205
0.6669628932829902
0.8756794450243528
1.4180231316796081
0.8590357187656135
1.6283589071671365
0.1527008841523142
0.7186438410149344
0.8165446364523512
2.1588924389671162
0.4628952386660134
0.992737451776718
1.3125857616344023
0.29459705712737927
1.4042995523093251
1.3891382558108587
0.5713067999418291
0.25827389141723717
2.038346781574517
1.2064420387933361
0.715791012604853
0.996383228513459
0.19840039765806453
0.5325281620221561
1.8707561471404242
1.8237704817716012
0.5490813122277494
0.5085948290781491
1.586145952850093
0.5090028547855793
0.9536254423639319
0.004962993764947687
1.3343626774428443
0.1339802502384336
1.0103091875937535
2.41037631639957
0.3692886317881275
0.5785386409582677
2.260462921264418
0.2810972603967278
0.8418138742308384
2.3204836870801366
0.5637099468301966
0.8183325462191726
1.3319803337008576
0.0663721278381039
1.086778859672767
1.0103309332634225
0.8575852330383714
0.6374054975478222
1.1809054830428078
1.8561511975274376
1.0325831630268856
0.4472609389761583
0.5941005753448597
0.30760109618787335
2.3217604452826124
1.3621455394239677
0.6263089848365402
0.09308128133794087
0.040860546800307686
1.1891902925943807
1.8710124019366021
0.0930128753246441
2.2185256817077597
0.3338376373524254
0.7204896947299152
1.52652880630014
1.3815035331215957
0.3946792935518814
0.21453499050738856
0.1423489255566883
3.15741323902178
0.13978447370661637
1.1938703775512283
1.2346745481841153
0.5148185028484212
0.825390314020303
0.5455588063386584
2.0896226288254316
0.20228680608654148
1.015747010689283
0.5120351750938288
1.4479537902056592
1.4030863967897749
1.1000292830977887
0.890819939090885
0.04759669283389134
0.7690057009471991
1.5259652720464516
0.14263736556102427
2.220898641275176
0.80584052068242
0.8569346602052129
0.6317847571196701
1.234915419527261
1.3145993302770203
0.13302775610241788
1.1842585335100417
0.8782250099829354
0.09860812351154018
2.674200461841804
0.6608524095879301
0.8226909173949143
0.6147770327202341
1.3613453074789241
1.9964412139965042
0.06742343302873526
0.023656512981072495
0.5022228793163458
1.6518759153163036
1.0415850888702893
1.08109781427044
1.5310868995371474
0.6650421332483359
0.7447008509528509
0.8254960713310321
0.5748477921531201
0.2654044320711922
2.397656582811922
1.3191165260488427
0.10705550229912868
1.9194566744113808
0.7948665320802091
0.03658583170787297
2.994385390336129
0.4909175684534434
0.3913050175968088
1.607969329560631
1.592379043762045
0.6290932784170229
0.04898949543500945
1.4303076777484238
2.087882291975565
0.8570317950134873
0.6555635345897992
0.2956614362870617
0.9594632591254902
1.69812690521261
1.2509354060154136
0.373503893423494
0.5994935524709982
2.8380267854178736
0.7113717832831661
0.16874294316968538
1.2833716716052248
1.1937331096648365
1.3462032687071124
1.1028538090581863
0.1414508169951672
0.2039081216756345
0.6755988849097982
2.360146584505256
1.0210085057417233
0.4767107395739651
1.3981916906003107
0.9437904118812802
0.7184707613152375
2.0130257668450184
0.339880265701154
0.5015206278811383
2.3609363699689223
0.4503192043739909
0.5296239999128408
0.890799298123872
1.49225900159061
0.14955695240132558
0.9099948292701233
2.0926659228343247
1.5155262095312347
0.008388389551972507
0.7307852526394139
2.012716023136969
0.11614949181469843
1.6449186590806688
1.7036559208875663
0.5233600738382186
0.41562497991504793
1.9248351092125646
0.16941468640612423
1.4160677383803988
1.1574293096589081
0.49075841391543334
0.3814435259800831
1.1847755585484538
2.432443041616078
0.5956686373160173
0.3271765596900154
1.3332273577020795
0.35990175233667326
1.8525196569625368
1.0664616074849849
0.26300483415553255
2.476631893091892
0.7302143562342278
0.14147967296479866
1.3409812870130717
0.859655911221758
1.4167963764913996
0.4784606351526679
0.90838844378788
1.4693974207390283
0.520602240414023
0.709714304803352
2.0273091039519353
1.1901788826174733
0.06938984567349894
1.3341305231351865
1.1131323569087404
1.3229451534791703
1.1841720542952863
0.7458185170765408
0.04227526651144393
1.1053446951221984
2.3173544706351263
0.6573546027714939
0.7362869191060353
1.1800785930598485
0.24769656964529638
1.428239897413422
1.5946243176067614
0.9436688700787057
0.5786732877295223
1.1109684442180707
0.29678512994415557
1.8158239429981207
1.870435200580954
0.17644588803922098
0.2022593091912331
0.6206181308198847
1.2703995902544105
1.426115119262028
1.6302363269238493
0.0319624855192291
1.3481898516865196
0.8124255676973445
0.17666084929656584
2.6272845531229727
0.6965647455930618
0.8030191911751312
0.1110949071174483
1.7276902337502784
1.5064445059889553
0.36408364225891954
1.7946326960860721
0.15746325082823512
0.32831150717139573
2.5838356906342606
0.5596787664335605
0.6872779818400603
1.0521037125503407
0.6808710357409379
0.639140108195776
2.324565036311707
1.1323488242064885
0.13791163134787215
1.8236808158604765
0.27040196954218265
0.5939149140497468
1.227015869326619
0.7529856129129494
1.4959644698038281
1.2799784916998147
0.8289492324889332
0.9370657269637579
0.14780369760742393
1.3832688089207532
0.5368790016634921
1.0299324588444314
2.430290017920552
0.38431104613634703
0.4210720718853382
1.364359733216115
1.3367664628253713
1.0360675476939747
1.0465030947662306
0.8203153572713147
0.01295713867282506
2.003837833232044
0.5855280496284383
0.8732587863286667
1.8461015705313655
0.20745233464650917
1.3273999979170403
1.1979692159661035
0.9603967121821234
0.14550180978282706
1.433381105448348
1.8615623247978752
0.5378149270217314
1.0082643319821114
0.7964222282522085
1.2806798159540287
1.2838832247378145
0.1461748797287634
2.1009722443133834
0.820537973700446
0.3242565165976546
0.9356540385675195
1.4573640060463433
0.3394542523371991
1.5063208299465716
1.0901440668735813
0.0008682708728438081
3.2868736573139654
0.4266176845994493
0.06381615750397258
2.0133161251498093
0.32005604416324523
0.8290370159734952
0.5518780067467789
2.527020509451061
0.35441304600287304
0.7377587341974261
1.2901489374512298
1.5887386703699622
0.4021179444817081
0.28326198130738417
1.7356002306208067
1.799864067769577
0.5546884194698056
0.20499094653220729
1.33260518139917
1.0901782989798616
1.9291964665913413
0.2998341962853892
0.6641717720958749
0.49646582589922034
1.0873423738364052
1.8858350106981963
0.38871431445469007
1.236788458352561
0.23017942415238243
1.9955236657682915
1.5881786235632294
0.17334081954752195
0.09550606894366849
1.5352092964525421
1.171668485193733
0.30948873140613936
2.5034642294041585
0.58099966359983
0.5811749785205887
1.645364760977797
0.17646506878809642
0.7088253462727846
2.7413392333763587
0.43484296619495927
0.00033884608721121624
3.1838537643375506
0.6894282601008049
0.5009091039692863
0.40539059185217935
1.873174889045672
1.505709501440741
0.4843905064603863
0.9280384531811317
1.097737397880989
0.25782559937855937
1.1192597809634153
2.3024184436311472
0.06793858918132128
1.2288781252451535
1.229696404757371
1.1201694173209005
0.3653979284956624
0.9615234887197012
1.4292085208836245
0.6388725035125715
0.9247938084131115
2.513858538888289
0.3019381514956013
0.37417232079580254
0.8747201116011001
2.342255695353653
0.09783287106926458
1.0379344043877101
1.4039011094837859
0.812804040407436
0.6065081656581467
0.18480341955897756
2.363080651740734
1.4930550601840007
0.1515280598873259
0.6905429056423209
1.6647790566667706
1.7080915105876555
0.35163662181773636
0.5628501345403206
1.0657594268269117
2.4161503748319038
0.21214010607607478
0.34249325607784376
3.295342790864156
0.6729094723052557
0.2480450391826136
1.1999837196608891
0.05353850947397016
0.8207859599759538
2.5669384534372925
0.7925475895287092
0.14282829057259006
2.5731696186541564
1.1330876359675162
0.1559304654450968
0.5863237539802811
1.1338560205850012
0.8105356933896837
0.9404587094552349
2.013816014834532
0.45061245263333616
0.9398051573946781
1.9541735884201057
0.1293759232465352
0.6391472546962129
1.0339820080878686
1.5730669610745753
0.47347150923314846
1.0560667590379071
1.8369638128639407
0.18101864309566948
1.4298741162677886
1.0540678154008576
0.7490009595009499
1.6535839784115314
0.6849961873285656
0.6442591941652789
0.8846412897524107
0.21549291647510985
1.997411199240937
1.3014819554295425
0.6922625030213715
0.5496782617153265
0.7951348014080135
1.9948210381561826
0.8441426150288664
0.9998690637933043
0.38136753984381916
0.8900287661634544
0.8871947021290881
1.8697539945234976
0.7963834069691994
0.44643593790492864
1.182353627559887
2.1949135305636536
0.1741808078868172
0.49184784463142756
0.15031334863055712
2.73171309107853
0.6675716165268749
0.6879236177871125
1.2699286442574138
1.8022825107684584
0.06992824990401433
0.32126940996678915
1.9135798349440607
0.9563669172894027
1.4335937439195698
0.3553892077060702
0.7872323516279067
1.6687310211147444
0.9197807933472197
1.2718646175256405
0.5743001713182955
0.6320842080679839
0.7431012963068603
1.0649567974362686
0.6844863052452004
1.6073132832500767
1.7647878877111978
0.09547530056239399
0.8613055231457796
2.1385268346998516
0.8079069086945657
0.5682515434341057
0.08886898442320178
0.7115049787474345
1.1383961083609724
1.4480966414436023
1.4719506722485922
0.15056456086639616
1.8343185739387682
0.09640281248362376
1.1585314787798635
0.41036158778513676
0.9635751778139696
1.5160151070552177
1.3708671172384452
0.2833106058518639
0.9850152199449295
2.065133665137127
0.3813777172374403
1.0035748450689705
1.9526974453098709
0.4892550384801201
0.2994923793019431
1.1963248562203415
1.3005311154415804
1.3635689042252055
0.5457984996138969
0.8336706741403982
1.325074560049756
1.1702351955186026
1.1474775900048333
0.6465614544911951
0.9803737917631846
0.1105090134250811
2.242836910237878
1.7092651347802499
0.007362347645419224
0.4113290056745191
2.1642940672384845
1.4515135225674067
0.5205421121121477
0.9573537889076523
0.6579499742250635
0.9294222771782675
2.0831675565338403
0.22988349669472322
0.7684842083217194
1.465335757396303
1.5511032289619504
0.2729480733282767
1.1341492599372522
0.9973142881196098
1.2233025074095452
1.030383044078812
0.8030075109380319
1.0285485406676294
0.9882290487871622
0.30951636634728
1.189404847165632
2.0095867293784058
0.8961858756158895
0.15402493895567493
2.3982793905634985
0.3150826014136306
0.3878835883976883
2.4540376449531935
0.8257748963633362
0.8328353913525014
0.8838857160673325
0.0877926958237723
2.19008368624513
0.18834961464083452
1.447372832503542
0.3436302310165017
1.1734899537560841
1.0595131990878637
1.1016563039163096
0.9426830246088002
0.3419844878403844
2.3678234148249437
0.22324973613532523
1.0363401982006466
0.0678998980126546
1.6378625368877493
1.0103800462463481
0.6539899448422947
1.1924993546807126
1.9312294070318319
0.318677721812492
0.5482045352776286
0.7465014654504004
2.144817310871357
0.6457643824948484
1.1078122040922747
0.6057330900064444
0.8730807131908546
1.089985329384781
0.7747043607237891
1.9285438526049636
0.4843081232427222
0.34452049724443345
0.9290412331520407
2.225743679547107
0.8566669517858476
0.41972458861834727
0.9966666042990435
1.8397714801553706
1.274037449508298
0.3083305460364248
0.10080564689257908
0.5841511916684169
1.3406855419053412
0.7484228795061311
1.8560979683989112
0.007135330426728352
1.9806783917193438
0.37346701901430374
0.7162060417062098
1.0813449803766573
0.3682996261214542
1.222732961984293
2.5287756993866246
0.13371980748355014
0.8349248648873574
0.6779797197386018
0.1230907947269153
3.7240792369786324
0.11184078229949303
0.10885645385388831
0.9640161616069469
3.101423528624024
0.4480058612020369
0.2947499164635334
1.5337757232353384
0.39201874785267016
1.7829509618199817
1.4790583343362762
0.06440736727850536
0.5425571662721743
1.2660056478041222
1.8438428039609953
0.25645451297934696
1.4978574514683398
0.46976589020303006
1.1533464154860054
1.655123219592411
0.3627684873588659
0.5383698195667069
2.406641090351478
0.5547819750818841
1.0488270186606663
1.3174103751328752
0.09216915077399163
1.678559757002692
1.12916606370143
0.05342596121290228
1.2817450319715606
0.2954281960856629
1.0206700518422094
2.340865788121336
0.7525682351685002
0.8260287453247638
0.24085350084565454
0.8357599569630056
1.4572158206068928
0.34766308591118544
1.6642889911845091
0.9894993397948391
0.5241132960918418
1.487559342740274
0.40278869608135315
1.5409304009751055
1.6490524837697538
0.5311046025063156
0.16237518467888945
1.5208460583320136
0.9946302645046097
0.714236656456644
1.2845603292853869
1.594202245661108
0.6384428644053931
0.35664030840710953
2.2397994624210655
0.1962295603794522
1.0006844557947439
1.905041266226853
1.013561087280645
0.07330046061882697
2.104299687416755
1.0963899947653826
0.29654483254935865
0.29932411642171464
2.16452486486248
1.9506716401353812
0.05997946528667728
0.6935590744279608
1.5480799965253385
0.7189172167854948
1.781006660807854
0.06433547096313876
1.4788310922643717
1.0017152510120533
0.22824660324282733
0.7240789236626418
1.1035752872004392
1.4150697705672362
0.7221187218933223
1.4926483764732028
0.7923976185514137
0.44495899654988885
2.5339473072138476
0.360849557789673
0.28619067875158444
1.6574423194772818
2.2040862132320553
0.0955259878481767
1.031399339467015
0.25199272999873257
1.6590443815243614
0.6082870606516176
0.21651572361134722
1.0551980414370126
1.823163512944876
0.28053759749200724
1.6096659124261694
1.9113944993649545
0.10968308553736612
0.5736663242037594
1.512552792832174
0.8153081854823029
1.3927940485196224
0.9725888273197649
0.27975200535317396
1.9326395197019637
1.6794508201895626
0.08769326779467523
1.1802738389027851
0.26710565595457464
0.5232952933182905
1.3204442986545204
1.7777614400023922
0.880627103183396
0.8819759489376972
0.6562625961519358
1.5975651116903193
0.250984072458829
0.21328577113595593
2.555575099622005
1.1163192045203478
0.2889506379887982
2.04046029162621
0.5835930820387218
0.6650044115134559
0.7336991146138513
0.46792144988745954
1.1914991744993582
1.9368233457634405
0.6889082195713147
0.5600255109587435
1.5772301737827965
1.2371037974161803
0.34568164078458813
1.4969327831512083
0.9249656081836499
0.6434193871753585
2.3012027405840043
0.3587349636526483
0.3539609527189843
1.734265565459967
0.3288778919316636
1.1404868403547141
0.9081394213914106
1.865836596806403
0.3277981731617933
0.7065085488156264
0.4925172064138836
2.760474527579693
0.21651063160924183
0.5383974535171941
1.983773235554544
0.7361853364348423
0.6394198061621282
1.6455674502493696
0.9803493981879513
0.012402221805838215
2.0377028178744707
1.0121705592688321
1.2406076417109657
0.22641450534124208
1.4839984655857432
0.868096664939078
0.32418912065308564
0.5685598843383965
0.9718564669063892
0.8057274177428185
1.3981216558687162
1.7909884200557837
0.07614440544053523
1.4813790545322503
0.8891652790638869
0.4432419016329259
2.0728301083499336
0.5351495610748417
0.36495780855400706
2.468361168249395
1.1545274283810367
0.35342251851307127
0.15872081926954176
2.078973986581843
0.5248722359346846
1.4658801759110784
1.538639368582081
0.004168597613753788
0.8818750996249118
2.503131956148333
0.44878763032311514
0.9544513377862002
0.5045468446281974
1.251525076502866
0.7220673582746296
0.9939190648368803
0.41611067171288485
1.2349097284063117
1.6489127029961788
1.481581633222952
0.34514894381789096
0.12017486595131825
1.423980615034549
0.2820166138360418
1.9803696775788875
1.7277571801754523
0.06409713425702149
0.6319026139383291
1.8061467662098625
0.5154562764582233
1.4567390936249018
0.5217834467985211
1.0306206185157352
0.9637612266979413
1.5147814016845753
0.4728226888295791
0.9624687369381238
0.8877412710676588
2.151504914301432
0.41334950796807046
0.3620576736902606
1.1030768651301668
1.4633970810181332
1.1567147598266492
0.7339005647438424
0.8177089901544632
1.6462522677293614
0.6008149710093306
0.469650090929851
2.493253699222695
0.1539090809717643
0.9875118730925988
1.3624135653699263
0.7442589450597416
1.179952217079197
0.39268995210814944
1.9985125620907778
0.2722769835366571
0.7911214257317966
2.3690566085704865
0.40894830237040103
0.6997022070653603
0.8741962846820731
1.424519538701747
0.4608267497880495
1.5025255782360447
1.4063758076269988
0.5188514783278273
0.6817285148307359
1.9394001583378133
0.25117502138873316
1.4613644643363664
0.21137708123838864
1.2340983269439623
2.0283147877717598
0.103092555567726
0.8782422290948965
1.973547682041322
0.7732064778157924
0.6703956418851322
1.8422835966632802
0.22002308333562803
1.4925676315646497
0.8242975303902473
0.14734515790636607
2.4041246106588607
0.1366204782507748
1.1330814673928453
0.0870271942520026
1.994715810331541
0.5901096690889309
0.9791840949682029
1.1325380656667385
0.9616418553326141
0.7912401097545935
1.2689448002581853
0.6891711739682295
0.8968324918570874
1.672387876568833
1.1989572463430962
0.12231858128925133
1.9504709761362844
1.5805845120118478
0.058824678574112575
0.2151348498384969
1.6953889805020803
0.9224794316684233
1.754938721010426
0.6019292082885463
0.30240411521027327
0.6516228034469322
1.7318374791146658
1.0427994172290334
1.1535219646988437
0.7740441961961894
0.9559906072907269
1.2413509027776453
1.1538518036878935
0.3612231386068876
0.5449181921244776
2.311077599306046
0.7296298202364362
0.3414480696482699
1.3921767948533494
1.9178200156132177
0.6551034481817448
0.4983047502640733
1.3751159828335109
0.06310204462472206
1.782043270417381
0.6145155991220072
1.280214639444796
1.753543850471641
0.5051432298556102
0.17345448723977933
0.5798266202629426
1.8792404930380822
1.1961587047136275
0.5283085947038573
0.8097039588956748
2.6288051853478036
0.3059209131961173
0.38044879154079086
1.607572245847925
0.7240134210323073
1.8516162376167271
0.5428829927022966
0.18873566560621685
1.7521550898699245
0.7738330796863946
0.5261993916202333
1.069368066612796
2.4997485499461205
0.4044853470839627
0.5414070430490049
0.08500333442391937
1.6328566558801652
2.1760149635439583
0.06132560734989895
1.0166222723564204
1.5640058493757818
0.6718867149445997
1.6676198377254812
0.5619151645332149
0.18027737739031832
2.2539983812836866
1.6260354265879746
0.2763974372903167
0.4910328052351359
1.281321474861123
1.657346717019944
0.27166661106605666
1.635880163900558
1.0669932428549405
0.15603776660448174
2.140558561298705
0.6654604792567703
1.0856213659226648
0.7338893376927091
0.1878366123234676
0.9998862855869277
1.462316052649291
1.1436662209501751
1.2203079835557755
0.6799125830715711
1.309360418951721
0.36989357822852426
0.5140373381292357
2.006502843809353
0.37559315602544535
1.4666566939483991
0.857460209886068
1.1849840880982434
0.7778902857481965
0.23122433332297163
1.1002110557079068
0.9117252524164133
1.9046142245979671
0.470476260155322
0.7686493321387606
2.153195523022675
0.7366630346574747
0.09054532743820459
1.4194910422075118
1.8994724843035795
0.5391216120265196
0.9895183790331089
1.8302761097756746
0.18585850157672934
0.7452045369696777
2.1851507318045567
0.23470965287750184
0.5898292207823744
2.6691426518166836
0.7633946883716017
0.0057764723876464535
1.8324164761915473
0.7500677559615611
1.1519506969974627
1.9449113234380178
0.3997902797531539
0.3407810871352421
0.7150587829453977
2.0153903881180004
0.8420096709785498
0.687206887233004
2.327757807970504
0.019044394656970973
0.12981892787255836
0.8128363315230024
0.864166702609646
2.0106861698414966
0.7952512110223056
0.8421554932384772
1.0970305032005432
1.4930719211447896
0.037100465595905685
0.8324027488937509
2.0732908731790833
0.6963315423958765
0.207697556710113
1.8303875582139328
1.4390437908547624
0.6595211308526306
1.1487973711871178
0.5978320510264816
0.6862210877248666
1.3934144670922357
0.4450222175381427
1.9934368551224149
0.5576089018949673
1.154166613018507
0.277392170184151
0.7131027189612731
1.1742836201171878
1.777451123177568
0.779594174398112
0.5852825600875753
1.0769324166982743
1.1386712972971245
0.7589375229581812
1.45846495971238
0.2651509826932381
1.7885537984538662
0.2163000054232389
1.0075865212028055
1.8063947681229815
0.7456186571109841
0.6096022080640493
1.6841293260029822
1.3403689989471164
0.21828151433042114
0.9889438931586974
1.6256414076788326
0.7579764176692618
0.36579482064069685
1.4964317935124662
1.1512016627644737
1.0406790404923438
1.28356793932922
0.7024746435443302
0.6935657790441819
1.9864412409711028
0.4951014313924408
0.01657899465111259
2.0848571949278023
1.214858598176235
0.7974759792893776
0.6791127881484463
1.8854548519694048
0.42710473266112137
0.91887499884856
1.0900445714291094
1.1852227357399614
0.17030198939212984
1.3897422337073766
1.9215707633098242
0.13056049667097597
1.458566802208566
1.808752879862591
0.3614085859579636
0.04456051245745096
2.3295973236481777
1.7649725020594285
0.4012922571688841
0.6004243600082875
0.21752662452141605
1.9469355979416683
1.7247058997362197
0.287096263644702
0.6880175634901095
1.3469371466888416
1.2075629888359716
1.4869119806822764
0.382498442521656
0.3503803416110682
2.8631840827433375
0.5533775190895993
0.19400416963184852
1.647196127212438
2.167615288286004
0.2579112896943541
0.8184700941422465
0.7323569455833604
0.42101326604557776
2.760289093870838
0.6937309202499192
0.08911242092493983
3.0599654399185185
0.15010532021006426
0.33586042873779565
1.3594704828490471
1.7551863704851036
0.4783442768344433
1.2288585162863568
0.7990581109753532
0.6867632843993655
0.4970133970121525
2.0752995377385464
1.1035635433845974
0.7809884569653359
1.1602121638712595
0.1410440772385454
0.9094704332450259
2.560906447555294
0.06083096832705921
0.9068688241726641
0.8523445608394326
0.5727509941479368
1.8070129455996544
1.4298381434767977
0.7184983254527169
0.1820184831725998
2.0103078942966937
0.1891586454611834
0.95289776026923
0.6608240253484262
1.8376982777161694
1.0116826291151053
0.6203763672915288
1.057413520813798
1.1924952378973217
0.7247507019735984
0.7343209419854906
1.6370999628234781
0.8792684002459851
0.6323117881808084
1.5177142842865228
1.3182403125731115
0.5274668582362713
1.1761876597826595
0.3390267952359166
1.3937526049957498
0.3748516029550689
1.1534923458201165
2.1688158210097
0.8201879195765754
0.006551415629873013
1.2727578442086596
2.5867691948808047
0.46190397183108084
0.38983282946047154
1.3462875725849814
0.5400117527945351
1.0755548234034704
0.9286067082508729
2.0001736124548644
0.21391683567738506
0.8913182758863136
1.3400130650099153
0.916174421241221
0.9379168030626578
1.4702186337409586
0.16204447874970668
1.2264548712486292
0.13542127276895458
1.8380373923660227
0.649602027336816
1.4750726794487588
0.7685535480706789
0.5886872034476259
1.699481300888424
0.47759647278046397
0.8471566605706636
1.3328015727927063
1.482829409533225
0.3241095528830248
0.46507486442467644
2.525984429758074
1.041832916469591
0.03883796259306573
1.1070842362005253
1.125846705173733
1.7494093594166884
0.6509726905409581
0.9279245900070439
1.3161205615233385
0.3617427079588755
0.43524354887778416
2.118021794568575
0.429221889855367
1.668911214435588
0.5218382068997546
0.19767001222247813
1.5082276130491519
1.6594016312301432
0.3803296838893174
2.1965343581806476
0.16844124532123653
0.007451576348547499
3.1732621109436976
0.47323122321113115
0.9789085746989384
0.3901820427784749
0.4566645450848707
2.53139534068243
0.23167221971130947
1.1864802604634699
0.8570668942638326
0.8477626824337191
0.7907992556843703
1.604505336279645
1.0557374115165423
1.0607183518129202
0.5152341081397985
0.22085451551244614
1.0739086447533348
1.8893277454678528
1.1345440587110294
0.7039039597109072
0.6042567046056104
0.7422874101390948
1.618850869108565
1.1046178479113777
0.3180818480919215
2.637817664338129
0.15680620083514382
0.3156205403674334
0.7958649178768545
1.7827894342565893
0.861171769936184
0.1490339069790859
2.572271568530353
0.5906381694964467
0.8759709342410675
0.11867013685805358
1.6339906338924255
1.6209693264228349
0.4511646279304735
0.47995783385004454
3.234336177977263
0.2119935756114444
0.12575243247577822
1.7284338324627206
1.0815083070083864
1.3168268537451215
0.4510211493920139
0.7217320791514926
1.7334475718864883
1.2500667702815844
0.19627550897107238
1.5385137153742574
1.250539242235935
1.1542502162228867
0.789449003324812
0.526037393111691
0.14413865741044501
2.094298723012367
0.5961117102939459
0.48136679013550887
2.066238035364909
0.776162117966187
0.577482177292574
1.2384061949289262
1.788311524587774
0.5456219389900286
0.6994219405284597
1.5119481134995263
0.24885120131544933
2.370203346820757
0.4939452737511968
0.0007623785361700709
2.0753109428126097
1.3032762636949318
0.31802687497865484
1.6729029735377734
0.953177022732768
0.5833582225542397
2.096243136374052
0.3424928100354439
0.6172285317751978
0.5790012004221107
1.5172303794702529
2.0845237122953275
0.05995505309787069
0.8128845542022961
1.624922827809292
0.8499132764155268
0.7986352751400922
1.3343279256782425
1.2687959978836238
0.2643158868660911
1.5793827558482043
0.5488034956434065
1.2272537232154968
1.0862953294517088
0.6576499346044103
1.2515122620274792
1.1014236642011224
1.1852042237184741
1.1518947924699312
0.4129161147610909
0.5168292654546374
1.40007044928584
0.3525339950602618
2.1530567729802583
0.25560478029589506
0.9163262413229192
0.8301304795279323
1.0867481584015022
1.896356021657081
0.46601645413798054
0.5185581697476903
1.5918236036832654
1.1922680588232684
0.6406116336587238
1.4789848705349025
1.0113045172356567
0.7219607846747067
0.46545470048555593
1.0810614256170739
0.5880990578066483
1.3802558480616287
1.058702585909689
1.5897423855703365
0.14386731935532052
1.1672806095277417
0.01188941943252419
1.837212167545093
1.5545176901236022
0.16272605941047488
1.4415723856425384
1.5658086994051934
0.2673637866545358
1.6347471051949094
1.2813718087646389
0.4521593188066888
0.4522020642876493
0.9971265964387356
1.1069989339288115
1.0687411171899683
1.083690850294721
1.3193192322907377
0.955289149455712
0.9726769113079228
0.6391704168034104
0.8239981319642634
0.932931446407024
0.6234991188559882
1.3540540355066002
0.626147434153614
1.7810110987175138
0.5766854925066793
0.8490954687197242
2.3643745306860278
0.23667523090365591
0.0837236368869198
1.9831740782831864
0.524424313878786
0.42713204001038585
2.3117001897283607
0.9032269680983824
0.5595680368573324
1.776120602976928
0.4647567984804274
0.9686885081426041
0.9892694520445908
1.2427710139433867
0.9322258196074918
0.477027825800009
0.7851463697289298
1.8394570754386976
0.43314575537741873
1.6689751013194065
1.0649334040358787
0.35413116604194955
0.6660475700043105
1.9210462228027443
1.1236175890358155
0.13334081768993025
2.1004333023397312
0.47511226962762493
0.5855223913121876
0.946559302160331
2.0006423704551946
0.6548733129578614
0.39100690213262856
1.9601425619184625
1.2444742978247125
0.19814809989720267
2.2416263756837647
0.6855807505743864
0.27788535166556555
0.6418994963454924
2.64254720414964
0.06908533035406002
0.5202735723434282
0.2982062596526801
2.2806361145632024
0.49883632163508274
0.8450412286383656
1.1697717339626463
1.7178258773968693
0.5922115814769819
0.4774862110522561
2.029009973689381
1.3905308833517855
0.15143308253754778
0.569236237024401
1.65487612995187
0.9168213094253507
0.33776902674196596
1.5827606015733846
1.6451054735645738
0.19382058512417885
1.544758962446509
1.2957257887207287
0.48502139308970477
1.6062136939914353
0.43610191507427193
0.904730480289351
1.3367719025939206
0.7723256420546606
0.625207485786918
1.2755389513824886
1.2164404867803678
1.2785738696390148
1.150238708175745
0.0897945398880605
0.791967859485675
2.0461842934599335
0.6665044791069302
0.26256538385219924
1.2064852210549548
2.2204193322481025
0.8810959836239075
0.07872362547461477
1.5706669658804606
2.176210113868023
0.6059749838884808
0.2688825938871665
0.011910708575215223
0.5599360957081944
2.317451600818265
0.6516052473963068
1.4178881766062228
0.43019927342926695
0.9631650852376035
1.154523002000064
0.4519129431187516
1.4155772746997553
0.8264987739818184
1.1378849000073603
0.7389617277738423
0.5424652955240927
2.2930486175933433
0.7106789766710306
0.3875427688887487
2.1368618055125084
0.8904588271748839
0.557643802141608
0.8518618610032824
1.056726458530307
0.46850308354048986
2.300403699237695
0.7657326028785554
0.22452354544653172
1.2146181268037046
1.5546277528713965
0.9366082090367256
0.56660362571338
1.134413469863218
1.0216017865216145
1.0611393620406682
1.3254007511221557
0.8302081831884083
0.8253490797671758
0.9975527644687823
0.8856695556902103
1.0530131382170604
1.8484121406403249
0.03851551954672444
1.1353752128893388
1.4278520238836543
1.0756659696396775
0.5417102471868618
1.020558628880874
1.370887119826765
0.5292485718242598
1.5231434321083224
0.5287930443549058
0.8711393831388449
1.5114206858111743
1.288675630050826
0.4611483234693902
1.0427968348183814
2.064500714391516
0.1305801579290429
0.6161294330547484
1.419413352724075
1.507021342041043
0.599330561739049
1.251312156553526
1.0867414445515877
0.2002987022549297
1.3987504176513428
0.7265825153144192
1.481793279709632
1.0560619881662088
0.5928151016673059
1.1495034248076768
0.8643154817913387
1.909276495624381
0.3740209294754208
0.4872953458290487
0.37354536571966307
2.355627871189245
1.035886337323566
0.524061708775255
0.7348478862779166
1.144926500213903
0.42880862171066814
1.8467978742672568
1.3024230715708345
0.7355986039016109
0.438563659272775
0.8529551620680698
1.1447238687674626
1.2347350800207613
1.3465484700671784
0.7726952134912359
1.1213298018006133
0.7007476685222043
0.15823314394875226
1.1146530288073584
0.8912838522942603
0.530435514185989
2.0133066393433228
1.2672310769919537
0.415533637614601
0.5928042143030271
1.4588679996380842
0.755617661093622
1.8690164954949948
0.5409913263781114
0.4441914565765396
1.7045889421530789
1.2356459248674434
0.41321709865919676
0.9759580804862557
1.1351758982889206
1.5278252964502508
0.7700985598417457
0.6886747583989907
1.1441981063086224
1.241410386586443
0.47135437824164184
1.0097734313638382
1.2471029348835614
1.1274645867267938
1.0043873277158217
1.3041932149982935
0.47663797096117405
1.5431968939475973
0.16842703698195563
0.10913047281925689
2.698970194619415
1.1960604684516478
0.3313025191284673
1.663007191778074
0.6296197482874504
0.8868254102189708
1.0122654132988187
1.1494237804688612
0.6257535327779784
1.1530553886513726
1.6726912133350706
0.6707363062151154
1.0419628698864416
0.42684132148227705
0.11841011404131285
3.089624524929797
0.6081611544063869
0.4372477309595339
1.2775159521823176
1.1479161099319244
1.29557273060891
0.7671295542390663
0.6740912987912472
1.0218031617282126
1.2444660350489183
1.3456191257498729
0.06833700787412975
1.6153822614447217
2.154427721863551
0.06874793217325587
0.8199264125469414
0.8499462768098104
0.8281336321365329
1.8309355877468176
1.1386871006121768
0.4175528159579565
1.1961661072117638
0.8084663979220548
1.2435345275552676
0.5092469260599475
1.4280805143513617
1.7131087279981507
0.08318319431059014
0.5250299229019096
1.2019203821412128
2.845848894302414
0.049935665367242706
0.3564219777498426
0.7277202601665187
1.7002260750422886
1.617276618145068
0.3596715473785626
0.2824998300806467
1.4265658028228967
2.475281827309072
0.4448755129173705
0.2755482876496715
1.6460956794386592
0.8298515945049088
1.1914110041918686
1.4108508040905139
0.2779176284681123
1.0501206112682975
1.789280704901858
0.6530569706133882
0.5554524191566867
0.5793185916110707
1.1458318124998779
0.5831435599130792
1.812526145866843
1.7714019077047518
0.17476627584710855
0.4591032235783143
2.4348605060940565
0.3342587621753013
0.5034026279425302
2.12937415519991
0.8879157098274767
0.772739597909268
1.0546949348061523
0.5444136399613991
1.2155022894038976
1.202554262624662
0.5914083612011389
1.831712046957398
0.7332489273551713
0.8991924334052726
1.264783659154909
0.20299143471264902
0.37289763793913716
2.3227003007500815
1.461775910602055
0.4101333392143189
0.8358863726159258
0.14015493879201496
1.5185133820312366
1.7870211414550385
0.5669218391204751
1.0623174682334946
0.40143681658662755
1.8509770746391259
0.23854502676854425
1.3890563064514347
0.9909870792138306
0.4474081825845317
1.5058520096506038
1.2829921938088305
0.7606360900266298
0.9540890387315786
0.6814323407017712
0.9441582327537942
0.50449453091616
2.24848034865818
0.7390969128910484
0.423805914189296
1.756393968299927
0.6833180651156505
0.678871619458207
2.499223983205212
0.3607217278113342
0.4672593798395997
1.6865369919678637
0.3763759414866142
1.3605664138207334
0.3252016486489905
0.42390475843942027
3.5848309492835093
0.3709489809647461
0.257054280127796
0.5183851888865274
0.3387998162536058
1.4185778311730193
2.1491073860797707
0.22346398820327332
1.157057536937783
1.5422729908046733
0.5272389537399406
1.1870796910097028
0.8337500203712692
0.22707753302769057
1.5929544777509728
0.0591959460313685
1.9451849307447437
0.646286871374743
0.8593169014198567
0.3702293290470929
2.2543802622754505
0.5655734833458843
0.9807303056485405
0.841600862483386
0.80885329366429
1.2552613858044641
0.5996611616491557
1.5982840232256197
0.41251976761595793
1.861980990489049
0.379525268231482
0.1274095779591975
1.194209199356935
1.485809751697454
0.49901510475664185
1.2661291017676028
0.9113314937615479
1.5648216493110825
1.0243171950054848
0.3047710226158625
1.1812719741151054
0.5749127020551577
2.2975665268199257
0.4667013142145121
0.15303977681872372
0.9323885367264397
2.0400581672110487
0.5242595180693733
0.7991792986120737
1.6105941393615297
1.13604921741318
0.6204650845230523
1.1781616182970231
0.21008867272129686
1.3028990192759047
1.9212181119597378
0.8742160339092125
0.4626183364465011
1.1100430091516833
0.8564377035326854
0.5542139629794692
2.3454035736203904
0.5841337824045083
0.6197387397155665
0.666617146324833
1.123459316939965
0.8068978144409903
1.742954537540958
0.6593270847496715
0.6261976724211845
1.6961741911170813
0.8098743600380983
0.7663664536217266
1.0582271772640017
0.6406528911985576
2.2367471135411248
0.2983542506122151
0.6452130033879648
2.2085165021099833
0.34587566135513126
0.8253623159825192
0.9983005929520206
1.3011067665952605
1.6448277753071887
0.08425113840014316
0.8725073746393184
1.2101431599706185
1.4619748315913683
0.5700140032671203
0.8599108967479651
1.578589883635096
0.586292180017927
0.6295422535328917
1.6062680740894915
0.8316460576194478
1.3456147250830552
1.448819546123863
0.17395801634366986
0.2902213750577409
2.7081748112837913
1.0429633081000995
0.367521968893209
1.2470512839641286
0.9942055752276109
0.49420542967833747
1.8280924902280786
1.6431876471584252
0.1399357558659222
0.6046634164393931
2.4382594910344033
0.2837068252990645
0.36096629089326876
1.856126057797968
0.5498949823806729
1.9274270239007383
0.6894225991221823
0.2230698168873746
1.4854642572429955
1.2984852439905807
0.3851084581728766
1.4701170364230105
0.9642649441836849
1.440230180706786
0.7842477887663463
0.4549261157194897
0.7283831359571817
1.7620249581607423
0.49653398120542
0.7205887941772958
1.5733027352137015
1.4922281175797325
0.6689549436336784
0.35132034394082545
1.5036656522062868
1.2687146017628366
1.0919140929128042
0.39805471316426727
0.8907056083500814
2.0375682017607764
0.7475141791878729
0.9029610114728546
0.7451695408844785
0.7976794225287638
1.7418701640828398
0.17063850181461795
0.5399464332459466
1.9307871896164945
0.7163777024728314
1.1500201902292002
1.216640036986472
1.1880484538390805
0.3293775080718963
0.7125769436114863
1.8372507721220868
0.39997150207807564
1.6712979032777362
0.31837909372680806
1.4172298587932013
0.6073085879314959
0.6140724139642477
0.9959643428728475
1.0088872701787988
1.3137174672726015
1.436569006030388
0.2794058724281738
1.1804300309878901
1.5162117366282057
0.17135381074808786
1.9481724715713995
0.24680649372375715
0.9590306731854327
0.6695837644180472
1.7064881767913276
1.0618921958954266
0.814428065700711
0.8315237288628243
1.1455821699138908
0.5824011593705507
1.0445466405578787
0.49404942985726613
0.8322830020249822
1.8828555709195476
0.6851371303256298
1.0341285534067182
1.5865716016909044
0.4722081473403289
0.6754892244853066
1.7895780655609852
0.8479332731348931
0.24600124045853514
2.385306406156776
0.4905755674895807
0.8766419348668698
0.29900843804775395
1.4282659489038627
0.502860687178762
1.9034162123864995
0.8992746254871812
0.44112023316083804
0.8325919454288973
0.9211624153050841
1.8673797047606002
0.6006964580041175
0.746654742030963
0.5570001722160972
1.832661979058488
1.1485931957672908
0.7613692186333486
0.6648897743573003
0.780473566921811
2.4050751361798084
0.4953324682916308
0.030476147017047362
2.413397352703114
0.8172555572995478
0.8748529307101357
1.7367411772996952
0.1360605087234605
0.6134681884490749
2.0949645392205394
0.8872992148078743
0.25696000923385537
0.7481452577336108
2.5204267850904616
1.2457103269454128
0.18507146447280381
0.5421085186678849
1.1915781734181572
0.3993824196100047
2.826572881752631
0.1927712955351465
0.2230405191418754
1.560665150013274
0.3270711320368274
1.9757354913388847
0.9451385110804416
0.7111574470127908
0.9824195532683895
1.2554753785309436
0.4562241543252769
0.32547195271551616
3.013912614021367
0.7145141708782967
0.3680773434192666
0.9315094951954531
1.312952530247108
1.0632971787717895
1.7190250987701197
0.04738774448136934
0.34391227478550035
0.84250726215859
0.7241005645940122
1.6416187197327805
0.9886641739870455
0.8268115546619695
1.503053728721226
0.4922268002841748
0.8821844255314358
2.1006403993806297
0.8791433043565448
0.11091639854386724
0.7630574981165675
2.8114122136617876
0.4517153648427304
0.657096512859631
1.773858287503326
0.3955089225293355
0.7912788509089963
0.8891941930811055
0.6490546820973772
1.3109310017813516
0.6833111880487216
1.5235623348537528
1.2887839450593706
0.3166546987239273
2.1328988446428414
0.32698623253769576
0.059610647561719195
1.578499490046917
1.6903989058289695
0.9057148572350151
0.7554274503530339
0.680320280844388
1.7181072344640638
0.8875179610525381
0.5432137513936413
1.3051333547424793
0.8045094199414157
2.0641664380865463
0.024701662230574763
0.38005373374562323
0.670485245188108
1.2711028308218375
2.373600144310054
0.16990881765952648
0.6278581093687476
0.22764531217823647
1.289091412127526
1.3732310592378911
1.2527430470653165
0.6739225337834845
1.388298156222409
0.7733724169080274
0.7905306757883919
1.0144095966195916
0.817639240111645
1.0703644365584941
0.9205833422480298
0.7763350678343582
1.5465924476452122
1.0703617715568847
0.4890196000024682
1.4517022441874639
0.5251292831901984
1.1551886909607356
0.4329475501813598
1.277755669211929
0.32646593267856183
2.565850711793139
0.3333722571125023
0.35878044091041217
1.5833443936294798
1.99355077003599
0.3161250989833799
0.431047462647828
1.1971706026944153
1.4729888928662198
1.5503481731466957
0.45302612471995
0.35275822820816494
2.333191350267597
0.4841414211250956
0.6323245415745737
1.7072974777004215
0.3771884325923453
0.8318376179933912
2.5516406741940214
0.15798509836840613
0.5114884757356383
1.0064035601902013
2.415560490216695
0.7643449525861874
0.18717744044342496
0.9228426623779257
2.330297550379181
0.6612349671492164
0.886625408974339
0.12609575000748788
1.2709020658966015
0.7796594604601254
1.2558021034644304
0.028772083498572885
1.495767629354254
1.8620433012614133
0.9009056800899601
0.28260442701994315
1.050081887497709
2.343475608361683
0.31385694533242064
0.7483405305498202
1.4072244592419396
0.9685442416569418
0.8446868902735681
0.7564256124842133
1.0894953298340055
1.0727947056674643
1.1031703645929012
0.6246694804094169
1.2463822810198468
1.871719364321331
0.15040529814411085
0.8043376619080967
2.468801552367588
0.5520018440534389
0.6334790890590088
0.40614746261880574
1.722424522329403
1.6632962443729067
0.2628009194334711
1.0848582679522782
1.8963368080729297
0.40273214953359626
0.6442798743280754
0.4141154783465982
1.7039271054478018
1.3370084885466014
0.9498919162042798
0.48993042610389126
1.5301669415037635
1.6741007512518338
0.038228666499446715
0.3465685770981348
1.842665282115239
0.2745645909224058
1.9966461216033529
0.9914983207781407
0.47375364541685366
1.3487488540971884
1.2408330250899573
0.3532031737330749
0.8239726839599467
1.5679447554582286
0.5327871114868267
1.5306388162945341
1.2764631211703705
0.31329497491423713
1.3771643357253633
0.6136469497067032
0.887342232652787
0.4049084785598686
1.9806046382480897
0.23314134397775305
1.8192106808233517
0.20177960410390713
1.1434285766962429
1.5720965666574453
0.31131868781790023
0.5928742962595324
1.8519710324127026
0.9644206214425337
0.8253568294509238
0.26472266853697024
2.524666329428721
1.1458091258324956
0.2185939108590473
0.339134989200069
1.464129100611964
2.4149894330026873
0.16224524695658044
0.5076768353646712
0.8399582016681288
1.5665163351197644
0.7148315210815734
0.751979069815387
1.7349366977060563
0.17713501183559394
1.98090950876686
1.1906668046537567
0.10016699433522945
1.0999629531089623
2.1615519567806136
0.08788720096159983
1.1723830827123192
0.4135807701202113
2.2446205410347155
0.4584733485609407
0.3738184668862606
1.848655191327915
0.7154475305932227
0.6553313043008513
1.990614761526485
0.6797162036373248
0.6007328803429337
0.863256353129268
2.1571980792260588
0.9123857625629667
0.10527234646003397
1.2786644682946462
1.7758241235212273
0.6000770391964154
0.8987682432565413
1.0008742660662207
1.6552428175308422
0.18416140331124428
1.5359569057149165
0.44957052305360246
0.5151928116127731
1.767727236224176
1.8325757251268888
0.3663680577353244
0.5934916084878316
1.2590754656561118
0.3788769419811757
2.050062316525146
1.038868137888843
0.39078057239523417
0.7278078599195456
0.5219629950197844
2.8953066087874566
0.6165141886659038
0.06895872956236525
2.1638529237893294
0.24440711271484614
0.45415769468473594
2.143614390822654
1.4540490283689607
0.13143498973280085
2.09258477173613
0.5767355660464065
0.3260586358263359
1.4909784881305008
0.09744157832431398
1.014748955372595
1.0210683326941008
2.027198904020287
0.3133232642077578
0.9347814516262256
1.3201056668218791
0.3160831434645229
1.0485920280559229
1.5850475695047705
0.9405259408459042
0.7110953164768861
1.5852670515602028
0.6632359185851785
0.43774738742759883
2.671190308331741
0.308266911846611
0.729216134911273
0.3195097897326995
1.635893847227318
1.1031983685087376
0.8870577790829779
0.2354384207817224
2.5610902910525732
0.2884286226965072
0.5936135613476372
0.3345400321928956
1.618212763163126
0.6427629140340361
1.9241620992913913
0.5042378111690129
0.3689807505091561
2.061043054005684
0.7309472663531669
1.4039746690354908
0.3933174649770879
0.13343864445088444
1.1330001418898867
2.7039745967048257
0.13680739562439126
0.960534442352536
2.4625240590361295
0.16741234975897065
0.000897907080666461
3.289400400457409
0.8555514777232631
0.06476023484973334
1.56879615221283
1.9055831619359127
0.28959727997026263
1.3204733698261641
0.7494229338444082
1.287972644727404
0.6669657971164618
1.5173176554117271
0.14933441115260893
0.1050243449537189
2.719622013992322
1.4443154045293307
0.5409721417655252
0.24862589436289348
0.7088333481767485
2.166284410480848
0.0960919943855551
1.707327762006984
0.7269627800135302
0.7502580838072264
0.6914666957359203
1.3696912680102098
1.6754433171803287
0.6728525002389698
0.602822753032273
0.8544089442833059
0.6561297069834595
0.1861512789169508
2.032091036646383
1.4669397969874338
0.9775939407537745
0.27030306386160036
0.7140589963771451
0.9127913995011305
1.1824474649244172
1.9701328103694993
0.2976381024577079
0.954156002232583
0.8949518843315919
0.12119983948449513
1.2718748334819927
3.0158107048289264
0.3175097504641719
0.08573289751097038
1.8221641165434084
0.5244324421877706
0.49889386549595127
1.2542003883950763
2.3813929914951664
0.20856700288096916
0.8817614886767183
1.1506570579173856
0.8657843668942605
0.1896416061673458
2.3406884978020783
0.09356148003673932
1.065944215420163
1.0433611904471851
1.8535547044587237
0.1445271005456835
1.003223077553714
0.9662764654767115
0.9270841308276764
0.21278304936075737
1.95933897886957
0.42457370045406284
1.2454440199425887
1.0556603633178134
1.004225584542125
1.2682583823835727
0.9110852299398193
0.17158642360654353
2.227103513173232
0.1811059668463514
0.6625081864846014
2.875101160825986
0.19020850512227766
0.8534587739563417
0.9086790150647495
1.6416333137402037
0.6449598513805536
0.021667598881423205
1.9115096187063492
1.3085674431827519
1.337489620099885
0.22021309073916256
0.08437171327711136
3.6108375843144014
0.522303556512875
0.4135932921860613
0.7836897482774292
0.6143952262377955
0.23494510807704594
2.5708856718784254
1.3293939074138423
0.3350058288884802
0.909948588410556
1.4146424109948068
0.6882711944927868
0.08888543142242109
1.5762363290688373
1.9874475719243887
0.7709147437069317
0.06817991785839582
1.8573975074515028
1.2744765283714596
1.1202267934689887
0.2364384568471543
0.552829076186009
1.3090591140978207
0.5595727473228951
2.6485483252527735
0.09889144261449914
0.501110872644784
0.08754718515205359
2.544380824777366
0.6196954667220194
0.15482461464935773
2.349060516663487
1.0984048085717064
0.46869752752307947
1.1069266666679725
0.06784869774825569
2.9680068572559697
0.07985259023847313
0.6758445667711434
0.1679579997672627
0.7121307866641571
1.7308582521638085
1.5029316619493591
0.8156346740509666
0.2963974214091546
1.6131145051655944
1.3399837093353926
0.5045738268647998
1.2991408677265233
0.23944161867116717
1.0112174890460406
1.7830009257647714
0.7272023051673897
1.3149626337913198
0.5146339523378206
1.3644738177810152
0.10324762894394458
0.7464959818993355
2.9433077768344953
0.47076962732890065
0.20080103095358903
1.5548302927286914
2.2046330250422064
0.6408185206642334
0.2544773227650975
0.9730607533832221
1.6059695648409837
0.20693962436683047
0.7898506587997666
2.8107816929928746
0.8741701061472585
0.0195099732736294
1.42883356598061
1.7840639818028852
0.0768783830628297
1.9200507308564723
0.3626104015251868
0.39665876137142003
1.3780988072865878
2.2770344866755563
0.7556729906817408
0.21913118031534426
0.27930725694294856
1.367928169325361
1.2461684290408295
0.9699430306788943
0.7357929807909601
2.265153024478026
0.11207837820483116
0.6938303740378776
2.4869498381522184
0.3606562676973353
0.07978037990430854
0.9156909130866473
2.578078022763363
0.7248415773257559
0.2582147050184246
3.142325844824502
0.11315792221375492
0.07179505252240245
0.05881734566431185
2.8429018520040272
0.7168577473429295
0.6047213463503889
1.5901034637784066
1.107165525984615
0.729051152062133
1.365623269708112
0.5897908197840623
0.43995343674786885
0.5629289307664719
2.1770724601794775
1.3569728481999945
0.3009989204363333
1.102818103685381
1.9894192989179555
0.28348455448451804
0.3268861961630392
0.9624312030106031
2.5650083839240914
0.46366330902914626
0.43976693536665573
2.472843837900944
0.8743942987294733
0.13263494029193573
1.1646648007727218
2.6251639686675197
0.26366023512289294
0.06998021712965699
2.8739813771182243
1.1033289574773821
0.3389097542769628
1.5343167406426583
0.7714497288069903
0.15037984010802982
2.602973128344405
0.5933882400289647
0.5026005890382053
1.4799253023431542
1.8285935861919491
0.6438917457001636
0.19500450294948304
0.663054137331469
0.7031978271576322
2.1026052469256125
0.6431703799119829
0.3227979491988983
2.816681916483235
0.43595078101688206
0.6928351889846296
1.276688994065121
0.190471435786829
0.8093986549440814
0.7113449296822734
1.9672670933886918
1.6175148197655318
0.04940109599976906
0.9996536375332646
0.45487322065989544
1.247505480806905
0.723202141218291
0.8839143395082095
1.428944618300417
1.5249407339419638
0.4613234300143068
1.1792303670676019
1.0528709617942893
0.7472831554114739
0.07734963249938932
0.17590265486514278
3.7764240055118745
0.6483645309383678
0.19787528900387713
1.7142845523830936
0.21336699998945613
0.8426820382463531
0.09242525778903715
1.6356488892867593
0.9957738864806547
1.7484352725775372
0.21904156685005274
1.060274598666328
0.724640852185306
0.29451674650730336
1.310618797160019
0.647865652553215
2.6214614555034492
0.2141907993532233
0.1895169687612884
1.4157005569164747
1.1948576892437508
0.7813428957145543
0.6710495533061623
1.9773715570094532
0.5948052951207056
1.1128958583207065
1.2778736523720107
0.3576973625535039
0.6043331915133607
0.720574871942643
1.7469393523183472
1.2608211899908524
1.0810643398497237
0.15445645697970267
0.9368523026065243
0.9658092026130563
1.4581279310749857
0.687308579049861
0.7546585645474142
2.674126914765535
0.3840023697233699
0.06793076206180092
0.48240413272823296
1.6523123301159632
1.5696516309176123
0.0863712287086254
2.045799975558388
1.0337944088902864
0.5552586955191214
0.6674449380343971
0.40785808735291185
2.032418206228253
1.0573006690722553
0.3495213747790945
2.3767846710486507
0.06675427455765477
0.8048442566266676
1.9000829522805303
0.388840624327109
0.4802194176069272
2.5668888665368805
0.8514572613939984
0.6755948462041564
0.04943857479726945
1.5132072890287767
1.0655722959391962
1.4027875101828393
0.6132003945631287
0.861669787834686
1.6621032911630116
0.46400374728544463
0.8471759150605259
0.7548104074572574
1.9980743549078117
0.7038238712488886
0.2299994958243149
2.326565106813247
1.1914536646793832
0.16074208270549697
1.1252189723320007
0.8837084905623754
1.6573300283187302
0.20300594344020903
1.652212339416449
0.2709063772833743
1.2784798512723405
0.33840202746673825
1.6805673054154657
1.1060657741704214
0.7463728034454306
1.0413666996736957
0.08674094382145638
1.4839211312796252
2.0658404152635352
0.6532434353974994
0.27462983569275534
1.4103870074188043
1.669971347366035
0.274177881472783
1.8241955049443197
0.8379753064537284
0.12450881878112179
1.3453721027445198
2.1811290854214636
0.4813644982835799
0.647397364662452
1.2173964591206192
0.024010876971664555
3.275210376882287
0.3421668890863901
0.026216496628640118
0.037095031687751245
2.339896258190288
1.3222072261267697
1.092249893162494
0.3668166647796132
0.024089010377873817
2.7654497034022354
0.39945928628864824
1.125575171884302
0.8765274740580636
0.5006714573957597
1.2010957752127418
1.635946366149985
1.1054693130362738
0.25449838626680965
0.9204141251378108
2.372849311059418
0.5348225579341407
0.6341514581780187
0.6438305836424586
2.1972978329454413
0.23269487758572815
0.6373266865801477
3.2674122914268575
0.11340256233224529
0.21507844512223734
2.1157876991136533
0.15328950432188557
2.1819124720660477
0.43497096236474414
0.2716024487090999
1.7247709270579836
2.0528503982017527
0.03703457785339491
0.9259958894812249
0.6707073887729481
1.8419030423454392
1.083898998256529
0.837608699510317
0.06054966021666237
0.7635148825943459
1.9591702650473823
1.4041914562280307
0.4036417705284838
0.8504476430379528
0.09380197774565484
3.3181082599400313
0.2850699333126442
0.17421294010213062
0.5225891461080229
2.5243942166937807
1.0162203617643633
0.47110247387068976
0.7014577208684474
0.7660961270063482
2.285933159444223
0.5274722395768231
0.82300020870016
0.18707574897127324
1.3884320883842685
2.4712755641695896
0.42204442608058096
0.15762909941384223
0.8405649246370561
2.5013827780124274
1.323682402461345
0.03332521012209857
0.19577747804378373
2.0816771014214788
2.327192951598421
0.1702642812245678
0.08772974787559554
3.301744772229151
0.9675571976618225
0.0664867791427436
1.4194676960701045
1.1359396892103215
1.2449489763104085
1.2409442830522361
0.042689687700109745
0.9312151384442169
0.7002415443517825
2.0057044375337885
1.0214333699251241
0.2962776362106432
0.9478850616492098
2.96396919525153
0.16315096324664055
0.1338449847832044
3.4251296613821602
0.04159227207118391
0.8569100377820145
1.8542105171105472
0.3089797890654883
0.9494652987350762
2.126974729879915
0.2537919961152061
0.7738342566852205
1.5285104169327883
1.2818021024075281
0.7315676383787486
0.4509115477066814
2.1600251761257163
1.1106016260767995
0.09454474257841966
1.433710997862696
0.5097346218314445
1.5741388465742896
0.5668772713795424
1.1643585150824287
0.5923879262806575
1.6982308886602708
0.12158722343653866
1.4057498397926433
1.0250557068607211
0.7896469271285964
1.6363978019250642
0.5808716931993035
0.6597834834147686
1.8621852848131626
0.7664933904355964
0.35657555380202693
1.7517546328864158
1.1156727910629614
0.7345355214630951
1.243698634134967
1.1252385625728887
0.17333591402967052
2.0984865345206742
1.0612966423615797
0.21165870783473079
1.813668851011607
1.0906958225828887
0.17683221062406462
1.4554847310020351
1.6590693296743138
0.2181303571154632
1.4523866275464608
1.118494201951993
0.9347117910126276
1.2892725370305298
0.3852128008562184
1.2142150508946283
1.6485092746755348
0.4328332236098865
0.5610705384459876
1.693245177452229
1.046083526998805
0.4950570073748545
1.6688962168614718
0.34794756633247304
1.3793324974597303
0.7626739863291367
1.641440810387751
0.6701942829820234
0.574630310944941
0.1975346719642695
1.5334992980106894
1.5571148567272026
0.4083493244895454
1.2360455940632649
1.336072015505991
0.356837758716425
1.700835423024886
0.03467559576964124
1.917489544283313
0.16200531795619566
1.1707874257310311
1.0070264841283478
1.2198368314638461
0.13574816569716486
1.65661614594116
0.8224034458002991
0.9271917566236947
1.3020770974680966
0.5947097830704212
1.5617680213792717
0.9211695095443926
0.7730492830933628
0.46084179612345216
1.113637418793827
1.3570492242531067
1.361303785689427
0.22499059163785598
1.443121312890047
0.8183284350935683
1.0644360696458297
0.9916204261200228
1.3398513183661485
0.6182311461861862
0.8744883486708366
0.8475696271041209
1.0096048730790232
1.34617199445276
1.3464462997172302
0.19555248148309556
1.4795637491719886
0.4495502863474479
1.9854360477995703
0.12388622394993691
0.6657379226872117
1.1847645847104697
0.88932460701812
0.9903389112860477
1.0359779836387548
1.346482921478328
1.3039043981885106
0.11471660314870533
1.7237858663528038
0.4774438771740895
1.198369690065897
0.5109192813589727
0.9723930666241728
1.0365166833109105
0.9988318225909093
1.1091893183574943
1.3284318331307647
1.0369411326201423
0.8274115625496079
0.8489191197789028
0.2719349221390423
1.3114457591304116
0.8834127762736702
0.9787187379189028
1.0196722763014383
0.9980821928515234
1.2380356876873988
1.475355663598602
0.43133843611945916
0.9915397569492965
0.5652628933620578
0.9775155838043816
1.0266104602851698
1.000082326759746
1.001316075862699
1.183385988107777
1.4461257809683512
0.6817692361636526
0.7516693628350554
0.7948118620921174
0.8645246123688203
1.018070322552386
1.014531751689174
1.0001666632487927
1.0451568649264709
1.2725221183818793
1.2856394344408273
0.5494563110067423
0.6840421781856033
0.9978606526424352
1.0192868504848798
1.0031252749322055
1.1363502034420006
1.2366320173828547
0.7792609338825299
1.2143895346389237
0.6888637013855291
0.8285194118195668
1.014341073219576
1.007995290879346
0.9856432167612965
1.1007008993060619
1.368333166539141
0.8603403868064841
0.6971180389842484
0.9235873816284825
1.0063887362849444
1.067723201680477
1.1236289894335634
0.9583848449301606
1.1415774419179587
0.8802577536924908
0.8455308112426546
0.9674651163668916
0.910282952623387
0.9800568271275688
1.5251894150110987
0.88496720864057
0.7719814781506327
0.9220749588819652
0.9594114741777345
1.0061927419015062
1.2113512737377943
1.052572529295344
0.8929934952326288
0.9005034157179231
0.802752767750683
0.8645557708543196
1.734137311244446
0.852503794198564
0.7754293434673316
0.834242483434399
0.8805650091832936
1.499068339763054
0.9601857979966841
0.8531145428009241
0.7201565406504814
0.75789696147765
1.957763404290225
0.7972707363997835
0.6257149954327106
0.7735451376618704
1.7858551236201845
0.8646350583829205
0.5937031020872492
0.6794579357230576
2.1759063925063162
0.5759872411059866
0.5498316788415005
2.0564694968365274
0.5478523262130632
0.5183288501898327
1.782729500827368
0.4937230986355067
