1.0854757992553021
1.0938642531118532
0.3302581185658956
1.4049591660327776
1.5230713515451635
0.3986940146160199
1.1512894768940611
0.4926321909154646
1.6660572688043016
0.4731484636906215
1.2787349628686067
0.49926322757384556
1.7973696234777448
0.4669628454390321
0.4713704257954571
1.7916432858352727
0.45070749512382574
1.8697348091845374
0.45837947165099135
0.44857547265522296
2.3956192525911684
0.42462400460517336
0.4337345220223044
2.7994587035359992
0.40254073474363855
0.3748620377609752
2.6778949651654704
0.39931954356534044
0.3937532864968803
2.8041784028716807
0.5302708224096337
0.3700993724702354
0.466292059121503
2.9999346784608107
0.33673771564791627
0.3136314974392466
3.103344065047459
0.47146117139427735
0.3143589534738908
0.38393756716226135
3.201000576635409
0.44641912179180077
0.28498185738840615
0.37079213853304044
3.4430762046109966
0.4025253204582623
0.23409637392790572
0.24055150606516099
3.638795064703454
0.3641021128736533
0.21808168008187231
0.2769968438305793
3.7549843227667012
0.28572514217599093
0.33785898002649484
0.26115086718467645
0.11410820256948431
4.107407810703803
0.2692986329432048
0.13717211138954358
0.1719747745401771
4.194058822274816
0.1980489124527213
0.2006457742557299
0.06752411138230488
0.1797379928593413
4.492011244068973
0.10984843009877132
0.14499991178268506
0.10343389883680412
0.18105251093581426
4.527458500589497
0.0992232222716739
0.08479583039892262
0.11453701284595375
0.1805617827931536
4.502573235352877
0.14263940383640047
0.06059174295689163
0.09412372829981948
0.17440500231345563
4.122410339424967
0.44140356898189953
0.18079423660286606
0.6389952802786204
0.04405263194902076
0.11972422893087825
4.234507982753414
0.3897788696056271
0.20646113927137583
0.153442421814668
0.1025496239005719
3.687694818014118
0.6780123226221857
0.37009448281421564
0.7689591241951412
0.17800686016247674
0.07652082635646795
3.7608639425390598
0.6120192449744419
0.36392942217928154
0.8046693590156762
0.2153791899999215
0.20226371208271338
3.0165846956786626
0.9511995860854364
0.5848598240566676
0.8124187386981315
0.2985673452008809
0.20485244060969485
3.1097712432777067
0.8383549873733759
0.539289662968922
0.8277682666129356
0.4119746285645387
0.341991949750038
2.161790688842845
1.2457663659434188
0.8192026846770945
0.8449622619350372
0.8172605445403169
0.4414630556548603
0.46743771330202044
2.168444288372152
1.1538557459408023
0.79143716365645
0.8526758941155149
0.6764214455994327
0.5130861361240934
1.1516859254212692
1.57935401576632
1.0843674121837854
0.8711265833724073
0.849275634851471
0.6855881689955852
0.6193640189591114
1.2310128807160592
1.4740111773215034
1.0402405455629162
0.8843119559032754
1.0190154218259797
0.9546995752328353
0.09049846136448289
0.8713119102598323
1.3597669998134652
1.3873014326041202
1.019925007783406
0.8722438563462099
1.0103722580055714
0.8163542069721927
0.10612730034669729
1.8410705525443736
1.494845768828276
1.0178117421786987
0.2958939327133803
0.8719511329615748
1.447184323328335
0.9840715136483656
0.175078325878198
1.7361639186976396
1.3708698404053379
1.034169716180432
0.681854758852134
0.4170882480070835
1.4820759415458702
1.2160612588647102
0.16649788074772742
2.0756548429139334
0.6391639993257836
0.7855868453703118
1.6026191942882024
1.152782178630679
0.08114204447727685
1.0203090589459616
1.2185608070442442
1.639851750773973
0.8338500881214269
0.43424255233238745
1.5471843459269978
1.3830219362483787
0.13503116330240664
1.5555054397205395
1.0661912787501175
0.28046399083208573
2.019391053800027
1.3799902265999104
0.10728784683068923
1.5060987584723466
1.536909127760255
0.22233204991580344
1.5950373891728564
1.2256559941199519
0.0493712796034024
1.9191977446210142
1.6059530231695105
0.2082382906883108
1.3458232734883762
0.5692336940785215
1.080874331998173
0.2561260378107192
2.0846962034510153
0.3828400226295796
1.121345772017193
1.6012691902132319
0.4711495012066848
1.069999432798893
1.1741985503598802
0.8868577482399321
0.10873752957250084
2.219232142104079
1.0059329692398107
0.8358541132129714
0.05786802401215083
1.911082326109727
0.7837862584587467
0.945635853809625
1.6227531885248432
0.6030502825939296
0.13320812907531465
2.2109067853785302
1.3204612497541206
0.5921376859468759
0.5305563384568809
1.4961329729033177
0.8309829139945134
1.0666666966178977
1.9398967218542817
0.19933066900101573
0.19484946042976528
2.2993751243639413
1.478357251655425
0.3509381945912295
1.099275569760133
0.9839414451326819
0.8144929419988515
1.323433817702554
1.6647412349517372
0.2079987769456184
0.48003523072447546
1.7642210456005125
1.680095059055234
0.21498071163483626
1.621880446622758
0.450782704873964
0.5255462615656494
0.9806231329701407
1.7167165215913804
1.127996579885647
0.5830562760399395
0.710882686789361
1.0582632998119605
1.8243578494962132
0.11979555071153267
1.9289976897064074
0.6707968487580876
0.1470068170119911
0.6788278418114062
2.8169340442999964
0.8559976018376416
0.31935864681847986
0.8657766797995697
0.4570724433194565
1.9618857963509901
0.12666312857559053
2.179002101533849
0.6528987658461994
0.04200768538366499
0.33085403725122936
2.8546168124378806
1.0912704283329955
0.4288315933373765
0.8711953865414653
0.27951638278485963
2.0688893712626424
0.24978208331928842
1.6220707936255123
1.3748034156701716
0.428014757811231
0.0881542927285714
0.2340364103199848
2.4685654184702086
1.3287191258908542
0.7201925832640912
0.4005326991879566
0.8708963582426531
1.6437020514246687
0.4622325144332024
1.765332384043138
1.0755485873808455
0.1342822374493883
0.7588589535770499
2.16732222911718
1.3450898022757578
0.06792151581712487
1.638566559694886
0.14707073381996258
1.1227522825526435
1.1514273804295914
0.8283531693913228
1.9872711111277706
0.3946573723410538
0.428337600690494
1.1754579786554933
1.4902885887558381
1.41094869349611
0.030238228406524528
1.6517201479441388
0.8054355576114804
0.8151522655877347
0.8917346164463921
1.4670374079401596
0.47126627508767926
1.853189086580714
0.35667029448729853
0.40887244898000796
1.6646614267837792
0.9617130789097363
1.3472034311707783
0.3086237964669499
1.4858837547903734
1.234344485178544
0.7023910983186781
0.18208744873131896
1.7597119096312877
1.716562362631749
0.6359819593565592
0.2838071905356444
2.202938852596884
0.7269479360108402
0.5899836197936315
1.0385492885060403
1.015920029489333
1.4567420012579546
1.1290290558006004
0.49142235728763217
0.4004467081811776
1.7464709700465755
1.3535466781916574
0.6360751979009506
1.0001949772378946
1.9352389688596516
0.5031817153780658
0.00898620548840019
1.3384338393063868
1.8599098356740649
1.113079950122032
0.7267129080040322
0.3684213255836007
1.1870511503526897
0.1881063230391537
1.8318941388821597
1.0317377928631055
0.5798722546187398
1.8359013082802254
1.2973957323165475
0.24006807436273864
0.231989090042401
0.8361976094358089
2.729579133593897
1.0753127373423959
0.09407360351406223
0.2893861318090791
1.515655794387667
2.026617418083066
0.5441934005145551
0.48754219597064374
2.0031254038304573
0.8812721475437799
0.9370574758414001
0.7379975333548288
0.24053564535699104
0.37970854331717646
3.845516901273503
0.37998565543842794
0.08940914330692504
0.12717554604725428
2.0420570225755488
2.508898940836942
0.10350708956567231
0.1997864955150931
1.232655131690189
2.2590715291575365
0.8018493903993555
0.7598815401531821
0.08495516196985768
0.21135618175066917
3.331884655539233
1.2587806270935942
0.039528886022328145
0.29827586546158985
0.6525299737781831
1.6331133950699994
2.3253802468290425
0.2150039305433672
0.15629580827732428
0.6594875538676469
2.799972853386333
1.0970124013580036
0.1029457359198526
0.5161270345700201
1.4492340047406238
2.425155746048864
0.37854838227245347
0.09399546957243861
1.3439347339475742
1.331332283415949
1.6322693502038734
0.5228276329789585
0.5449941192172214
0.41070708510058485
1.3057479098609897
1.7081589891683413
1.1797503160871026
0.3852813621639326
0.5672602030553532
0.626970066025673
2.6828033495483
0.7915853038329597
0.09539744962934447
2.110763246758581
0.8554864921449504
0.2277589718476079
2.0993723414172507
0.5601009021972221
0.8024889339404833
1.6779251035097225
0.6400098108341894
1.6042357320352516
0.1684200656350859
0.62310842385024
0.050586250445036736
1.7221735563413676
1.5479813551442494
1.2024467652527597
0.3012108221666632
0.9510809438162284
0.6270326646491681
1.059776008498965
1.1329647705239665
0.6937514286195355
2.3205614116723714
0.2940010468611535
0.4127943998360596
2.4201063555626545
0.18814255682916534
0.4545441851688055
2.6672331012692756
0.3122777086393506
1.4280404382654168
0.30938479473671593
0.5478123535559225
1.6189358331081467
0.30384301228528415
1.2445160555581607
1.197183894951056
0.9692853900944594
0.9250150296514836
1.2190348352931433
1.2742248647482988
1.0972407995793751
0.056870722313776656
0.6023336611167218
2.798096278072578
0.5457443875189033
0.6748957446912666
0.923395100911594
1.5747897181176493
0.4696052254528736
1.2010870032624321
0.8682191003962448
1.100057824523365
1.1452659033539168
0.7456093951114272
0.5540875217969885
1.4035025566782227
1.896735557174963
0.6673581018281298
0.44781171988963764
0.3270573836299935
0.9914412305213159
1.8541034415058022
0.7684543743486598
0.9882405585085752
0.9196293493563747
1.6132718971884044
0.121328727593493
1.6258261734808157
0.291123869506288
0.24085822161488807
2.111167550782193
0.5569118315590083
1.786746486645838
0.33279360527691787
0.8802321684266112
1.3057821329387274
0.15692535417179287
0.07037840962247685
2.2452433582424556
0.7530333651968099
1.841370284853502
0.07948938205613103
0.13629068641387287
2.6063811384110713
0.7926589490745023
0.6077910268531039
1.2514586898928821
1.9314472062001558
0.3993452783114411
0.4259564718220029
1.5069227396309892
1.0966566625650211
1.1084168799525755
0.7623366915864556
0.256135127882821
2.220414512492077
0.5622455153714371
1.2244971704700365
1.2434209909582
0.11236191227133197
1.1095243900375984
1.5852954638713057
0.4840081085454397
1.3446048988713148
1.301327187582891
0.9894875754300723
0.3415233817462474
1.5329833513747735
0.556047050354492
0.9733390726201281
1.1279645976545705
1.12230841634547
1.4885355896854995
0.5658567819132562
0.33844897984356526
1.5641221584117506
1.0206740695334346
1.3239552870288747
0.8628311175165454
0.37467264538883144
1.776867522771286
0.948414013808944
0.5744926445071034
1.7831505767210678
0.3445000654629374
0.9573850396252912
1.66072039797804
0.8384843638606245
0.8527636950021169
0.1312204540707281
2.021405694812651
0.3639442641102716
1.2254811383807205
1.4034562212886759
0.5134166958032387
2.0407788233169004
0.4350713983493902
0.0668433419329961
0.47058916872953654
1.2679328334753577
2.0793149500875874
0.9800472717345166
0.10420063985016811
2.1603156590775683
0.6999336941784495
0.10847602239367847
2.6965088821504826
0.46114546917797766
0.38704758947170587
1.0965496121909146
1.644903615396066
0.9720917156638986
1.1799649618064236
0.764399629401908
0.25949189072508044
1.5713999693879903
0.8442876254096991
0.46610489293105983
1.248801652028086
2.363713693130412
0.4346405808261262
0.43234766401808494
1.0827476772959306
1.4962470093002578
0.15391732065333358
1.457840797443016
1.0219377682304782
0.9104976047262082
1.3569412357641089
1.1030642788883895
0.6868183628872698
1.2278648338807947
0.6222714577212587
0.49569500831374846
1.6437684913557766
0.5519933249390012
0.8089150457044926
2.0874982387359684
0.2605811157042192
1.0139439108703847
2.295777245782558
0.03268914244330098
1.2202407155452637
0.7315241196534983
1.0982382060034528
0.7571212775218475
1.2551935662071088
0.6391592016636242
0.8470111875778243
2.3936668163206924
0.8426292679145754
0.0031156628053044073
0.7044442290736544
2.5359401650775095
1.2006925635485357
0.12955352981345294
0.4505524391039003
3.7213227961737285
0.14084791255134002
0.12034731118265671
3.5788534485609698
0.3043885121575676
0.728806728102482
0.3963022998287151
1.1632662631304191
0.574068149113433
0.2292114613112223
1.7044203039367831
1.61835004388562
0.7823682018606323
1.2101861815395303
0.6213237566853358
0.4066801749021432
0.5602731136189626
0.92432899331123
0.8725061060792584
1.5760970334109425
0.7121804478940794
0.9081963613543789
1.2445626746649736
1.8975649771790586
0.4338333838887783
0.12020886229504704
0.49505972894130895
2.528619958078986
0.17822945681875832
0.23835691851789306
2.255051303635467
1.7995502475299057
0.30616349958854583
0.5644993234528077
1.9852893936296032
0.9764013722351843
0.7456986506455099
0.526774370416646
0.5892984061210956
1.4148400570977258
2.278848937260459
0.24228824012561193
0.33671020825406645
0.8711273094195405
2.186313520547396
1.4513779515813177
0.12019044153547409
0.7390092317629934
0.37584803314802806
0.0252204703873561
2.1021000613181378
1.0771079610097525
0.7940166869639158
1.4302520531889702
0.7439745410112767
0.9168516975530747
1.283276111047287
1.4214809473068892
0.44528181239226844
0.2563695411821403
0.661475023850384
0.26964413042531143
1.7472001606094236
1.9609193984003546
0.41056694449902065
0.6057529509009955
2.854229508609215
0.18767575574687925
0.3305708406121386
0.14051238722986306
0.019028486803407425
1.6450028754686485
1.3147017271664638
0.39084880658723087
2.555138252194223
0.19481916695328813
0.5613444966909782
1.4505621422374315
1.0198231896376155
0.9528010699802002
0.0833127845729353
1.5243901653823277
0.6201372583134727
0.713695655746559
2.6718155956876126
0.6727902624389421
0.30095085506244323
0.319893910885027
1.9160432638115628
1.6491135973523507
0.34570082135547375
0.6710641815230116
1.2292531662335093
1.3964019516262283
1.2381229275385341
0.457539824544138
0.5780062235156406
2.840347998757415
0.2855113558451994
0.5201409328256683
0.7210907189419694
1.128420854853176
0.6726491638842911
2.159597744800496
0.32345336880521863
0.4606696797261597
1.4165545275136897
2.4396115348776757
0.3929331773661711
0.07075858601950234
1.047379511211907
2.0726306053525145
0.7719170905749737
0.8644842719811561
0.9158242253917606
0.47585642622567376
1.4433962199959958
1.1596208538732908
0.6082927983440255
1.620084002641582
1.4593950539277623
0.15158006101518665
1.3974772345759823
0.5124101153625578
0.7760309658400242
1.1300379503487132
0.11995063714803576
1.3334183444407706
0.3914081665869744
2.5291657786448596
0.4364819668888234
0.6118916033084708
0.7323636979234592
1.3322244305028137
0.2008064704861539
1.1154875114333527
2.6167201550957238
0.22209114176683753
0.3806362329526608
2.4405084597847404
0.629098696030057
0.922167779161208
0.8585382248845879
1.574113929488475
0.3263207402176434
0.8905874279524564
1.0475057837953765
1.182416405614534
1.0692043227633854
0.3669584185917499
1.313710128287354
1.6411445996491085
0.8945589967596993
0.9656278759652444
0.3816026498982762
1.1341075397684608
1.424523951364499
0.09366821029863237
1.453785076130704
1.162370258997709
1.5125133188560318
0.3146897047672164
0.7490144337983496
1.027154229962341
1.5714718302778141
1.420048568628977
0.3346200290040347
0.35328698204476905
2.530420710827295
0.3446561943267891
0.6489725390182911
2.5203693609201747
0.8041477500211934
0.07427006492633348
0.7903295633645676
1.1050875267706168
2.2887075371279413
0.4058438531699288
0.5184588733688399
2.0290726213570323
0.7003681655986033
0.6521716861949652
2.004106387766515
0.12638275312691932
0.4363709941315154
1.116793387037554
1.7790803747986408
0.6752591398776862
1.7459172265040133
0.11081391507780797
0.3788129156891887
1.4684725237586038
1.5464187152577002
0.053439359423227625
1.6142949008445027
1.5859034253299966
0.7486279084015668
0.1254606223411353
1.7697177773658772
1.0005251838375553
1.2793371463697472
0.726519598413254
0.879028775807299
0.34578593478400677
1.1682955544093614
1.47406499687588
1.251245624464414
0.5663274279182063
0.1435016469377402
3.1048595842239815
0.2726927436930444
0.6901618899582808
0.5419198868749868
1.50727437436719
0.5509735166559581
1.3880328353778308
1.9480713759074875
0.15599804108429682
0.22011065538569802
2.91648955643863
0.48120407000426146
0.6671928741064036
0.9357870540331976
1.7379211735297353
0.9384728617794343
0.32101337498576943
1.8296728268690836
1.0091371132194344
0.4998682556332178
0.7937381684913237
1.3750919445641494
1.9110136623963079
0.4249023710967182
0.3335812033109388
0.1765290148198025
2.9503458266164357
0.6010631046762805
0.3720174092219999
1.8168282347548452
1.6707984002137861
0.32881301292917897
1.0729280121045675
1.3023046533676699
0.18072228019281253
0.5258322231103697
0.939111855936072
0.6451519194628582
1.7133626973701206
1.303199673297586
1.0844977512456484
0.2710589012101026
0.7847915686774914
1.7470402840078358
0.026620731968693162
1.2585846228432482
1.1034640135256872
1.855445074301325
0.22314788805750607
0.7879426579319382
1.0546614438722268
0.5858391845908063
1.67227123173015
1.1358687510510486
0.6586753897991224
0.4256581680785378
2.3791687499708614
0.7354275846263728
0.5633260565386314
1.4307809188554552
0.3628874434713198
0.9092502097375764
1.7785235489529758
0.6337000783780115
1.4491763092134626
0.5905987343747522
0.24439027610049047
2.5709974433112026
1.1931289016557975
0.3106489342539734
0.03953768088671067
3.2542732231050824
0.37553125586977737
0.514901083423864
2.4781928166124927
0.447732422860314
0.5659911092430068
0.17077624768962826
1.8613085137577714
1.8117018760444403
0.3031245772138202
0.6779730171470801
1.8936251700533266
1.502830026791606
0.0938904973625782
1.5741968235420223
0.9060907417400996
0.21348860628585586
0.21063773299750949
1.761363823993467
0.7360812943907151
1.0919084598185627
1.7939885876244808
0.7396420486591024
0.8467596637915767
0.29294309186118866
1.3012300044221146
0.029903368980946574
0.8284424159064893
2.1751953803801647
0.7137589281098216
0.7889089081126863
1.477708336402664
1.3020923722668556
0.43320510371201415
0.5726590601541343
1.133305272319903
0.9568306078431704
1.3087116492939543
1.9456567654614132
0.19432074053359472
0.11906985493077601
2.3043918723295023
1.2731274690491334
0.2347808403816173
0.6060430881110329
2.651507424081813
0.5190563278408508
0.5431568088853388
1.552465459593062
1.3438441936459085
0.5781444449706075
0.9779039782522186
0.6374619438349671
1.8953377526773503
1.2212419019974878
0.059270707411103685
1.3336265792717317
1.1534339913066876
0.6053962169446263
1.176707144071729
1.4025147987903597
0.6109500550511399
0.6938133242933024
2.632683212855292
0.3409472612634645
0.5368388213681191
0.5170765857601972
1.3334069411228795
1.288438386971381
1.2127078766710908
0.3158882592639753
0.8584338686470959
2.330170503018625
0.5146445565696179
0.5428823390100204
0.9106088837392936
1.7119937448772022
0.8149560273759151
1.3692897750803235
0.13874414015102468
1.042634675316949
0.13065630561661917
2.3200440413404624
0.8454670031880519
0.0630668952230656
2.4154289657760772
0.21424370427740946
1.27844263913456
1.448488850437376
0.9360262527744329
0.05550480598243371
0.5072006423147128
3.67985902060477
0.22937066045454377
0.17319272577128614
2.0103245188611742
1.3083761277468682
1.1241733878867004
0.2351588305053882
0.8463946635725661
1.2215941759988376
1.177558121483333
0.37077525769412306
1.4138520572264601
2.2136260496934947
0.2759878082977471
0.5388963946246227
0.6429919975597547
1.622652247440577
1.5815492051124904
0.25923455456302863
1.2457485874788863
1.556176613043247
0.33746083428563045
0.36361327175778024
1.5669918072190878
2.0864494995607568
0.4540979628915708
0.5950003939928732
1.9993105886845828
0.5487344762014286
0.4106314814752794
2.26194209903563
0.4559009487523106
0.7120457217947103
1.4753591268966602
0.9567621263774988
0.9428080021635667
0.8079392536089464
1.086422992733099
1.41495128744009
0.7616589412683685
0.7515161065807221
1.5392366551034067
0.39116329495263585
1.219982538403529
1.9441295362770923
0.2572798126640042
1.2960313708656397
0.25348130729549184
1.359578997053147
0.31246023346095475
0.09223403075093942
2.8892386879118086
1.3176830888387852
0.30911414486215893
0.8286508004282007
1.196387902900786
1.2574988515980199
0.11571950177806431
0.9112780409097969
2.1142652529744175
0.7685546345400359
1.0637186609243987
0.1333249399511066
2.578485569286351
0.15595463917726898
0.08306280122759736
0.617019203872574
0.735856787647276
0.8869741300982458
0.6793627038716632
1.7748612536305486
1.796640290326821
0.15630290741415892
0.8919493852397048
0.5616906861891615
1.162568708204793
1.1804476208108274
0.13468554520262152
1.3226596027819608
2.556667923323184
0.38240631960262206
0.2943544881404314
2.511904074694845
0.5612609759191737
0.9614217437420061
0.41848444944199725
0.356539775579796
1.3759963403987379
0.8911767426076384
1.6372636105346632
0.2647226834240383
1.5808819350633765
1.588771448332365
0.36050659470757584
0.37246151741272826
0.4830048459414932
0.4234146708436314
1.8803277143012145
2.213900885435466
0.2235095091900613
0.05542639382581959
2.28857088323475
1.5222376463608671
0.7882799918989633
0.08829130519607284
0.7327201986389223
3.118497621122085
0.5011060697288232
0.37251411882118923
0.4154124953545205
1.0745085473982472
2.9049348498690235
0.4250757227719792
0.044613157691213434
1.5950256949144328
2.4007864595782276
0.1508179601273705
0.058589265716869385
3.7966219904690264
0.48502517629561814
0.3173698161823205
1.8886668833109903
0.5228572588183779
0.9095847992317768
0.5632616438153923
1.602681641411465
0.20096602138679684
1.0368984401447943
1.6178422149620204
0.48035030433045234
1.8265582929921775
1.1269696344136684
0.42278429943559864
0.49702339186464256
1.2411345386142474
0.2191113593093565
0.16423427633278825
1.8702585414984891
1.1255318314199103
0.6467113888533942
2.3464217153206457
0.40913737762933616
0.2965352118659916
0.6673476475016287
0.21946303495673697
0.7393344196000715
0.4186222232610619
2.839627127364226
1.0718855225588106
0.12020884468925495
0.9175868946093928
0.23914684190646554
1.1026106243641232
1.7976711180205294
1.1555609665892796
0.659807280399336
0.17862444667304608
2.0373318718121975
0.41072850274684264
0.9370692162051408
0.789822805619044
2.4851730156675647
0.1851262052223362
0.4151104842977247
1.060755649730955
0.5609572603402256
1.9867780313444403
0.5030619884842753
1.2700571367927806
0.33363546946561945
1.4785897732544828
0.46837919162004943
1.4420750628426418
0.4237152825549139
0.6710704250599742
1.5421383767221608
1.8589887885322751
0.4249416199132723
0.4666683485927161
1.396632364328982
1.1711153311671547
1.2695572380739304
0.31235949912858507
1.2524867460675106
1.5179664801360229
0.8964720031326807
0.1098301214628456
1.7159718418231262
1.6968394748382825
0.4692631209365753
0.9038620876677289
0.6692727389948065
1.5833445363819454
1.0513842018296309
0.23909174678729186
2.466293711397627
0.20577910576691896
0.5066926362176619
0.9987614318913733
0.780986922444628
2.7609438096323267
0.34443776428906003
0.11201680617338293
0.5092193181707305
3.589636199291759
0.054590711257425394
0.3164438155475348
2.4426079480990333
0.34288249121970116
0.5021073405293068
2.5123512423472842
1.500591955595517
0.11252643579185052
0.315482185906969
1.7299154450951861
0.7258232038611077
0.6515490963712184
1.1142117200702417
1.77640313959682
0.292646267666642
1.9738676780573658
0.12192372543046621
0.4379740416887649
0.12667342635394313
2.300256881261111
1.737421393350285
0.354222386889009
0.5586824775964494
1.0095505518437986
0.513392310220313
1.2545693703423089
1.9873895871094491
0.5854015704867641
0.43362523209379883
1.5030710655160762
1.215328648976099
0.753285844675626
1.3812085141097463
0.8578293906139964
0.3177248457757944
2.3067526829373173
0.4790748775356271
0.6078541682483581
0.881907393289897
0.7804138863475713
1.019402446556312
2.057394386135603
0.9834790309546508
0.28428198531950943
0.6753869493350256
0.8858563657964649
0.6187139419020886
0.9857880621702727
1.3817111853886883
1.6573790545204514
0.5205083539017061
0.6037222533072217
2.44568546420842
0.09546716134656957
0.22399323717553862
1.2358473941393888
2.0986237280936444
1.233700723952735
0.26261857811304323
0.20296788659124965
0.7301630042716213
2.0167878278583653
1.634102751624424
0.36244633604975096
0.6912595660837155
0.13128444457404376
1.8073984947913444
0.9579391643734646
0.716734279434138
1.141584669870493
1.1728964433892561
1.8032978157155086
0.13719956882178755
0.4999253150142942
1.2763785716739706
1.0207897063502653
1.9097472656228034
0.03908932452731858
0.6159567060243791
3.3301778806318314
0.1087698386228138
0.6188909166617939
1.56163299304946
1.046918450669564
0.4459854463615894
1.8855349515486297
0.013724216072420487
1.3779068758812822
0.7809969676283326
1.4492232752516487
1.5166159136750221
0.051671965452812496
0.20641209449228054
3.8804765467769
0.42312381369728197
0.09468863251363932
3.418711186952017
0.52644672788164
0.09905931479884224
0.7986739749900924
2.375776884049495
0.5243949783447804
0.12573093726772028
1.9187441106462935
1.9057594995261313
0.1508887090937647
1.3482115941924209
0.3244984225814009
1.9016318799791052
0.8523519034464978
0.290074378124918
0.8564606418696755
0.3974267793052722
0.6084655517072786
1.2087193364157875
1.712422234594213
1.1167042971047627
0.8183538976003671
0.45522973092313723
0.9806133311379183
1.8642048811013543
0.33928955677468775
0.685093857574943
0.6222863346385868
0.8557558695702329
1.1739518462614331
2.183440919150005
0.5115093081921326
0.05656330948709266
2.498749107295
0.9797871551557255
0.8595489103197503
0.6092613598361897
0.08016933560813602
0.9401979514622287
0.35441255493442736
2.1066681718607554
1.033820741951891
0.6422177050559141
1.817404440837012
0.22383456231042964
0.2996207442260862
2.4220797335666973
1.3547684197198768
0.5584882862289
0.29950174856910056
2.003637537439658
0.7104950889939746
1.1020500117141256
0.6238511795629771
0.18682349535211576
0.42574266444339165
3.072115469171608
0.8875701774173039
0.42120823148102465
0.6295866483110345
1.73210997111763
0.25196433954167835
0.8244316830536581
0.7081590143370222
0.965980853645357
1.2086748672745635
1.5316186261847862
0.6205604677683861
1.0203136521541682
1.3494512707314703
0.08282556604461346
2.1966640767470755
1.1625157771032606
0.04687891086806101
1.3061405059184288
0.49846734914341134
1.2745894884050162
2.0999850781213816
0.4788119155030427
0.26503141543731723
1.2380959822277846
1.6701296618052082
0.6914012938972858
1.7245489419870215
0.337059874141686
0.19006080514147444
0.19259468861900636
1.9467903131974416
1.9618143181459995
0.7052351091340848
0.23953846342720642
0.6535953118340261
2.4250008337540443
0.4014361432754942
0.14612784543544574
2.8743756264704907
1.0766722371650324
0.5712803693803457
0.03873105850874722
1.3328419730840284
1.8373107568027303
0.5141799636912765
0.712290584763695
0.10780738612094301
2.2838744835938107
1.266790213913826
0.7339881701678076
1.0845404372457546
0.18514443807674383
0.6493069114313021
0.9098110993055142
1.5461232086932792
1.215588155376067
0.43362563987786695
1.3239253731487353
1.7565854529892748
0.5110387456738505
0.832479984234157
0.5892323533649886
0.6902686723786966
2.543315490842983
0.1427356670796533
0.48181798182522634
1.6234165726374288
2.0419050308089086
0.10816822849654638
1.319202591154213
0.2771901908389163
1.0955829144481883
1.9931361997312569
0.08515687526967756
0.44914446344405295
2.5807439268471577
0.0770605416309195
1.66333485497707
1.0177259839359465
0.5032495725646893
0.2630459000279721
1.8900748915392318
1.2801568644981316
0.7269417210141915
0.26165281288352726
2.811493633348493
0.6190337762483556
0.057690036223312036
1.6424460799046383
2.680084651522276
0.13620572279801407
0.12829068020531528
2.7395486969830283
1.2015120902445244
0.38620682653150457
0.5577941054043671
1.7269985353712605
1.5583401876391056
0.326407983294239
1.1174994238367402
1.0645232485229248
0.9234398309502158
0.9050058703138499
0.3700384939980642
2.3573880792857156
0.7054142344639012
0.32883909919199583
1.6545445679416302
1.60087783701828
0.5614470767725147
1.1440923614157332
0.6246927657424935
0.3179564888804274
1.5081863213187263
0.28858611969513115
0.7435733853921771
2.9491554073084085
0.2726413300293819
0.6626159298544754
2.057055115146443
0.1241689440715987
1.213294718693125
0.9686212108122005
0.763545581009681
0.28090741345299086
2.1534336361866457
1.172858469506983
0.8193826596185654
0.23596106041675605
1.373188579518541
0.1922229880105303
1.9271523061844802
1.1662714731964672
0.5949851683397304
0.5540329761449538
1.7627934074878309
1.6042265673923095
0.35123010328013404
0.31421462495944985
1.1201557623961755
1.1197869953559387
2.3641808029694276
0.038805876030410066
0.28515171280754326
1.3449443014498703
0.4478350203256523
2.254854754693748
0.7405705384305371
0.7767713445403351
1.0125231612873744
0.04603700366001586
1.840037906170449
1.1939341672734127
0.13978080297444145
0.5210302429237504
2.985288392935359
0.8502931276240766
0.24402659772802984
1.2758655099237197
2.0769008090930883
0.2957469419314993
0.7896666109017356
0.4548769772121911
1.2482702271200403
0.3165476851537108
2.141026462729291
0.8556013536785383
0.43898385225478304
2.3425102056725837
0.30458430888581567
0.5488481611937157
0.4820691881527903
1.2318145233296454
1.376067140176589
0.39293717818980584
2.672218608301709
0.026728345564917922
0.21756021864812133
1.061969393850933
2.2459756311662096
0.4600403840947155
0.1873390107111716
1.9713662300332584
2.0530635073450503
0.4205608906526976
0.0098511759235894
3.257071787628011
0.020824429774769185
0.5759499754685156
2.395748854946506
0.9433188157234474
0.8329869530162965
0.2622379327888213
0.1930683103009784
0.2296337411005841
3.1704286466065574
0.6548373870871765
0.8859567569913175
0.08812308512192314
0.06408501392143016
3.0908233048953346
0.9529902093818531
0.10134002536419125
1.435327412549971
2.513360298526193
0.07815327916313339
0.9870017623406868
0.23472777917709886
1.1474471697177977
1.6747763587795663
0.24432356768842342
1.6106739413162128
1.2868250243289874
0.6544154268836888
0.4647608504298335
2.4060654214909514
0.16133490256613175
1.0263567047908577
0.5126343135966089
1.0712445547943852
1.512964036676706
0.007603163857061059
2.134480673213097
0.1697280367877388
1.0142214582248592
0.7767204251278041
2.1998465885354905
0.5031333299897024
0.2804361297312472
0.3686134486894289
2.656455881873494
0.8985884616040993
0.8109825774334358
0.13499660219076653
0.31045850427660193
2.224618252446904
1.6169777037662587
0.2956331701646223
0.9317379191040797
0.962222937039598
1.8702574530126173
1.0093638017132738
0.04470530575550776
0.12716312552050735
1.8432522230402337
2.4015357038455063
0.08345007519041439
0.9527927408405154
0.09926976479159878
1.4899840188934734
1.4401243395825092
0.2655062772888105
1.6450605233509918
2.1667091647981964
0.04971279946460032
0.419973568431802
0.8398915617042341
1.3747903045056795
1.2297981607173358
0.5276923465108335
2.5187171524237812
0.07050289170305458
0.018951002589650955
2.608224471874672
0.05633186746155932
1.8548876994291432
0.05400538607458119
1.0150682229987447
1.2322017276999582
0.3583235171061481
2.56946144602082
0.2919186268790106
0.6188487489728598
1.139641450734786
0.35859879383777576
0.47202872806866164
2.6904240448197414
0.7733227778802332
0.419197350065716
1.8096501572025805
0.24349911953576428
1.6822656065763075
0.7412415918364763
0.19967287167376344
2.733015944279522
0.26243174795611485
0.4064250906438442
2.667229510634312
0.7219714499679726
0.2277169111902995
2.92876280867565
0.49283519567329737
0.02260990231932045
1.9032538731189608
0.30150792552367833
1.7952384520448355
0.3957760648137834
1.279662653704226
0.3002757717566823
1.5105276419710834
1.1119616014572957
0.6462896394263014
0.8830243793376146
0.6786725776468895
2.4885097389393445
0.30931787198487415
0.2935111537351846
2.301621673365877
0.010871850541194378
2.0194967787813916
0.1757186352911205
0.34066408974473444
2.9891787579958935
0.8608698484371183
0.3857120946850483
1.1201337836574456
0.9148941695425181
0.23820022663398024
0.8428531240126331
1.738436802993141
1.896650124809344
0.12863191123423962
0.8706865970093863
0.9473928896839272
1.0092125158970253
0.4700983748956776
0.8997890724945389
0.9646658132608621
1.8519908280323603
0.7912975764715199
0.6423337904055141
0.9341618442694336
2.100134836023698
0.29016707031662986
0.40600679501097514
1.5341779680461305
0.7688752011442612
1.711229576055014
0.5410073180769186
0.9300388778481882
0.5221410422156406
1.6484230535019149
1.0901113603839103
0.29271092025489365
1.5360506902943938
0.19860298525103104
1.928972688110954
0.7383469361066722
0.9913012905792877
0.532956144862955
0.8435857411268268
1.4925729072731784
0.46415510477556515
1.5707897861690785
1.070914929297379
0.9790020939544978
0.5410202074958035
1.274840174501719
0.737038306690649
0.268735920380623
1.2483325238798397
1.0066273430900974
1.924956024782562
0.8265883164020534
0.5373676658309744
0.06403459663561635
0.542640068661971
0.9934793871402195
0.13478334151072768
1.414688336939947
2.7737217302021584
0.2982540495142527
0.32192026544112695
1.351964111218781
1.3877067270446315
0.4737112209957598
0.8761112286080524
1.83519343026456
0.4524893740856774
1.6572979941379162
0.5783483231146715
0.25075498102837723
1.983473283589545
0.7313683920063604
1.2469393862837448
0.6401009850563576
0.7777896204659946
0.9153461395855836
2.181000810950881
0.03918748060563381
0.9107318679101271
1.6104802697209935
1.2121536074711687
0.48039723347232655
0.8323918675952926
0.22291013227904521
2.812764468881239
1.0461023026285892
0.102870865901266
1.0335179325705943
1.9919373867119643
0.009501636548641956
0.5817444734779535
2.457093208334594
0.058580811368116395
2.05341270531335
0.2124219685661539
0.4497181243304304
1.4198843216397377
0.9477153106495974
0.9928579274178575
0.8886176365777163
0.4362860388899238
2.497834563093598
0.5327956201257878
0.5690592808827261
0.7815178032556422
1.687921484037471
1.2202190538769022
0.15131767933935703
1.2128283647928697
1.5285576227728808
1.214117837360669
0.4971354182260459
0.5846730836857313
2.1725345791429027
0.4917267465182295
1.1462100361766747
1.1462987812157814
0.014526362298929552
1.318092230336315
2.359799952361989
0.6245713630726036
0.28689862636819385
1.4050360528502803
1.5010879306965208
1.2094525941479224
0.15796107988156585
0.5012049938132094
2.323432884021845
1.2550272900755228
0.6988297227319555
0.42937073992374525
1.2086248692797712
0.09627293385947176
0.4691781415649867
2.7947040423023504
0.9491786523338954
0.5723672431357056
1.0018450152021585
0.37133255375179025
1.1518472552070356
1.2286561042648148
1.3804768263504208
0.1005668022016034
1.5333970574292872
1.6040027628327937
0.7060081159449574
0.6830742590394177
0.8489260871107426
0.9280415505072952
1.368113353288371
0.8242821037363195
1.2300823837751138
1.0250617736582235
0.7397092498024769
0.9901580880273425
0.5572425825607027
1.5688414024268038
1.972517511043363
0.23676926946460133
0.2197815305177379
1.1251488527848217
1.1280747951735781
1.6751589273314849
0.5367785249230889
0.9496039252381738
1.544530445002091
0.5295596554679471
1.2334111961852159
0.4545334283340248
0.8058738693386461
1.7828252048661815
0.5747815910155353
1.505057465052871
1.224876013311557
0.14344096620039487
0.9538853943207732
0.8016742607575974
0.4696956036367937
2.280831803700105
0.930734825623928
0.8840448870773866
0.5081659060767957
0.3803290841415275
1.4235125013388235
1.609048717239922
0.9972777745092053
0.05174912374148248
1.3169218480762273
2.6185109617004443
0.47781866146749913
0.2996248030761273
1.0190177515820593
1.0922074952682654
0.8068706783486079
0.887287834111044
2.244957346965992
0.06635077471371353
1.253878984179465
0.43891089010794915
0.7010553569901131
1.2501409770190952
0.7623699028617151
1.623420613821044
1.3727865302546944
0.4179356410905362
0.26000383285412687
1.5795735599242586
1.213200271225041
0.6102607162488243
2.2796817225046326
0.5589614465491511
0.02732109013535697
0.4655512661670589
1.2993870074105291
1.8298817077502085
0.7951606234030911
0.7969858067402071
1.7218482461461735
0.3634436596285988
0.31453931161561605
0.9850530534920047
1.3405169274919277
1.700420877965456
0.26811154227855916
1.6341368984117672
0.7600940008464165
0.1524856164893997
1.697455033408722
2.046402240216431
0.10975976593214766
0.44608887027576527
1.6655841393702582
2.221407525656704
0.5009839608867741
0.1806287347201169
0.17229792255064139
1.9368393376452908
1.1477346167345537
1.4952181814232635
0.053913215350108866
0.9032304424235746
2.3970463378208744
0.44858381434270383
0.5208961420257341
0.3420893096324747
1.3764436440873222
1.8743798677970755
1.2181187053029046
0.22130132146607018
0.15497190395633562
2.308532436003889
1.6548452188773004
0.33784108142549557
0.3491315117435909
2.3527226366406535
1.4443185091948012
0.2640564463905544
0.49372017263425577
0.7612754116067987
1.2190064283373232
1.8230757425521682
0.3721863015472753
1.7511462943423797
0.07224339319620234
0.17875544701164028
1.1780827197639772
1.8236290901825312
1.3253829346245225
0.27763498553922344
1.333595916606962
1.5024396433836797
0.032554562803633405
1.4151649294529336
1.9536912066814516
0.5420157432147151
0.06469818259841026
2.0502910347443355
2.1801069256032073
0.23951098071859322
0.41883479373061344
0.29968904385056244
1.7703079270192732
1.3350420355204216
0.7818809264344248
1.4511214932099694
0.051312336291034794
1.7533480055513364
0.444825747174255
0.1994089848736534
1.8549702852034584
1.992887249913277
0.3210802143676901
1.1704075324669594
0.26023017740473164
0.08835409326585117
4.2330412093076015
0.0988097008492867
0.17712832701658854
0.8919582797995638
1.0256077638427878
1.9803702987304874
0.7191755875486924
1.0227859394604935
0.22723556215349622
0.2624161896286094
2.383311811221781
1.2849132426951335
0.6544052574434795
0.9762492322510073
0.03527194481406572
0.9303492487201362
1.7875117812180015
1.5663567523275177
0.5233727962122638
0.26557876948611253
2.211032861175069
0.16931545794965241
1.2041745221438551
2.2592026375137673
0.05433887425440541
0.45175461719662763
2.3844461064181446
1.3592190422763102
0.3342076559213466
1.1361666710761276
0.29449941991578604
1.2674497253794508
2.7656840498145834
0.11092983586272305
0.05910963193529494
3.126983888977218
0.4502902728640864
0.7433015802875951
0.3814736566178189
1.4770542696195192
2.3154669001385986
0.09514234206077075
0.7566673855778998
1.7111188886369368
0.14477275951219762
1.9491942390986643
1.3781368031084604
0.2084862637893407
0.39721761414719153
1.1457499929763861
2.3969906457647507
0.2506512801933002
1.0231804069541628
0.6251698365204886
0.6534028175498743
1.8604580153653842
0.12739999696288812
1.7965007192915523
0.13144482574659566
1.7113637474077767
0.3433009085793372
0.39320673538787626
1.895894154846561
1.8943926789236647
0.2823773657011302
0.5067355080959508
1.9481534174776984
0.8430649648044098
0.568623572652194
1.783086071359221
0.6883548527994222
0.36396869416143407
2.5197687329934544
0.2885305557616104
0.8827979840214146
1.9439271408343695
0.6019346974356948
0.557779094843323
0.5158950899547312
1.2966817374188302
1.3569986463902834
1.3153011958510648
0.6354323506033768
1.011293994661612
0.2011955427042715
0.7432267168538551
3.1965771694140925
0.5965175464719399
0.09236307218834158
0.525916255333911
2.6260555501968863
0.9635420353548724
0.6254331586071249
0.08265701938564966
2.028847701093632
1.4674991546914637
0.226778820016903
1.6610421232849748
1.22479705474201
0.06579728394375883
1.2616347182599055
2.04778049724146
0.49200618352022785
0.7121431127145552
2.2185292272949
0.4189315228504879
0.31468944765763357
2.0161377638070115
0.44658542081592717
1.8400518883418222
0.07683982641342688
0.8256935231827112
1.9592115809407755
0.3897922429370849
0.9865517074218034
1.8084812555008354
0.11434305989900999
1.5850136475962782
1.4481667549430797
0.489756764407076
0.8491730487867759
1.8737866297458199
0.43394534438766125
0.49160750697407
0.8861503472481636
3.18226595517517
0.043099809659025864
0.18587378490929093
1.622437887625505
0.5227749062939809
1.513404689989072
1.2506425791230082
0.6763952166415476
1.2678397588416086
0.48184002526934366
1.819299218247547
0.17244603484281906
0.6231950990871176
2.337666745276733
0.7865612321722266
0.5388522431324981
1.3626923066068493
1.1954002566870918
0.9697581804956195
0.8410270076720828
0.06037729212629395
1.9821042330234733
0.3815474441446214
1.419474445399915
1.6936958447445143
0.19075850538080832
0.7940040141139488
1.0377787373250762
1.1884242223108608
2.06237561317105
0.1638753258107363
0.3648212676306375
1.5291449500066883
1.3632210843563
0.22357239759888303
2.5027037714767832
0.6301357993434982
0.06814648490601583
1.3313853310940624
1.7442449603316572
0.5016304176518067
1.4507120575909698
0.8085054218203611
0.8775424353393825
0.7814488011354375
0.6892841866344336
1.3975878181550507
1.517172097263195
0.6488842622075693
0.6437792682353384
1.1827993819513831
0.9302333807021966
1.1139178846738687
1.9832072260634968
0.06625327433669181
0.7475199238385932
0.3373004777119246
1.1676628906899142
2.417049523414369
0.572325422443991
0.11494646112206569
2.1938239941683193
0.6028180153239187
1.2216530939310386
1.1458110404468234
0.16096183930498636
1.0241036391345595
1.111211611677608
2.2223920861258604
0.3694146322915118
0.23589037143648608
0.4655526551311562
1.9169271687773672
1.7390100658849694
0.6971605879545499
0.26463665219588495
0.38859976264342416
2.153903466743393
1.0914185538006411
0.8123248627996651
0.6018750153828074
0.9922178303401388
0.7858385360427833
1.7152632263013932
1.4594789796714525
0.04246918530904415
1.3426186337118884
0.7110503423178304
0.5593473173937732
1.40828290223291
0.4412170917976722
2.6110868654693764
0.1190193337389025
0.21004794052192063
0.9720873145743424
3.00594554715441
0.18521877450027782
0.4604204035256643
2.5769963695773024
0.11526498247255458
1.3067115330279917
0.6363260363685601
0.38920476000778587
2.039141656561139
1.257453624173843
0.2860097092206386
1.761540646549971
0.6855584978551204
0.46796202363065165
2.845755887246207
0.1972040578285197
0.12432419535388789
3.068779383528341
0.9676482829795526
0.3110007831160124
0.6814985298038266
0.9417364089988884
2.377692088751338
0.5509279901831584
0.5338439819808417
0.7367120660965578
1.2206362298978073
1.2865927844138885
0.5842062594726983
0.5837228607843803
2.2109491400299097
0.35434845365292833
1.500129442301915
0.11465490530796744
0.8549405731412875
1.367051145753208
0.9783965562694855
1.0795090838223202
1.2185800852016515
0.6249504887519548
0.47711326683739363
2.2251293937638135
0.7459016005153948
0.6012571681432141
1.4022685944136792
1.0663079146736887
0.5767282819077024
1.6773427086834434
1.223505827980537
0.07695886599449571
1.545736557701026
0.39985585040956667
0.9888045870708682
1.13827159820802
1.5263572367324432
1.2108928039578986
0.41984887126128156
0.03395820129248552
3.1709419964797254
0.5018728556079136
0.2394045197284239
2.6340581988366116
1.0405632038991284
0.06163561081898378
1.287067354277483
2.509855560793736
0.6362586178322862
0.006569876874819938
1.365186876917358
2.0339790500379857
0.7567652240680444
0.4428644282232041
0.3005851485812891
3.0589698134028223
0.1255397135973407
0.8561386783130024
1.4872264448452026
0.42170168283180787
1.1518118538101352
1.4828533514548774
1.3394020996649987
0.39650963825772373
0.24561488630344006
0.8992747423749238
2.799304102300015
0.7766018392855444
0.08789850099993594
0.9972100366175354
2.0043264593452874
1.2030802838185457
0.48712900507460893
0.16521895284265323
2.207341387021361
1.3465615035779503
0.7950051224530427
0.08364222172757915
0.4578538123869854
3.1085033575392726
0.5596045139529413
0.6536329923308856
0.4616252024453567
1.074200597855323
1.4415632015741133
1.244710218866117
0.6645731789443813
0.38755673493932286
2.3353206983544403
1.2454942914379963
0.1262548604273201
0.5314012949311101
2.3780372028313566
0.9558579425365668
0.42373469145193765
1.799461237107328
0.5059478308757018
0.9458439751629375
0.5759706916437353
0.7466191329203459
2.8499455678009
0.009655480120808918
0.795824430957787
0.21416765116430797
1.5741623133069538
1.1502445713288865
1.1022603009294607
0.5861743422162378
0.5820177050266798
2.3277560029048217
0.7615880389899166
0.27230753114155487
1.9963709052021277
1.4064182909544174
0.36589116576061315
0.6539678136948901
0.19867445483449458
3.1224654181080833
0.7554606108560583
0.1728552417259628
0.48001095685461487
0.4087948062577216
2.8171625157559492
0.8866768318153099
0.3479272238970944
0.9590823537578288
1.4264436179461681
0.7520461931441507
1.3794963381297196
0.36155326053369735
1.4561972815515971
0.05026253768739483
1.476018951875322
1.7848842600849388
0.6900785220527665
0.4873735882271992
1.4951186098509675
1.2440338678291978
0.483518871706826
1.6455844296649607
0.24430974179409215
0.47271912083217255
3.277306259534938
0.058014229606748825
0.9532878853908315
0.18995522622946026
0.5485200461380944
3.0842374773853543
0.38133978144501757
0.3643047819058035
2.011040015585477
0.09221961955489442
1.3960440513947072
0.7933723644927109
1.8404342651368641
0.20419948998119536
1.0164298594474397
0.4301592911166767
0.5056547425147849
3.1725144964170915
0.37557033928932104
0.35143111246522124
0.7288579335875403
0.8497360487975826
1.6094112894483548
1.4749262597992994
0.568515172708489
0.7125901978592002
0.5984071876037081
2.390539901139435
0.8005762203564563
0.2395958598220901
0.38488831131054596
0.21476943956910988
2.932399858707618
0.3311419614649637
1.052678565360278
1.075230407668231
0.8040500549663454
1.411161416462003
0.2989236206322956
0.13179330345442328
2.7770546306139434
0.5582554715332521
0.9216772235273735
1.1336274064587117
0.3706597951613357
2.1459526688525643
0.41327248621901064
0.6566332964784786
1.6932318707277862
0.9347190953286679
0.4176717911343468
1.415835713718626
0.505552910943136
1.8352675638993379
0.5877795537904669
1.104209873176228
1.0682763788447307
0.36198502610978944
0.8208545084482868
2.165631213100124
1.0553996696923447
0.16525001222373142
1.1373107669925564
1.3608229145150623
0.7033971140294718
1.3083580333053073
1.2231048632257409
1.235583414189397
0.34843937032544975
0.24691605491332846
2.8483799096085693
0.7303309481116707
0.10038343458454092
1.1891175366884186
2.9689106381369372
0.42549886575182855
0.18020313562474616
1.078787982067529
0.5161850299360524
1.2362004901904577
0.838915428808993
1.7326903561237057
0.6376157693708268
0.9960475780575703
0.08637586666522468
1.5801747266174364
1.4042431232929378
0.9265007038285101
0.6149683937572021
1.613321343263809
0.039530107481577335
1.2637714368851296
0.3340841798702151
1.523673695387131
1.8454871068136594
0.6057099058581642
0.15222920445000576
2.362071456322526
0.46342075721786763
0.9356278598994624
1.0065674498471693
0.812695199530669
0.6648418783444529
1.9083110458771566
1.3241353895810686
0.01885209669877344
1.2380598780456764
2.1299901183370005
0.6059164072467003
0.4052507038283512
1.8123165468856484
1.5341467151666888
0.24811393711314506
0.5399801636644705
0.3924774939099635
2.9015409612953196
0.2799157792127533
0.8404800655753776
1.130105183156273
0.5194235907392148
1.6697754588800182
0.7718249704792198
0.66796782417693
1.716640041004134
0.0349552722081023
2.0590799332636274
0.3858308505626494
0.4438596225778784
2.782533299324413
0.8630487527117203
0.2321518867316612
0.9435812794678252
0.3412612244164546
1.5134498756624353
1.8096801133067453
0.6939655828097967
0.24579494966319845
1.8805071396224387
1.561953618015842
0.4204575938450907
1.1683777405574083
0.42151846320152203
0.2841889410490594
1.5937705289345405
2.2261378325330243
0.5011542923855771
0.3892637315273154
0.8486265003676634
0.5946812900538646
2.6094005006851133
0.2516825930479088
0.7025386107522988
1.6590343365179276
0.37218664837488596
1.6994398052172661
0.69356365168982
0.27167677917251215
1.8254987673973628
2.0075522662943666
0.356362343300597
0.17112826437100728
1.8355272553421111
2.2013183013487905
0.03579826327624899
0.5240263720391707
1.258587528826703
1.6702874313811742
0.3497673398641784
2.167491337871181
0.15967257631831902
0.18361470320681014
1.7690280938374041
0.6720779230186166
1.7901823528579113
0.626853907975786
0.5173753426844918
0.27905806458184684
3.112443901591125
0.4794234329754221
0.4902334399258575
1.2757190633819067
0.14745411277713683
1.157466485431877
1.2565984120993603
1.3036897230323612
1.5272461977955294
0.3115483873988022
0.03225938759874906
1.0211837134640294
3.118183141228659
0.4961588011672907
0.0437084478080669
2.812038047186036
0.18789282012210384
1.0080715215675542
1.1837001831612157
0.1947114857556218
1.2613883032787438
1.9535882309884114
0.46518010295137957
1.0801997426893182
1.8294919604937927
0.3154551236425642
0.5560304328594928
0.6931645035112847
0.5709099236662631
3.2765982136517535
0.32901488545767327
0.03490228287916346
1.2813859286741638
0.1293963291468795
2.9213339903146944
0.36381831046394375
0.31417785218634536
2.7947780686081876
0.3865487692293636
0.12951399139186853
2.455996197011226
1.5327325841299522
0.5196391669853792
0.35364240135412933
0.26030861701480357
2.707662419110131
0.8571986685534703
0.1862928997448214
2.022733679008014
1.1705296152045785
0.38794859855648783
0.8213687823572207
1.3632574392581178
1.719614261822196
0.18521415833391314
1.7505617646191391
0.2602232935373994
0.36500204774071326
2.4459767095953815
0.5316491887700555
0.3528435369829127
2.312411596385394
1.4570869131130988
0.3912616651192168
0.3991440459790713
0.7468235958882965
0.46260171593663285
1.686869258178991
1.2415039877098228
1.334011452662599
0.4983375766193323
0.3724794707108279
0.14809949881128923
2.605081085785832
1.3407774132685641
0.20084695819671092
1.5156841108751067
0.9262261947094325
0.353818384923194
0.75895254604389
3.3486419243549546
0.20115849622355628
0.1993917149670047
0.2962522208696655
1.559638847246137
1.8169390318616305
0.6365711567225317
0.36466923830004466
2.2405238664422154
0.23063267528089706
0.8640839056592168
0.3091284756851004
3.168098865782037
0.22394948630969672
0.19010896129505458
1.1534956400392657
1.398255439143844
0.23683874896174723
1.762157886669255
0.47024550981323104
1.534919417711415
1.0019991060170195
0.8752509347383731
0.4439330403600387
0.44623032934716983
1.7254671178779872
1.5456095585024316
0.23740600459660688
1.6832271994788457
1.4360504010643473
0.22328361566212696
0.44064366395220456
0.8023032699155535
3.157083025662299
0.2744215784540863
0.27079748396579784
1.4988577157109817
0.38699207402015384
0.7404058503850023
2.790660969972828
0.5108974107994934
0.7547083894073797
0.1404184588736358
0.05269146698575866
3.5232840183849627
0.3861839858133961
0.46723152808908275
1.5696604299890347
1.1720507634244073
0.3135469477232676
1.3570308121824428
2.2787847741914513
0.20071005372016507
0.8651399693096754
0.4228521813824764
0.9222049804771703
0.7213031011243197
2.0818977152640388
0.9535603894995783
0.5608762308097935
0.3540766280617583
1.1754432660619931
1.073854099203438
1.6646224097606879
0.23996650497261776
1.1424384138885784
0.7990303474656698
2.164851990433213
0.3877992014106132
0.07164218415794174
0.5736870583208512
2.7276112799185626
1.11636204465523
0.47874665996227556
0.2064208283749865
0.8629977663691791
1.5177607963432926
1.4542377821661394
0.1707659583794084
2.49646231111445
0.04517908004117074
0.1637204723412892
2.19438613299448
1.8918308931259713
0.2489872800238055
0.4417883447392634
0.9039319123455879
1.502477858265023
1.3629309238846792
0.7490353005772608
0.8543100076005167
1.4457292206531231
0.8305995184633865
0.36939484628918445
1.283564438246561
1.464090251223626
0.8382222864380918
1.310271702652154
0.47702237796509644
0.5155998544633511
0.8366097774542375
2.7182580607099753
0.5135728240847046
0.12364299477123085
2.044779232216009
1.697727391699642
0.3250165262526477
0.7330776052645687
0.4044889822017791
1.2982006784536906
1.3165146885353407
1.6492378412208
0.26917686305960764
0.666511198954178
2.169130202382759
0.17831575153064158
0.6188885864600903
3.8364747182894834
0.008014826236306229
0.11766322243995903
1.1227015930876965
0.5141000166101325
2.1637736204342475
0.6065656175001847
0.348766663963225
2.4822562205236163
0.691046837622788
0.5891567369946883
1.1436614857451861
0.6400212241974014
2.145333422069034
0.07209040609142668
0.9404025558298084
0.18412913658196195
2.0216029222164034
1.1725671808393174
0.9120292934946934
0.1837875166763819
0.39903379089839497
1.656732740432793
1.748840675697328
0.812376972692218
0.3087118847961385
2.0043946635057397
0.49613085311445115
0.8045682183659598
0.12065042711940906
1.280261216026919
2.5649722707670355
0.5867610826731992
0.4551794172030521
0.1506374549536216
0.879399975663037
0.1650463403791668
3.30912877125373
0.7101254622525369
0.11649482410152665
0.025813683012791192
0.4408929587951445
1.1848109559712607
1.903960362383331
0.44773760288122944
1.0918300279592899
1.6432306114130224
0.7454441118757393
0.6578413391580774
0.28006131719058164
2.4500188203006905
0.8531537600089566
0.6025192745453659
0.5832004547477644
1.7918198715672733
1.3354556980353045
0.2909986059395824
0.8415539908179124
0.7871461184879008
0.7726918881859699
2.198163789762136
0.5683314722178544
0.9601087757815726
1.1630579278495472
0.639402254752979
0.1280647104977705
0.9014462451064139
1.384587286895763
1.8251945179041615
0.7478597220828506
0.6766379415267368
0.3561561648654818
0.4665203873135481
0.6507122339063464
2.367260205661211
1.4324413471384376
0.2792374136377396
0.3420654231678999
0.2995744365273409
0.9435697617738639
2.773423078188991
0.2701797858065319
0.3631823020788571
3.291706728251324
0.597436735822298
0.07572942261498149
0.9230380517424359
0.8565219800199886
2.075213490824869
1.341643624098368
0.10402259745186065
0.34353412942886563
2.9419899616629226
0.5968803416344965
0.2582972190037377
0.613163266583979
2.4611668755997615
1.105473522210821
0.3010180950060543
1.299147113381687
1.2873962386248707
0.9655446250241233
0.33701203684442776
0.6034114928604604
2.443478375238677
1.0828953933738712
0.26697317289716743
1.373500832227878
1.1606255387434705
0.11559386411997928
1.735191890289372
1.3583743820830294
1.108210858549276
0.2997427973368598
0.858685531012718
1.7870591278750398
0.5119570630128476
0.7996936667596259
1.0999428436392538
1.17487392080025
1.4764632044359656
0.9193458366492909
0.34692350844446357
0.2574910087954445
2.833093964062936
0.6093531782873034
0.8445954517252288
1.0058609946996853
0.8690171052052086
0.2903789981629542
0.5577436438270583
1.122159877238709
2.1512021957251366
1.0467152171071552
0.3062540631018436
0.13281794517462148
1.9964339914462508
1.6649188713847285
0.6759017130056489
0.4955594065816534
0.4489517357846021
1.8534789052623046
1.8177242089398773
0.0431576704727994
1.1812727524930478
0.9117703132515382
1.0626427307025466
0.5097370787373392
1.7383899941490284
1.1256526562761795
0.6222351826274455
0.7991913261098448
1.7312672907278397
0.06153179937983766
1.178795846496665
0.5361205137476992
1.8141056723240365
0.08472039631108824
1.5521475265866302
0.7527731063901499
1.326014837656909
0.6357550805439871
0.8709060626018199
1.2680499247489627
0.9779806649732489
0.9346130843026896
0.6370268089412554
1.3126751370733742
0.8552322854530797
1.050279235761551
1.2231549452691268
0.9274993432207299
0.5699359519287885
2.343857229073403
0.3871793445813031
0.20934226220118135
1.4784860289855435
0.5435537004126432
1.769959831973406
1.299975105493384
0.5171973912545448
0.6342939065729796
0.528954675740482
1.4604636451191864
2.2821741428558275
0.3806837039881149
0.06167395204670026
1.8254574939244754
0.748730495364635
1.1457240918332336
0.8485449905238795
1.016587385239764
0.2281825186642856
2.5647235019816006
0.4163544057119696
0.8968829249498118
0.6836904961849879
0.1758806278711278
2.404085244376594
0.406091730698582
1.0006229846847632
2.053250744816175
0.3915434665068203
0.5039976524246753
0.1478762062073632
1.9213845224879311
1.6687021130048323
0.758189541283047
0.30196483507330346
2.220857941181548
0.12502397158073594
0.4408088772980328
3.307963559801382
0.050548272921506786
0.6450210467066162
1.078403911788906
2.0987387193758975
0.26168571192259116
0.5916937443703995
3.4400454311344535
0.12779298009926943
0.03754677112278453
1.1627324958458325
0.22302612375064063
2.7741818229843567
0.7167913337386185
0.2902923950508729
0.36970973615851827
2.22767200313798
1.6115817384596591
0.43278085010032835
0.23921959674610893
1.8426824730507119
1.0756864149552345
0.6829718773560499
1.5393781388451215
0.6138585553514877
0.4644155664131598
2.4779082000138084
0.43840815301543273
0.5089404877379441
2.024486673819409
0.519076086354811
1.1321189972558812
1.4657132059355413
0.16098000150229838
1.4513840472792536
1.3625314686028076
0.43613215006907924
1.7893258524292792
0.3364455181137907
0.5797084847141548
2.486844072460188
0.6681814006339643
0.8593889230749232
0.7783856801712744
0.5069671042704036
0.3659742553671535
2.40782717814795
0.9613644839116383
0.4814869863681888
1.0189070596764125
0.24275988060428239
2.920924711815057
0.14928969677963327
0.4412816067980049
2.115334261100062
1.5657778738815185
0.12804689233727626
0.7172344431552105
0.7045828462850974
0.565259022092425
2.6284458392017473
0.5185686874979659
0.7853850726032934
1.0499098704111256
0.368559807684371
0.3821340204317389
2.4890897754941808
1.228880393742183
0.6517555474236978
0.3200201970147486
0.22405232117101498
1.5961862958375983
0.6584704698011369
1.4645978144102751
1.0830151846864857
1.3267405798057588
0.2964196265372794
0.5896207445246672
2.9450814199261353
0.15588852231204162
0.13730769418552707
1.7613037797515327
1.0261722150029686
1.2364544015408436
0.7627472124344341
1.063910336372774
1.3643654535314043
0.7733179113658727
0.6462186328130398
1.1115886697333117
1.0663812990262083
1.4660560829591047
0.2507272424431193
0.5591656734063882
2.055173796651126
1.876861388941259
0.197046477410546
0.34791293098484916
0.11895956596030732
1.2998816493495366
2.1017036159072426
1.1109741639235955
0.09560479077665489
1.7045531819405395
0.9002287801462069
0.43945011002255574
0.26943009593964545
2.5696338261620033
1.4334071702748983
0.18106719478033725
1.164959877859643
0.40607532933292784
0.8395211641565277
2.7665991944591974
0.19878127276033605
0.26496979736934456
0.9574298367020189
2.435683948016548
0.9529107541382604
0.4232209641578216
0.3335455975513218
1.7227190723424917
1.7425358403523294
0.1411540665970682
0.9256054820228318
1.0492355643130118
1.6846701773517463
0.19726634871302481
1.5937841734779914
0.46160994157171564
0.7545323718403055
1.4295854477423116
1.693282573810586
0.35623065357908373
1.172070124291319
0.25427261651160527
0.7570014612232625
1.8874464444855175
1.2832136383744337
0.34518995495172006
1.10388129269523
1.8004977482632412
0.55457978335005
0.737071512047705
1.2920298416910299
1.9343258741554148
0.292241201806528
0.06143171124991499
1.6226793117077791
2.1384609104150867
0.29884067786744256
0.8291538684952375
1.591292008424863
0.9331031587965655
1.3696904611937097
0.03334166994810526
0.9315204844939275
1.2474404374946593
1.2771902084612017
0.5644702849460522
1.6453165781453902
0.46660164334487125
0.5699527463581211
1.1510547473472827
2.4414193474110513
0.4207157480523708
0.4089996139993345
0.8080638747418675
1.143765953562895
0.5201833213630612
0.8673401383763142
2.394002349608023
0.6416939171004081
0.9115631633235985
0.07633324297350318
0.11334526769830873
2.0623351795847498
1.8858684517952526
0.08903357093662273
1.492342896415954
1.3499176295194304
0.6236575146155295
0.4314969076825782
0.8983730808320697
1.5615329151339197
0.9426620086621011
1.399545759135576
0.6136224729301899
0.6173062814877127
1.2626372087761832
1.4018294387761614
0.7308536087752491
0.6061079158049683
0.20943665749533885
2.4211005778987142
0.7030144822451369
1.1984216121523628
0.3601451624596151
0.8594589385897651
1.5347661831308868
0.4567481839232232
0.6781777071120255
1.4180571579343413
1.7804740891623505
0.7167740505051858
0.3151387323362626
1.8801761515039284
0.600138478482685
0.8415601087640762
0.9793809384781658
0.5269546968775901
2.0828844704374805
1.0607262099953487
0.5013255091452751
0.9911256759251077
0.5817049109396087
0.6739499450274912
2.472294307969065
0.3953193758535582
0.7390684092159081
0.3398709221791283
3.03789179382746
0.056766593242120675
0.20677148902341
1.6312469127967473
0.5055845570510855
2.323742446158338
0.7747312299258028
0.04308932057211678
1.1665464438686077
0.22658629073759784
1.9405124809480305
0.6987472109571491
0.5926650364065826
2.538484404893226
0.6102203589802195
0.2968438337274404
0.5470724918085784
1.921661023536999
1.4778006336017557
0.5335844001958762
0.5720841854114103
1.6273043233204507
0.42085314574567384
0.7905677686514025
2.2814770388427323
1.1335809810286308
0.38893586190739166
0.16282227966388196
1.2606153989662834
0.24056882981399105
1.0694651007916498
2.2416096035414177
0.3763845678370674
0.7685968924628039
1.6117946399951293
1.3935166382378068
0.4398657457804529
1.185204451967397
0.13034977194608802
0.9652967176361846
1.4000168469254828
1.2079165981373547
0.6420426860549757
1.8236956544162781
0.30098569326446334
0.6961229803255058
1.6370838208999543
1.1675784547182773
0.6271107629763091
0.44315541777469825
2.193011680246628
1.0840678156191077
0.49824870561324597
0.3435687024569014
1.4270225903924856
1.6938661791405396
1.1487239352275787
0.22708601946844853
1.089347834477415
2.131957427836073
0.17893809309247957
0.5787585127547447
0.3284344820939104
1.0917205739663445
2.751972041406376
0.21922675545622153
0.8288763867009987
0.38795178809860464
1.4619827586037577
0.49141006525708936
0.4773348813389925
1.44637307328029
2.0899433078623586
0.6357101744760499
0.3456501822703387
1.042574216224134
2.064415504129436
0.010075186958424725
0.9432168541785356
0.3759429892333999
2.4934681418476057
0.3108096979623872
0.6964852935395242
0.3270340580330352
2.192767600051663
1.5239269446015944
0.349603858525242
0.6366581064219283
0.21487698120974397
0.6965333207993045
1.8027430204852386
2.019064150939929
0.27184997665463945
0.20853998889304867
1.0640314384665013
1.6951141729489894
0.793145639367559
1.4804374937697538
0.4264108546887502
0.7757632951026351
0.98108499599602
0.9046685366915628
1.5676806926219844
0.951430658488932
0.5952972188901944
1.6349690530609715
1.0049385193914082
0.0795398108204462
1.964645513667347
0.7910547829386574
0.6845675824343299
1.0858007320734835
1.2707959190775928
0.7364528710248487
1.7503661708071176
0.623361862803453
0.704843000893584
0.7369679371103285
0.45679635477679603
1.1815742180556368
0.8250965292605459
1.544250243928072
1.7993489824112519
0.12709895001883942
0.5954983535246474
0.026476077322340925
1.69220293384496
0.7297516126312764
0.5252510597802702
3.0374000731941337
0.12171056732209533
0.546169937533187
1.2706446580662056
0.7549639855019454
0.9263381800046462
0.8402642370562884
1.185436945687582
1.9057439785658499
0.33655477365088643
0.7813237422479701
1.2788033615828047
0.05231148278497962
2.8517735240026845
0.6571047902374548
0.013718090357777636
2.001566888958596
0.06682694495474692
1.4142504053695992
0.482134445258816
1.0790273631259308
2.3249108648691754
0.49252076593463906
0.4639119952960275
0.20539416266985253
2.32284445766937
1.2006344826230086
0.6399934879180182
0.23385257362973258
1.0102568623612431
1.4315445199642658
1.8908084033773396
0.20606671509740773
0.9786759601266416
0.9368598271894871
0.35619045002762245
0.5001006404104148
2.366464236520365
0.9433024926761452
0.4477674949907247
1.930686796502205
0.7203274451789109
0.6700791941643781
0.8403938821123059
0.9337473752520581
0.7671376486912818
0.9439632108007737
1.6367004801976595
0.21973344259748562
2.3866744742093773
0.1809991944575246
0.2189989943280101
1.3931162874633847
0.8495750572156917
0.895572655831888
1.912168085627063
1.0263267098196818
0.4327699346833045
0.4818818440740062
2.089146161986161
0.33207349608287473
0.6917544701093645
0.5237250395227453
3.077809369002318
0.4789757816473601
0.15459330864569737
0.34198248187632874
1.4294396843115953
1.9118335444314947
0.4091316220670545
1.0847751540652992
1.8113811893450569
0.3447135964509362
0.6617950910571476
0.848634018627753
1.0328717333740483
1.980854486003973
1.0347513315642118
0.29633147891036193
0.21258388537382986
1.5103807585498987
1.3558956713808963
0.012509718572007524
2.971220710766025
0.1971956202769117
0.3491517257045616
1.2601689073177298
1.6624923866807595
0.49458950183862715
1.060291301276022
0.8964884918695349
0.8151795369236666
0.8631457997687376
2.417674587223101
0.4407738174398775
0.4774603718884267
1.12721965681093
0.27437941687603506
0.11104573982122286
2.387869558005583
1.0843355447929213
0.7234001152764649
1.3591208726290265
0.8200697486545354
0.5002207927733054
2.0863916076374065
0.28552309520425456
0.4146492637292782
2.2622986175887365
0.6130316530838897
1.5459622217227975
0.3384833222410779
0.24581703357967566
2.0582219161328994
0.04836702604023267
1.3698648173761685
2.5172437452191776
0.1642764843204044
0.5385334981860658
0.7080424826788797
2.860310510598748
0.055812879004221806
0.30651491854001994
0.9812401950089252
2.7607535674313
0.8193732783845068
0.05485259811010035
0.5019064447051726
0.9412801276793975
1.5129656840571764
1.7340211391567806
0.5391637130834047
0.6779750067951141
0.32973687584474315
0.7973577329534797
1.846313635647595
1.2867234527403453
0.8699452399994592
0.6051379174234461
0.5241313918281837
0.633276651979342
1.2493105288404198
1.1813881265757904
1.7128718279185176
0.399923574998155
0.8212134708646472
0.8089705785284487
0.930902575568672
0.693316041281854
1.2744153614877836
1.4154334063596725
0.7157434733008812
0.26658656932499475
2.9583571353567946
0.08649960007838979
0.8894033656368611
0.1027298009821229
0.6589251832089561
1.3995076583314665
1.3433273493550122
1.2549587283443355
0.8980246374416526
0.4445106731019227
0.7739736669169558
1.9901008463467713
0.3896719488334454
0.4945383329958096
2.2601530088118893
1.1609037337225285
0.8441898827049285
0.11707024774419131
0.3063596670244242
1.3663201334294781
1.2097877505615666
0.9043890619448082
2.0227288104636334
0.2594818562767266
0.39480730203124353
0.8673096207367306
1.8078277225323103
0.5641195556057357
0.9106707975247976
1.782110234792242
1.2178238957161334
0.16244102593930657
0.9946550272384606
0.5555958711225504
1.017606740528619
2.3137116579220756
0.5418361929487762
0.7388369526236733
0.06824695760169396
0.9745653947379689
2.608542840765809
0.3041256051841275
1.1234640098718534
0.47349300398578786
0.7039609908707805
1.3620792326989313
0.5121514847724309
2.0947073715742754
0.2914651602170773
1.0917767318060263
0.9274657252252528
0.6096421711510875
0.8265805351990412
1.4703840247719995
1.6592178242177118
0.2449493744737792
0.5474653204734043
2.4409645989536757
0.8688690037535558
0.7549368247660116
0.3351515415646056
0.9774845206913194
0.3454197666574496
1.9931821371643816
1.928182241854442
0.056539942097785546
0.675536054879739
1.480744218053898
0.6881364770962071
0.6579497450889915
1.152666462054294
1.7972575356991896
1.2816595714604968
0.2663493043364851
0.21201619228078744
0.31233916478558704
2.76224626030269
0.5209742484624255
1.064403769227291
0.5316907269863477
1.5003025030394366
0.2940247352243763
0.4854448702019951
2.1864001145553176
0.8410478961582128
0.62414544219451
2.012806652914112
0.29957831820847286
1.3865799599209263
0.19314715757446252
0.07674298306333412
2.7646261062278445
1.800717037294969
0.040393809919898556
0.3975537228961155
0.8605686591929523
3.105021276832906
0.17238732786799685
0.26796906579871693
1.934885104377779
1.6142180456183706
0.02021456459035226
1.8598850687053636
1.443248221899362
0.2038678152916186
0.8492190874996128
2.1716598379764167
0.027661964708779456
1.384668830232536
0.9593483568592545
1.0266388835714968
0.7476558997073794
0.7381005346569187
2.2092170379491174
0.9704010431363967
0.3228699608500074
0.14397029928321545
0.7586129916014847
1.7017156158868647
2.1178430669845985
0.3713928792717876
0.0978877931951332
0.7656056281188902
0.6770352216595635
1.8408316231327158
1.724242444635551
0.46601967644826703
0.09185100624293596
1.068989003756592
0.1347035611921969
3.3092571281853482
0.22271531276216858
0.21712908424009655
2.162867507584731
0.2715318754064299
1.1040826338502647
0.041916517318722216
2.694125162853006
0.39185204958803266
0.3467246237168425
2.8883671952544483
0.3084259113853294
0.7399165817062056
0.24958950157738471
1.15858611081938
2.4812471626028967
0.6035350062674888
0.3154705817474162
0.8014228283017422
1.939133474642647
0.9435792582653261
0.30116518925279834
1.765296323666568
1.7895280771930926
0.23298915756770627
0.5670984899139397
0.5122922233863678
2.321597955995371
0.18475234423584636
1.5995034107469477
1.1055324488185077
0.07844060781725389
0.702830002650086
1.5527086183151197
0.6348836653109385
2.116577193377988
0.04167610723339274
1.0182184601131763
0.3448188507756354
0.924088137354304
1.2557608095822608
1.608526545921439
1.029148601728422
0.4272923597047839
0.6745669711878269
0.019198191918223105
2.954387807189221
0.6559300061416349
0.5691731225192784
0.5543945691867959
1.5399099778483039
0.23046274020578983
2.237150352119201
0.9079558793221029
0.04312477560393248
1.9633196576046676
1.4311952792621585
0.1691569151910163
1.41812455013597
0.8238963242830132
0.630706705133912
2.729959697677639
0.26789039645556484
0.4310385620117568
0.3619258996023231
0.33220896075335443
2.8129651596655845
1.2098485914091337
0.31836664587432634
0.5840546646364249
0.3011604119700588
1.508864122294098
1.0660228175077175
1.3687465665692422
1.2771611917367633
0.2860240221947199
0.23971473414347988
3.4622805014514353
0.03723860411267328
0.6531668235298084
1.4375429120952417
1.1204747625430145
0.1654674368323274
2.060439806005369
0.5827261759025506
0.7156670022239233
1.592944581521701
1.4158000937277468
0.20950612113370523
1.2383499774447522
0.7582838772371273
0.5513052402142413
3.074033559980707
0.23284634301707896
0.11127966515218349
0.8745062044080333
2.6053056572032762
0.17883291100149518
1.150357451961886
1.8399577798712563
0.1480454990957704
0.9308129303436249
2.247024930413162
0.03276340781001034
1.6008899678393322
1.361335416288095
0.2989426294127455
0.19746806944784942
2.063340700869
0.5016014643320093
1.7047168080454211
1.3905802944942574
0.04296240161604065
0.16780137087308836
0.8503297925960671
1.9515052980155476
1.5925951427086373
0.3436745831608723
0.6559185364673232
0.4183460098737216
2.1438340673656326
1.3892524517583953
0.0336626881528567
1.421442449619868
0.09973398351303596
2.4289103883988568
0.7398012540863218
0.031052738213671594
2.4385328580130796
1.2411184706944076
0.030584711064242123
1.8843433120413517
0.7671012467566815
0.2933468913104149
1.9627054888985078
1.8305927068716648
0.09391449143984318
0.6702546897929267
0.2053206414182672
3.023469752246549
0.603073917456449
0.33280494506149244
0.9148526161355602
1.4995047918816191
0.6712315885749728
1.481473591129703
1.4501966725437256
0.326840328888061
0.030651777739936756
3.6649703580575568
0.07509847291168226
0.5083462365392327
2.153682243897869
0.9289574295605265
0.03966030339647569
1.7198145415945276
0.3223186987961514
2.2266277002315835
0.8557464516190924
0.02981701198646708
0.6528335064405333
1.2929383264963954
2.4927234328081105
0.486560094891699
0.0390159995611016
0.9907738777843483
2.3168363720462435
0.3068391605341223
1.2051064207533757
1.8513899564138432
0.15709363934488754
0.6895272960616116
2.1661246081273826
0.13960175567861224
1.864052106540542
0.6578590427358623
0.2355542077022896
2.0390203727956178
0.15767303372605793
1.2917228723553877
2.7367018183951606
0.07676142543925052
0.13524418329343882
0.4629122151418087
2.367346448368886
1.2848682686152715
0.5447331224357825
0.8994089289733165
0.13154791126044393
1.99716078801042
1.4105207583641788
0.3187718117710169
1.1359817397186893
0.3734417351422733
1.9526962051706873
0.23055453562813016
1.795022646390855
0.35703152288677137
0.41669790749931673
1.8382469651205982
0.09141315043128283
1.9317558319332884
1.7012197777959464
0.15355085656663478
0.3564685474004273
0.6032153912205354
2.857569511730822
0.45450899045604626
0.5921796514593407
1.2218420684660347
0.8508276408819755
0.7524680124801986
1.73072649141483
0.9029973695661644
0.4459502462217243
1.735469063631252
0.351585270706876
1.956069782031214
0.01223306466068998
0.6983876857695432
2.07639561633783
0.20018250628470316
1.0497010109494678
2.3060772326806487
0.8337931183973043
0.2569379296232855
0.18062235229227636
1.4950128878030815
2.535671836554042
0.33128919953355185
0.37098891986945903
0.9593400492654156
1.277330900203331
1.5493725514842718
0.7304757902604093
0.617946981717519
1.5820269289765714
0.4651663459559046
1.8189994134289476
0.36716477992364865
0.6109767218185606
1.5619643533811713
0.20161886004218915
1.5424907387467803
2.4288329083669535
0.09671276264909077
0.30702641145896975
0.041595866626255446
2.0710677840167926
1.4183463242690328
0.6532231987292046
0.7911730075145146
1.0319843652151246
1.6298321726469627
0.65172629092514
0.7975782743986217
1.4107138286181011
0.578770979989773
1.6440538858462492
0.8055067500827859
0.5048510352280223
1.310866760800908
0.5928182628256488
0.7716353446682015
1.5646186394487218
1.9410510755428954
0.21946866183001365
0.22809186291243147
0.0015748367219637367
2.868086251598993
0.7740943318264658
0.6785651487127307
0.8469934700452968
1.7129363000446827
0.561289294797192
0.9795929236958836
1.2175975413758067
0.6882762439851957
1.4523947513341728
1.2707997573810468
0.39388768620105236
0.7552761805688534
0.7870089426544608
0.9294179793240167
1.8097712633542697
1.4768908917043453
0.018425463445307624
0.38290515476325954
2.562969863910827
0.8470633811294503
0.7425696834433538
0.6549509715995305
1.7955843158518945
0.4607422787078333
1.1582010682889525
1.0055156028581176
0.7888313096735972
1.2520574952174985
1.7759874886124947
0.27943405126183946
0.2736821478208859
1.6945347567373565
0.4025770281408846
0.9470145486772373
2.7985019677485523
0.07339283807889777
0.39357090714814513
2.2965998674702917
0.9611187360618098
0.8089069694072616
0.46169427749169006
1.8739182145171502
0.35411042424597317
1.3268363383074646
0.7814855479003697
0.8790820196402694
1.0869417716839658
2.1576854484467436
0.04103866096913799
0.2049408366624622
0.9479877970988971
0.26166867420551504
3.141905830637926
0.15076855396635896
0.3977766588007879
2.0460213697075527
1.076372414080351
0.8763320613354729
0.2753515982840736
1.9430855120360084
0.24959884018867148
1.4778006178846774
0.5612406559601402
0.9964634189810271
0.9063837456905803
2.0168955361776675
0.5166130246426968
0.06073869288831112
0.7789752531685704
0.030271158527948757
3.3196610000554947
0.2249799706921798
0.43493431345653893
1.8266183640238314
1.1819105733371273
0.9432770116358601
0.1069261423584832
1.9970041623571424
0.16159810368476132
1.6018357367241636
0.37393315228442536
1.062104585614743
0.8163086309635169
1.9593747107601769
0.7269752708144455
0.03924528278201764
0.6035240888634346
3.2689806047150753
0.26585383033424836
0.4816160127759258
1.6535122993049625
1.259325236570887
0.985773235329479
0.02953357668346121
2.0020334303832583
0.11066645145270201
1.6966047238772126
0.2623219212689644
1.037917076642703
0.8653143623898207
2.047109807250199
0.564410987721853
0.10323204707607928
0.4610591756811619
3.22896707085582
0.3162602841011044
0.5250341156575732
1.5394738261388776
1.2867248222199128
0.977727052305065
0.11790043149812797
1.9235743783859383
0.12003099103190944
1.759642050052445
0.2667434522780243
0.909146914117552
1.0473041198252961
2.157143318919731
0.14403538693614612
0.24397037223192883
3.2020854812798434
0.34605460854006104
0.5644975710738913
1.458094659914385
1.2819184321827146
1.0080441012319763
0.14274848304042
1.859997106351854
0.20712387399169438
1.7391884383049043
0.39744169363121673
0.7648945037504041
1.429706840380145
1.8769496318843941
0.19090841099414152
0.18087430351175882
3.190935565051695
0.3476376138115876
0.5993118788676971
1.4184069327723035
1.2379326161298527
1.0861672783535212
0.0934187680848824
1.81414424843722
0.3737318433028428
1.6179166624192003
0.5183131405755743
0.5050670454485658
3.109199431695542
0.2098480847235426
0.11138909047050036
3.1978609966297236
0.3147395685193458
0.6287479196624692
1.4365799293103598
1.1409193226756107
1.1906883085896367
0.032905724341405915
1.7578606756161121
0.6058315003750713
1.3965382337163226
0.8470243808734708
0.1801918956184115
3.0781834743897014
0.25248573248615236
0.10730334702997064
3.2247078296584073
0.24412858868664675
0.6519957221375446
1.5590843261083083
0.9620073019336448
1.2028018212561526
0.2311750376988735
1.5599920382943826
0.9040379521957538
0.7220503370225516
0.9880185385819188
2.3928040317366173
0.23417136304619987
0.1399324191661858
3.272654113406549
0.13678114029907604
0.6681060469039356
1.7743920188890168
0.7373378557382104
1.1957719272465515
0.4911010004274763
1.3066790749182373
1.2893247988286642
0.4462129733256175
1.0390072137754005
2.4907081490283605
0.24030774000422508
0.21381535507612506
3.3393130457080815
0.0021019312253604074
0.6739219022763216
2.098671964084938
0.48358511446762587
1.1676088971570562
0.7855055707933484
0.7961624357990984
1.2490661619291754
0.9555351623446388
1.8703270291973382
0.24233594806445577
0.32246470159156987
3.1950075565137004
0.1642650978407162
0.5063763937966125
2.4475162813559552
0.22411463528915165
1.117269857546807
1.2508184361637205
0.5017803743604232
1.1972911241814168
1.1174647955124122
1.7468916136132309
0.23417553978176103
0.46773746360129964
3.02032645825905
0.34354516706293303
0.28120724981691214
2.8123453652123107
0.051653788145587465
0.7732183938177534
1.5838274023471965
0.9726768626390564
1.0268200722236693
1.6008115805345409
0.21511111831962673
0.6463904233681471
2.815101318283329
0.5543954490371046
0.0018502328259649464
2.9376702060043187
0.3539369687040325
0.4764984792724427
1.6568852479952507
0.9468566928269009
1.1517824178618397
1.43531159206309
0.1846541899510919
0.9093432404375287
2.3599747759872702
0.49407304903399957
0.292769810280871
1.7524549226323949
0.6865754740570458
1.2876447093445806
0.8187764391803405
1.2998555670585707
1.2540062026357668
0.14257231646312996
1.2435959174338234
1.924745459924741
0.4177568942239641
0.6595620026698567
1.5047596256101123
0.599180375360658
1.417838760047985
0.72321024418747
1.4707764368965914
1.0605631009724847
0.08890116023491651
1.6638449179868162
1.1446037480217206
0.2967368982796103
1.773705970015497
0.4688615190938879
1.3651399027277804
0.6123522422262094
1.664131014896783
0.8584506867390223
0.023938087060012544
2.191081900423521
0.9237176287306315
0.21192302479775263
1.918890837548481
0.36595806210854814
1.4368422862337888
0.4906166467596216
1.8602168027943968
0.5228071157392967
0.05055467867834714
2.224367552754467
0.11494278705892598
1.582299325288471
0.24805641566924636
1.5109620090460156
0.35295804372598205
2.058584187906589
0.27434712662807437
0.13733040887313297
2.302598060515161
0.006591621682326242
1.6593332108367487
0.11481793088490384
1.5872185432506605
0.18565843391020245
1.5335719228045739
0.22383586113923387
1.593725708142078
0.11140367049260448
1.641238144336267
0.03332547823852262
1.7383996399908574
0.011170771047527596
1.497015824842582
0.3346264026546025
1.539159926822664
0.23140530363796954
1.5725036476564238
0.1344265998153424
1.5892769906836823
1.4412130005930976
0.3046975137636377
1.4790213120436226
0.35147134427943705
1.5006987349037921
0.25350259168153644
1.5057647573054118
1.3869821877999495
0.3932935520593861
1.4134381370386273
0.34603584417910005
1.127902109837682
1.6644218481737083
1.0303391927733416
0.4562494640664261
1.3425585730247696
0.4442768219807572
1.0733852990312551
1.6644657248579156
0.9931423761904252
0.44096075172092264
0.9199803631319198
1.3749334194394902
1.36007187092625
0.8662928163677404
0.5204829483533957
0.8560106414389447
1.3944720998463151
1.1933946623278548
0.62969224446086
1.0885135745043764
1.2181179240452191
1.1113750798493203
0.579689621798558
0.9932972843051155
0.9982516708274799
1.3512944531379731
0.8431936282894389
0.8483168364022776
1.046513555522007
0.7296906769574741
