1.0326326933534773
1.0435134837783908
0.4514861686221187
1.31724539345622
1.472185903244217
0.5561712606516375
0.9470129122856591
0.6523069698630621
1.6660633465272767
0.6481611125084805
1.0892687124275622
0.7102041652077037
1.4831429567914431
0.6681344937931896
0.698470794005473
1.4633603051144672
0.6676658152812998
1.5462029229872791
0.7134438274706005
0.737401286868867
1.3886502732251016
0.6707855076689263
0.7127908957681635
2.005418049323502
0.6600551773247183
0.6633824115799907
1.5949620059911278
0.7009175152290522
0.7352590055305557
1.7410428678166945
0.7701678529399678
0.6898853044041923
0.7912593981423945
1.8312785614254932
0.6337621285819529
0.6433054414187537
1.9593564703973416
0.7335307630386566
0.680969955232501
0.815691725222915
1.6744292510481493
0.783283234799775
0.6330165015585204
0.7088368963702919
2.208419651670622
0.6909060272876602
0.5802816265093966
0.6830683006085213
2.0458413095866312
0.7217570881037403
0.590306028318907
0.701211430947438
2.2163243794593765
0.629101017123337
0.7354591563303662
0.6938474827759795
0.5378061896078696
2.4570136210632496
0.652678874446496
0.4805932569739562
0.573400559180723
2.589822700114498
0.5631347986740601
0.6522740194911498
0.6353593116435727
0.42806670336280006
2.751985654419856
0.5290928203996734
0.6240452648138849
0.5586410756346758
0.43834725697315613
2.998844901809403
0.4898632912598627
0.5561644994927598
0.48319101562755157
0.24625742040392926
3.3012071595648207
0.43557945954250793
0.507509312644452
0.4642470658628688
0.33495010875513
3.4250187961095047
0.3240638081089956
0.4389978756550549
1.3361945903839412
0.27881425396781234
0.1780914993792465
3.8053036647893603
0.33563283106446146
0.3821760532174592
0.2995068162695672
0.2541963582294002
3.8875330877289613
0.23331868904164077
0.33006845879608526
0.8944161660352115
0.13568752047137433
0.3070736070946519
4.198606281923482
0.11547847711032894
0.2395389838303981
1.0073432788444427
0.17164994320334537
0.3036659847981028
4.366138865341756
0.04094815208615131
0.10219524250853393
1.071204924088781
0.20407725414811298
0.30083111028185383
4.344782884097326
0.06335174866693602
0.07926602825455255
0.7813460854916836
0.23034863344723833
0.30381712724119736
3.804109876083498
0.5514498579332721
0.15197886769365584
0.666702103855333
0.33691287509059575
0.15849954201507402
0.2951810638453704
3.909327516848948
0.45264332960977705
0.2130624154345159
0.6797906112695636
0.1567332295812013
0.275843496594776
3.295655352677541
0.859195025930528
0.42489930095276246
0.7014765283971264
0.8850589808059508
0.13416139505354305
0.16295172701304234
3.5140289563230414
0.7559408024523898
0.4094999516460919
0.7994880676063628
0.9240758398040921
0.27037911191530706
0.09344382376237567
2.649245612614545
1.2268407292268577
0.697150937040452
0.7608375087406061
0.8994555613370818
0.32689287160769986
0.12500738979710008
2.8045341198658402
1.0761750318083243
0.6348102592216974
0.8292266325607129
0.9031683078034991
0.45887459274851217
0.3249836998899062
1.4867645163032086
1.6179131624881895
1.0189312841401148
0.8197985520804573
0.8793884135011761
0.8316116095559061
0.449718593261762
0.5699672951560047
1.4867016745015378
1.495361810195894
0.9804292239062897
0.8504402038863158
0.8949019225627373
0.9712458442888058
0.5425592289634806
0.0373078079373132
2.067664711579817
1.3904875795420946
0.8659350363294818
0.8780290776145697
0.8517987307011151
0.9307145056028188
0.8006226113960885
0.06666525616394561
1.974819753936748
1.479832241578864
0.9705928955730745
0.3700677411473918
0.8352681018714463
1.0999213819155746
1.1218800347503253
1.0257632787143927
0.04668192861515442
1.861298739974812
1.368976234595187
0.9972379934624637
0.840934591986614
0.23496229703408794
1.049872309096638
0.8552312278176691
1.021776176908538
1.890103991238471
0.40792247316506486
0.9157093384394372
1.5238145919155135
1.1667147932999027
0.26887078625474575
0.8220676727410815
1.088007619811317
0.8997095770512339
1.7895374671355444
0.7722831375829017
0.5505545812059043
1.4057814823657324
1.29124809741586
0.606719184032331
0.6679519135854838
2.1139960884842917
0.18748582885647308
0.5805499963908022
2.2887303195842295
1.2563502523632921
0.15274285591472453
1.3249491589791025
1.4579005478707194
0.7429958608694764
0.5122948849191172
1.718723474671343
0.2255981878490356
1.661239336582488
1.52895729832826
0.25449918905352226
1.2557433591524843
0.51269951157037
1.1816114518723473
1.0058666820598565
0.6610807288653238
1.7502351481103746
0.17376007768567775
1.4328824689799742
1.6065919357205347
0.5949177871959551
0.8139075748256546
1.1221467383242176
0.7756888934022265
0.9663414409481238
0.9726400516468693
1.5734699175663454
0.7727309372046308
0.7738279453846186
0.5253255472624156
1.8390485016481501
0.9991007798523268
0.5328139713123379
1.7227368698120293
0.3184661621148319
0.6488685944301668
2.185008404898296
1.0878565994177973
0.6847169873454425
0.03400959815420827
1.9620717263488858
1.2169184502499826
0.4141660427669027
2.341758618757436
0.3962342612656053
0.08749147978124237
0.4257521965767303
2.4531746001423365
1.4262129308140221
0.34836247729232717
0.6644860176570041
1.3311389717119337
1.2445777753292904
0.4814793155914708
2.3154143576195056
0.5774950193825751
0.005005583457997574
0.16325360220346585
2.516335017087616
1.8199146531168024
0.0813647406239375
1.1563078179453488
0.7500198118383032
0.6114174186220503
1.3928991478137656
0.7582760115222549
2.0287198926068433
0.1378365010699145
0.4799337428583626
1.7280910474149218
1.917810021139095
0.13183942973196752
1.1709611291702529
1.3990457104979361
0.01901046303617395
1.3523545359242792
1.2430779675694765
1.6911017049183508
0.4445102240780407
0.3476019565057012
0.8706008646803302
1.016237129571967
2.0125971036088552
0.2587031346409741
1.3031269857221541
1.1498561800210743
0.3542568870026499
0.8731373884324372
1.9051344417950042
1.138400336067463
0.48543293471088933
0.8669720250919302
1.1713106916323301
0.22340402343263283
2.3935543002312047
0.30860965458473194
0.9663451374039169
1.3344655363692783
0.8503250798077076
0.5647747980152819
0.26931121097595223
2.7223262591462127
0.8218344169100541
0.4704324711322287
1.0448735918879435
0.5373044376485324
2.326408102784143
0.15356407319862045
0.7411906364518813
2.6107642465602314
0.5082040329916719
0.2877106448574132
0.45715539982839304
2.5907567861912626
0.6528718471800746
0.9708885003037289
0.20954234344696976
0.9639982348297305
1.3205209412207564
1.8468619972811247
0.09727906745563805
0.867889922786646
3.046511944624708
0.10139945993954816
0.3128656242141785
1.0266616629978231
1.9836670815790385
0.20816146274446082
1.7695255344429983
0.6044005864482889
0.43589043339844463
1.7807452612092207
1.5817252157224173
0.646917839532823
0.035476013280640505
1.2969707994091715
1.9127381948569835
0.43308677560764464
1.2317908882683444
1.323533554546661
0.1848616066740066
1.9191154606860954
1.1915035308776192
0.11975290789368508
2.296314937399202
0.8346437043345889
0.06392159977200702
1.461101052019372
1.415897504173782
0.835643357743118
0.8107578459829721
1.866799237418933
0.7647795125155877
0.3127809946900474
0.5853869301245326
1.6644395124223752
1.4561143302627362
0.5817587063066612
1.6210605723665301
0.36247824357807
0.07791097554757333
2.52136833195922
1.581938964295485
0.06334069645793583
1.1379735466741419
1.3996497374786638
1.136677126526039
0.5501830008198878
0.8455077109442438
0.8858796175935965
2.0383328654506583
0.842897266629024
0.5856064476839133
0.7816545669955077
0.10421795428588612
0.6272916881446253
3.12372740674478
0.7393685064686919
0.24086799143285084
0.7685793389215776
2.1472157894726926
0.27089139438928744
1.2175347320913161
0.14226839759156132
2.0841477382841127
0.896153802909925
0.8409990203700096
0.5946846526630596
0.1856636901551671
1.0638514450949854
2.630157307780633
0.9411770362392632
0.06107076811924688
0.5643062632317676
1.0794947241801423
2.191031740890687
0.16332171325977257
1.1482760802730094
0.7583679332345611
0.897080672572943
2.5454384383560895
0.3270748555229969
0.06837056590156725
0.7889626347633287
1.5225975196344907
1.7394272376613586
0.5736118239997123
0.7805148666628599
0.25338555119072326
1.9895027313219216
1.7116968630410274
0.24666270228194304
0.6443603251949896
1.3941764309358537
0.9265925711887116
0.8181949115997844
1.9066342104202403
0.053109498438978935
1.2993335598026299
1.1871178526781
0.5402051219505841
1.9317778530083876
0.393123092390653
0.5040658501827056
2.4561991607396902
1.4032177664925953
0.004518469820950429
0.6524346604814664
0.22731751194849553
0.8491344317966395
3.128697788876767
0.5290951170501461
0.05792137632848436
2.0989763241727677
1.0240161038475954
0.8084038754946941
0.27769593573571905
2.192435502270134
0.09070907928851703
1.0502597758807712
2.085567352952481
0.35522642230916035
1.3548642667326822
0.06128825399493389
0.8705331653553183
0.15395460534717897
3.3555505732909316
0.4389860358946074
0.12425393150098196
0.1934761278713394
1.2999827855476553
1.39886045626881
1.4470170598772056
0.6120700199880438
0.7836680484771348
0.8605029230098598
1.6240131384139918
1.2052473259687282
0.11686968823407992
1.5004111417600554
0.33711950136473395
0.96677485159524
2.1620593149435527
0.7676317760383752
0.7792342191326694
0.2520729345241344
1.0449468730892268
1.3253431759500784
1.6503435742301509
0.9184756513158132
0.20001227621237497
0.7534903938332117
0.1603376995280861
2.1265768601194317
0.6477055371197603
1.287171786639633
0.5989476121102778
0.7047906253636749
1.6060885554792808
1.5468866952250626
0.1103426049698116
1.3662995015892525
0.20131152568563546
1.4174888085429553
1.5148581810494959
0.7066568624129447
0.6968160947417086
1.1281673056556867
1.6755597108991434
0.291426604893588
1.2765625035002461
0.6127793322427857
1.666692942148251
1.0754417817051014
0.3056370536048811
0.08832753442064929
1.8536815733627126
1.2534383662741264
1.1401777534984854
0.7727569466932923
0.9875285616237678
0.5532814670443221
1.294710593182798
1.756169695984494
0.13637275345589578
0.5591863407543989
3.43583328147547
0.2239222559873908
0.4086757624696816
2.4680316157098
0.5491595173587749
0.17859536366824505
0.7445637659346929
2.3791573721445847
0.5246362473572812
1.0641543753657405
1.1727462373940427
1.318627307340818
0.03776918423599505
0.38537231360748886
2.247686260051588
0.9664827010161232
0.3099308100560161
2.1588833889915118
0.7133652853819036
0.9023442899871646
1.1951993523587539
0.47453246424863726
1.542722420540373
0.26693864745545337
0.2984255474027117
3.7817156894751296
0.0684695295783699
0.30328536122811545
0.715989521503106
2.8835174940926325
0.2825942146376419
0.5602397001598363
1.6870841319158194
1.1877835767177904
0.3082190538678059
1.3158665269564167
0.6640152954706705
1.3385525341326632
1.026513932586974
1.1105759158030057
1.2403164061048777
0.46355023702505926
0.8523343933282002
0.5315638271346597
2.0241420364539295
0.13850157479719388
1.3038820636819244
0.6151636692300898
1.2601884157091954
1.2613397988830355
1.4696613699257957
0.18170067398851017
0.16474838409596826
1.458717487424105
1.2965791485114109
1.1377823167587828
0.7955561602045781
1.585085999920579
0.8831578877502837
0.14127348088088626
0.9677691994300137
1.2949464203836525
1.2878533462988304
0.7335095593682466
0.30946799959935073
3.16046728272023
0.21645941928417692
0.22902508785881032
2.6376436756294264
0.5908924882373099
0.5582193931143707
1.39290458732384
0.7282470954529737
1.3899942173442146
1.3750521157171567
0.43571541718878515
0.6513845111722211
1.9621089817884914
0.3732990895440442
1.0923786339919108
1.9600578142496758
0.22469035102810253
1.1005217561705851
0.5536733782499781
1.6503097855453808
0.31107224223474994
1.2719568351255408
0.7915411384102907
0.9602456031690438
0.8363478474606768
1.6253677593360472
1.3261198427118495
0.04272466252687404
1.9940305229378716
0.3016536085772511
0.27698883541790337
3.253660891483029
0.1750370538123478
0.5834168985446254
1.2487756820172435
1.134361309109904
1.2451230773944004
1.1688742092560884
0.5289005515423526
0.45239569469719054
2.0397609961985617
0.6273998485485074
0.9025104003088503
1.0740766387904135
1.4752332209619954
0.4032327861294329
1.2082523264465106
1.7165862764751836
0.04609876249942214
1.1517822521676122
0.514319134043743
1.8917214391837505
1.30287840090745
0.3373917494243562
0.5561030595778657
0.3879666167845701
2.937204464615232
0.4978623982204365
0.6211594202817615
0.023767110209855575
1.926674832376974
0.013936570531933248
2.1226649136133497
0.45335167544534183
0.40685664221586537
0.7115008499203748
1.877642356945329
1.4536684044675279
0.7254374260583619
0.36283051215006357
1.2113929063523265
1.4368508868432774
0.5927450668341617
0.179106963570981
1.924460651993445
0.24020636794711614
1.097585956734376
2.3359584484139377
0.7644103012886404
0.5022836120706464
0.48388558096636675
0.16258584101499238
1.2697120590682998
2.13446407949832
0.5579925795519091
0.7604439051485977
0.45861040029537925
1.3770821622860565
2.1919988063242495
0.22434671153705782
0.8871212474227964
0.8480667552887393
1.4675800123436922
0.25972225785764275
0.7241805840270185
0.7690205797540752
2.6685188045256854
0.146949515882316
0.7780489019796217
1.9633982764968747
0.06016353834060556
1.4587181534623084
1.511868479055282
0.02956811815216227
1.7484051032314922
0.7846382308756986
0.9211351165649327
0.8265626812278042
0.4379642417676373
2.217706610901015
1.3889551306647043
0.21287149363192204
1.3108282965741553
0.3764074580835393
0.6079341695162719
0.5848950375502427
1.2794590617193877
1.442786430680067
0.3631212653683619
1.5203213544670147
1.4863297735182062
0.6032826977007103
0.87077330330507
1.4655627545115177
1.1344913639306367
0.28067489359966313
0.4271303076175834
1.4452205381997587
0.5058344428156097
0.6778851649849977
0.456368881825123
2.3106408826764575
1.3220488590109125
0.5593042141262122
0.29315014992234245
1.852136884836636
0.678485632392472
0.12393269538993827
0.7242773705383444
1.3240227625140106
1.3551939343569415
0.3895150926270557
2.2041254981095535
0.6798927134212425
0.5577788421046466
0.4664252698954421
0.9646978973957759
2.0259389232304437
0.27549914262721703
0.5735163680061992
0.24860314325137028
2.1098786785002024
1.509747152628889
0.7112442153630255
0.4484025121304323
0.5862552608611296
2.6807409525640944
0.8813089125946594
0.06739286620897686
0.827691980146234
1.386933695939652
0.2228712209126452
1.380831130410615
0.7592102211055067
1.580264621481995
1.4822270673625626
0.3614586982285018
0.7799583422097842
0.4760605695567387
2.066632538434242
0.1309154540020247
0.3174929462003681
0.5182049326454458
2.639630126655951
0.9620869839887063
0.3007853176038592
1.0448695437326767
0.8310182428746942
2.522757406028272
0.2858046746613198
0.20178302050735228
0.9813813434272914
0.356753669039136
1.8420123838425058
1.5664428098789658
0.2367624445444829
0.1937858920972965
2.4319584837975117
1.6571422293502909
0.46882585190210874
0.4611292265368265
1.0382276381075088
1.6516828393039502
0.22828166076444362
0.24640102567225275
1.76085810007747
0.17144206886304145
2.014187282243033
0.2561202857716469
1.196823522307801
1.2814352228333115
0.900039442583928
1.4416203549728848
0.4288817005451046
0.45351712862430377
1.724489661852341
0.687388516771599
0.18985540565223505
0.9053024154384255
2.6148449166851546
0.5543491046034985
0.8532503570444505
0.3088194453043077
1.4833587269581288
1.687984131357928
0.3352169058764711
0.7471787948719029
0.502666825202239
1.4345034193101822
1.6329569354837308
0.13026801745580865
1.450958177375346
1.4156522959366569
0.498525011863709
1.6158450211537845
1.0922596400122762
0.7550679431851464
0.10597804600835171
0.5119321125800194
2.0458504340261614
0.8687609210749855
0.817365947764226
0.6968591673560013
1.9341876279159007
0.5356580689463125
0.5665105703077685
2.0539326506938096
1.3453691326708028
0.25504246063709307
0.9984638943489322
1.4792240654337194
0.0024411454673006687
1.7790307381096377
0.5365954634473068
0.44088919942787413
1.897819975073829
0.8317594250296795
1.043264001137325
1.1423017234153847
1.174154861050524
0.9502340425275667
0.40076178702641224
0.5122880242391242
1.8975692175722276
0.8263377749848854
1.0520654861046872
0.6829095632930431
1.0372503487758735
0.49822490705307393
1.8862724834855742
1.3045804339794995
0.20199514560054815
1.6854044222235227
0.7102393663134898
0.9872813082070278
1.0156687418192027
0.2377887716776638
0.7590360865618155
0.5771220528518461
2.245136189785796
1.1852398436789557
0.5127666409823384
0.6012782280681112
0.6577773806521827
1.5105871703934033
1.1365372958605726
0.9103434277908982
0.713947562219283
1.5275440995451792
0.5066724424974173
1.6279273762769912
0.2087429033288954
0.5845216000335149
1.9640940561216187
1.4803877012974136
0.04450738354575336
2.036348651416781
0.6503708394726244
0.2937422902765324
1.1215464940785063
1.858375972099763
1.2002641025159022
0.32314652352980294
0.36331293164914974
2.272318384446735
1.138695453366219
0.45446735521437637
0.49787681392349464
2.0489968425724916
0.4529723936279409
1.663881958607505
0.3622664961002446
0.9911673947294477
0.310080955894267
0.8478619175139106
1.2207918736787122
1.2786512215700554
0.6690203339902335
1.0518874762772321
1.6870696317036082
0.06432282106547377
2.082063267800313
0.7524304423734065
0.1322739143936732
1.5722423874540274
0.3395162509071175
1.941152563387035
1.4561411762513294
0.2835206143965854
0.06659421909324631
1.8866642732709566
0.6543393183773307
0.884473191160975
2.009869012173932
0.8008464705190746
0.37940087834907804
1.3724839726478308
1.0693820124840905
1.001608096355865
0.8620441130481985
1.705788737002024
0.4942819729992938
0.22128044049548307
2.0719007525109965
1.3388323549014522
0.6922047228447331
0.06348064994570338
2.0484013994425974
1.5011926692469186
0.5230484914771706
0.5610868934034049
1.3791207877449472
1.7292608019103242
0.7414967301126172
0.38961557490811505
1.3270981577099734
1.43658888747629
0.3917156701636594
0.15353998256831344
3.219674338613907
0.5607806692153514
0.36249896856019403
0.3522897932895193
3.344789241864772
0.3796110564508713
0.34572190804348996
1.8307788355204715
0.22392489783812977
1.1915292451442994
0.1509045703943032
1.3045409739881526
1.2162352534427614
0.6849477755862492
2.199927999509768
0.43938992254246456
0.5924908191190235
0.35174198775872695
0.8099473928780073
0.22815009547280773
2.4783244893996788
1.2525352155845892
0.2699620775387548
1.0775090303751316
1.9449444809333065
0.1702433948031683
0.6352723377244242
3.3970218951766706
0.18143017817061138
0.14651205991279562
1.1987687225856736
2.62016787018531
0.6679705178276678
0.4679534715899479
0.6282793768182385
0.38474864277091514
0.6773633759480611
1.4887090020074722
1.9756467170306433
0.23303066329775485
0.5893142357178869
1.676691982611728
1.5127343343610662
0.8796346930324989
0.29919470744780885
0.5853633251155513
1.3665793268989923
2.2265410666191343
0.4431023080388429
0.6404441059144347
0.33882577475514586
0.21682804909779974
1.2644309932775069
1.3830796045922735
0.784741867434998
1.277524436843822
0.3407704360345052
1.5554653076331602
2.1165130274993724
0.21004920846917724
0.3306932578063731
2.383354299994206
0.9231391453813026
0.11206370340988034
2.1962707943382376
1.1016688836312816
0.40166149786812166
0.4876127658712849
1.079138450296704
2.558180883141858
0.16475137362141742
0.8115325839580763
0.7811472119578653
1.500286501165694
0.2829033035039042
1.6250518095810786
0.16821854012555956
1.88283876842449
0.17734277998877843
0.6936393484150926
1.0472674429575242
2.1982076156983186
0.5284566907397266
0.6310010360145792
0.6815818521942524
0.48181355994758346
2.052658042909221
0.7725088539193609
0.4918819197354386
2.2647580615969796
0.36731658363915026
1.2356289889230083
0.6079388084347913
0.6898507070287474
0.06610898035364915
0.8889273354164743
1.2544045498458223
1.9472918352536548
0.28771090202478516
0.9751840152794198
1.3886881432673825
0.7712732242610153
1.3225024888127062
0.91663946406567
0.3771970259817853
1.3537620568930822
1.905632459113759
0.6576746044627781
0.24744799262865763
0.9342877450198814
1.8135232486066142
1.2547164167009632
0.07322748717281549
1.4344141870391778
1.5446247958079125
1.1906711374890186
0.148604669819265
1.003516564508933
1.0274363892665201
1.6200777808239086
0.6562173418057912
0.9135143008246599
0.5910434001579528
1.105020244143314
1.8720140525648457
0.5010614665429314
0.5645936768239842
1.5267438412431078
0.8575144525946148
1.9216186534317001
0.23235254520289206
0.35936360280398844
0.5922615294666905
1.2156622893961653
1.7442251469069319
0.4787508366869506
0.9750938751613127
1.5430153311610815
0.8539847946311071
0.6087915756307033
1.5489114853587713
1.20855029562093
0.7191404723266199
0.18050037401615246
2.2548035833883735
0.10629883964637894
0.6635112502305894
3.4618262179437704
0.2518647506541307
0.37889219430031823
0.5614302596574611
1.2392650417352937
1.4252830241013235
1.1351937720293759
0.5619498463893033
0.28179448768797033
0.5205854378200242
3.014676377364503
0.5344116325262007
0.6246755238771758
1.5752718250291773
0.7516334454138927
0.15380330570249934
1.1093830871425059
0.1525181524360305
2.0275986541286404
0.7501920893271041
0.9899095583448801
1.438959923960571
0.44361764247513624
1.651133765281846
0.21008606108793668
1.008721734560314
1.405657933331941
0.2983309178841429
0.6808021377974804
1.821045967066897
1.8549045093430687
0.5226877006737715
0.1370945802747066
0.35205129388877215
0.9693446873890667
1.3808733040011019
1.2661895293315488
0.568049947843981
1.4982293148295807
1.0141220262613766
0.7082103825875677
1.0661067751032987
0.4659147236793924
1.6722757554210261
1.496169588254025
0.1768538793619008
1.0149806561869912
0.6255109628188142
2.382855598203987
0.23332030066182027
0.6907236464507719
2.087628912901115
0.297731210122949
1.2260969327323228
0.7064072539862968
1.3352572388800452
0.31759105808935706
0.5894723598340312
0.7547393724011122
1.7548375270034462
1.6325978542760873
0.5816562943808252
0.5694552152621228
0.6030685539054079
1.0013602834152355
0.622208488963857
1.2067097534832292
1.917292765349334
0.4542670366667135
0.24502050325690802
2.0299626340134034
2.2889839761449853
0.015282485075681158
0.4187269311019035
1.4575351066343691
1.2434029843598455
1.1867901331777608
0.1036554760551015
0.42476175955517115
3.812145998459463
0.02713736997147096
0.5764801950576489
0.8748319029089853
0.6542642710124252
2.4721142711218542
0.8528838412605648
0.03367792081547778
1.223411568792265
0.5693213553905008
0.3329978322064376
2.7663624705063605
1.3809935340904445
0.028204308279207876
0.6321550356287565
2.209324822085247
0.5834012300814058
0.8407013767506823
0.64500301225723
1.1032594194263452
2.601797097352627
0.09943517544179298
0.29324649141217507
3.1676222222203996
0.6875360751474453
0.13586442682673225
1.2820963181240517
0.818262529330732
1.1616448694243409
1.7417672315642094
0.9518803333577877
0.47277651242260177
0.13848818549214778
1.5576600145394839
2.426720209320687
0.1557945065931407
0.18381185464196417
3.0211959774331594
1.019743955336143
0.24980858225833916
1.0055392402113654
2.4884302595849674
0.5226104483197924
0.2601049232239046
0.8725833256540135
0.30988879710154804
2.4956275687219454
0.7600728655160944
0.9357579936399586
0.13405661395246374
0.6023450850691309
1.905490845750604
0.5071145825198526
1.935039324945921
0.3057797996345034
0.3321831183386935
3.0793260868523533
0.42659398765438866
0.240662784252241
2.846586817940364
0.4790406821832485
0.2549566094288036
1.1974183656029531
1.8133702845410533
1.3056891637278067
0.4527788275292222
0.8603487537803035
1.163705962466955
0.16109917660111803
0.30293172630612253
0.8183807161938754
2.0326872472432287
1.5358625763546663
0.44501421406990904
0.4741376279502183
0.7088715091274047
0.19648039673249637
3.4885221426250004
0.3158445981224712
0.24057418930203311
0.9950482740934548
1.0668291574719357
1.484233562917591
0.09030574569517238
1.9784297307965812
0.2528652690661698
1.2118439765142386
1.9240968536165042
0.1977585886170945
0.587674967205265
1.8728099473087867
1.1545856322870798
0.8068508577006649
0.528969187108003
1.7033585079715678
0.49803390755143245
1.1125859003702654
1.267467008725012
0.9013616181201588
0.1729025282789486
1.7096637777603816
2.2295331003402152
0.3210650225489431
0.575657855321472
1.16686929562122
0.09476224715046146
0.1945566931968018
0.9510391994968461
1.3077031995951462
1.3312803159481081
0.7846111008791644
1.690704516706795
0.6790302244556236
0.1432600895395436
1.440159449644651
2.6782433126174516
0.12407463491889349
0.14117739042012636
0.7120442611591867
2.624257611584
1.1556203737676782
0.12805513435121033
1.6737401823276012
0.7312801825984871
0.42442993967857806
1.7198553261049256
0.8701375334025039
0.16371838152806598
1.9099601836336524
0.5848722159778171
1.6630510888565273
0.17967540950966318
1.1928535553218556
1.8525917905120528
0.5262341984556186
0.2016119439134424
0.7026855233960179
1.4934294806676767
1.8138835743741153
0.8167796596509544
0.4025204316438815
1.3987298446287488
0.08974998863151454
1.0580214909687837
1.7614822591567003
0.07035605785630925
2.3611049043677848
0.385594541561938
0.514252153594979
0.4346787162734534
1.16200884012145
2.123589767887944
1.1239096631404557
0.12378847754019008
0.5243566878758895
2.301727007995113
0.8787811601017075
0.5201642805916028
2.1233610534644174
0.5264113428373014
0.1982072487498086
1.7981527196381315
0.03662358838941272
1.2128551383846917
2.9869468140938276
0.37522603240649505
0.04283821155264406
1.2435027711081919
2.6580341178898954
0.23915422810579173
0.7647555672370441
1.2583783150241732
1.222486809136358
0.13970443803259425
0.6835997033471032
2.3752674019395075
1.258344384008291
0.41640844320768233
1.0246890079943078
0.4134746673989959
1.2491081424474348
0.9550298262445615
1.0036235633634254
0.1427473962952878
0.9094102724977363
1.847217590776283
0.3533812283352677
1.6848306319359017
1.1615636088604822
0.4246053836288944
1.8943521110091297
0.4054935414576691
0.25430868657733724
1.7894042431634682
0.28872749464975705
0.6833718375744245
2.8750874859346403
0.5502861269552277
0.5516890637617695
0.6454316808452322
0.9254020407425186
0.4447079667046369
2.4212687886090394
0.40262010593903086
0.8998866924013327
0.5021654138409054
1.9443043662315498
0.5879714112068659
0.7889134684891791
0.08932369710363756
0.946863393793882
0.18467593783029823
3.0570638744242387
0.484648581991206
0.5396880320723106
1.1265025623703395
0.5135227401345888
1.0517402000072613
1.2037478641348933
0.14947128427800632
0.2699151656813585
0.5662545042523666
3.8653863292124524
0.08844399496238937
0.14317456839818654
2.1676600653388545
0.08151825354715225
2.3320487061790605
0.5608873975535341
0.2696314430756705
0.5252678951106323
0.8842450549598297
0.7973362416998848
0.3511505363551138
3.0620987625246703
0.028139134200855957
0.8577220568975281
0.13814717586901967
1.3527262449597808
2.1208907969843684
0.4380909783623884
0.9437389398286243
0.5430456255919582
0.5970136356865232
0.06567671361192837
3.0745434205505693
0.4077673763931948
0.8312155206163604
0.9275195207192397
0.9872876771442748
0.2997422920515288
0.9850656928693435
2.093341526745243
0.9393229600385934
0.8985926991611597
0.08037430715511103
1.364105146906742
1.3292843461831907
0.7925920605133779
0.35444631858684505
0.1898451736755102
1.5573319480894001
1.179513775748251
1.9317265329816085
0.3215323792616174
0.16851331089624214
0.26985914780309866
2.367885293946719
1.6362547428254346
0.16001659124229564
0.5733559481889048
0.41545471024992486
3.2829523689380036
0.3352122597131884
0.3085293777972858
1.8891696307091332
0.09084395801453962
1.4803206532338347
1.4720856365968291
0.2638057953986672
1.3834150578997562
0.8054641480743587
1.0283442712899329
1.9172500089041902
0.5073213527567292
0.6562700560100642
0.7708892378299851
0.7271750413163925
0.5759105416775843
2.4546712900214045
0.4542080642830829
0.6736374734529147
2.017023801061933
0.8139061887376909
0.7248627748343385
0.3233088926440284
0.8409001889084267
0.7632943032516156
0.9745666811453056
1.5719886002224461
0.9039370197949393
0.9083985800146664
0.7963463118718309
1.4493407242175307
0.6467662396811287
0.9456206730269116
2.4501700515323517
0.22756585674431423
0.04016542056175026
1.0517756477932727
0.23483862735373048
2.6400867055071116
0.8223300019770406
0.42600753031004274
1.6225717511218745
1.1426864864377295
0.5743760792401942
0.30821186185245975
0.07673420487088935
2.9374974134530656
0.986783553072354
0.3037929519036073
1.3677369113727578
2.057168697624495
0.0958293314050556
0.9348324678316802
1.312197914317144
1.3369346481572044
0.29365799754624355
0.34653885464835193
2.2351708437888345
1.7743912095981902
0.26890238615281253
0.7421835386658525
1.3545583441281543
0.4692325265904791
0.5428373353443916
1.000569963457473
1.2446264785601273
1.063972724423786
0.8302355494352807
1.1934730543220207
1.5820639714274214
0.2688119155511577
0.9864374974368308
0.5254545029972408
2.2257991539649606
0.24387693177071673
1.2255121384993888
0.32640233479882663
0.5884105843358306
0.8276299212600227
2.161268368550083
0.701454162478191
0.9807932356106454
0.12587737159523046
1.37941002984392
2.3631584636848144
0.34040046626748915
0.4180117022679408
0.38839306693144815
0.8717225996002661
2.6038076062884077
0.4352517712857924
1.019219655026666
0.6191620912702183
0.46887466190058513
0.2852732392601206
0.8433303053917847
0.8717918829926491
1.5239123631849494
1.8048096330659806
0.2576975180223504
1.062936395537351
0.21342871488154475
0.7210607991205088
1.5000967873716664
2.1431611712293046
0.007602758946520134
0.3476823701021017
0.26662559362394717
2.0555592712497193
1.4022711053982968
1.0255155246497665
0.22480795917589314
0.926909205636863
2.84177898968372
0.1188148699813806
0.2101266834377427
1.1929826528244596
0.21502066907933107
2.969421592896758
0.17245251325624633
0.66307788686319
0.6212146072188031
1.2983429784855978
1.4280239157276344
0.2848681963926935
1.163493967716823
1.7440549950121298
1.243101814192662
0.040507995940131984
0.6310521899778866
3.6607182456470047
0.18036243910389507
0.2639359297266902
2.1377517844744247
0.9663086581459049
0.5580800670012394
0.33566168524285794
0.5921222666349713
3.3428920847880748
0.5431409455358268
0.1435190663036107
1.644468999162987
1.4195848273638958
0.40822315116750796
0.4038590965142831
1.0838016130601384
1.247928095714551
0.1109868585965734
2.331042846618508
0.25347761087129617
1.1912191868885764
1.7863582157665405
0.34531375541651077
0.5012096272242164
2.8981376473564135
0.17704696623471958
0.5398862554294399
0.9082477077601223
0.24242050045773386
3.1955974820341777
0.7711939588962073
0.032804624654741835
0.11926394235382978
1.6781965067392752
0.36579741549989125
1.409646893458659
2.0106063905382032
0.33667987058990567
0.7753187103610781
0.6739073207899069
2.187489665679932
0.6861312099385268
0.423331910105974
0.6091238650638081
2.2486807185465962
0.6483728622837002
0.666201674559305
0.5174969455569359
1.0172106181040221
2.1115872302384595
1.2000103429381046
0.2585942546466579
0.3649487510573158
1.5001228722749034
1.9680074741619142
0.1602899741278508
0.7839685881747972
0.7455028299786431
0.3157454864972222
2.6247996829807034
1.2274742070195694
0.3023470666770697
0.49565547576892727
1.0011393486904319
1.072216129033803
1.6936297568680156
0.3152826090004293
1.6129418512430327
0.4393368217463953
0.4380884969596703
1.8811053561087705
1.6311644349866008
0.6484508915126654
0.00033011819469066063
1.8877005773824365
1.0477313758622917
0.666556743802809
1.8368272905677556
0.6420737134786338
0.600099200214546
0.7576456302055843
1.1123592445693398
1.9365447888134557
0.2599220806591321
0.9944353102897947
1.9633352216319002
0.4784421503602613
0.9909323398184346
0.42068046421289973
0.10168683086100423
3.5046051546966166
0.3142122942506511
0.5932894259332169
1.5259730929006279
0.2837746553321037
0.9703881855389823
1.4332219899876792
1.3895333996747263
0.9594836556686124
0.27944830906051227
0.1514938536019037
3.1384679940718025
0.4358882288354798
0.6054363389665163
1.7154126320179952
0.6229017124951644
1.2429524460335875
0.8468000781794528
0.7034612193279256
1.8930613632604825
0.5903059514602568
0.22856509963277424
1.671572553721823
2.0746794895485907
0.4935673890472214
0.35110575486641693
1.4605027055391955
0.6341933066196386
1.4741421204949243
1.2748579512828588
0.2560314829082991
1.1639140227520979
0.3447270937385852
2.8783040436636997
0.026938690663029764
0.23573985939471204
1.4034540527527801
2.1951794677771854
0.8548755247524457
0.3900272487704011
0.16591750889492352
0.4523086760244126
3.1515499117737984
0.0730463304143803
1.3435296578496625
0.009685753302885774
0.40280110339407443
1.1572332669778984
1.4082661766864177
0.9455109921504351
0.6610559108032638
2.5263298840519606
0.06373732076123666
0.314725257337229
1.1808409892934666
0.9470506087404749
1.2867400432910363
1.8620365221614779
0.22462129298779565
0.9828025927667062
0.6752353627510276
0.3789519263200007
0.9660138771225021
0.5939310942629087
2.1398960474625
1.2657269478086846
0.3424240963325011
1.0478013902896244
0.44539402032139136
0.47964642799045515
2.660671320826745
0.5470892766730603
0.5242705872905391
1.9579714161893258
0.2014967089148147
1.2555125718506877
1.4217376231678402
0.7043078124447275
1.0176832101562485
0.5534454789456901
1.8139233726994963
1.2718380262593911
0.2284335231567552
0.3428456755595136
2.073044567521693
1.4464370740125516
0.45519028990898014
1.2892205448068037
0.9059979745377765
0.8731533016611144
0.95763551555775
0.5506837331384525
1.4071230578905405
0.5270133190854395
1.2713488752429054
2.1417899381981784
0.12132594737110217
0.8206138808832539
0.2361706760676398
1.5621113725253608
2.042314147072186
0.12450074996594515
1.3057122191699264
0.717493752557439
1.1802785703092964
0.39849415332415017
0.5045651633355731
1.858382842833919
2.0491297246400433
0.16709269546844535
0.4888710566558283
1.3400642337582123
1.134368885417347
1.2258731683776787
0.4801273939306739
0.9807539424255014
1.597634501015675
0.6744221374942657
1.0583841513930754
1.1524480616080126
0.9638610180017462
0.43208880675184985
2.1721133763668576
0.2649030852300535
1.1079783622744537
0.3089000708695183
0.4930312349369298
3.2814899796810337
0.04825598011945273
0.7194784062375668
1.0959076478979963
1.2419133177783188
0.689980526266782
1.24770496237669
1.5452048868925425
0.4694268157600593
0.38852580568696243
0.5661058914902141
2.9329744782300726
0.7468102716805164
0.20784195367034758
1.6270898725860516
1.1766941561953685
0.4340886706596139
0.8726836496596654
2.5146170759787734
0.35286786466086506
0.3912524089160465
1.7484447423066747
1.0387987172141315
0.22958706106346186
2.837330502946453
0.1796216746678714
0.5374645448597045
0.7839904803826041
1.0279461286423024
2.2009574347147707
0.029601263974808403
0.8666988057758281
1.7899418502861018
0.9851615769862143
0.22409393997722993
2.2539665497307255
1.318997381348371
0.08322649692887456
0.672149182841092
1.7401702964086356
1.6178343246386975
0.7396383056672327
0.14578530185819946
0.4055353902415779
3.1939614520166537
1.0941351210019241
0.09525738342227591
0.23502164306340065
1.973558661115355
0.721575963886257
1.0518528382532093
2.3013801526112414
0.25912622571301314
0.059578620347148475
0.3553735396081882
3.431858302909404
0.8038597606286897
0.18459388813919003
1.2315394443952525
0.2555981372311797
1.3642029865623175
2.3030733511130648
0.6038637147051669
0.27160814393634847
0.2393325764729222
1.0461136257815808
0.9757420375010438
2.5579466076259334
0.18382243461532563
0.495333961343329
0.4729367658130328
0.5391056319179012
0.14221082457371978
2.686282700167197
1.1509358430285412
0.7173685601938475
0.2165743015074991
0.1879962946299278
1.803795120087292
1.988065618822508
0.499522734998552
0.6000183259496157
1.6889270042423516
0.11014039500593592
1.560094560542648
1.4229688658012372
0.4574988346167013
0.39523943109792314
2.9355972146203957
0.3363801967021893
0.686221486503945
1.7093600929335384
0.19006082542460573
0.8473239965933376
1.4737897948180756
1.9657941703527555
0.25604511992101636
0.22113371611738714
1.0661443701646973
2.672966405101933
0.21222313418578595
0.9713874868073001
0.9036479560054862
0.5472957646989405
0.8972762330788039
2.396865544559192
0.3523890991600406
0.6234809087833123
1.0770503791135406
1.3276075146440551
1.499734378324034
0.1343039403848315
1.5894433024438173
1.4777148422281543
0.02539507082126644
0.6852398949737584
2.392072433702783
0.7242087975720589
0.9430863955115898
0.7693206495228531
0.12579800195896595
2.79587404512259
0.19946903069125893
1.0941245485827205
0.9012055599632645
0.14797811187336202
2.1209662825355142
0.8303935805024485
1.006700785113754
0.33618741804245356
1.523711188618467
0.4656802300644129
1.087315298067322
1.720510363986647
0.763231435454835
0.9095337733379034
1.0242810017050399
1.0464405782447437
0.08710777786836882
1.7592022451948504
1.632478938436685
0.3972201845346379
0.6339893474848665
0.9997326725716709
2.234384763902808
0.027353049024093853
1.4214630373950292
0.24301624216082246
0.954333053960846
0.28687874488033177
2.507500531603121
0.17730824558408606
1.004388960796833
1.0355286298944415
0.827263413357142
0.6147069515036526
2.261574457474578
0.4863380885592153
0.7455413920414241
0.7479977616570794
1.6824742276995266
0.8899129825713249
0.12352701673725347
1.7078984600049514
0.9302269099548087
1.1289953392191556
1.2977142963036408
0.29831004648500414
1.354382638671014
1.533660948019288
0.5102037433907138
0.7483778958010278
1.2211954751538063
0.5911879582849947
2.608072715337931
0.023988044724621883
0.2627720582542881
1.7925174633885883
0.4309625382695304
2.2638977288446105
0.6657742979016641
0.07848608020043966
1.39414028295517
0.6017691269022112
1.4749901321876826
1.385707012023545
0.216598556634203
1.1180313186822588
0.8370359350214228
2.025511460714184
0.3080818133606159
0.9453089338922671
1.0502326180042618
0.8564611915989445
0.420658262851959
2.2142582521013603
1.1381959838456563
0.3481259260574523
0.6722655935119273
0.5515159391001861
2.042676840974327
1.5552024174621102
0.15088805472114422
1.0106069517847076
1.2183996667324501
0.6412489780478556
0.9176432253093236
1.4313250159418047
1.338328586735644
0.10705534260809749
2.453553063048745
0.08055230634727677
0.3438240995425832
3.231916897782109
0.7220017139040198
0.18396532833978496
0.3595455148611072
2.5232118176565552
0.8846246195044881
0.3668632309201912
2.0797956430813818
0.210710095093191
1.4494610342193375
0.2756699260195333
0.5860769298592532
2.9443086319851366
0.5410396554617705
0.4796000470620944
0.3404470865407818
1.4823324157141227
0.8839900749593552
1.2831850689617579
0.5056684547697122
1.2242675510928214
0.9442521666033237
1.5873333903486742
0.8690710450151016
0.20688960095365122
1.6740933669680713
0.5693172795260791
1.5105110290058528
0.567660904027177
0.5026240233758403
2.498592679161294
0.33121091764259086
0.6078009594489067
2.8569258323078013
0.23510175426777183
0.41060889444231025
0.5096468240243315
2.8532069522196952
0.7468808352388445
0.10381764198332188
1.3916652807639414
0.052000569629841745
2.228195742519228
0.987820691053149
0.7177258838583442
0.3567080604096541
1.67028430095335
1.0710164046852941
1.1780798771174903
0.015583308532126763
1.0948157957749984
2.9147705109801003
0.2805933268112621
0.4606900650555526
0.19082430572687178
1.4388482240362475
1.9003229234764316
0.4244496361364343
1.4520335727111433
0.6828836222390734
0.3831531175865441
1.7601739284711153
0.7080402326141599
0.7014537258811643
1.4916668895526723
0.8733784219851066
1.5354491937362955
0.5032759192208628
0.5135325916435712
2.626358243053448
0.3563170190743327
0.38702571904329597
0.8322332747029085
1.5148214865722258
0.3068859764503572
2.329400166322255
0.7314269286556322
0.2922061904663913
0.37535881445492203
2.7255640975073145
0.7640614698931287
0.12676472844855013
3.2700159068414276
0.07787128753858626
0.23170695107524034
1.253319906127788
0.3291651659244855
2.979632627226758
0.057423379005406255
0.3860355431385026
1.7818429373499924
1.2908214581457087
0.8410032848210071
0.9497573823642694
0.2520943436323167
2.084376551186313
1.2799814687647175
0.08202765731942363
1.7150641468786438
0.8767319996277667
0.4003660124503731
2.0467153550260906
0.27661222353531956
1.2616382309645087
1.7491381301669369
0.4373823694680848
0.4117815173384293
1.5800357086136994
0.1650651147016204
2.1329309584416243
0.5256936217235861
1.267067580056596
0.5592700674746502
0.1853467739428046
0.7016645722036393
2.7780513577708112
0.6309177657534335
0.4274512000027158
0.9801712301716842
2.023303538784852
0.10145886961891602
1.2622039713223823
1.7711115606370529
0.5517808493732207
0.6609084339699357
1.7879136992995714
0.5934961535847406
0.8564918345695335
1.0431424999694645
1.1429033788598448
1.2976976552451467
0.7361954902964594
0.5510815353358309
1.0129542127654587
2.1028586683730093
0.9947095524099345
0.19107754299456423
0.5000454368807102
2.2952621208302317
1.1641084380910083
0.34832837661020105
0.9265040582580711
1.7699854414687062
0.5418855842997711
1.5163160954081618
0.6891186923765033
0.12922163346158064
2.189135661608708
0.7939220816605348
0.8729488201034495
1.0975695818160196
1.0865221605399646
0.18145619202757754
1.99740030094409
0.9958965530161289
0.9745091938185023
0.1633940864715651
0.955238643004943
1.0828295895085718
1.702283243839184
1.4401326209105085
0.10965439503746374
0.1491706079645001
0.6124073193158845
2.3513233986687654
0.4276933690004064
1.7662231691031116
0.2552865937732767
0.2175536717230824
0.9149296997797643
1.0973012229027175
1.746346673546527
0.5924381121197676
1.3314213667943262
0.16387590257214069
1.1863821280542897
1.5879955170905993
0.03113477499120148
1.8919959146893108
1.576563843166632
0.4930814701413297
0.4054329501624104
1.5879491846183809
0.37555555388411976
2.1023202480632586
0.4186955657142364
0.2356812235228501
2.8374470875955975
0.08240295430690783
1.0780077895766067
0.9334514236237484
1.0132087574606712
0.7056230841365821
1.462677074554275
1.2875733281398907
0.8078010541245705
0.3406411711204088
0.7106770059692835
1.662243372267233
1.0606120626338431
1.4114888216771033
0.37431971625657373
0.5738515037370241
1.2108207103111022
1.4268167455015954
1.2408909121245115
0.13669689641160324
1.1787356872973878
2.815890316313361
0.3427679435929953
0.03600474382381657
1.655545213376512
1.7238825119247336
0.8088974732289581
0.3624426835456018
1.801805147622939
0.34316113037627005
1.2709000338187646
0.906183464345092
1.233088502125759
0.9226346777732023
0.6425873743076578
0.44860686385203674
3.085616191948491
0.4095036378340283
0.21621901537372962
0.7859013579751605
1.2865488681975246
1.326922347048085
0.7585928454552568
0.7650885672932211
2.446782785759865
0.29477231346837207
0.18546587687961144
2.699328535738855
1.240393295906079
0.2859566738453968
0.3096233305640678
0.6378525019943816
3.605487895466988
0.1959802880508654
0.05362943523518581
2.52345272629817
1.592303978867997
0.22020156673796795
0.762006461927584
0.8092998055492342
2.1003226362512075
0.4498889853908922
0.7019454101889486
1.990257099427766
0.3162740159450741
1.1926600548053454
0.964568612744928
0.5353848833584471
2.3484026146136574
0.7506963809733542
0.27558669756154336
0.26743667056385656
1.5178155228015837
1.7693037579904045
0.7958880669739306
1.039381639741624
0.05206400958203253
0.9448442383340648
1.3022930000969362
1.6878939227629457
0.7273079145948705
0.7331634555677634
1.1262098752337242
0.7423165891292717
0.8622002322483842
0.28844450775071323
2.5114723635958454
0.10657146938072617
1.3446565760202176
1.45577345887288
0.005363759676866753
1.1094274448569361
2.2293059350037003
0.3940152363440771
0.5950604809351765
1.0324420002760712
2.6058513754697628
0.3566210599548465
0.2943150102424207
0.6975574634326575
0.23177093873034968
2.8821259119813885
1.0456802123676823
0.14003984897039748
1.2439159783624896
1.0913985155133619
0.5542622647778234
1.5357468858445076
1.132915387642694
1.0208907782061996
0.5919171165606986
1.2290281363552742
0.7052017780724229
0.9888949831579339
1.036296252121388
1.1920431961702436
1.2354342147201547
0.800132199884981
0.592363071590878
0.9125128617475898
1.6626959169944808
0.7426678484767072
0.6295951536438139
2.003018796048028
0.8217171226722735
0.8854084131324709
0.48519416883923416
0.18827846433697926
1.559324646639961
2.341243464445435
0.37848657001934055
0.4435951841968142
0.629501669830989
1.7340758672637862
1.527285111980279
0.844692531341735
0.1583697556178988
0.7660254656942797
1.8415213624521705
0.9005937740379419
1.305268559323214
0.6240232194882662
0.05726783383118066
2.45461369490141
1.169831445402334
0.5785401171463423
0.8723864850628889
0.49321223514975304
1.2656540010402357
0.34164600644725956
2.8564742183340526
0.19261114136896898
0.18240539661344812
1.4248460946523547
0.23980137793611908
1.6815445717270265
1.6339008254859657
0.8585078778181242
0.3187264715949645
0.521385921901606
1.7193806536545957
1.17411394225104
0.9444942002163825
0.6799922218428611
0.584839818615402
2.598376634324425
0.2407045182429579
0.8796461671964192
0.3917781539285929
0.9741327706781828
1.042344339722569
1.1919676342212917
1.2072708637806777
0.6027578674622486
0.8889221283647784
1.5368324435340643
0.7299025020294682
1.7738976238434945
0.42332209939162585
0.09320434647604894
0.9438926145216872
0.14712820143021155
3.025317592085876
0.7027606909369951
0.3481610472419387
0.16672137887442284
1.8395157811809726
1.828596409984098
0.6678421057051948
0.48214392467382144
0.2571575682702562
2.2692562200580997
1.151680850143941
0.7338124613192392
0.40303971154318163
1.0701216883246527
1.40886762278169
1.0870321862553585
0.9613415001114813
0.7544747626194108
0.7973607808730416
1.2717540363304822
1.1130776324560065
1.1483999522201551
0.8196347251630312
0.2263709757534412
1.713824834475375
1.8227896640189372
0.8870655231444211
0.05865308717053681
0.29894223407437975
0.9633422457869351
1.302234123836362
2.0387667237833
0.5447868679282701
0.12458471384639419
1.3606803838809216
2.5775273550769175
0.4985212224346938
0.184300866775621
1.3665857053962553
0.8573807209921303
1.0016372725543412
1.309504554974722
1.283845318481303
0.7938048381693517
0.631690443234838
0.5144829255436205
1.3134362492942937
2.0396863482648055
0.6307172480130575
0.2967036012719965
2.185982544521176
0.13779253067321848
0.82090318368238
1.2592994952463348
1.2656150644431872
1.600680911780219
0.34688837138147965
0.3871804293245993
0.38166381955329604
2.347308803983848
1.125108649836276
0.7417378381445762
0.28074180307042673
1.1071001831103637
1.160707449079878
1.5261017187286992
1.043531226389786
0.22759362195948069
1.3631941984297586
0.9779829815551243
0.8258742830732196
1.2094568634607816
1.1742410981346563
1.0107340273885461
0.5759159833896728
1.246153756239444
0.5164192977142107
1.5637037553125919
0.46363238826540903
1.454366315287346
1.2493157834154258
0.41580742455031394
0.9838098564718784
2.413469740285726
0.16278915011993186
0.4205198081396013
0.9709387974886695
1.0285417531506202
2.340252181022495
0.41516760130198777
0.555796883452143
0.3322526060943017
0.13732842636584439
3.1037614343067115
0.4671639696746234
0.6907818001234394
0.8639459026836721
1.7693187172722122
0.5284839979198386
0.5218571824400319
1.7990623489548212
1.036182202255502
1.1333155917207398
0.5153171131401775
0.3130324833593226
2.9337655804303173
0.6241044050338295
0.09043304647152045
1.8639250574319017
0.7024348592756573
1.6174680657533567
0.6414073292737489
0.2289677024107753
2.585240995657255
0.6304702179905238
0.6076044092820609
0.6175438419255208
1.0034983003932345
0.9356321129981836
1.423097831917066
1.0842873737488676
1.0572256110362706
1.1477161956537738
0.29789574526062057
0.6398802300604163
0.8024560925240991
0.6861706342367158
2.3380003229877384
0.33586547211958656
1.0572356462030728
0.709075876516581
1.2643562263789336
0.13861372546152675
1.9490740718446444
1.1686358016737333
0.43190801919128635
0.8328025046828688
1.2423441494794527
1.7010504744559356
0.4150342901236938
0.53247098586932
2.003123236012669
1.7479541232483848
0.04662282704388526
0.6630471694142502
1.1240875985867365
0.36468829831223326
2.1010942188644104
0.9278766414680742
0.6154065908336572
1.2595673748136171
0.9302514064574011
0.9060440304317127
1.5160858437256168
0.8600131901026764
0.3111037135857186
1.7882247638146151
0.6556713289595814
0.2696113947808304
2.2634262989283
1.299174131425101
0.6044496808570631
0.8318708630230799
0.5577788640915691
0.7868019377214841
0.7847681402241591
1.211218803194822
1.3223476931042888
1.4620671765467315
0.39726942775570406
0.3753706736673906
3.003702899700741
0.4545304850029581
0.12491000503192079
2.6788157887770465
0.46822905479455174
0.9905932235716806
0.259833276319597
0.9204758356042235
1.653614961814947
1.21419378321402
0.5613063887855075
1.4851570096268683
1.139224134927869
0.5035167713115264
0.28423739568800227
0.325473696032854
2.905604413434615
1.0286507554549271
0.2740100133961664
0.6842223672023147
2.6803229826204595
0.5060518181697321
0.3932889630592994
1.2383088788363883
1.436174477813144
1.0161690010829958
0.39610901083770833
0.7732185249337278
2.942920055821647
0.29305781145003257
0.2996597966365956
1.4453879702486243
1.2827602644861154
1.23514450926588
0.6661066123141463
0.5442803976195802
1.4080444663573108
1.5140762315001184
0.46150138178456196
0.7581273163834331
2.393554784106364
0.10651143001032094
1.2313915306830288
1.1222609434137065
0.37312065337078176
0.8677412596102555
0.5856625671266095
2.341803981896244
0.9567422852769837
0.41965015438307707
0.6394126761171847
1.3141276250620275
0.5628611128105764
1.6917655516970487
0.2341520442181093
1.2356028891482935
1.6866247529961698
0.8570201888466921
0.16478501698032966
2.351774263326316
0.9249123330255387
0.2059483960216595
1.4124668235351434
1.6643755532968214
0.3581212689603925
1.2187271867501908
0.7634312220418429
1.127648576678056
1.1865262057996067
0.7830322250065946
0.8873375907784972
1.756973291934406
0.775554073891495
0.7283918286836785
0.7636630403530056
0.4914747388851243
1.9093032896901978
0.9672757351381989
0.30414875052743706
2.1320998085987384
1.384936038248649
0.20807446784048467
0.6817397341576233
1.3033916833879249
0.5716318606152453
1.4247777908646704
1.7061928834968394
0.5276335179078475
0.4788360309398934
1.9001030133994061
0.36145471062301004
0.9176920625294898
2.7501100674147434
0.26605369382980104
0.111763916899723
1.5792997219463158
2.29169435012217
0.2936196317476524
0.7564448234102771
0.665450190510946
1.8000024671221762
0.33944345943801385
1.3866007362122437
0.5720452062523896
1.5978746355801954
0.5219654318316789
0.48604446564523446
1.368162877474286
1.6037475434020483
0.22738133946711703
1.7000629938047327
0.6463329978387717
1.1059261739689807
1.4168828053663791
0.264973962210988
0.6301493167486405
1.638540734367605
0.6676740474466112
1.5875334778005759
1.0818011591076708
0.35354939574515554
1.5068111976341496
0.228794880899623
1.4735421297165352
0.7733413476017104
0.7561553281057357
1.9442394302259423
0.07274301177458473
1.7201155018581824
0.7771343162144131
0.2894908332504355
2.020371700061486
0.6948729408087856
0.5203964226148887
2.65268510133028
0.5822920645655327
0.30084130677823706
0.09738536862262115
1.956212663287117
1.1972721376958209
1.2961898922551458
0.30841740250880334
0.9108559573790271
1.7279036959372784
0.5421334507678914
0.5786494056374833
1.416030579096842
1.2138428776367958
0.6876195281071997
1.4974039779614734
0.7907249333165205
1.4565004780277704
0.07343674079852905
0.5411563329516906
1.0887926031684978
0.60427754768757
2.1139442977954217
1.1751427198414208
0.16956675642643895
2.110826671479271
0.03856118462722698
0.25913404041458354
1.5529737138981696
0.5062583420130743
1.9664121303298165
1.1269035488920978
0.2508092442501822
1.341736226866306
0.8697400534853131
0.5425552901698034
2.3342199222362336
0.369538658496189
0.6012856114012571
2.2518675371992365
0.9950846688400049
0.1684632932984461
0.69039173166373
2.62438052147532
0.17977777276157061
1.1236779833627455
1.4987793993886378
0.8055308893627442
0.8355098566353425
0.2910644791953875
0.6881824982572321
1.2053900622846223
1.713838968235678
1.1719680192728925
0.24120979211248983
1.8512793671526775
0.12161788075478273
0.766821883033704
0.6568626129949847
0.5038213194875296
3.017313808925289
0.5134976885166826
0.34857473205867595
1.527383549266281
0.8278173814992349
0.19462048149811448
1.4617900742109724
1.6214940499888495
0.5539492332461179
1.5045894152496984
0.4952065238978047
0.7252075126176111
1.0321420079967458
1.852608729357997
0.5050712356716353
0.6462654807009144
2.059143647577441
0.668692181161
0.7688035246684904
0.6018281615295813
0.7817569723205299
2.088375329823836
0.7619704824161558
0.831476577062667
1.3085896606513445
0.9546945661051015
0.2393241705520223
0.3309752252703159
0.29803110917161363
3.323732423579009
0.42224834940340633
0.5896207162513912
1.249071257872215
1.0678086283442014
0.29427450552211054
0.8801183271315144
1.5388493281398612
0.9344211413779768
1.5296154646815394
0.23227859049335875
1.5085725725036006
0.5533779945221219
0.3696239884240935
1.0610232511876752
1.8369617015749011
0.7756393808928037
0.6651052519881572
1.5117990298689932
0.4007946018232419
1.5537891778408914
0.5682218652986871
1.0453065206085304
1.5101989647221035
0.7970608442655602
0.6776790513759724
1.4655350433235101
0.12020493008616091
1.2558582398351423
2.597091109346986
0.25511100728918007
0.5207028776631407
1.630242444204955
1.3970650837072307
0.3638566101710664
0.7127452791882297
0.04746669167831844
2.3838463409462394
1.6604959138580924
0.3801322940280729
0.4233063573762498
1.805640136774631
0.25232701111829303
1.07657238782629
0.9209878795070675
1.6906295033317613
0.8078667238523399
0.5959704114211987
1.4944151028819819
0.9380802562013003
0.793784241895071
1.6361636999706293
0.25273672392457786
0.17095912449330403
2.919319141244539
0.5236494457666112
0.8120689611953672
1.6809667511123723
0.2105776383669783
0.9870289366612423
1.8587340972098423
1.07725911714583
0.1306046964039706
0.8995431368520066
2.190402606124261
0.8436471652798628
1.039149374973223
0.1142889859500086
0.7384572797824689
2.7667730546855323
0.15216479354498733
0.8967334340125207
0.9479699578167731
0.825535818866655
1.0214901041172189
1.4481078920277923
1.5766740714873122
0.10357603430545986
1.0853754890681886
0.3919556627380617
0.6518390154465892
1.9666700327294526
1.811764359666902
0.015975837014151527
0.736281704970904
1.7382085863475938
1.2472609288329812
0.29055995762768694
1.1089115444909117
1.398496708847433
0.5718600117782834
1.6213771581392198
0.9516731149298308
0.7975053999298176
0.5683885266634854
0.8693031421664382
2.095851450727621
0.9073130305048609
0.29594708550488696
0.525686344016207
2.078871717439234
1.2792537712469223
0.7649566632929622
0.14560696584183025
1.3915548104144906
1.821903458450672
0.8082222544971928
0.7620364672530568
0.637302588149568
0.5690804071715643
0.8687044219775949
1.6198386486690233
1.5890636901493431
0.42000783417295456
0.9379088861692975
1.4461659895615135
0.26007397014885336
0.3809592646143893
3.367166763333324
0.3158347640308234
0.40324208096266234
1.5251003526535374
1.3233787566537707
0.9007872084426597
0.5663906901568847
0.5509177813588576
2.5112672488796757
0.6575854025566393
0.3348924348194695
1.0832523072237719
2.1205800434811883
0.7171833699275537
0.6632545429012883
1.1366878447801059
0.41593874382936574
0.5407205321508395
2.469089491336762
0.42950124045480237
1.0503759269665975
0.914010620650603
1.0595068822665192
1.1736043360363793
1.2181926458638301
0.20457126458405595
0.23781402450032493
2.560470152951971
0.22572300629199687
1.5153534613214485
0.5238755630660309
0.9567325780040439
1.444931537999069
0.6951992448518971
0.6428238761027779
2.0627193062521543
0.5230623691484816
0.41578615944439573
2.1337474825130944
1.3123445954888502
0.2671145100477734
1.249591473427639
0.19322617065769554
1.1410365040547494
2.188253728079861
0.4226795060154447
0.6882673842860175
1.6408477904255387
1.5935999200434623
0.4190496135001143
0.16674781385683765
1.5831836162214354
0.1070385395427118
1.7658781010282014
0.8097657664667546
1.6530329547964338
0.3907938492100551
0.3809796524520019
0.36588447988294953
2.485918318804433
0.585909702179057
0.49202079280818595
1.7724764751096016
1.2193195267871266
0.9378336040839033
0.3320936695495183
0.6291886156924792
3.0274214123748306
0.06875937124043417
0.7857703382253867
1.3577784379599165
1.0574387426782494
0.44701105156661064
0.5786183135878984
2.0262044863729876
1.2889851294491521
0.7837361046533556
0.27797595776461853
0.936021854236463
1.2824975672163201
0.9957786877529929
0.8722768046750501
1.4223390690695077
1.160498760860096
0.3180841532284841
1.3210212502839966
1.3333066169603656
0.6438393967300394
0.9978420456833265
1.4290565102108028
0.4952610212289005
1.3578104627569472
0.952931855708423
1.0239006584774915
0.4124235082299247
1.9169304175008812
0.05876103737156476
1.2693580663884956
1.5134032574169232
0.38940895808994663
0.9685142543288496
2.5105712075881215
0.4055007533936858
0.6042793102929559
0.38733065896399643
1.0949667111718662
0.9398123041111205
1.003087763176884
0.893860600615267
1.3198643650388278
1.8376378856571436
0.2579534530527686
0.5305408216397346
1.5333480313002235
0.3747208481671392
0.683075856733908
1.6905004338749534
1.0076192141689548
1.18766951345961
1.015245915026295
0.6641737284030838
0.8636696685662987
0.7807263413620074
0.8264924155144681
1.472304373543978
0.7128756778023458
1.7469723486230286
0.4855194077171974
0.7040614791415473
0.5278474892277605
1.4997352544977787
0.9372244878388184
0.7349507198334566
0.4742521107292305
2.6024361994410663
1.0059276442164757
0.18706095229324818
0.5416760262270306
1.2893018771275797
1.6339831739955137
0.137226928827332
1.4233742708818329
0.8784006526136598
1.1303165094269858
1.4058362969808504
0.5554637214944976
1.149054042318638
1.6074648415983979
0.031621895359335885
0.9302632443315362
1.3908151977093497
0.5216696442376692
1.664362071099325
1.4502052765539508
0.3012826891642139
1.6140175057284551
0.33303380297948165
0.11352531125513486
2.8151928271394855
1.3109311177655134
0.2678708770757844
0.4657823025490509
2.327397424762443
0.9638145696424192
0.25191309101060916
1.3526430981576392
0.18150678186113844
2.375003777291479
0.812194624586852
0.536320504191888
0.6666487698199023
1.0806109923101912
1.070967229250019
0.9965220634831208
0.9255942034147041
0.8873928149307416
2.0065288180236402
0.44194657681223737
0.23008751813310133
3.106177628635163
0.357566522144243
0.4626794096949513
1.597617334053832
0.12787879897534732
1.706812313788964
0.26376641060984196
1.1061090412807983
1.242714503757084
1.8581305750048123
0.324719188396458
0.5258489667261599
1.0380745701927794
0.8778987421993544
0.5955526110420055
1.8193926661034745
0.7519126505019164
0.5979952089284036
2.0195055512407505
1.2765972130253347
0.08004165887299249
1.128037480803323
1.3971646022486728
0.41414620459184426
2.1446438431232107
0.6230334523670239
0.1866928836457213
1.2192541643097514
1.967229136632201
1.096973888517561
0.1965462368040177
0.7091107371588331
2.7385061596844396
0.32393425548659754
0.9183702006409996
0.5386196376977599
0.975687403203029
1.3194390242846599
1.0246559351994253
0.7469157565840387
0.7422416035184368
0.9730664933666631
2.49823277736718
0.2270112382867444
0.625114959735342
0.8469133580443134
0.4627686685413188
1.2444523503819307
0.887286033004971
0.10826229612820852
2.6518607470771127
0.6754072518876487
0.9482012784000816
0.7338392686987856
0.5292034052350436
0.09090242330203895
3.2582113423078134
0.44387100192455886
0.007883537887748628
2.7858694020483656
1.1030173535051804
0.45579236757858965
0.6513697645959238
1.294357345060796
1.791652102142736
0.6006725111261217
0.3235969567250602
2.062901601103049
0.3268522746164508
1.1644648378565727
0.20874890779793576
1.6726390743915096
0.11397737963832354
2.255463929349364
0.6171874733842426
0.3584227384278057
0.5679164741474447
2.766063301107165
0.07681926044496705
0.8452651137952163
0.8850563822120027
0.7517941286146191
1.5040568311275426
1.5914474714064166
0.4315312612948635
1.0784650985077309
0.8827317669641767
1.2532414946183221
0.2143349999699363
0.38871275044819925
2.0509012390109223
0.9547060548983995
0.6894050338895453
2.0650095726303186
0.6260576021398281
0.392033127088041
0.9174976396464245
1.0900968697483722
0.6814535184882532
1.1919167183083377
1.0486367963383088
1.4840020875757844
0.6773377504143897
0.5934207796520362
2.515529473567509
0.017886187791731803
0.49422161817589155
1.012053417151992
2.2551349678454975
0.10180234182082513
0.7304238577424893
2.801861429404631
0.6166275389934334
0.34777911421897423
1.649751767744663
1.0278474810893719
0.31086656006003
1.2862246442833367
0.9719910334011652
1.663218819696033
0.9499834520160703
0.5110347329071884
0.12959812337754195
1.1533124800381214
2.9259035848055146
0.10278889624009128
0.5816054535074077
1.8385180713804483
0.6485984872221825
1.7341889148701575
0.1483543909598629
0.20858544037299603
3.426017724054722
0.7444501601168705
0.44015560274686827
0.22291943769320008
0.341597692399623
0.9399571532471132
2.129641937469564
0.29175374402180876
0.9550531301416265
1.7718699230938613
0.5548084923182908
1.6686554432289
0.3191068665300509
0.7233625821256207
1.5506428484058696
0.17353297324985642
1.1905278363653617
0.46297541403550624
1.3709115896259463
1.4209493499210788
1.5017123942170216
0.2887329556911021
0.29210445098886545
0.24077918191657027
1.1365062231230276
1.7448202310303134
1.1494041165522892
0.32026340840302947
1.757597886397723
1.3236273881354033
0.34067833082808596
0.9480712875289274
1.1083387742649171
1.0149851022553142
1.0675164324932767
1.0807378977793554
0.8192282304293856
0.4407638414688076
2.0027177617263514
0.6962772013433496
0.709944328809416
1.4294415016463846
1.458139833066746
0.7175096878938849
0.3234772045431984
0.9857159735790865
0.9968091425127574
1.6581095802344368
0.24162986158541125
1.4438426100081985
0.7186117545460813
0.9205961505920561
1.2174927481566644
2.022491738477515
0.04260634883446335
0.43080998038900437
0.31296464414965164
0.9310599660000431
2.7250535235206863
0.2701147841235606
1.126450707135381
0.5469468116388216
0.10783870637274583
1.5029292374249186
0.5963723565549056
0.820406910458505
2.7747558004233976
0.25267411920788935
0.6013490564058773
0.6635239619949113
0.6208428493111752
1.9233067037385483
0.6564400190659633
0.866003193585667
0.7965427913185547
1.7508969183700027
0.38298065880345517
1.2215004467443438
2.18157823044131
0.15262584817214855
0.19184000182430794
1.4318743952336888
0.9858555697820821
1.191692584518435
1.2392121136972294
1.1887266722473602
0.5881440574544319
0.5545342598221252
1.0799243476829752
1.6440292608503488
0.4678263361801362
1.1823547901926534
0.8654633549868661
1.156511315151836
0.6672472375577052
1.9100505431936938
0.4869038256082023
0.37022407430974735
2.7655724705055147
0.009283806625845414
1.060964685746402
0.1457277568272048
0.6981416144926842
2.611026447578986
0.37190994874267397
0.6077954020002638
2.341286490495482
0.8450588222298372
0.6448910186263543
0.38818994727571404
0.5916982367938172
1.9489301951290032
0.33933978372079404
1.555403705379673
0.3276860658699026
1.442800986964375
1.505847916700242
0.4998852486488444
1.1068367310806297
0.19789909796508978
0.5221704627959042
0.38773681725513764
3.425896645055917
0.1233161822045109
0.6347292560048783
0.4932879123928712
0.9284097747576833
0.9643367871018845
0.46659482311243256
1.6075097539106393
1.4145988500586406
0.8787480005828062
0.7053549710345985
1.368111000104523
0.334619578791958
0.6482835171121971
0.6357257874451049
2.410412609003234
1.167719654770087
0.07022899928865516
0.9532352516019359
3.027593363280865
0.2734903436918412
0.16749071309553548
1.6606365409239
1.1152323163410636
0.7730536411604052
1.5439996545978376
0.7693192724454071
0.9135493996328842
1.0528575910468048
0.5502863759998244
2.107232066550982
0.5602132947374838
0.20963458689670117
2.579260872191994
0.660897242170084
0.277910097966036
2.507499026444842
0.7918418922343536
0.5294831841261074
1.0596543775684515
0.01036491078595579
2.2137637747031453
0.8564229149665018
0.7578413960411333
0.8039159051919551
1.0052251659695104
1.885007211040331
1.0765438907822942
0.0262845903567982
0.7239668058227842
0.9137308583839802
1.533171375113111
0.0343094169758754
2.282096851760525
0.15798089021391434
1.1078676535832592
2.015419062281476
0.32557886203813363
0.7697408929424707
0.4987191923871006
0.7165504888682851
0.3251295268381111
3.320267407508605
0.5127347447797682
0.19863129888411554
1.0819566282284494
0.2373474573469741
0.17977529391310082
3.366502299954298
0.22456487691344765
0.8111726307538112
1.329080219105561
1.1059576512022435
1.1222622008179555
0.10742403274352455
0.10419497196827274
3.7431573917279843
0.30674234697580877
0.47706188602003086
0.3939218225309338
2.8879818723304354
0.08937684600015151
0.6114794142163815
1.1904341174449729
1.471346754687441
0.10203538034831498
2.0172270802620575
0.4842635307069433
1.0702384250255181
1.2062490603333353
0.45466791204176116
1.019595814031917
0.6165569255160972
2.790122762748096
0.1415673840462288
0.14584418031210206
2.85629501838369
0.5774219060863045
0.8805094025408252
0.8317504716646733
0.18437310706086757
2.275728258660385
1.5293842240849662
0.3059386144837802
0.16838186203047995
3.201719637196812
0.1472308182735706
0.8380724529410376
1.4550929436758042
0.11318403054637456
1.9536712412915003
0.4030350620458214
0.5365990765481862
3.3657317361000563
0.14676144808475586
0.21940674137866556
2.854254295818962
0.16800574575520388
1.0508090367706757
0.6817069521280299
0.637606033307408
2.4641884167685566
0.9530719087244292
0.2859151297164517
1.2660190611825457
0.1036897772823278
0.11538267963527549
3.957310777503895
0.44094437399113906
0.1977138731372498
2.8311821442252
0.2909371910294437
0.1743907610721507
1.1375849570214938
0.8867978883778185
1.7967642496948542
1.5221641850764134
0.2073298701447574
0.09835070246583155
1.7705286068603392
1.121124811029956
0.964194089084928
0.7818011595049891
1.1302892412780174
1.729729925871845
0.336299854163294
1.0641534454992092
0.2321556888907707
1.9160342886227226
0.07685388565104757
1.0037561830259
3.2660851786411507
0.15758911787589439
0.13550492821655935
2.798074176174445
0.35251179459603027
0.36358718877065715
1.906171156149129
0.745373848939413
1.5239791690867617
0.8500703571017493
0.27258669954810044
1.1948484763675318
0.4173829504214863
2.636361456706951
0.5204524939378411
0.18211483782776208
1.181106644419719
1.324052169960055
0.35265443197683816
2.009992518636115
1.1761881643879135
0.22416807367038988
1.2333116582457748
1.0995950117465543
1.2217548498485102
0.5640124981136799
1.1543581902392954
1.0031899670280142
1.161157975164377
1.0955626580686282
1.3484652835750606
0.18790474014897895
0.23533400290123827
3.6670786924188685
0.12742023431332658
0.5660639708008519
0.30061377156287183
1.5134552462667898
1.0417309681057207
1.1151477701458679
0.49049182903990685
2.372659055698012
0.3610485100465101
0.22425623559744723
0.2523951367256844
2.6560781786851195
0.7480598294265193
0.38229560074768837
2.0285816820596287
1.456849678781545
0.3132408725229469
0.4963007279396304
1.6589666148191518
0.23852957116013432
1.1295185459891548
0.5556277581362697
2.8053308382344855
0.2417118889491776
0.18455202453137642
0.1815413419622969
0.552526800527195
2.452863402317662
0.9494689105280127
0.9454946223861985
0.31066446877904513
1.0106247992937185
0.13915294514607465
1.5066607675850099
2.5621141705412973
0.37181703343704975
0.22471828082668358
0.2998915182500711
3.5773871543776123
0.04446834973499989
0.30480875866815316
3.9170583880294823
0.12180734172666152
0.20744287184232413
2.5322094081736686
1.1664940285297989
0.22943811616954576
1.4363101117946748
0.42548703921251985
1.6897923092006915
1.701538550080014
0.1791680007601433
0.386546855805832
2.708334733393289
0.3557291317361869
0.7415430697825133
1.244939567040971
1.2683807791888404
0.9228222663277443
0.9531504317840048
0.8446888791655436
0.4223439955951192
2.7152280461212595
0.25099061976255843
0.49070032195288815
1.2542481471186884
0.5990793874734838
1.1717445115948575
1.643989682399341
1.3357460615360002
0.242504720277085
0.2930907820493253
1.605710115376324
1.5664632400399006
0.1062089447023521
1.9646834525041306
1.8040091795944282
0.1754341174471319
0.04335159166875791
0.3939376402232531
3.5307370311687682
0.9473921819416846
0.036316647166404085
0.24287391198054772
1.4616578184791849
0.9490992761356718
1.330138438889058
0.7830333725352672
1.7999422354032362
0.16425919686579857
0.50444451073893
2.2375135127901977
0.9123874234708264
0.2928175500540656
1.7860544601421855
0.18385020100741492
1.891964591187431
1.3671297032690415
0.14224987842258088
0.4135167272851504
1.185888871965021
1.4309176265486254
2.0072778089324026
0.18560140502743586
0.18370443092425298
0.2558340187870273
1.383313122148249
1.783915733483533
0.833972029832221
1.161074928268313
0.3713492140217975
0.46525570158025403
1.5865492708138575
2.4704251143393354
0.20608779158274482
0.07373397322782774
0.7734632050799554
1.4393813230067452
1.440382976160558
1.1972471099672533
0.28374617427678994
1.226189628205309
0.903169012330395
1.1060553424030188
1.6332218834005572
0.3747994025264936
0.27701781527332614
3.1058655698943274
0.9495961929499045
0.09705091588918896
0.3185254373957995
3.0417772594062074
0.4984824166313849
0.6341319262132139
1.3362480561817363
1.0718291758165635
0.687116885446328
0.6628864630207348
2.7861430273693952
0.048679880011929084
0.5579486159766897
1.0681837590276764
0.744986330716193
1.3704863733567694
1.7537664206442303
0.0629606947508653
1.4484925520534926
1.2968347585379874
0.42842041868893377
0.6627004979402358
1.2316259894151798
0.7315379785228645
2.5940199366442163
0.12762175595820782
0.145951957851914
0.18351682224227922
3.7909741700545903
0.556311339263161
0.0860309055141999
1.2901186080099674
1.1530675697669384
1.157019783820004
0.6764968704528702
2.1126644071600293
0.19393995154774174
0.3887520894632437
2.219175371375022
0.640910192857915
0.6705638705045184
1.547063377569503
0.8684421011676596
1.2014989189161989
0.9605964831792099
0.4893085698003304
0.7456316141684799
1.8888881171410747
1.807314975612341
0.12147459290708541
0.06810191966057898
1.7151940678009745
2.060094779249844
0.3208643797167718
1.2941409744268213
0.1740779541835615
0.831612089059957
1.2543006905380385
1.9080657407493085
0.8027600331702479
0.3554170499070582
0.16620654946842325
1.6601842750717224
1.1896991741793883
1.2578575195718449
0.28109333060892927
1.8904872533081076
0.2701018322980332
0.8917484601196491
1.2401773714481068
0.1379679007628189
2.757115107532517
0.9519015010921115
0.08525683560976569
0.10121648514397896
3.09759844611948
1.194278358018189
0.05180181361080108
1.7258778616607235
1.5861120254249845
0.054963208071245016
0.9289163939524011
3.1897914648058507
0.31404231090283574
0.12287783747607793
1.7045042957573784
0.9695850413717562
1.2158582980594341
0.6175348553491575
1.8597083703906483
0.5608657007281724
0.18748676752442012
1.0653746260718457
1.036878884346634
2.6460635690217487
0.07882983121303258
0.05422441254450632
0.24092028365869242
4.0717182284033315
0.24085271768179278
0.19622730960139456
1.5850403360075491
0.9627062432957063
0.6553877168210304
2.5493982940629114
0.20621211283503577
0.3979220995411306
1.6055816123036992
0.7727410458995833
1.5005400949767906
0.373414937701838
1.404473990239594
1.1462384143578024
0.7216549761244537
0.6218389250803508
0.5058462971411757
1.8909121746284105
1.9535413240901633
0.16305951057860557
0.3139130268320296
0.5598978544689446
2.675034152368459
0.47074639332442864
0.7818522205056305
1.0257225522546813
0.4850705393164894
2.5780449880344527
0.07978588275533598
0.7109560269734724
1.4993828406793663
0.4851356294562208
1.531848663010173
0.3710176727996057
1.8764807015303016
0.599041873527768
0.5706931410989965
1.0774237447202641
0.141080434606957
2.4372981065382158
1.316777089055696
0.19484235169858866
0.39584266682975683
2.7407731214620106
0.7117651186354473
0.5874430397948014
1.1029597549822758
0.26890905240965934
2.547089808786514
0.07052003534925026
0.9893716362845073
1.3635650111177244
0.1813028723330514
2.001208024389732
0.16407778730275968
1.38270362317554
2.0042435769731246
0.14128820716078339
0.5138923633214587
0.8314617032018129
0.6580617800576761
2.7522218698309895
0.28402332543140196
0.350294356561171
2.42828494673398
0.9840876819228825
0.43133366746139346
1.2003154113169878
0.011625175901100803
2.4392890760799415
0.23475222705139104
1.1691800108385932
1.0459836542517194
0.17010277683029443
2.068213438220701
0.024602150710336546
1.5555127386058145
2.2586308129285073
0.06928774348176317
0.14138667509241518
0.6769968279946741
3.2137456299152927
0.3464315986967118
0.3701142997756656
2.123570030586308
1.3081481168242721
0.24308578140882128
1.0799551546985589
0.27443444486403035
2.117473351597077
0.4055446408359157
1.3692829118687015
0.5861683807387722
0.5389615514944062
1.95338999252123
0.2851657901302012
1.1748187523498685
1.0819087658233597
1.6363650480547625
0.09520253380656052
0.4500335483432903
3.1757206284983837
0.4402533049427201
0.41598350673016
1.8382018887221703
1.6474594929460957
0.0524704591457938
0.9541542622091452
0.5784992014246065
1.819401522105387
0.5652889573837429
1.5714747711850046
0.138091778632872
0.8848323119344059
1.7326294724331208
0.3662070964757527
0.9820343991944587
2.8134711022245744
0.016716321573201503
0.3011525693257365
3.1701475531663132
0.530271291647682
0.4658044160894663
1.5420945881801644
1.8474112822977113
0.13586060924815915
0.7149410890687694
0.8503406633211856
1.6695812978793096
0.6590526200049163
1.5758010122499515
0.2350690784049528
0.9054204085924973
1.4505825427725676
0.4369055177994872
0.9854749093513271
2.8796326630954665
0.058436692844604884
0.17029219585787406
3.128458628183199
0.6144340708865684
0.5154116945263727
1.2951616959478658
1.9611375559749307
0.31759390359130707
0.4676945585742781
1.0548199565968126
1.5934658431328033
0.672514467088589
1.5875461273815588
0.4264233560730972
0.7850459288645899
0.8806704323228842
0.298732207215305
3.420056394867464
0.11636892106965113
0.041261828259884385
3.090278039439819
0.6778256477930011
0.561161547849169
1.1242210208266137
2.0089976185382166
0.48784082521821015
0.29357591728705923
1.1637245617042022
1.5688251655112693
0.595323660739823
1.7840310349743118
0.36831774640384213
0.6519878482901084
1.1337665985600833
0.09501903358139711
3.371472692847509
0.13117560554581434
0.043819789249777086
3.0081599934904957
0.6970638883197454
0.606979106386411
1.0380322085713072
1.9613044458942441
0.6411489448095962
0.2223265466610846
1.1392609428570641
1.6232145759525396
0.40333203225112496
2.194655539078608
0.07828581966846135
0.2953601976299929
1.132809676753892
3.18872365444519
0.10311064068066458
0.09722238460768026
2.9341718895898694
0.6641735298033683
0.649074959141795
1.0474727567217348
1.802026442582196
0.7715697825520951
0.26987826785113916
0.9508660363492522
1.8921068682764866
0.06950696967302077
2.3408285177402215
0.4548037484227127
0.044299419005573805
1.0873137521070302
3.4285897169398836
0.12352440766247756
0.11381626728135673
2.9404116664360505
0.5795889427045945
0.6803240427698584
1.1655925265599436
1.5389558621251491
0.8728013366013088
0.4640063881470787
0.5286115109845712
1.962853445220734
0.39826468921148533
1.5949869544456943
0.20269612113730257
0.8586903674504763
3.178622784614957
0.17304847567964998
0.08613772793641483
3.0374394487062006
0.4423559694103713
0.6977947285265826
1.4091219104702135
1.2010102636792566
0.9384173798805137
0.8238775245867991
0.031667178665150196
1.9966497665358496
1.0833600879084948
1.0731604459771913
0.17059166282448882
0.9857165930344538
3.1150002282427733
0.25481530021809123
0.007417795936497363
3.2330991297928753
0.25702015593302174
0.6987742202070109
1.8025906581104083
0.8989258678357788
0.8668526608288752
0.8565325826178168
0.42458429928224306
1.510376032256088
1.85785348521165
0.12081918964465574
0.9439670631355728
2.898048217551807
0.2555651999791949
0.1289413564098043
3.356391577597441
0.031165836414152475
0.6976313091306295
2.386072365306253
0.535886192258255
0.7493246340647773
0.8876936900214484
0.9800626212677865
0.9975449383566373
1.7259020419762454
0.1224451750451245
1.0843521383814094
2.6049230096790277
0.24478771040859326
0.3150241565009381
3.1852406789881607
0.20940632091896375
0.464585396855247
3.0147607747318923
0.11593841198659184
0.5700505846027483
0.6492741443607613
1.9568286646444173
1.3691914030850825
0.10910026383078457
1.2776586984316523
2.2645527716685354
0.22146733169531993
0.5418149005156826
2.932056425329424
0.47237822623496917
0.11889395527527939
3.321220526795292
0.4369073509680539
0.1780401560540204
0.6756940445165086
2.323600947649933
1.1706902659580458
0.12332579241132624
1.5322203985517542
1.9008213660425632
0.18363593287594682
0.8472124163206669
2.4441079065780213
0.5077793420118001
0.27758484518857734
2.6896212074298687
0.33702901886073405
0.46523842441315166
2.4206947899531985
0.9381631220202309
0.14949678729332738
1.8592648625353871
1.5348089034465422
0.1311122310353427
1.2577538086826956
1.9030572234177332
0.41269254897859986
0.785316977252268
2.325042729411065
0.17673519566629245
0.5285224676138418
2.7468742714311505
0.6831467503326771
0.18791742198212183
2.2746269165490816
1.1823831879848672
0.06416844743460394
1.7836590611472756
1.0946826612085043
0.30279148641694037
2.6747787326971038
0.004721693586642856
0.493083793357856
3.141355131974333
0.41702855969247926
0.23935519039707992
2.7867809736389484
0.8351172497210789
0.016502506929943157
2.434519068558458
0.8576101610483171
0.1819425882434197
2.8874985006577423
0.19470349727821074
0.34815626714789016
3.4047740785462746
0.15376120543073854
0.307849981185305
3.345685849778141
0.3929854974273955
0.10870871489030763
2.4414748292555575
0.05177176813827314
1.9698055671925239
0.41476208283467064
0.18014732117560042
3.4714721688625088
0.12467661534242465
0.26456705120352275
3.8398082640466655
0.07427957155993167
0.21457574371469504
2.5880998001799767
0.0825951505322352
1.8680142226849508
0.675389063650364
0.0033122547627301856
3.2720625579227556
0.4388985899219882
0.049067866611024816
2.076039149114226
0.32598428510267136
1.7081451724622243
0.22633462113046682
1.630200094002175
0.7690119813577384
0.18209850533208224
2.6484621003381768
0.6083500206478156
0.1664701080556465
1.8226650619410183
0.45214121382870365
1.6992523239055115
0.3795269412924804
1.3789063415341525
0.8750167799595358
0.38711142981326696
1.4336146762187518
0.6554320728351327
1.450544478088578
0.5147325373268948
1.5994377547568928
0.540264693288672
1.118202374621427
0.9975913274343674
0.6122518864397795
1.156469347752542
0.7647769654008999
1.4227640519232088
0.6224516224576608
1.5363785596885173
0.706741715202107
0.7234232882153282
0.9359425420174967
1.3607727515930048
0.742047512782371
1.2360730460581686
0.7289089222652658
1.4669686483871778
0.8772606482445301
0.5197981185972116
1.033691263463224
1.3283697219061266
0.8301266563557217
1.1571203494800721
0.7921537848803439
1.1454911682256244
1.066102826541075
0.8775280893392079
1.078416074557034
0.9177741459318928
1.0725003746592194
0.9295504400768054
1.0484116887186454
1.0010282926928045
0.9844694878290264
1.0008382873859725
0.8450445340777548
0.8296342443240158
1.6644555263010554
0.7763001958565425
0.9088463866170945
0.9177978627138577
0.9385746681339363
0.758677755376114
1.6645310872340193
0.7246135293361752
0.8760738116308447
0.583784244205668
1.4822878465993887
1.4715048052654827
0.5449557973970264
0.9627321703896962
0.5145547888417558
1.503656315904917
1.3732370462089918
0.3687316900109952
1.1460571560492596
1.3919120110712555
1.184958907400918
0.3164858899121372
1.0986555079835842
1.111312395831042
1.1812401638039947
0.9161863784423642
0.9263710734891276
0.9366290121741244
0.7829467785885201
