1.0078843978695275
1.0200232167242402
0.510160551860928
1.2768493096004199
1.4478683269607966
0.6318368979638219
0.8491171514167503
0.7228058774130274
1.6660774854350844
0.7265085465621379
0.9935818179818281
0.8092455927968212
1.3359472398316385
0.7622241191359004
0.805971801263948
1.3081653928872963
0.7698946780568643
1.3941172729088922
0.841056125237575
0.8850925092346814
0.9766417051570653
0.7941224654546145
0.8555802161820655
1.7014374050183498
0.7895094996986991
0.8116974693518998
1.1534692373752056
0.865029218460091
0.9274101055255838
1.3074577259353957
0.8642603832610475
0.8671963742459787
0.9278059521465811
1.3565644429171098
0.7960487958560291
0.8296042665024775
1.4944903260094948
0.8356252326993096
0.9042448108762257
1.0140618826345311
0.9924307157568995
0.9291202260560123
0.8469450097290634
0.8511626483461245
1.7084059338888318
0.8023280195368501
0.7912380589354605
0.8883611612746108
1.3324214603864013
0.8761572142595254
0.84082708860523
0.8998316923075006
1.527970423951652
0.7775126166418677
0.906735195569634
0.8870707260660304
0.7496203021700312
1.710998075473117
0.8165646419703689
0.7063782602654106
0.7775546537689806
1.8706832017867867
0.7203550763317341
0.8348761440388869
0.8856330830526096
0.6980240832672209
1.7811128847993927
0.7336939541253488
0.855293804446326
0.7542881018627128
0.6446914762560749
2.249472661055769
0.656554092692742
0.7524175223184489
0.7366948697655676
0.4964757696678504
2.3441033930607804
0.6423290765378697
0.7389638964811148
0.7070386962555748
0.5683976906406589
2.5209120581427125
0.5183440691070031
0.6534551533962646
1.257965719622686
0.5750129950635563
0.2998403854118556
2.92676549942262
0.5466210113261327
0.6159224439933116
0.5608655199959621
0.4075032094004942
3.0345151384627416
0.4285570953756693
0.5503270531852974
1.309159416358062
0.38787487956847144
0.22478665047015328
3.5207830184125246
0.32705329367605196
0.46273592208433373
1.265140371867857
0.3889472386329196
0.30907817867623133
3.5264315795236243
0.33799697996035977
0.4436520371052415
1.081573268162256
0.1446471090039292
0.36267721675978565
3.9020349249167054
0.21766600855385024
0.3523918566752865
1.1113445267387259
0.22305285791348192
0.36394172039970335
4.05741323830551
0.0894204124311141
0.2608511032729688
0.7019126916199318
0.726517398520376
0.2778420620558907
0.36840611780838045
4.0907320859639755
0.13744755660350638
0.1284813711295419
0.7256624928323626
0.2974749329935784
0.37896114374593387
3.849104504904454
0.39506182450778615
0.11472035465214643
0.35564003661639515
0.7824472501951133
0.2774257997459561
0.37388399083631607
3.8843966278408404
0.3299439886527478
0.1727618556714692
0.8303802458768905
0.2227859135768951
0.26975441180177134
0.39276919665269366
3.239177672620001
0.8511084215108613
0.3336165626025862
0.6534621142201051
0.6807299885576498
0.188961182038925
0.35203659518670527
3.423876734103582
0.7124213908953255
0.34700968403007676
0.8203302017351969
0.9240080657874431
0.13697615436580216
0.3011531798782728
2.644726545394907
1.2040461167901437
0.6527692508447795
0.7074479191360004
0.8649273133898767
0.9261794607988428
0.3279229301691506
0.024287536109996406
2.9145050981890295
1.1087734046764088
0.5950639846936264
0.7901193031375436
0.9660810078367493
0.5063852460674831
0.137354206231015
1.6698201951086011
1.6415347177657067
0.9743029089389603
0.7777198893861736
0.8729773700793297
0.9492047312721303
0.41049862769887197
0.2856878202011772
1.7979206352722383
1.5050466900913924
0.9070639989224965
0.8199306829870665
0.9282675684165135
1.0082915916878539
0.7217337547454716
0.22349830043201746
0.497099241788721
1.8256681448862488
1.3998775414285796
0.8964901022581164
0.871101036445526
0.9189163974587662
0.8337313378437505
0.5427766616524244
0.3302815930709563
1.994859740815811
1.4207494532786704
0.9441394669854664
0.27456444662608676
0.9987273778425618
1.2083475508064798
0.8528964862208847
0.8102774561635985
0.36963608803967013
1.8458791037206639
1.2974172884181643
0.9782980658797263
0.7519566034969231
0.37134175620590654
1.0497780317147596
1.122755040901389
1.0764381681644024
0.33438866541088835
2.1379635375796453
0.29162579535048
1.0680896531235742
1.5468347549986547
1.1309972058384503
0.21834065647495426
0.7394865364508655
0.8947691852973044
1.2155551747459485
1.757016145357757
0.5662720368752359
0.7247656421169144
1.416702541573886
1.2307280529023135
0.6565988161125574
0.480304550437832
1.816850371115746
0.34943931791995547
0.7929185262296694
2.1056963246067144
1.0384762933240732
0.31475051699357925
1.3177934440553971
1.3667026489769556
0.9052275991187407
0.2753502970496212
2.152515220176187
0.36525221516378875
0.4776195836173418
2.17607396728505
1.4490004169885031
0.10967166007291426
1.4614391325862666
0.11430036778531934
1.4362919104712761
1.1770701677459667
0.3009718389849238
1.9127491334112625
0.12248880116102302
1.5277280753394986
1.5819888504671187
0.4935163949816022
0.9269198375925088
0.7234270381708235
1.0186692512241597
1.1772316163579886
0.5461151196845018
2.063969081865236
0.46082806632782175
0.5992151417431135
1.004104226105666
1.7486335543592813
0.905858145593266
0.5407295710110148
1.395373237107694
0.5369433418841912
1.0673380416543408
0.9887079339521976
1.4729551527300935
0.9489299336664955
0.6655878067108192
0.4681050878684208
1.8882233044575523
1.1860729477373138
0.32922096266805173
2.2246081081958446
0.5356979022787062
0.028757974084822273
0.8473492699540646
2.298124198583573
1.1820723237875326
0.5719637518459054
0.18928445547398348
1.8071583514112435
1.4278496373722203
0.2916267082090729
1.9926035427017552
0.9307126712682099
0.13589728071384435
0.3179727427830266
2.450322862759274
1.6888908111654701
0.2712236723042301
0.48055103629465895
0.8320863223382483
1.0907082036884361
1.488208636963429
0.4420753347145903
1.9832723302583812
0.8557940387092655
0.17105831427205825
0.22296598465252115
2.2334856322343586
2.173758817028537
0.04224727615104073
0.46921103866977093
1.830158939236545
0.3132097915797929
1.4067343498837008
0.8419281287714813
1.8793390213932029
0.3920661910221284
0.158214043094988
0.9228694637614814
1.4169333809543279
2.065657588429198
0.2435417229451213
0.5389254748018778
2.0071526848362216
0.21322006303240812
1.1966336026268385
1.5032168319881574
1.096445416180014
0.5227488851836857
0.8505745756911454
1.0111096402664932
0.6811871351790938
2.412141675238485
0.442624756183728
0.3474037952052653
1.0586303647880235
1.7838214273107373
0.5131595927459859
0.6781765592406434
2.4629105711765056
0.6545554933272932
0.2067166801837696
1.7610299269024545
1.254393955626077
0.018899917982679672
2.996424900893501
0.13810788243866662
0.20470010540218614
2.3291355020330196
1.321193044936377
0.4928857009872834
0.23476555022772924
3.2023393116261523
0.22258392899680482
0.39333544655740893
1.6360751265659645
0.9894638707760048
0.6834806220236684
2.5049161887706903
0.11069155061070118
0.13568613233972068
3.435862986376404
0.9609903038653139
0.06475437420395427
0.7855667612447893
1.6921531241317156
0.9518618463693518
1.1430449954413822
0.696704311688927
0.8823455841324108
1.3407286646912542
1.7171998511482796
0.47472191088703447
0.1945804050053799
0.055521374851166046
3.663705794646108
0.16181353001277674
0.704507068684297
0.6786570936914988
0.7957666045706525
1.1939227933003114
2.041072446580145
0.10469733406394283
1.018124096774865
1.879187221809266
0.20496127403799352
1.610301183127575
0.7935408099299746
0.04586917452692796
2.592747558532736
0.5155028430355161
1.0643707613573423
0.949136925126051
0.3662144126553435
0.7104769303915244
2.3688277090968524
0.94854215183759
0.3791133827436206
1.0200610854089207
1.2816760286914983
0.7126068883230707
1.4858951732038903
0.07300130247385103
2.1143760750100844
0.9535827234844613
0.12223254330823839
1.7516727194836663
1.1591839154043537
0.21615989361590188
1.9636202208481333
1.5425597240949316
0.38023461823268584
0.7738452018088917
0.45272932246956227
1.3020562185233784
0.18770744111483031
2.4676396282397586
0.16435747833711292
1.0741079677542487
0.24669449032278007
0.9495733934175721
2.039736722998773
1.024041717691859
0.08944527264720269
1.807853725640244
0.7767272679511923
1.206151338908409
0.8058787516351241
0.8839964827932769
0.7157768515728841
0.6772461735766173
2.228707784541856
0.8841688028031512
0.7358688007278171
0.12412392160878777
0.48745182527216513
2.9466516846073043
0.8545578866960342
0.25111907724277915
1.2073155322044065
0.11848128220623409
2.3025028592414416
1.2877240444862885
0.38129228071661103
0.33375805882043097
1.6968191080571768
1.0261837081338845
0.9749137287013832
0.9959982668863161
0.8441154805835761
0.7056777883998129
2.4792846228934886
0.3020375368886556
0.4077072700161952
1.9184305045202017
0.21126147237992515
0.6238368185391506
2.464743326516961
1.5113457308749958
0.06405956497432184
0.3171304031297723
1.235422285173397
0.8519728754617695
1.594463511401608
0.9101359295735612
0.5828735697768535
1.801934226168347
0.8686969720249421
0.7079796198812577
1.1989224754872192
0.7857466873083031
0.1644306727803172
1.3306045915881246
2.1737127164988133
1.0912748884064927
0.03895135028554042
0.5869104385292129
2.3108550803225145
0.14752994692914298
1.4862967683686512
1.4551490826898792
0.19466872497210688
1.3711987404831059
1.178046328720541
0.9460697787419294
1.5574426428651988
0.0792210669266507
0.7345578793730523
2.917742637499688
0.5525383732497516
0.33899592523168876
1.8683238998654397
0.2655573132402579
0.5767753415416959
1.8999918698377163
1.0593870022628626
1.3117533494475273
0.4442127427603187
0.0912773047425925
2.8620874586564984
0.3762568878263862
0.7476734453005927
1.545043054080232
0.4750182539173666
1.531674842580603
0.30048423670145685
1.2445257895718567
2.1691364993349143
0.3083746821067585
0.3373054653835689
1.4554118890114116
1.8627393902480993
0.5281201232089604
0.8939634949798901
1.1382150286728838
0.6816478077039778
0.6887472155198363
1.7754367185493738
0.8267905575634896
1.322413150694589
0.3061702387682454
0.6346637576068441
2.099948187526644
0.6467200534999229
0.9811530782734312
1.2846526929805024
0.546260442445779
1.6757269211900105
0.3425626167232431
0.7606649178411553
0.41925389496578697
1.6151963387042014
1.401623423174774
0.74838992343162
0.9974646034174243
1.131498615038809
1.0373645897680126
0.7080532385107605
0.4624586894797295
0.8543954354709515
1.446778834656595
1.3496243352029995
1.1672927327627465
0.5807968131017959
0.4738718139994024
1.4104650253077615
1.930236342651522
0.3403330058246009
0.21841231646734402
1.0340526650508621
2.973367281145881
0.4836133315021106
0.24243602043779602
0.46741993888388395
1.0906554318844224
1.8925803656092262
0.60882664588676
0.6646529347761494
1.3238939179101386
2.0768599346323415
0.24003449175279423
0.3239943489069344
3.089157907436376
0.2156214496656372
0.47198163997683196
2.1944095325100443
1.289752038455751
0.14636526725158225
0.8789388689976505
1.5778964675605844
1.826064094450897
0.18807509914478784
0.528766549732333
2.489863268944882
0.5838013615467358
0.6956723025596797
0.7574042368798368
0.9148390278566095
1.4499971457287546
0.4284105031543597
1.9466018863110115
0.7526187847491204
0.5090704252578926
1.5210127062575962
1.4255047604290674
0.16311107948297782
0.8315472837734981
0.6404976265875012
1.1445572111439635
1.5259862983548789
1.0582724530666408
1.0143792704098111
0.7948346830363591
1.0584424839839965
0.08235950139166401
0.7897754468156055
2.8113019988627994
0.10509971577907097
0.8600668798255445
1.686559217248546
1.0754915824192806
0.6658520272448769
1.2163673863246853
0.5953165626207734
0.8724310944142262
1.6326134197638487
0.47225960042086507
0.8382352616904627
2.0732819782555345
0.9109309707618541
0.4299580952638903
0.9575926290729927
1.1905691017844227
1.0934633462951835
0.8000286310475154
0.9563592820770139
1.4146180713355514
1.0976516516801955
0.8061999953565911
0.3072878466838281
1.375643304867524
1.8992908794732672
0.5535611695758728
0.6359428859225943
1.6095626488419865
0.4727292569162488
1.2330351331782736
1.4511450594861781
0.6749708131486699
0.2769135846393874
2.0603484840556274
0.5082501787394782
1.0209154221691499
2.161375402219327
0.3523923140711717
0.6070435047440849
0.9170336059318456
0.4199668176416449
1.4820485832167245
1.4804019778807882
0.14122263426700846
2.1648863182889833
0.9839552338487672
0.30733869384296536
0.7725854433376323
1.6508403300530696
0.8408696618154788
1.5538219170964542
0.04741609826542368
0.9391173674119054
1.306294208108855
0.8374205036256582
1.330947380855356
1.1413885530792618
0.3536417260038285
2.036986857919519
0.2960212344264957
0.716423575263034
0.8654169349309913
1.7901790607355874
0.6712535517134179
1.2164890882507573
0.8582809324581498
0.37548015391244466
0.7287363244486639
1.6059581879174545
1.7542756345715629
0.27199599292234306
1.2565575400011577
0.2039904851656843
1.1032427830521583
0.9584748779746914
0.8578559391343922
1.1998079667743142
1.136910684836734
1.0835765283372416
0.46546546907115516
1.805488764919932
0.32175910224852744
1.6404957930873898
0.016907472264934293
0.8856605981150413
1.2451602278066307
0.7193803536374818
0.4916176899858501
2.468745761825717
0.828279102485349
0.7572788303480886
0.4790375320332809
0.2464684094986589
1.6781460401492436
0.6642388001076045
0.27702963891168647
1.5130948173433052
1.3588498849664519
0.98732715526756
0.7457755647579872
0.9957796974115943
1.6885718697598213
0.6875204008616468
0.9145557321616147
0.20308952906998115
2.230207504424836
0.1590570863787712
0.39898400359134567
0.7874067169650762
2.5040017911004737
0.7291237323509696
0.5134990509753349
1.2800948251619733
1.767622637977812
0.3605189301905653
0.5727683964945605
0.028173117231181873
1.314219286500156
2.0581800498169947
0.6644704360960834
0.9127192108009137
0.5569100386884509
0.41959897295424803
2.54276194997224
1.562095781826998
0.06175092457727692
0.13159068105085403
1.1680315158519918
2.0496447742627315
0.39161875921591793
0.42656671611700353
1.911775580911266
1.4929946200466973
0.3711869737410778
1.3066531800728707
1.8378481904374198
0.2957936225765229
0.3663801812534453
0.9712203650467058
1.2768969742991878
1.3181240194229282
0.2758798666396042
0.6982460463703256
1.939196622432436
1.5069880577666799
0.43368783764208085
1.135929050518721
0.5693044370484391
0.8145120012403891
0.9866900133560552
1.203816537739667
0.16741795479076196
0.7059965985681158
1.5623657232584662
1.0092974959799905
1.3719622016869113
0.9892516448172841
0.5146474080693477
1.74344161775356
0.5209574703293472
0.38737700164583827
0.5983582622933863
1.9167100698941322
0.418184318752951
0.17795247092303226
2.962074301940122
0.4735134383030166
0.975440444978021
0.7096734390288958
0.4918853134699607
2.6314890894693357
0.49516138950531424
0.11691000451474651
0.8614523314216633
1.764240659458649
1.1966134802408586
0.42530997410136373
1.0657770023265987
0.18100306347087133
2.317321409661992
1.0426954503507082
0.7356773277029087
0.8819434028974386
0.12930907624338972
1.47783890695316
0.9890236564221578
0.22885696792797217
0.8250250761076023
1.6246039252017506
1.3345577461812168
0.8906441305319448
0.7998940743639522
0.7880986217181192
1.9998713820285972
0.5093109612581678
0.4442931852554318
0.11081879933159489
0.5575604101356157
1.960417485638598
0.8967366014547771
0.30174979741574454
2.3622355209065002
0.844858199070161
0.8983741266015762
0.2706537558017585
1.0233072182530336
0.4204430418789116
0.9452466964301645
0.41452986923575236
1.0946554669672073
1.4448216447121147
0.5075799631228232
1.1424179893866429
1.9792055752876794
0.6753086437058043
0.5616757384680336
1.7759707266263984
0.48907198526968243
0.3001676417931874
1.8527985019869317
1.1921071841477968
0.5102801412887157
0.18433604604460926
2.2502413957905905
0.8958418958487707
0.9271921930674604
1.1953000502499005
0.9555037445705177
1.0135163083304877
0.4672720681299438
0.45829833271083903
1.3599957855860743
0.6320096820482834
1.8778276333064143
0.5525343262030925
1.0400087269926013
0.526260680925034
0.5097513976946698
2.1009040382837307
0.9676526751672435
1.1120667927318388
0.2787459858148671
0.8612046798953736
0.6889064760027815
2.360596180675292
0.42225792126691675
0.19849583391981063
1.70254013411427
1.2691322730226067
0.8217031675919784
1.0643009310269604
1.2219325907720222
0.8444602994253363
1.1348446751947843
0.8297409458040745
0.47401622785189
1.8704428361714671
0.17564942439248082
0.9647753467157385
0.9273549814378071
0.6584561301014181
2.184190179020974
1.1238660599714303
0.10408956356834483
1.869546646619723
0.09891508637945148
0.9430798308255396
1.2345799722756516
0.5809544067948306
1.279360316829037
1.4584380604870542
0.729028460297773
0.5670872307594564
1.2671170772399547
1.572902797673513
1.1621873550852853
0.23276755315584086
0.9970031709679915
0.8666904014594025
1.7281734145587613
0.09840549974426455
1.9754788664276854
0.29122807128415
0.1804227762284763
1.232469439930171
1.9107172522196374
0.8721634960305336
0.9549545913216739
0.3097511920927515
1.6139597247372932
0.0679964232094318
1.7995116621630913
0.3764754948915109
1.3738087405733825
0.8082939888786274
0.9037823395113276
1.0820100594493567
1.0926446830292755
0.9077865435479384
0.3687548241117662
1.3288819879056049
1.5195547163245586
0.7823244866159603
0.9504199440876423
1.0412908507918004
1.4841740249002868
0.43660600381544684
0.8809914009831552
1.9716212173817722
0.06827272588511892
0.4677775063120126
2.1043712721115573
2.0373414457824985
0.1395350656964631
0.1398415086517637
2.3088865213546788
1.0546107400809897
0.8482351974747515
1.2595317342899508
0.22093594448195666
1.5450674783389196
1.1210281903948225
0.40255146994928614
1.4391319315328785
0.5054277161289649
1.7821795357796462
0.36955626972474737
1.202303697084553
1.0565413413557203
0.7429005448780476
0.6961112238311158
2.178141807663672
0.7561173750658675
0.13127939486655177
2.0766951050379605
0.6250553625712479
0.4749286130378385
2.683346838399935
0.23636265038664855
0.6954964218676575
1.0524637767120266
1.04366294272653
1.1676500634173193
0.9790771511301675
0.8491748973437724
1.2280663730808388
1.2874558013155717
0.7476252641425235
0.9975302988087091
0.5912345980497925
0.5532410372215475
1.2887822606461512
1.1683533607953471
1.0941023799796545
0.9628073828832158
0.868176498176224
1.6393903244140724
0.9218558095232271
0.15839444878770925
1.6740367913594207
0.3262911660284326
0.9041346918533933
1.2075258147955155
1.6958859855945894
0.5826875996487124
0.16778372395546176
2.5616242058651526
0.8858559478330632
0.24096369776437027
1.6772716101578125
0.9020907598402372
1.0868921054460736
1.4753535070240926
0.6463939021496463
0.8553816498742275
0.2371448095871273
0.6650930692845499
0.9476178532215079
0.823369418463209
1.378935625150344
1.120297624663504
1.0159238938476993
1.1562759187916354
0.5538284969588003
1.4263382248473102
0.7872198851978666
0.7504301248535685
1.5456873173266505
0.5595772708241789
1.167038898760427
0.41576098738149714
1.0335858335303958
1.955452916889061
1.0710453740286856
0.4553228616160483
0.37708421746275783
0.7474604663923466
1.1072207050272085
1.7213510515222785
1.206186242429742
0.6032280175948611
0.7189406306730713
1.1723207610908224
0.6315835924286807
0.2539623975908046
1.7417850937388228
0.7064083672831083
1.093138423021104
0.8213535924961862
1.2692961670586345
1.8283432850301395
0.23421201053453003
0.505210937493681
2.104398419084953
0.7917484451464926
1.040676792672874
0.7070051198360677
0.7598866351437955
0.26854569121509325
2.034664456918535
0.9923650561770606
0.8236995405420979
0.6624423806939596
1.4989800093283292
1.041611576533243
0.8391135546438236
1.1602308625262803
0.7055389010657372
0.7794782045747914
1.0959326163886682
1.8101192592007065
1.033383464334965
0.01682829360500801
0.8783347377496445
0.5539334148655111
1.1167967889192483
1.9521213256994567
0.9455126197835676
0.40214507889285145
1.3011013830734133
1.4136231424735748
0.012895599698382044
2.2565704296146754
0.44662615944541656
0.4332791181587705
2.8049207711110915
0.19113455612549968
0.574337888178153
1.9385153767920469
0.7328364108007249
0.671148461523674
1.150458502297766
1.5746482451511878
0.994308760795736
0.578984441443839
0.32259312046938843
2.254607847997705
0.3032432172712047
1.533672574038372
0.0744514726057551
1.6303368920647832
0.8215629375441688
0.08823703197895649
0.5323566514284893
0.8331334715450738
2.59642176344692
0.2104002508504348
0.7324536808425376
2.6959408588920164
0.35538754516648585
0.765264332698515
0.04192766934394109
0.6103198917056608
1.4755203846471419
1.8481159207462037
0.36616724221967184
1.3605045192161398
0.5525719884661419
0.11584675827968813
2.1899423009055323
0.7614420453537546
1.3378117126815416
0.611016085435358
0.8389724403470886
0.12971100754059875
1.9067363870409157
1.0461382717010501
0.9165116139427848
0.8594677288444036
1.3024124797672518
1.2204955559528323
0.2424380138415827
0.9537312944355827
1.836721774890499
0.45985768329948074
1.4511077654879876
0.18130395810399041
0.6405546655074561
3.4340432494155264
0.0867084462447618
0.6086044437330564
0.9965909659413648
0.060314487357400824
2.621760148063648
1.1457243182371464
0.17386807941298585
1.187800962286865
1.2385168993303999
0.4308874577025736
1.811092602221445
1.4689176970251645
0.35919139523370613
0.31573558964116727
2.61239918840631
0.7038337786049393
0.11228173760638857
2.293981203994775
1.2594262024787195
0.4789321325416193
1.1175877476658385
1.440161990354953
0.6991287832779773
0.7701414599570465
0.04801791528576616
0.7846155816646355
1.0161728560689887
1.7907420354368684
1.2503115736603654
0.7553453543785034
0.462939842699553
0.14821511387054756
1.2919668283143038
1.2067756553330937
0.42799430012918904
2.3915862341243757
0.6100384575316163
0.05961307362208641
3.2132535029939664
0.8076208229323519
0.04617652583878256
1.4760879324405012
1.502397440300803
0.31424817422722306
1.0263832506112716
1.1862521878183239
0.572637072733191
1.3291414115548423
1.4968162369692561
0.9421149856944904
1.0528088867408265
0.11103277742896883
0.9167648678147544
0.927832801217033
2.3399742756578386
0.14581963612763307
0.20684966993335369
2.2053632965232164
1.318436097491272
0.6797919619595693
0.911365994786553
1.3030374029212177
0.921009607014164
0.4938781610146807
1.6486088882744179
0.2552798479165573
1.287442312271146
0.5315323705345317
1.1237543364768208
2.261118119491742
0.06385602607328959
1.3172329018476834
0.6133275033680438
0.004166043606656489
2.860769519991654
0.3527518513887778
1.0146981234517773
0.5709290866445449
0.5480782550227943
3.0590733616884087
0.10142135677947546
0.6338244272900445
0.62030235636775
1.1179154674285692
0.5981328094042495
1.5111372727372725
0.8192844489616842
0.7136320274446316
1.83121683155701
1.052582835812022
0.38601304663887076
1.6530466897703529
0.4753464063863682
0.621469447658368
3.0259794248736918
0.07234908782066991
0.12604839391569778
3.6564090467824375
0.9768940157501097
0.041134461682184875
0.7800662723229516
1.9915762468466198
0.947938382404172
0.1854361161969704
0.57283747052753
3.106969130400015
0.49256582129524884
0.3149300017112911
0.9981554967169257
2.5770348613156195
0.28971307322167367
0.8695603434062621
1.085729276673545
0.542814163654955
0.07702112440029853
2.6836303261342063
1.2089259198227067
0.08612767733235442
1.9151274904863864
0.8271558537174857
0.7719498931249578
0.4612047276804345
0.9464608669664327
2.356439873816843
0.6508754999526979
0.4367365935255076
1.4347628113036004
0.13929397548638395
1.6693672121237362
1.4649812262809867
0.6388214191574919
1.0165474564291856
0.9729658795954802
0.13841570103234457
2.302342826323984
0.649889291381763
0.7986833448863796
1.8881678392227683
0.5406186506958416
0.24184847889746927
0.847210846255189
2.571438117983906
0.6374580046262093
0.16320793060039246
1.3968697778358188
1.2134311124422208
1.8914568731081673
0.3955108851040985
0.3151217559657001
0.027218730873968554
0.5468756881276643
1.4577619427767103
1.4351222316303678
0.8562428712111347
0.6980385379003641
1.63816757507559
1.3534262741398781
0.39702866534631165
0.06548290166027414
2.190281102549206
1.460388302216682
0.5925681651353213
0.6345287125216341
1.3634349155564316
1.6874616276352692
0.01356746508158402
1.5085249581031026
0.06330677637206783
0.9085884913585965
2.9695451849926746
0.5507926615635772
0.3207139822736312
0.8235840474941714
2.2658392881810987
0.1514007383322336
0.6512811828768958
0.8467061387928659
0.6112273828211734
2.081329821264517
0.5819445450353946
1.4324669017989415
0.25109508795582275
0.5274385625479481
1.0739711836593286
2.329280404228585
0.8233344645668316
0.08036734539803851
0.7684763300147919
1.441243938965245
2.0317484644598496
0.20653457684484994
0.999392893222493
1.5124320291556257
0.03634275491160786
0.6206519325730901
0.4186438008773464
2.9900075532308397
0.579840369607567
0.30519712962247525
2.1119735049436423
0.1661014543682892
1.3757082037351314
0.8508642787947379
0.6719255610255955
1.3876245063922708
0.3443477783774672
1.1647924033307693
2.426269703724607
0.6148211346542737
0.02941517669269344
1.8630420648694817
1.8369158279856734
0.18511540246188013
0.8408191098194846
0.4138633386562747
2.5425790040560905
0.11071167070902509
0.43830345602506465
2.0136997443354576
1.200434766323679
1.157887438858143
0.23569798803454392
1.5423301707813148
0.42422951694114625
0.3356303315016427
0.8791525132829793
1.2731077839124256
0.3160532229051455
2.305455123988945
0.35812125917603777
0.8519216572022108
0.9074555921264473
1.1575883220213692
1.652611701107112
0.40817322007075674
0.8313473344739871
0.8128839921810992
1.8711697115097192
0.6070098298492229
1.108925309984564
0.3413590928406476
0.3870115596564278
1.8088667304239832
1.0141354730935996
1.4380425832229582
0.3397546888239427
1.4267600510074743
0.7665978076943201
0.04313431587114274
1.664795205733972
0.37320274297466416
1.0662311657268735
1.0297376948719723
1.0131539466877337
0.6546973652273582
2.5687014370675954
0.11893056270921892
0.41602862159662624
1.3168028606118511
1.8174242284415687
0.4302080653584321
1.4030384554903053
0.16910041664239692
0.3399440810704749
3.825747271957126
0.2371422644592395
0.29442146468171826
1.3515803284091985
0.5514541271351667
0.8639292930052634
2.206331710948902
0.39860649426474615
0.9578981002428016
1.5242947084340117
0.19287119833397343
1.6199804569337557
1.386055371541184
0.39617138067388663
0.4434241856903901
2.293412486582616
0.8240530981451656
1.1716801174678297
0.1525544145166452
0.7901755506418007
1.2706006196897839
0.7954508479221223
0.9238290496809946
1.2782958122938013
1.0998665008990864
1.0258278790262367
0.7819530323801227
1.0935327235680774
0.1905002950631096
2.3459187965667314
1.4281696751653274
0.013290045090586037
0.49856184417324206
2.8776719181416617
0.6510704250882596
0.7805204493990036
0.2601559961699246
0.6692420522120606
2.93214865508891
0.06077169969457289
0.9561475189132698
1.795198640983126
0.9143426316912951
0.4103694282905335
0.3988153529962444
1.0770696529325392
1.080430852799495
0.33930880085517023
1.8644578555691054
2.0921869590492106
0.24237524164300667
0.20250018556316762
0.2053759149857757
1.7294910272913824
1.2460690301179727
1.0997506935932573
0.31588586963124976
1.2050796407514701
1.7012752916573763
0.9452922739802625
0.7005861364111796
0.9534713907406774
0.7063198086237713
1.4034331600634722
0.8280487866568718
0.46399425100011393
1.6339304597725715
1.5768699663517975
0.8050146606767923
0.5611296749236689
0.02501740187476077
1.0691346074062777
2.140812494664276
1.1997026221197833
0.3238229886209733
0.8197590023974396
1.5226745321659665
1.086166289625741
0.8437598960025493
1.1476667804504022
0.681617961703614
1.3616307231256306
0.4697055805826541
0.22380620326178952
1.9497724927153581
1.4436587096111537
0.9303131546404658
0.08920016848236184
2.0554697093169114
1.2333880961322317
0.44905177945095676
0.16016729862537377
1.7182541273304417
2.5814463678132835
0.13557680822948168
0.13749994959093567
1.25984282440032
1.8983612492721762
0.812022600152438
0.744207344254821
1.477779122316176
1.2283359109013945
0.490816635309687
0.2519761791591286
1.5985447210831991
0.725552808458039
0.8529488737563586
1.8390884975286135
0.13757148531435665
1.5248749727542739
1.1763056584565739
0.5748077720211214
1.6342403775398773
0.4859219125290499
0.9938331102286843
0.29639275717968483
1.9109088637961653
1.1650499137453352
1.053363440861566
0.019950519149401394
0.6001510441895401
1.1855703432902094
0.6990376980796759
1.7830458038662669
0.3318343267583887
1.410299021047398
0.897816751043603
0.9023645329112372
2.042793416191132
0.33155670811921956
0.1332509730643587
0.20837190368101505
0.49599888244379625
3.053357213699348
0.3769392615087578
0.746110635559571
1.6303167942697228
0.8236697946047997
0.03602002471729215
1.966234187934596
1.7140738375763906
0.787631115572359
0.13558860476264536
0.3012883546515246
1.9281994927817676
1.3657888842855141
0.7179118627927457
0.9495622116258732
0.1648976038268333
1.7421494987595165
1.5042828496246672
0.926496206569972
0.8603643061695276
0.4729545568270487
0.005996436851448797
1.6831615120520396
1.8906085587870738
0.13510814251224548
1.5400185052347368
1.5755478233298026
0.6960528370748323
0.4878533421453007
0.45163440776828956
0.5939410504016651
0.8962023317188896
2.45657669385955
0.11841919207510015
1.2666551424358903
1.7158868985106401
0.04359326589541228
0.8792361297530403
0.9146739897301887
1.0811460658555072
1.0813097904690867
0.7822246551756928
1.7779470540776365
0.6267055946334827
0.5886297797418389
2.1910970440213564
0.20427287578208098
1.20317959876859
1.0800472503904857
0.2863939483956597
0.520805007297517
1.738059916668016
1.1385635348334473
1.2488873738026585
0.12412396200090138
1.6185266351859642
0.9705737709925892
0.6720159235167957
0.9953491698376274
1.7580536117031205
0.293057836809096
1.36019776016142
1.4819683966656216
0.3980602601632015
0.43217878500745494
2.372976095997551
0.631814303800116
1.1341766840468537
0.20750333803636278
0.6494001725043597
2.8895459279913642
0.5159648240812891
0.05592400019719201
2.740063608349946
0.42725461948145904
0.9812646931896013
1.505580147768268
0.2865618671100219
1.107666411588866
0.910689371505541
0.31887377787722015
2.120982758380519
1.6249975297894437
0.177084341309019
1.0849161160288
0.8402856025676281
0.32759272401487144
1.8736261577352993
1.9095532309600536
0.09240518344903378
0.6407292319417482
2.1560268621297003
0.36831148841146044
1.154709836841351
1.7006335084260589
0.2371791914970785
1.0657585937247187
1.2864283717661709
1.232399118911734
0.36759731393381456
1.6217488966956068
0.43889479001511017
1.2926415158313909
1.5052972001010423
0.7247482244847577
0.2740315802967239
1.2027900067606052
0.9137308015499797
1.8374128924963211
0.7683009851898301
0.16127805116456195
1.5444552241318414
1.3105047445226694
1.6236772088875326
0.15926096522350922
0.14084369804238547
0.18470837270672616
2.874523797765944
0.9178306429005176
0.8821201234138398
0.11022297989689749
0.4175002780468051
2.1100094967202194
1.2712196545064944
0.6447506832208665
1.3708950222915062
0.9013115828967879
0.19404011740166657
1.193287790770179
2.3564074079537143
0.20342253300453858
0.41086171519742826
2.3287879453324907
1.1940814458065192
0.7201455072703791
0.6248668718871802
0.3439847398079074
0.881840663717167
1.3115961188235068
1.5334141949173952
1.3814529433074623
0.05183080961588648
0.8741230485802851
1.8931533698071974
0.14104117202223918
1.2077124583160321
0.7721265410129965
1.6953782894080605
0.686677898724868
1.185041031431667
0.6519453156439013
0.5455431955838184
1.3539830005128324
1.1137745567819461
0.48679926882024743
2.1767870738955453
0.6521415432965213
0.14459412069867295
1.8907639015866753
1.1799382861468712
1.1574719524463084
0.2094584104854101
0.7942734344978816
2.5431899358370815
0.20777754785399377
0.9264490495725543
0.15608622638985503
1.952998167657295
1.2949111038280032
0.8861977235446119
0.7555651319299591
0.5703345522852751
0.02411382966229631
0.5856332987117558
2.836905599954191
0.7147562038390235
0.4508242680632486
1.3429861042090567
1.4988854255435928
0.5557033233134255
0.5502510338593903
2.0807000976516523
1.3042602668695729
0.25030822781550843
1.0263912623725495
1.0698745467321409
0.5171093031810603
1.662391445372435
0.48676993641560895
1.505519309341594
0.4873177833293297
1.6493126908219589
0.23682238053680008
0.7006530276134209
0.2626352075599576
2.1224702271638605
1.719621911876568
0.25238612061136223
0.5174032989403625
0.060488741030411734
3.095558783044947
1.165816792833443
0.1855539414424933
0.15733051427199649
1.1541895738547419
2.274132606798934
0.6418420094221583
0.642656748930221
0.8116141937417143
1.4484909084524624
1.039492177727089
1.5148412198714032
0.07685481332419035
0.7732064367339452
2.1159187137045876
0.7126432388408086
0.5544861795169302
0.6146754801715676
1.2395280719900543
0.9001224781860461
2.1809325668821127
0.2605727742631817
0.4866747957544692
1.892872916201674
0.38744607601885594
0.8862145595073737
1.5916018133371985
1.025552997457135
0.4565612130658538
2.331393349660978
0.18731543524523006
0.4624731242036186
1.407465544034311
1.5176117686759267
0.8338854406932812
0.7767651353828249
0.36970614841789534
2.150769565376209
0.04016985545159692
2.1125092739852147
0.1501264465339821
0.032603359891308824
1.411913416070825
1.9637330385205047
1.126931613702859
0.29062762639751466
1.0996791025100896
0.5264069743633942
1.700756709493934
0.3177522764188249
1.0710081933708995
2.563498439152571
0.021302702629825983
0.7923764663035485
2.3000899143549387
0.404672269107635
0.47424810080644686
1.3292449109701772
1.724234002186116
0.810344135737085
0.6776301440426369
0.5074815821852003
0.9490551748167447
2.2747359452485694
0.31388654499280816
1.1370422871783437
1.7331707400677578
0.0807222280786274
0.35603955387453284
2.5834292560683196
1.0006379655765807
0.07379312263731103
2.4247967040369014
0.6297466114304959
0.9989556606008436
0.31135582717885707
0.3404798218903662
2.5331254524074613
0.6873903606925217
0.4541935676748208
2.0840337148965964
0.41899627785083293
1.4429890119176276
0.2535101933628025
0.5020637960240375
2.2923422353541247
0.46192875851632825
1.3571497151320062
0.2406663875265891
1.1711019645277754
2.4215176800803553
0.21205300143224348
0.18307570151148764
1.4733223301427603
2.2307208109235583
0.5241156153493376
0.7997155276041761
0.7526761938328088
1.3982295509945062
0.2991869564170022
0.35656611649188036
2.168620563365533
1.744865235748583
0.1936704607590538
0.8970988800093865
2.1275928375560853
0.010312716661374151
0.9222949251758324
2.6591825556548323
0.49160978537436534
0.3252035577354858
2.7779915503654875
0.5094811649187854
0.17311176211099674
0.6768355947982467
3.277252720155956
0.4371737956835547
0.23216455531596067
1.1847832922163486
1.8975013549192432
0.5930410538553588
0.9584899708946087
0.5761743725780272
0.9644158418936462
1.9472846804066157
0.7575438660825154
0.7741146556140024
0.5723642178451621
0.7556500433145317
1.8070630299250012
1.3433503657830843
0.6954225868681041
0.032048457743621576
1.5650793893382149
1.5066990644173037
0.7809762690372944
0.8279394763616973
0.5830802364159425
2.026873948914346
0.4956629292926496
1.1761576283897057
1.627190102346677
0.2266205176985234
0.12250382999692311
0.15710409554458407
2.283031707430868
2.076485330889767
0.11392704034285674
0.6595129192498197
0.6061519909678633
1.5522060860625881
2.012430164666065
0.28672130250701083
0.4695000615301827
0.8628784116160323
1.9717416554390739
0.5479576225940836
0.6601759459462002
2.064797843383764
0.3939495645265829
1.1232237490935828
0.9647691296437669
0.440061034545992
2.079064043911141
1.469775752751452
0.14716372166354197
0.30278907507704544
0.3891812474804261
2.69521144737102
0.5881858407714244
0.8270584708895331
0.33029360321643925
1.7573554309929742
0.3682823098751106
1.9577722554543173
0.49440390520848965
0.3033685056731477
1.1388286378229489
1.034924330425967
1.3838817766559066
1.2825461266273188
0.24761044477477706
1.4634444633369215
0.7673105179837786
1.2737877561215178
1.2505373235331427
0.48883274449982117
0.749812692484047
0.3144247711848739
1.5416746762704638
1.815853802134545
0.6518128440492267
0.7430223744170125
0.6008742185135328
1.3851115077248728
1.7068689351257982
0.05569229773021989
1.5202451202361587
1.111859364571431
1.286265992207348
0.39534350570803545
0.002645450504906892
1.347427573569242
2.499605501759868
0.8006556838275394
0.12178592549969715
2.0038782358894456
0.5259084631504615
0.2884539125181975
1.599792020684178
0.37532550999555037
2.39447036068527
0.3847767019495257
0.4033226822435344
0.560335998904157
1.471152603138798
1.794327630299986
0.17619528080333943
1.4402254311240512
0.6025517688103174
1.382545303867302
1.140577952466469
0.1120944070255713
0.8733671580156563
2.196509593962324
1.1508210092741178
0.5928402686743758
0.27039695305319045
1.3465073968820773
1.4419023368790607
0.948087163839593
0.7496777823510131
1.2892891808439015
0.3502239848368371
0.9374597363985449
1.7749380249195899
0.9410290123391144
0.9538401394889361
0.6845404737292405
0.8158220304919188
1.5448281630386778
0.7457302009325351
1.6023075427915487
0.3664205530641786
0.4130750279059736
1.1488215732053537
0.22570673554820042
3.189853699395105
0.15711794575155627
0.2956037865721503
1.0280241551297704
1.3350871506772262
0.4017076494410348
1.4904736554574505
1.2480824751955513
1.437014569247352
0.07603587160097404
0.3032138497377166
2.378599012024017
1.4211447309733902
0.407932963970358
0.9774354739249127
0.0673607329442238
1.994064976569071
2.2431560248184597
0.10719756188250085
0.15800016865359495
1.0867051332089657
0.30768758127893475
2.911463152619511
0.6502888574065573
0.2430025610150311
0.9310944562389842
0.9569855449509916
1.2239915993860015
1.1490829171100732
0.7096949172028086
1.8397673774910341
0.3251179894606572
0.30539306221689877
2.3277906768832493
0.6283011736368885
1.3107101403050565
0.9240334344372642
0.061634152559801016
1.8988853080371293
0.2917634568191985
1.4223493744866633
1.1673340965816066
0.6268035158696484
1.1176048969718315
0.7641190074821976
1.0440400149760853
2.108147918523252
0.294214539692177
0.6831057663068104
0.07201015459281694
2.1570102414271917
0.5573452209831613
1.1271034822073436
0.39605468713692477
1.7983603524317568
1.0168026264737458
0.4336103791702788
2.021542926144051
0.3951775151870561
0.2823675460287199
2.492539692295981
0.1814203987948914
1.1023071159931144
1.101033463663271
1.249898821047087
1.3100676127178064
0.09600579740659686
0.6841437436403388
2.4554530677765487
0.6762944048816952
0.9996326306673952
0.9521283550780448
0.2324723462215405
0.8780842315840596
2.1915317246866173
0.10282340447392584
1.811036699995551
0.2577886406342227
0.5173535369928624
2.5303809820725998
0.07423523776268727
1.84893556160234
0.13831449683961677
0.18029378278670546
1.26830472169984
0.6699169410787259
2.2505446363319503
0.1280971143067271
1.282492385811272
0.943426726238228
0.0703131245965321
1.48183148077785
2.4307824668808933
0.5646068064563883
0.35680199099522847
0.8337027153951377
0.30458094733427127
1.2259538693106484
1.7754084552257963
0.7023255110386379
0.8414618797180983
1.333102596044935
1.1238906474850159
0.9018025775604747
1.1490659725513335
0.41396962038230817
0.2312721723964759
1.997445182998694
1.4776398178747185
0.8533022240143319
0.5324215850821544
0.13980105410131224
1.8973935498121741
0.34390787314245636
2.108118012899647
0.49820760917774565
0.4196444117521012
0.534663227083736
1.2920706993093087
1.6154327247041511
1.078277904257286
0.3166507163830175
1.1753245992822985
1.4491893604741013
0.9213551983193332
0.706794106419312
1.5002212008371352
0.3588838536935072
1.219388073058438
1.2481765415172468
0.6087539535959618
1.6950022977799655
0.09440742971866614
1.5406947639758586
0.45179385164979013
0.748452747454342
2.2941795320631972
0.8713442099676463
0.5004613401881286
0.4735079853133637
2.006090392479629
1.001265111424504
0.17131010989988407
1.7109857890065878
0.3395635083919362
1.4012780685390225
2.028656441648077
0.441678929393086
0.09705638795342203
2.635508237674322
0.4039752366617109
0.8934052011720358
0.6953290464776706
0.8695159558009381
2.391906504124642
0.39251211791404506
0.4629464374541417
0.7144386533479198
1.0941200841175573
2.4475116822480967
0.37095270405989056
0.26862935828185525
1.1237506076737016
1.8122374041586928
0.5465936794638462
1.365338764736678
1.0263053038935928
0.2672067030876623
1.2076601976832704
2.070902955954903
0.238990517515178
0.9609807676106417
1.9136899668232437
0.8852840223082699
0.497590873086637
0.44687049360788533
1.819249329672617
0.0546538768334316
1.9332482540256908
1.0685553025719006
0.5593836320795058
0.4706601558734241
2.8953362004060947
0.08564976918357207
0.451056335501329
3.1706826703951965
0.5044637674301587
0.19423163955441455
0.9264122375461329
0.47816067757827296
2.967993947386603
0.15029812888240068
0.43820718446629303
1.2676796947930447
2.180195624851552
0.27609397369864186
0.6664120117107025
0.4605526466811477
1.6797396886473062
1.4423147753157641
1.1210179001834313
0.03499072509227803
0.6651880915953275
3.0994209087192837
0.05988213034526213
0.7599721635254991
2.859453501501452
0.5151320324494868
0.02594149098457244
1.136756652288173
1.2056237638945184
0.9139597852660667
1.5820341008878085
1.4265983026913929
0.19208812229698918
0.2825144375630902
1.016249780398792
2.4795176098762757
0.36435136520034767
0.7012404213431225
1.1996867349913583
1.4209500679500628
0.9048907568062342
0.332062423826252
1.6297485460653411
0.7346391208915524
1.3441246933558986
1.2906200367994713
0.518165213615733
0.3000409380041164
1.6843743513104237
0.657239386789109
1.5236773460011395
0.5095966772782503
0.7442530086877263
1.8902446305419502
0.9078902056189505
0.9084162857154562
0.240647625953148
1.7371772387278746
1.3505238837803075
0.37104370406700204
0.8669893510497088
1.759929676773734
0.21604243966137068
1.745743955334149
1.0062276895614
0.5748237942303277
1.3653659325362364
0.5334294817622526
0.8867102844359585
0.9480778912165485
1.8139192230258456
0.22595512731914294
1.162358081127246
0.06102509295050962
2.4766836469698075
1.1723802739029654
0.2765772647475555
0.11309690380463416
0.5292509131763636
2.85012471666952
0.5646552797527213
0.9610242026779898
0.6729210831414837
0.23895701409759762
1.3197513093976116
1.0389128272303167
1.771850406243665
0.9430483235080896
0.30136783840605047
0.15414368299616668
1.9565835522749733
1.532707718619253
0.5013099643675226
1.1312304125773995
0.7984485251477901
0.8720649926596669
1.072998677630932
1.2645186889660633
0.9113564303665418
1.0975620917195972
0.9790581660433781
1.0713328932534043
0.932177073917104
0.07915882925374088
2.122446780431049
0.32803771663766873
1.3087264951354591
1.0397882591025254
0.6410997707924894
2.0508956052814944
0.16331557978397665
0.43241364474633986
1.49607081628579
2.188661889338637
0.04920990530064139
1.3024825278533128
0.66681711660438
0.3187604856143582
1.9741914945557288
1.1340823693315096
0.8703752823358757
0.4026576833834115
1.6337014234576777
0.8142839688404577
0.9606396552865981
1.0449445338215704
0.912467294751465
0.710093084965012
1.6894182557795532
0.7800831452203412
0.9543671960760547
0.8623023036260574
0.7290476757703002
1.398598547773295
1.8409136331264073
0.3891264415131629
0.01784747255559706
1.5351438066630598
1.8621005975404228
0.9575697230190605
0.5353604831736581
0.07892828178850429
2.999731813352675
0.9289623242676961
0.3221848679138876
0.4158380602959308
1.6198242282658442
2.3413451757949426
0.01582240270455193
0.25696256990490046
1.0603015241424207
2.2512709836138525
0.5664217961551499
0.8302375198591011
1.2163851383859918
1.3351159144418503
0.2878945430566613
0.9073868147014783
1.0253900780204983
2.250234052184373
0.236851843232084
0.24430775461413098
2.3438980066053223
1.708892078771445
0.4089863946365576
0.02824140268501661
0.8384121214463588
2.9638394781834685
0.6057135201490372
0.18804928223289832
2.115267548426245
0.1284772097085054
1.4596916957220176
0.6270796397566692
1.0317225544635649
1.8503823700581545
0.7655333455349637
0.17358538103187718
1.189099096838553
0.7892186533872356
1.5472472388160492
1.446195275499822
0.42217877427046185
0.5313668123330231
0.6477495784367181
2.7107702252542936
0.1981765571051737
1.1060699806611707
0.02681758083194243
0.7645633563086451
1.4948157463198233
1.483006007752881
0.30339411406666883
0.8024199691479568
2.9618903075839684
0.1740861272507854
0.5606037676565896
0.9102857890378844
0.885374819976911
1.6695406333809562
0.7827460900192773
0.2845584864765334
2.5271425718951166
0.2660124506028282
1.3015011982502827
0.20083071430474694
0.1304980543964921
2.7745270630615435
0.8031977606598375
0.6879181676470808
1.3558367253563672
0.9733961210387011
0.15136165668098076
1.8979783971533388
0.9707035311910532
0.8688026020196075
1.0214208219312941
1.1109333196135358
0.941736494103526
0.7208135113447448
0.7150621098270701
1.6161158697624187
1.713937052564572
0.14481632367793015
0.6198643464414546
1.2512243607880151
1.4660343375277785
1.38625541144698
0.22434159625249814
0.7236856996831051
2.1438296590192536
1.0373805238088518
0.4585118567565892
0.8482386139386252
1.187165215100284
0.544046154276202
1.9386689031761046
0.3898989312455364
1.1057752207467804
1.3121701202397695
0.5021649653478183
1.0085097656053
1.3744678047047434
0.7442216590685475
1.5213762455187445
0.6040352413346048
0.9612919882689268
0.4877874756209999
0.8559714922932524
1.9744182185916346
0.9175436706166618
0.7727251961690551
0.6326682534504201
1.266307716502525
1.2591617164507127
0.06615494208825774
2.2299029474104253
1.534477156012805
0.16630547752604977
0.446508975258014
1.0132553769929384
1.5581793337640883
0.8310580118220564
1.592581895126934
0.2692198252759402
0.7518506534364121
1.6589716980073932
1.0908579638802514
0.4981445557303149
1.5086597483968334
0.5704265648755708
0.5661081993446552
2.56770797383384
1.0398371931036106
0.14448996096584119
0.5737186350674758
1.738747444486833
0.8635490004235511
0.1896067749586171
2.581890715230754
0.5136967205641857
0.6510829512202894
1.0027109758366148
2.0382902749210823
0.8263498095042197
0.18464857118590447
0.16812630039400525
2.6880360089106676
1.275422029437788
0.28880495698340475
0.5702068187875805
2.6685959002613258
0.44147405049299276
0.7924980404955536
0.5409247562026825
0.8986689283670115
1.6068481278253062
1.5851434935972033
0.23741031598786297
0.9254216835270224
0.7265753909160562
0.9513994162276702
1.7813030380396122
0.6448444138690974
1.1094415411413372
0.4309869974235843
1.3068792415112216
0.8901555251218345
1.1775300304824652
0.8328438873555193
0.9751341137035151
0.6686454976615641
0.899056136506958
2.379486636534315
0.5275826890922314
0.6806621775365207
0.13785522028735164
0.34712914437719744
1.01754778794556
1.6573865756133388
1.1940291249503103
0.849438433315133
0.44057206309810465
2.3627811230679634
0.3231107694842832
0.2718534426974352
2.9488232409326964
0.1958100442025772
0.6506582981742288
1.0258422346882798
1.4607666625200868
1.3481400409626154
0.4146154381246725
0.9795140612246055
0.7267968213809367
1.3643215303257434
1.163183365755423
1.2654560424327597
0.6134489312807816
0.410194557408159
1.0382043724566636
1.3940608362940505
1.5325444192098079
0.5346194716970718
0.8082760332841443
1.4615132531179256
0.5889847241709107
0.4782176744515241
1.9222177000836782
1.1374559168013973
0.5184188255861333
1.4835240878125469
0.0721273103076792
1.5364539088522904
1.8773836184526247
0.1654658237359958
1.6759953442742306
0.08306604585718531
0.610047175063698
1.4991012919423992
1.649679572362242
0.5171212164814825
1.0295848232014513
0.9376052401166677
0.6078581659527756
1.701866917127591
0.7984743173212085
1.2943052919280411
0.4652254959589935
0.3932911018304717
3.078751729417673
0.05796946209337132
0.6083965511203953
1.1212847678265372
0.6637971479654872
2.313165335011065
0.16456180011416985
0.9768458177408504
0.8919417497133842
0.8541569802566844
1.2205386963100822
1.2899081153177976
0.14415984771130844
2.512183184637577
0.5400872024729247
0.32801826177153864
0.11899142538223963
0.6804289308518517
2.247227962963885
0.6561782941375347
1.2061374835198087
0.9677748906609221
0.5018445520048871
1.4625806707766218
0.8498073522859313
0.2705941773846536
2.924335484124431
0.2978776099560302
0.37515185459484524
1.464662891017079
1.27511739019201
0.8020578605796463
1.5226801622499062
0.08124380490389471
0.9197147079451378
2.235149255546656
0.8603214820569172
0.20087920210000007
2.2458340765587996
0.33818907215610444
1.0153694033277771
0.6032997475996918
1.0325116789468738
1.1712255570993628
0.8602954962115333
0.7994254683346129
2.1462697721466073
0.4321455367636008
0.6953004356565368
0.7873338814092486
1.188456190200028
0.9868295972556239
1.0969782137324913
1.0642738473179285
1.2254098413324392
1.235763382906173
0.1408278308001154
0.24932425553842696
0.9873465006489907
2.611820792226273
0.9023556791756939
0.20347085081020136
0.9623569690070393
1.804857850694336
0.5608613682046213
0.21561976847698525
2.838967787437575
0.8256057224355213
0.37964552231534016
0.8573005059943236
2.115098542421213
0.8887688343587793
0.0067376877996067714
1.9594877164173394
0.8419828565679134
0.325045826835227
2.1160467198838804
1.0994676591349675
0.9658305662979293
0.4135130132797946
0.12712989457731294
1.459723819049945
1.2699803855446616
0.7385764712404727
0.9795335396793392
2.2166255198268017
0.13591796278261245
0.9207491050961892
0.534098981006839
0.6227799307885644
2.9472623310329245
0.20307510972556914
0.4770635433423535
1.9514920136985419
1.1276618778962788
0.2565720714690546
0.9776063770937807
0.2636013991583587
2.6055658383924096
0.6915203594066544
0.7911639933335333
0.424109294665129
0.3489505395463393
0.8032583073518378
1.2670145718868473
1.2480196673339807
1.467411419165183
0.8467891885572433
0.1366301154055188
2.045956439571647
0.2587837730524203
0.863016304704494
1.0665135365291907
1.1743555605094982
0.4561382658858637
1.9260853732486714
0.9742078289715363
0.7721794766316835
0.5371847735242221
1.0134539212555655
0.4278585462124893
1.8578607597194974
0.1264176718366793
1.5945003048418562
0.8568037476726562
1.173362760888152
0.20614483840448125
1.4343039099319697
1.3036620969707937
0.9007348981817418
1.0977723125234322
0.8216109761672838
0.5823128939211042
0.8609205013933592
0.8643660721875976
1.9923918280776731
0.14258395188180145
1.2114812172325786
1.8240136656535633
0.5432802119404567
1.1176006144532522
0.5010943340984406
0.3583687265155444
1.6438129939140078
0.5740896147650417
1.8578936007336169
0.3630482481584773
1.240518012579004
0.3754805006946604
1.1244607705062164
0.33661206206703387
1.4799266855447988
1.326863919631453
0.6112365653592482
1.1992326376593785
1.1117923943246755
0.7992464065049489
1.5119274775232152
0.5588761695778737
0.49254580861002994
2.1481097399293576
0.6621026189471579
0.8192134710113834
0.7717975391707407
0.9270095300126535
2.0380301835060193
1.0100833429670566
0.040564116375096916
0.8560849932198875
2.0490351996852736
1.0970064440726932
0.2171398678885806
1.2437283054722725
1.936378167912301
0.8244051072702686
0.08503593179161024
1.5916927974856083
0.8587252690806042
1.8096982625710518
0.37475959311476353
0.5289870027463259
0.18300755718461914
1.6698042137463982
1.2513216665653482
1.355359637718726
0.8080904864901272
0.29553305798712526
0.8120538196276174
1.2447271583327
1.009614588621882
1.6576072990155637
0.6263506245607342
0.5053813164990919
0.824944790244249
1.3718581040185267
1.820092303883634
0.3895379856300053
0.661798923238248
1.5386058394774265
0.9146153812222829
0.8067776284908603
0.8721457689259183
1.0822344430293196
2.1045359995420307
0.3386507592069147
0.19339806324806105
1.8046444828503663
0.49459703927638415
1.771762995970581
0.564803594801902
0.663732276581115
0.6476035575623131
2.6495020092101083
0.5296750475999346
0.12213525342088047
1.365921954047199
1.4175520726377298
1.5255800719224164
0.15141467012150095
0.9032259721873387
1.345270519479274
0.7495704493275354
1.4927715202649021
0.8509394071835439
0.8425588709268865
1.4295577269131001
0.645992518327657
0.49081739054986745
1.7798842606354222
1.3273551653012041
0.6871337767553377
0.10487846547262566
1.5126423132445699
1.1553986525171211
1.9458422982675314
0.046792716697360806
0.2634840032860522
1.377383477137402
1.2166166275236532
1.5196153488827555
0.660497079706356
0.9520145490357845
0.1746483694556285
1.1954975636208736
1.9862812583713745
0.9052223833071635
0.49036740250964095
0.6919883698008145
1.4981025062394604
0.835624352091162
1.3893572953322453
1.239558104213547
0.3190418803342911
0.09027839399268613
2.9067552926938656
1.0346126680483692
0.49945344260552604
0.432594184552097
1.3181803300962684
0.13759849368664537
2.195632238902614
1.5785415417681667
0.11871966554340821
0.9844034682468283
0.6436329393316049
1.0026569286666676
0.9440708606838141
1.8611512681347024
0.6090751401078283
0.6300013823882024
0.4302496945035842
2.1890981321580134
0.6046660238919519
1.043270218914351
0.5056230032826448
1.5514548662498804
0.4405207043686944
1.2051697400315966
1.0635721277820283
0.9625246840052635
0.5122413637329392
1.6821850178223665
0.9145262252041312
1.28884811478688
0.2618498396093784
0.498393266163816
1.6604272568671716
1.5388212664000442
0.879511743537533
0.4927757202773594
0.33460846263161276
2.118382814861236
1.2886518882619673
0.5383379148440284
1.2156591966286563
0.04279377742471614
1.1296369630299943
2.269868582913456
0.589772196614607
0.8873897789144708
1.3623329967141484
0.29330855011976836
0.501451824963106
1.6736179434276643
1.8275536768590024
0.3270626384417836
0.9588345497778092
1.1289970423721483
0.5346165996190232
1.3168071491622488
1.5098415816474506
0.6684697358751208
0.9798319875797803
0.9108316280389189
1.665820053679119
0.24046359407413984
0.48488971562145794
2.75290845666709
0.8582238617429456
0.24000237291749865
0.8608512844640026
1.408528266418941
1.5556205880359026
0.7225900432737368
0.6761274138648902
1.4393499375940968
0.9224199595561947
0.13834389380770992
1.4972791150387985
1.0234936470536422
1.6721085109546967
0.26916735571339234
0.7095260066805605
2.851865927399306
0.3039846289111723
0.1717391320818645
2.2367249135943044
1.6143912944922474
0.1310773327141188
1.0697488362703
1.2012496404725792
1.4308446399639516
0.49323317656075316
0.8887251795482448
1.7527986688560933
0.20675965303699845
1.06255719775046
1.0848847140814548
2.0056073243090764
0.49629805565077734
0.3252394208503866
0.8579780936428267
1.0655478958878841
0.7559089362082088
1.1813222152195666
1.7290568194490166
0.6023607160170729
0.5619672403112367
1.9826163118286726
0.7719074064532503
0.6346451236187253
1.6350686029646966
0.2687477918511577
0.860642458365694
0.7137589791853102
1.543760591460156
1.4518394916791655
0.9519991142562214
0.3234254715396745
0.5068161089490045
1.890393923201906
0.8007958597533846
0.6369571445627673
2.5448344034123775
0.061969796955109915
0.7746268849552961
1.0309799015668364
0.32516774390973263
1.8449561759637456
1.4935121665336342
0.48021747282969107
0.721534440241659
1.4515462298439372
0.5659044627622387
1.2446636146551397
2.1463386887201645
0.2958842919717352
0.2803092334594655
1.4739576864370754
0.9264391480809595
0.4281501248806472
1.952070606525557
0.8351064535738633
1.1911583873913643
0.2597073498988179
0.9296839709800854
2.2023933695503257
0.8548345091435678
0.17546738177162366
1.1764895621707396
1.2507332731612903
1.3284316427151017
0.3827572265536868
1.4479216831967543
0.6643528329141636
1.2852543615997776
0.9545930645219384
0.46477788181818736
2.119096163969223
0.8342428725198917
0.3538035864109212
1.0094125631587925
0.9677317722967336
1.4204332339289123
1.4329585422115507
0.5745856568631764
0.28235971327556436
1.4887847394163094
1.4541801642592962
0.1556612780189396
2.3089077563158993
0.6086954958053639
0.564617976342344
0.6738194184553179
1.169226368288307
1.442219544527176
0.40506853428205447
1.3944766520420162
1.1552703437588532
0.15735565969148013
2.3168041600962943
0.7017913814318211
0.8735546549142358
0.418793586601179
0.951326101903658
1.1104688315224938
0.6547824552039481
1.348606434106323
0.8869953257312768
1.6653783717254826
0.4183978637150625
0.8249898656495783
1.636581081183261
0.1446206060346883
1.3181648633262093
0.8941732749318319
0.997407117888321
1.804601973776654
0.41417170187984376
0.9771080150433148
0.6171508812263143
1.0641341754615978
0.8224200552891395
1.1386884352411688
1.1853855220451597
1.4918294394856846
0.6182897038734854
0.636506242942406
0.9957478838712964
0.32738295594966443
1.9426815371534059
1.3901630720333877
0.21174961875808856
1.1072553949830968
0.2553004467671664
1.9776696547265884
1.465305518287855
0.5030113134330874
0.9428670244778111
1.0013149916754982
0.17803449789158537
0.5591268219087215
2.6078820378060943
0.8077846984402413
0.46968592046823043
1.8608125223124155
0.8050921103407256
0.5002379964806064
1.000276689109598
1.0029360968364902
1.2474461978986278
1.553794953973194
0.48418878017745365
0.6841922116403959
0.9021950111787116
1.0516690802508175
1.3522377822997154
0.470878311298645
1.4981000536788665
1.7545175181537778
0.35406841069614337
0.4961383556577463
0.5229682856055363
1.541919532486198
2.336810036407024
0.1423347112864291
0.3357307380606842
0.6660906507470655
2.139572583679789
0.36017695874452343
0.9991617127435247
1.9965330839652284
0.9283264008122819
0.3646036494133665
0.6500326172300683
1.4249086687450678
0.852228592407058
0.7600357758722892
1.6538694803621856
0.8172751842071256
0.7545812824116536
1.4936832848158943
0.9176177608820841
1.1241509418334605
0.3706596558825929
0.9717284746719663
1.332314290425968
0.3954379808518885
1.8053507259392887
0.6038460551087137
0.7528242301443695
2.1765471973808124
0.0856021724613861
1.1450063844474887
0.6460450257389809
1.233162755258583
1.1471577234976826
1.497702970333144
0.536439769384745
0.3089328916624974
0.8196759484492154
2.1914727462367645
0.17250644708217772
1.0151742077642405
1.0188382795844135
1.3522666238168086
0.9239705923362097
1.5475171544612192
0.27024500567481374
0.6284461749263105
0.6298632227817321
1.2775340139271096
0.8841064181916661
0.509493189562485
2.303187086233652
1.0586224416610992
0.5612052829621649
0.2759386731758033
0.348108719570224
1.489117001862508
0.6133984147470131
1.2283223629853384
0.34667850659919863
2.2175286674847836
0.6086357406791633
0.8694777136695245
1.1188350411969938
0.035669773057689085
1.5738443779529248
1.9496103882824214
0.29227271849792846
1.4548931510415102
1.0465149375633311
0.028432245159229822
0.9319682395230524
1.3911150819432856
0.9270306301674416
1.060675079271138
1.9067393721018222
0.041124179517429846
0.9376616978705231
0.6577650559196242
1.935335953366886
0.8512091932158832
0.47736742784478287
0.43653839097424424
1.1992590535291083
1.7714026381711294
1.2576587551689946
0.4007054348838733
1.0742430900676083
0.74772834180222
1.1627005193505848
0.2330241047893071
0.10752606113700507
2.507970205218368
0.9258386706716327
0.9038562103002808
1.203960539698705
1.067003796475934
0.0921547093476821
0.9865815545410469
0.574880603857263
1.7802573278725071
0.70214544362232
1.031606511338629
1.741167691111101
0.24511383858281235
0.4908487434135642
2.2398479589129665
0.8597900115407181
1.069173909515446
0.3591005396701059
0.7384045315032604
1.7819019810589252
0.8130449325094992
0.8489363186482136
0.764991124074272
1.6675600867633265
0.7527754832659547
0.9438579273691465
1.191692908801146
1.14693349013717
0.3210764753045563
0.7343197981403158
2.7735326644077025
0.28650363208020635
0.5078983541913058
0.6128906565679542
1.8827625198403783
1.7494235141057113
0.10693618203950128
0.8119344539409666
2.130806639843048
0.8195906240571698
0.6285794427019508
0.11913458873493041
1.2697761684518576
0.6823968795585907
2.1211339901815838
0.47608901124288494
1.0190052704642865
0.5590747252015784
0.8096148123204862
0.7524327316871912
0.9633419147350831
1.2538816986915131
0.7919801248616657
1.4942815177289936
1.2386815337127022
0.1692023534992663
1.878375742856767
0.5734901381964117
0.8142433504726564
1.1272570025517268
0.40999026724372734
0.6015931086062216
2.283679186282853
1.4846878315899805
0.22464362620524192
0.5965873294890216
0.9890901665897709
0.861518022378353
1.0610156535938253
1.695338121484223
0.910287061806191
0.3824359688966133
1.82593088349091
0.3648365597859787
0.6098681262623333
1.6581540135413508
1.3811926578585618
0.9771590254135228
0.6496266476308256
0.2825657402073901
1.1297240176197183
1.5114425771363598
0.4618959450360669
1.316756858516873
0.42914058666769433
1.9123573926742103
1.176262729732182
0.27355204294762553
1.575400389693848
1.3116356568487113
0.08060849877675723
0.36582482604831174
1.6430131157989754
1.5778877544582885
0.5729950311108235
1.1712606513133363
1.1657974396591482
1.1483525015344984
0.5252659074034862
0.7966682242889461
1.0696985273995196
1.254115930210001
0.3233831388539009
1.1282063662716593
2.1135612009238414
1.0150953342634221
0.33379410214662203
0.46085260921101573
0.9334198115268332
0.64100277782022
2.3412852423032646
0.3117177177844224
0.5705794729309861
2.3423876239063253
0.5996650169636026
1.0919317706132237
0.23751681881138648
0.6564545493856548
2.8396473922187853
0.3600633559359807
0.5662700409036744
1.6151495285847688
0.25940361939555073
1.4153927191322415
1.281835896333109
1.0508390228259665
0.4478860605240115
1.235321547804683
0.38625706166578716
2.625254687373481
0.26195175309363516
0.13624147277509438
2.1113542563744145
0.1514630406780874
1.0181760646164064
1.7418895885093402
1.2390745502376006
0.39481135478050283
1.5943093144077451
1.3965112445757448
0.0032012651490188277
0.09231631946474665
3.8297962650247817
0.42542792097356485
0.37801436151526346
1.0718713502363508
2.227827704805837
0.4699743575110665
0.5664386745096801
0.6368130919510886
0.4110889133315891
1.6916513717387962
1.3333739216012424
1.3248315680164569
0.2086503110456422
0.6937633420374023
1.8383922796753396
0.87052928658563
0.20207595229525446
2.6251014200554312
0.22206786155065583
0.6923554304190125
1.2720186083073268
1.4505696526995178
0.7774712674988912
0.8964745290423507
1.3566977489157306
0.4954228980224924
0.5088233092226485
1.0632289221307165
2.8801799566150366
0.17589707425310372
0.31068031813746755
0.7717492970833791
1.0574289665937773
2.5591249288877926
0.13456715758246715
0.33047202659207214
0.5799522312876774
2.8313073494291565
0.809220466217932
0.27233254522020456
0.7843978631784245
1.0628716625467587
2.0383752002762567
0.9982993030630343
0.07167443542911657
1.0983628474139058
1.1624103126788066
0.7261523944484959
0.9153044724070275
1.7396167832378933
0.7994545142586277
0.8426587134926382
0.993455127019712
1.2193205385223354
0.5877024699665742
1.317058119489374
0.09089445440677175
1.431273277558384
1.5175284971076082
1.0254674542190945
1.168045026522736
0.43241743350382045
0.3845361928176169
0.4392513836856123
0.08871259808584166
2.8982292219580508
0.9680386375980806
0.5041999397961645
0.8320655356389938
1.8240266810821988
0.7436808950800753
0.3785766635305969
0.9111590633602906
1.484230916591988
1.3448445343848054
0.6342150818947361
0.8172728716919977
1.2573461991794381
1.0335152502860914
1.5801856274864439
0.20790939676821657
0.3033272358274978
2.18151013774538
1.323409046282993
0.5995988567648025
0.7272420842314011
1.597891396324994
0.27994739941478475
2.166791696213351
0.36623902003427644
0.14909410532301554
0.6149653121305777
3.2748415696321524
0.6301466551363583
0.23719957289770788
0.9384391268483049
0.8367986478657956
1.4277897082720739
0.26382626682582705
1.8077931169057047
0.20814313757779643
1.8901677444660523
0.6866602426349411
0.039600778646949
2.214413522435552
0.4551150677325874
1.1766181478115376
0.8667817858953092
1.6364904326224015
0.11319456874166302
0.6606585101127216
1.120242193698501
2.064861242882389
0.37794502561626675
1.150563595393828
1.0282458332954556
0.5214015389368685
0.6909031322016081
1.646949177168492
0.05246014264626824
1.7345095205676075
1.2402802710898866
1.062692688374289
0.7060948299938395
0.550637282853275
1.7639405471758622
0.03939640507316931
0.5928145931046721
1.7456906853431176
1.450149050304262
1.110733241046603
0.12418463650704988
1.5112664398972562
0.4113868815812607
0.5080599474037212
2.2309683338548085
0.7369561722915907
0.9455351393423275
1.1494787621385203
0.882913436377018
0.4997895912856379
2.1141482068326503
0.10861084664386161
0.54763457216029
1.2540213327369796
2.325296819238584
0.6122529266016163
0.05591338282154086
1.8495148554279834
0.6286333315241815
1.5279064144577164
0.9752517380341431
0.42642610437703654
0.0594222083976916
2.9706749574580638
0.9556751415830276
0.6430375800132156
0.2999327444897628
0.37542966286611495
0.7985761369347082
0.3708033188488617
2.946066888500894
0.9398834903289708
0.12844085561479182
0.2706149106147931
2.911678961579264
1.0738777668108386
0.04392208059917546
1.4305789102846345
2.4256000397195394
0.08204717986261335
0.5975895604316331
0.9239809292046285
1.9180901828372936
0.7459204077712687
1.3025566070218557
0.22614984389979556
0.5396856615942336
0.13658638244300103
2.0299458626066156
0.20469724228039596
1.9076723824123352
0.2768124011008201
1.2216953492635687
0.8719933507991086
0.6845795439427103
1.192813119125128
1.003596428911549
0.9218262926476791
1.5226447533804153
0.873050634145596
0.5335186167108319
1.4514477776743135
0.7069246687540421
0.32409379460349047
2.4977001457223653
0.6497252543429506
0.6047361002397063
1.6160668722155556
1.1819605456384497
0.6105980282049099
0.24115194495101422
1.3837169284840445
1.055362590102975
0.37316669083992354
2.7543292706398423
0.3936599281028914
0.403385603437069
0.39267532292652296
1.6590823284020693
0.465919607436668
1.447879886012254
0.2679021317415847
2.1810387760676897
0.7929898119453864
0.4438075772410937
0.7744718795874911
0.6094021082774655
0.4856457226167818
0.6476230678888125
3.438609456461666
0.07060917964329791
0.3803502677522744
0.7115643272972879
0.8400248765582834
0.7898062412279965
2.14621453178194
0.29554142620795315
0.9960903550152657
1.3213822640428552
1.43750016066191
0.06098562410630004
0.8362596837269806
2.82159096109087
0.2990759431638115
0.6543000492029325
0.24731650408962785
2.400617437044143
0.29657232670621947
1.0936058360431986
1.5409404689265573
0.08338351983021718
1.631827116954389
0.7855870231498476
1.0512895399629723
1.408600411949315
0.6660801849332916
1.488398772877878
0.13510315322690172
0.13226403968673905
3.8896772952015093
0.2955388157479812
0.20686880927262888
1.8791848170995205
2.309009822388563
0.18217349174120845
0.037693594225140056
2.9439073728664096
1.7115612875880284
0.03942198348103134
0.08323568080245092
2.610105887067378
1.2522088677876226
0.8340637355418468
0.16468668341224282
1.1870923462782863
0.6878298293267779
0.8038981923378639
2.0124293276699445
0.518278223729676
1.228179260787899
1.2822308852361117
0.014050367197561711
1.583660068511157
0.2560049495603501
1.0258169126824719
0.39254445179932035
2.6950235544777104
0.4742544634302627
0.5892097792542825
0.2062268395925695
0.28547316573117154
4.220086226111947
0.05463518073701616
0.10476625754626781
2.968606042855827
0.1378956898599283
0.9751527118443647
0.47708006565066574
1.659632062099757
1.5414265226088202
0.6801912011822034
0.07349448177046383
2.3524141667271006
0.8545233080256898
0.3214625982643689
1.0859013568116833
1.4862545596331942
1.0228450214219849
0.8885305467048695
1.1593240093943136
1.3500873037985825
0.512541678101183
0.3391426525536441
0.2823026520618595
3.8772055438117974
0.17115059028663973
0.22127993924312642
0.6874668418777876
0.922180892077679
2.0082893136546303
0.22138234377880397
1.6877649647367834
0.036515576456392744
1.3129481667682947
0.6690907047079258
0.6410436007490509
2.255673570481139
1.3081728548526355
0.130387871269888
0.1205694596531945
1.1470634867213165
1.1075991477697937
1.8464209157227331
0.6953483710200106
0.39154554822944254
2.138321920451084
0.7000373907743858
0.4408021658624318
1.6958678300217085
0.4856139056281608
1.1115687698560395
0.7935855598122704
2.248900911304158
0.14462859342588139
0.1865270450305117
3.0127587670218365
1.2677167894432815
0.1561658037444007
0.27767367077553273
2.2441084800048463
1.4338605977517311
0.487109718734745
0.09623974248892694
3.4519532286305683
0.46119490938276886
0.09961666994251202
2.72613191742704
0.4521553459334537
0.24861004751095914
2.294161648561151
0.7324666603784363
1.2998350803479959
0.046133597253378164
1.2421431946109927
2.0437112299539453
0.1912099572024436
0.4383202263626611
3.404929854766718
0.5134984066822426
0.3369186465007195
0.1606531392811987
0.21524537531774451
4.100124275390543
0.14804764981958474
0.2112696647330519
1.935588186283065
1.0779375680866987
0.5847192506136756
1.5271427969399576
1.4918143085708653
0.53876979385348
0.24810953111006834
1.5917336335706185
0.9286516886888959
1.2913611566665715
0.4363071978138137
1.0296436308145838
2.309118395051851
0.08706316781320368
1.0389711894844005
1.1946108479506163
0.8531295804404229
0.5682989215254123
0.7137195474195263
3.1448383159719606
0.16944724508156955
0.13468237885715692
1.1499483004871638
2.418550825286071
0.05015743860960942
1.5210813038293485
0.1402320952852874
0.7955959449819363
0.7000320749459104
2.967489546584651
0.10202910296463859
0.22482270186566106
0.5660935715380703
1.8390206398843352
0.17120839770358173
2.567865600034396
0.05146228721360068
0.23756103867083012
2.889316831321384
0.9753238248329877
0.3066257446752238
0.9914167948764518
0.7415778203756905
1.7997898883000865
1.5802415379675627
0.16136983123237855
0.1909619164747871
2.7854552807801403
1.1675641752272177
0.09532901927898109
1.7705569701820794
1.7037150512496293
0.23491082866336457
0.2970313730017436
3.427782056793283
0.34062332110103694
0.4291570370844682
1.3955931492019193
0.9807653562328152
0.3959357546578419
1.3896722484196007
1.0371138859323215
1.335679380118203
0.8379386526100501
0.8197214182807951
1.5005450519768362
0.28334359534298115
0.6539438065905104
3.3646986775156553
0.18041574997035784
0.1773040388050716
0.31439691245058266
3.975688857585544
0.06759741396600037
0.2244165728502955
2.0102239754024374
1.4222892395855535
0.37732921580578216
0.9984419367241326
2.2770515124416195
0.28683882791212334
0.6632414987112932
1.6423096175760488
0.03883144470553254
1.7448033999448522
0.09697325162471639
2.278321243773872
0.0506364929070615
0.5670701670937492
1.6576316575706158
1.1059860707067282
0.18567606917883545
2.7348884988107804
0.436027405726909
0.25658604875580243
0.41137499034214453
2.9405660934913094
0.6287042154267624
0.5276389360723316
0.8321959269882232
1.1442462551587385
0.25015919732665143
2.5933521330149967
0.33356599654398716
0.6954341870350591
1.5704766346724626
0.31445374204747595
1.3235943554606215
0.9612147731987697
0.8331232419229748
1.96566757554374
0.6732425060550629
0.2883392507472186
0.8332949490904739
1.5713263366736627
0.9070445016936519
1.5663782436761537
0.48494639528604094
0.39444045899794294
1.2838520410234437
1.616293587864911
0.7499914672958187
0.9655600186163369
1.112761351561161
0.046636666066876414
2.512079819665144
0.4313972038664512
0.8481815187487919
1.1190282353586287
0.4274308795002655
1.5954587851772846
0.40202408446750704
1.6071659912679708
1.2411197989968148
0.5261607682118012
0.9508417478081274
0.2431780504341491
1.71819000579552
1.6311965320039012
0.6428784591513188
0.4844367200782553
0.46116027185405695
2.2851491324109876
0.9848221071239195
0.6110155823085685
1.04383962745429
0.17818163591011063
2.2546709137172587
0.5652728314438716
1.0316105038713135
0.7768566197967832
0.7153785890169867
1.4760421814840188
0.8846063123352804
0.39330759353323225
2.377132161353951
0.7698345565392001
0.37722819508592254
0.8805969877673704
0.9627009389157095
1.1770315522970853
1.6422104136081799
0.5261497680405456
0.4432222354535202
2.0015713963474218
1.3149611060646806
0.4236823573769203
0.9157016294497345
0.45036106725188
1.9373328078698477
0.7229821403467036
1.2342064609867052
0.2866856826823121
1.0344474638046024
1.305423411716097
0.7067703147168322
0.8933676377383105
2.3879585381259734
0.3820510856053497
0.2109156408292785
0.5438849328341528
2.3189965411910123
1.1102894036460282
0.5606416301716914
0.5271087789409962
1.713061673343713
1.6849006657130676
0.2284870126735385
0.7760690841568535
0.7683577400737367
1.6701409444852955
0.8731101280802901
1.2782242708876606
0.22103827121111158
1.1909649366819266
1.079355460828921
1.3022078049467685
0.020977127008793218
1.3871937709494129
2.724993812286697
0.09177763367080172
0.29791707639917414
2.7179513065690646
0.7729176610099224
0.6652253153722119
0.6137179314852139
1.431807533120604
2.086644709285548
0.02882660407604808
0.632333501360782
1.1253656653174495
1.4624634957398386
0.974380839066946
1.0935942897947981
0.7529110922365715
1.0614701528856512
0.4763982065829547
1.0012254876926978
0.09195280339617214
3.4669629450562933
0.028187613672430615
0.15173510055635134
3.1283339622178055
0.4502191439650116
0.7668645889471473
0.7225013107542524
1.1332190219946057
2.3186026364545476
0.17129905057212635
0.326114171295999
1.4394225716312514
1.2975103872555906
1.0490397862313332
0.9351849567509629
1.2518389242604557
0.9765358144469786
0.007715819016487773
0.9763841649347644
0.2098728498167434
3.576059403639514
0.07559088322888988
0.006283732227647655
3.487744761978858
0.1533627844536423
0.8568945710260589
0.8403036868468312
0.8842352939612848
2.49340498583571
0.36720109360217623
0.025025800460185404
1.6988186397068654
1.1553194514983627
1.0764356887626256
0.8831394340077315
1.5275210237680992
0.7068597246216823
0.05493511038882078
1.0872343097707113
3.562624808390935
0.010524680842397858
0.13087428246326951
3.4737757574154187
0.10958641820985897
0.8532732404585648
0.9393682662420614
0.743337262843688
2.4851071110122596
0.34804454663258805
0.20070316969019636
1.608448604319426
1.030830775440216
1.0642161485940165
1.0064684055735729
1.4675193661801391
0.6743303085999522
0.19491023951220746
0.7932259182290567
3.5769561700571817
0.03536571056750552
0.1995027067952791
3.280182949861219
0.3154842687703979
0.7150006844869684
1.0091363798672779
0.6733745116003353
2.410896447000688
0.40136766051615086
0.30371487090383104
1.4888456012420268
1.0579083180282336
0.9157040742383161
1.4087245197577953
1.0229347665743507
0.28612919252372115
0.8344043846309482
3.270013440523164
0.052876203270008935
0.24849670321855766
3.179815356054193
0.4518097326043183
0.575938287133185
1.0762145571529873
0.6749485240166101
2.268642451699561
0.5853985374339857
0.2547574108561089
1.3742283692885664
1.2543451643545511
0.5985238648938573
2.066183256449906
0.5255865106478886
0.2296625883505858
0.907887723301213
3.313829268444901
0.0387317065638218
0.2886732213426163
3.2116363076879386
0.5021886214414424
0.4458784808460776
1.1418802647725579
0.7658299849712474
2.046463249038747
0.9180420576637213
0.05870963970937262
1.2672487852352068
1.667258808008213
0.11040405689442928
2.1779939390132403
0.1784001610568796
0.6786138793011631
3.356371060421017
0.014033740448478172
0.30481192070014435
3.388939193613457
0.4548151203497193
0.3360005015413738
1.207157805722537
0.995566965349605
1.6375620456419906
1.0675663606713885
0.2806114691685275
0.668693199392536
1.8324715411775723
0.5220834833145463
1.6919633984952027
0.14554951413448866
0.7774593154761463
3.295868777936757
0.10652677353973505
0.22411263375366658
3.6485082918073592
0.3042246129913569
0.2552744431034202
1.272208281014596
1.3641414554220628
1.1579972526570617
1.0964655363408444
0.8038236507007737
0.014033880934702045
1.8273319230617262
2.0936517378426114
0.09468802651312218
0.7940050797086592
3.183214684074082
0.23460450510389014
0.0799077387441261
4.036489466320194
0.02362866937323475
0.20791388531814037
1.3358194711165297
1.8595388506053738
0.7633494992850821
0.9307230623298814
0.83160251458086
0.6090501132662983
1.2564414038053278
1.9428039273747482
0.09308285288225081
0.9257280814080604
2.9040111192471114
0.29337268578583553
0.1318221660164136
3.762765556851328
0.29821119553248554
0.07092123008995949
1.1519644881950224
2.6161893445711577
0.30342038818972894
0.6754633677848795
0.6013598401905124
1.807019591773522
1.533654349642938
0.0876385275551911
1.127416495032616
2.4943003182862973
0.2692649151680615
0.4195312151567417
2.971764272910093
0.3524446094231479
0.3975587942220085
0.46586113995028977
3.147691995170572
0.25978063663172146
0.3756069017283537
0.6477648429939526
2.114530613272634
1.3039731925430877
0.10286094231359807
1.396160466238266
2.0615821308477713
0.22890006069300053
0.7954875472782083
2.3001135353652225
0.4395074790004449
0.6451658675343792
0.20609973416718502
2.7496500881982175
0.4101138902240176
0.445666381811817
2.3033737779740364
1.036019282200725
0.13159245038622405
1.7446135962518894
1.6339700054876196
0.17075795001742605
1.2709423871372016
1.778714679951985
0.5178391310610237
0.5639816779300194
0.9158777593539834
2.3519269060129386
0.22798178281708661
0.512482733492735
2.6571087341086157
0.7450243184579799
0.17416125205730065
2.190998996674554
1.230834902591564
0.09318257996476592
1.860184735803945
1.151554318987639
0.468665938683779
0.44586151750789993
3.116776955264649
0.0215447950158904
0.4944868455868803
3.0929720009348842
0.44486069232595926
0.2307096877126429
2.758207135169379
0.857417514216875
0.005704183574571165
2.5740005281805556
0.4074309154182284
0.6232801692951608
0.291304167596642
3.0647703042111334
0.18930602873234745
0.3551525078949768
3.4054207718392697
0.15225190069699437
0.306673163208852
3.372974940082952
0.44351327340927604
0.10866121288246847
2.837015296941924
0.8126308880291648
0.05028085818362225
2.956180282256371
0.4340953669158509
0.16906679086880752
3.4514612773248485
0.15302383370814113
0.2426810884906849
3.8938638550769715
0.03518913242251657
0.22920735313552884
2.820492694793028
0.9242298068112972
0.10325735363423695
2.655484804434633
0.6967058174050211
0.023819305678179067
3.19451549957078
0.5017699943751335
0.008854817332806374
2.4805814231909635
0.3695589304126459
1.3536984113269153
0.9977484712187378
0.2756769661023267
2.1494895469802815
0.797406635137209
0.22854482258566391
2.4870995329399923
0.6411710919767342
0.22840583662265
2.1264228048225347
0.53120882395955
1.1904186951612294
1.0875661583643614
0.469012196817459
1.6760413002564845
0.9159370016388301
0.4549100874582479
1.346170728167484
0.6906702466321728
1.7040694588816454
0.6163913946266065
0.9103382944978753
1.1944033629657003
0.6837487695988634
1.2394608979234558
1.0529743565885687
0.7034032875355601
1.0445118788350305
0.8097546845671368
1.708351025530736
0.7689307288847408
0.671655624987703
1.3189762354198362
0.9205026183690773
0.7190185247473067
0.9813476734383081
1.3452574198057168
0.7822828506979929
1.454922879567982
0.9275181682582333
0.42499624357198235
1.4620145627648626
1.1800595132858573
0.44111066842202545
1.087401362777349
1.307783814050055
0.8754710004353629
1.3795721308827624
1.090498070341001
0.16749743214054735
1.2313264195875466
1.2423078916969428
0.9635123180075188
1.0346689635214332
0.9808899557469193
1.2742092740249558
1.1704615173768462
0.08615786306243009
1.2410333487107217
1.1785251534279098
1.0551318025652177
0.9495221465657934
1.1191540158568036
0.9228556631733984
0.8806350678657545
1.1637422215984061
0.8792514646965041
1.1180352054593363
0.8586403451203247
1.265339161015484
0.8190931862416088
0.8102858212767654
1.2797813876153235
0.7958273311527786
1.0586619169120308
0.6653932658080886
1.6644797646436906
0.6363874789572009
1.098414526596425
0.7068495723030082
1.1497423485617926
0.5847725606943963
1.6645655353445463
0.5760377745093589
1.0820318315719282
0.4245319501564239
1.5330392572637512
1.5242529865662873
0.3931739930386671
1.1717862988446315
0.35302727591266564
1.5552007240801513
1.4664098682832551
0.24867344668187275
1.1723247734319073
1.4812873975169458
1.2189850345490156
0.19558214363872323
1.150413183344084
1.1671861589427193
1.104461945330395
0.9510342379236337
0.9637900450149404
0.8850366444664395
0.8078811733527728
