0.9842231887477737
0.9976196345047171
0.5674439452693605
1.2386202296139788
1.424320882588599
0.7053748231865595
0.7541352947580099
0.7878145828612027
1.6661004958363153
0.7994393305413413
0.8975172827809585
0.9041069544854936
1.195193722128289
0.8521227766155501
0.9094948776394538
1.1588202456081211
0.8680351457663756
1.2483601730436957
0.9683760967375603
1.0346664229361768
0.6124333667162063
0.9173576930132511
1.000318706738091
1.44209330956061
0.9190811613234564
0.9624569245426186
0.7639527866798832
1.0386826737888937
1.1357881894046205
0.9248747725082586
0.9451640610074327
1.057397413606294
1.0507626466302267
0.9386143123725642
0.9683034568726876
1.0321851706081662
1.0851454771947948
0.9230943602916166
1.16159135898299
1.2018242460072759
0.3583879558857133
1.0619537376099977
1.0961558014622597
0.9790754472335863
1.2690279172886574
0.8974312488316971
1.0345434254183377
1.0830121024726134
0.6685243690989003
1.0167424817656816
1.1567111167341348
1.088095121288307
0.8880981945170352
0.9127036335174362
1.0628700704449296
1.0694762860507407
0.9510400607988578
1.0157985369373985
0.9657188087938623
0.9884674257635375
0.9722061702677619
1.201137650896825
0.8634303875604451
1.0013325541232085
1.137778771196216
0.976588276319226
0.7956315512025527
0.9385409981751648
1.0891355224270503
0.9381086038366144
0.8446325643991123
1.549490776735905
0.8082963795424144
0.9304840106501308
0.9898131044356977
0.7687804131653868
1.3617675893320982
0.8488894874426653
0.9725070590298873
0.9472892376489545
0.8256756245729662
1.595212236226942
0.7111879923719128
0.8732263017912826
1.1934754127884837
0.8310571984891354
0.551866348201251
1.9598603345740446
0.7547476514058399
0.8493223922943091
0.8058625232570804
0.64331875023998
2.121383405140894
0.6239462617926114
0.7655930651037977
1.2480802147079717
0.7258110892091899
0.39273479054774685
2.4560175954521917
0.5620121825074017
0.7045247579881649
1.213037727379147
0.6501035312056898
0.47253126103009674
2.6621895221719516
0.5330483169103519
0.6589875795048005
1.288355794661212
0.46971752916568127
0.2691342678929513
3.136890973420523
0.4381322696314269
0.5755916354471018
1.2425041824157677
0.49163176824517507
0.40096140998633634
3.2668454158834845
0.28653665326708977
0.4761461986842544
1.431795206675964
1.1168040577459992
0.18218373083260825
0.42083298743850694
3.574397436669713
0.3218352180094543
0.46078424706385457
1.1231425023988904
0.286649519655447
0.43033390518063935
3.7079485300728376
0.18859443427254027
0.3807014720663375
1.1358175197038156
0.40294429788011865
0.3520997537927752
0.4699280021676694
3.8981484175954084
0.05826823581903827
0.23797734307092605
1.245619105900543
0.6008096202064601
0.3379877192767911
0.471844258417191
3.9171660626868015
0.11710239232010623
0.15657561525806665
0.9267516082818088
0.8120158087753997
0.32833895707398075
0.4610238346724481
3.891473194934181
0.1506246461167138
0.18432853123298515
0.48901472881020536
0.7697156130515282
0.38772856205239187
0.4690692456118436
3.1645721623647636
0.8559136099960447
0.22058356631923703
0.712850997614613
1.0023588606432714
0.18979844251595213
0.31111637734679287
0.47164519493137014
3.3282716339387237
0.6820591948480572
0.2923311310264902
0.8074967448647311
0.65308315668995
0.3025903239030936
0.49040017267149993
2.4406198975493285
1.2367341057136108
0.6204915659707405
0.6476553152726122
0.9493276834481658
0.9262076410325699
0.11288517813180864
0.3942405183088736
2.7875151379035916
1.0843048383790774
0.561670879121995
0.7786496425879713
0.9286602286741733
0.8667084584980695
0.6372699152750018
0.04110091736598881
1.5743058080087495
1.7679712234055096
0.993792064936194
0.7310740497016492
0.8589662149534243
1.0022403015532493
0.4763430881050743
0.1591098575380871
1.8676636875790684
1.5559509275020744
0.8743394194994853
0.7887616371116521
0.9283780789846406
1.063649916287522
0.9417285033068561
0.07800988738910455
0.2447277362215601
2.110836503204397
1.412672894905581
0.8354415105260025
0.8490467631753444
0.9776008590304637
0.9434695746887927
0.6169401560576384
0.580895456274217
0.29474387992067747
1.931749049030837
1.5474414156776837
0.9601511065444874
0.09541388686350893
1.2562270493589505
1.37083157062335
0.7664509399190467
0.5367322437432889
0.5523881236266595
1.9021587737636827
1.2809039216585965
0.9587126991139778
0.5414879257601296
0.6774243059805675
1.1912544233507192
0.8123945652558281
0.873476061226841
0.6898326967068362
2.1297927200001454
0.06379882788474628
1.265376083446437
1.6081877922573335
1.057008176605487
0.044126897675547574
0.9894136256749443
1.1669606399137566
1.182560834890101
0.37617634977421155
2.023486788168436
0.40243780489199815
0.9664097095021048
1.4798832949479717
1.1787984032229988
0.49464959883954657
0.600461799626751
1.5449323375303254
0.3085820370265187
1.0936791193053375
2.0055269518294687
0.7469040498690172
0.5671711133507934
1.3681821976261586
1.2812252295518944
0.8524766334845911
0.21384176736249544
1.923429372925173
0.3085661397047278
0.7922676249139107
2.077522313389329
1.279966541386436
0.20169691118159755
1.1372259388999821
0.5328759832813204
1.4810937005598859
1.2347493487008454
0.14727131807139493
2.299554900273986
0.3208130454369464
0.42694608226118647
2.1364495713894667
1.4784127994936027
0.25721234268596727
1.2777387353033132
0.02791377529990538
1.542391865092421
1.2720522594395836
0.284868359575868
2.472699134053413
0.21980441805485765
0.41295909590194524
1.631465941727842
1.6577802717182266
0.6510381029833818
0.7852977001069585
0.7885114704008245
0.9762911008364624
1.2152936566421257
0.655221536811741
1.9487581356545196
0.3971617186149027
0.5840810947690355
1.0984492805542143
1.715787431592684
0.9953084697713783
0.46429464017663363
1.6473396374628921
0.6702207345752808
0.2960665888782791
1.2974886929299936
1.296037972637197
1.242547289003245
0.833718241533861
0.8676705566424845
0.406713781810666
1.8202563388107218
1.422345489424031
0.28366655848734834
1.34004092174495
1.6393519160949332
0.03681370455125244
0.7076157424413287
2.4663467352285227
1.1537231558225938
0.4956698091260616
0.445025707160369
0.4234618749837596
1.7561003986085952
1.6311780978512722
0.3033693754462114
1.2935615232366666
2.0936649279443693
0.013372409156620404
0.29700191451447366
2.617444927834214
1.47625746924822
0.3713547189403759
0.3072149238690445
1.3362019941193575
0.8890906156068077
1.5797837009278028
0.6259057583536207
1.230229508589248
0.6429367902002365
1.320227690639044
0.6786937980835964
0.08528525103006993
2.058980345103723
2.0360192953896505
0.34079659872273776
0.11904207930296991
2.200430746047688
0.22182155069985335
1.657765259622425
1.097650702767682
0.27121312933543235
1.7535623973267938
0.28344200555467614
0.9438346125010262
1.2916365098932645
2.0819838339253547
0.23091146411049837
0.28083495110980095
0.16072885866310374
2.707686548230924
0.2064389349512351
1.2002254508249446
1.4383492996373566
0.39513538437249207
1.323738875172113
0.6453403556706854
1.2972497736631503
0.6265921107402276
1.5103424497274966
1.2875208783860292
0.358612165362488
0.49311109812071313
2.6121011390278017
0.4050057713400971
0.6648466380937109
2.0461058026507866
0.73024170851213
0.5896711091517478
0.5404747867258654
1.6055332306302605
1.6748607690716504
0.02188235090689067
1.4725900426346545
1.6468938216999294
0.24135026246803126
1.2050491064662354
2.2915641874409967
0.39388134358413557
0.31836331523294725
0.646570485961601
1.9306635150260905
0.48413379652106014
1.4244688869886992
1.2178207566996218
0.4999461172878333
1.2291830999012279
0.8409137317183661
1.1054350175644414
0.009070191007782911
2.2431109077090863
1.7408188445866435
0.2502350809389422
0.15222924416179148
0.6514426349137836
2.3817874839566677
0.25792745284497903
1.49797709332484
1.4164857547731486
0.1444000095751899
0.8893999535030169
1.7473467965512381
0.8276687826810277
0.42319048475366
2.511062469206521
0.669965571910962
0.2944043140477886
2.27390233040592
0.11180224129930094
0.28142264377806664
2.020750817674211
1.3479085683312748
0.8923020120450549
0.6012930818989307
0.7685496544379767
1.4354819566236199
1.3711859276295248
0.3468188751054057
1.1465340752863509
1.8411967939673652
0.9737300232618827
0.10375430644575935
0.7242896549924082
1.6787686970992262
0.9520630341550259
1.3957308092486616
0.5677188020613337
1.155935637948355
0.909063247899465
0.10308442575278096
2.1404280857450413
1.0205118909645645
0.3860414743690196
1.7433734923757211
0.2521608674677175
1.777940053276699
0.30392094839387124
0.627028659073453
2.2753378864755622
0.6373827198087593
0.985913133622024
0.7800898027848789
0.4270896322176058
1.9730492516363567
0.2820285485197721
1.8157062290781125
0.22599758424451588
0.5344269403726407
2.1300227895136024
1.5486047067167426
0.13124919136049332
0.8075691305230431
0.918539471068763
0.44783534642507267
2.9052669135152245
0.2675177964271178
0.35404099494582564
1.4186110536830001
0.23844461866263944
2.516157952885951
0.13332821788043075
1.1181816073839284
0.5671698670943931
0.3110159754308806
0.7275956334699484
2.2853795085987483
0.7950500135426221
0.8638017756699469
0.17372067704548047
1.8608662617392118
1.4788630808062795
0.4951321506581669
1.0012685842101037
0.5683967532046121
0.19007944867903664
3.4408049696097747
0.26353342749893505
0.5569999781922151
0.23746233373636458
0.26940315712350893
1.4950861184761102
2.4984002723139067
0.47852091037820255
0.42341751826345464
0.3735751086463675
0.7548260003630115
1.396443005415247
1.8034142985332275
0.7043119760597505
0.46735369872891436
0.3411189373842994
2.2557498352298015
1.6508346051742147
0.3485053314251839
0.2578865607201483
1.4742293002748548
0.010938290403381328
1.4211270990285043
2.779328143720233
0.23243049284785078
0.3773602070562069
0.17501688764908885
1.7222079279185771
1.2236305060206156
1.3706976810764022
0.7759768623613446
0.5045365287163287
0.024670794865594235
1.364036002147071
1.157967304256901
2.0888943582641266
0.2448605347565631
0.08927799550698252
2.1453965553814855
0.9798371789122695
1.527910554277062
0.2702057387635777
0.16684835080692662
1.3805294655904952
1.5468547661490677
1.2653746217223074
0.9947329342297067
0.3767506039235967
0.24031165537737811
0.5115922210995284
0.9787944409576582
2.0626149956268036
1.3729135160952306
0.2545173666557041
0.2475474059695421
2.672377348815232
0.10581465185983954
1.0677006907108684
2.1891041715866195
0.1103772691976553
0.8877818692275949
2.6473496537472156
0.18787241212621558
0.8498949643072935
1.6140483750128505
0.7265174636753385
0.390415191995055
1.292778312588672
0.7432125643529485
2.2259006535422685
0.351097988809984
0.508120509871166
1.0931921287572
0.09355163458372377
1.5564262623599239
1.4552322343361592
1.0743879392659523
0.21714390054757893
2.2763172592472567
0.6829076682750496
0.1859088701136995
1.6170884512939332
0.7719946870596508
1.3052385522307395
0.6849398118021622
0.7022557193117782
2.2708030595242894
0.6449909518717335
0.32475320221763565
2.0598258349574454
0.11928446233729866
1.3133755401526774
0.7019944898834503
1.3487019724778562
0.9626043218686363
0.5062408360371247
1.338374811961551
1.4819729113538505
0.6799738990053011
0.9536891758343731
0.42998607751814816
1.831868418120112
0.5692614988208285
1.3525147392323935
0.5820420715520751
0.6384087507463341
1.3101645121591823
0.37541490972590236
2.231690283469999
0.09041755629723992
1.2982212046891253
0.754088854194315
0.997707772249283
0.6834547208035822
0.3248974035376796
2.509057409260867
0.7137714546822318
1.0161419240957619
0.16882791920612236
0.3794613354546872
3.3871060949979626
0.27169754105327526
0.40083034757218455
0.9961818934604927
1.6539603134859735
0.7694599348619919
0.4455624638163168
2.8283606125706426
0.6052168383376709
0.14564149400274098
0.6099538109952443
0.6114517624670368
1.8065498039327335
0.8981245525466294
0.37610009699667235
2.792063748747498
0.6937713599765478
0.07953776030617124
0.24696863064663033
3.165730245885002
0.8453719314123519
0.3519865291796213
1.0419805135483335
1.2156244399949725
0.7722477385245212
0.6808321690628304
2.1903179009686706
0.4432057354076754
0.85349014288332
0.8290614076416102
1.2574062063112337
0.5303878990411439
1.5991167451345702
0.8351540861561534
0.926080130552131
1.0072994109648687
1.1322000276080872
0.25795592673078305
1.209485842925809
1.9708063149823385
1.1294820461586845
0.13202183589068267
0.8551235007348837
1.5626704441845547
0.8525257538071087
0.3456460206652249
2.1543016285018677
1.7594197869866577
0.03839342954995254
0.2082072966565975
2.3570292655191314
1.2843598166995616
0.9135880310230506
0.4070764614791624
0.4509385361142824
1.3845103625511879
1.3919396285534609
0.29266714471931116
1.7577354371502811
1.378278976152373
0.7419704943737787
0.2656779570515265
1.2953186578925655
1.231284584711142
0.3716442178624206
1.5959619056160568
0.11782320807272223
2.140236071410799
0.8874420098114181
0.2514831709027986
1.2009837152666378
0.9678191592698226
1.450716441900162
1.6173562014971496
0.04942863838362439
0.6412468785750189
1.6764796802220963
0.3563855671695106
1.9364918782865337
0.8668066037434117
0.624565646015123
0.5564015110370802
0.9241432840262611
2.296190857191807
0.3976154112782123
0.9623507961878692
0.548773378090393
0.9465903650363862
1.9165561461777618
1.1867482218118304
0.09946614328353827
0.021576959228388908
2.2547783724746604
1.3108073881891529
0.7145454076382354
1.3941628969924629
0.6678354743892775
0.6234082101038053
0.5028347528001808
2.0157316423123177
1.0876406300085648
0.6087706976290606
0.5681369010505654
0.5104154498020531
2.920177857220794
0.3691480062301555
0.7452619124524235
0.6406052673217795
0.19865568634752018
1.9791393886294406
1.6164673427328597
0.22039473754177238
0.5318984436396078
1.941768441754268
1.5063377913259348
0.45653962423987715
0.8503524880789426
0.4297584314852533
2.668318247777962
0.22098709965713031
0.41050050542070726
2.6598960623245724
0.7619960668343964
0.08512712854199418
1.4526141070058705
0.8563131055647263
1.477953809748139
1.179220640765772
0.7058197469776016
0.8695860768012917
0.5213360128473141
1.809330465324772
0.35835339391687
0.9126347295973385
1.5255211983136334
0.7798850723876829
0.6789306167982531
1.2222794366661456
1.1016138069431045
1.7608904828265879
0.4659441713970571
0.5483930728640126
0.28010392948262053
1.7047810988615417
1.1020507406154227
0.6772166490116855
0.3287549701877169
0.8828235054976551
1.8880794875975928
0.7980443437365313
1.1868596968732579
1.2174465978744993
0.7380872643861766
0.3873493575884417
0.14281965952353665
2.0000647124022333
0.9135174357584294
0.9051451613121293
0.5556499171838917
0.7320462584230396
2.4687226114675007
0.1718714250252438
1.537662840321533
0.11578737285969518
0.30263178633796417
2.4156460444340246
1.3283533116808928
0.2560773744463614
0.28014029088951403
0.7478334254036935
2.5976149848669707
0.1768899957534329
1.2174417146832184
0.5679023307569012
1.2594316846823057
1.1484125170199195
1.0304566572868683
1.1795932314730346
0.31011070567345883
0.6033660506420693
0.9282386333616492
0.34520400795298023
1.8755096857147147
1.1367000460961005
0.7504055884972195
1.7679390396162775
0.4828222041680512
0.42603081824610833
1.0635072147098845
0.3140058285518252
1.569704965327013
0.3092197348617046
1.2492920475109253
1.1048074316065886
1.1967257681388612
0.6427076170922228
1.7250940763629692
0.36735627971087714
1.330147919366242
0.48311612406614485
0.8066980201487401
0.9855147104291702
1.6892043788696718
0.8379963579213139
0.03810370156561776
0.47241094172128745
1.7767477480550398
0.7782281505844483
2.009682540013472
0.5583347843824915
0.11453729244896403
0.706960619598063
2.32997415106716
0.5736344661349774
0.15291589045426318
1.359089805092695
1.218607218391569
0.6406185654278351
1.6852754345147953
1.274238319638625
0.5483888331427218
0.788688221783655
1.4839114494704402
0.843072700980084
0.6199618950348628
0.14113725520345682
1.7771038064812865
0.6780036161294122
1.3410494344438337
1.014184451155987
0.4546127119709127
1.5056311420855089
0.8361493617894664
1.46484086260387
0.969374185379995
0.6857049712750583
0.47376063895317977
0.5994645728509856
1.022400100587422
1.1111456935586055
0.7540742547924774
1.4360031972401466
1.367408407743376
0.5170990511707552
1.0498303013994403
1.8722458912014388
0.550143334446174
0.5745848409469004
0.33389415467434497
0.252949468408571
1.9064414414474569
1.8134270222176623
0.27874550248209
0.6704103505370185
1.090914483658287
1.567238348721573
1.2114021227658396
0.9169134399947707
0.6485685650093677
0.07368313794951908
1.7079772508845517
1.3132331707317142
0.3754795922388978
1.6702281874674922
0.551295309498961
0.7122141456686824
1.238953870905973
0.955188649601537
1.234781794405305
1.8074253576591781
0.20635507088773458
0.785825058123208
0.42178260596221634
0.23540650993655718
1.8594462674438728
1.3896090288412628
0.616770958004576
1.1558164159757154
0.6425842042239225
0.49375284824909865
2.679852069058137
0.44700961744268314
0.7983252294518985
1.0470643248365799
0.0313346752283199
2.2940171903191895
0.9186000889037325
0.45067216838772434
0.9716975241904976
2.244010197193692
0.36937413562953897
0.5340426967040999
1.7866482156691756
1.0855129770887715
0.5028607456650769
1.675611960677033
0.09733220627198205
1.713911110385689
0.6128624234123006
0.5910274047300197
1.4408320027264083
1.4652735258234593
0.8917950988102994
0.7119029263193027
0.26190396168456836
1.4527004488794557
1.3371237886152498
1.2928291802408314
0.832439488530037
0.298605512073301
0.43360081580932425
3.11195828485102
0.020351406569258976
0.93841990915515
0.416170225085351
1.0656584800786246
0.8395664812803466
2.0130623396385623
0.2651657690175987
1.100234637840388
0.769264664651749
0.9224831300501841
1.4267633777734499
0.8198708494419854
1.3838956678345586
0.45672415498141794
0.445974226536222
2.1537381158453477
1.7057443869072781
0.09000696868951799
0.1891672858306012
1.0176731082858121
2.026161999463371
1.6994840759751642
0.15939369565137929
0.02140105523086717
1.7981211560100743
1.681376869183278
1.0209461459058562
0.22268614927948244
1.3782854727713987
0.06803764989803766
1.634101265423333
1.898642668505841
0.26937448578106693
1.0567428704530173
0.9024717437364034
0.4685640841189513
2.3559318578916226
0.2292675343976905
1.087105660552299
1.137950441882853
1.0211057894125044
0.8453619835008362
0.5814576213741363
1.465224881887243
0.7595969321864502
1.172270876200393
1.3129411466067886
0.1184337094326275
1.3602452499204098
1.733166799975138
0.3550230203051356
0.9137093124673523
1.6074042463855251
1.723031922480195
0.011162163870721218
0.9086648430474711
1.690532204605552
0.5894477839662815
0.8164828890463705
0.6533162077767257
1.7784733970875792
0.8851531700436404
0.1110711160803299
2.528401521602176
1.0562796672958834
0.2710104951517878
1.631726152134479
1.7074447124065968
0.08880239351119305
0.4311589985808633
2.2594778787100527
0.935020018460613
0.7131133683015335
0.36597183247863485
1.850618148010461
1.3915668251906317
0.500719138098665
1.105177865942601
1.1753200015890044
0.4595321193223039
0.9311891193635853
2.572062898507155
0.736714131091195
0.0388612086746222
0.16518642853135415
1.0425815804567207
1.672540150695697
1.2780425602938583
0.4029332427320642
1.2576524203649033
0.9960110285011279
1.0843595023875812
1.608609244947767
0.009847064232545708
1.1209439679699151
1.5604877788135731
1.209450116431408
0.448113803555996
1.7484071994164023
0.01816252446041593
0.22076236143310923
1.2267476873693477
2.656192225180361
0.2458792627391799
0.7641077879275676
0.38428725252123336
1.7161775967236832
1.0345536489331157
1.0526537107558795
0.17754244596794627
2.4700720890406345
0.359169536627841
0.4080148390224637
1.789405631574496
0.20695106172077327
0.4326244021669544
1.2733021517199945
0.8299206335660287
1.2091597938604308
2.0655053006213686
0.17669888209083473
0.971491800878079
0.1329575044514623
1.05582194749016
1.9719729817475575
1.2227713899287136
0.026170532167205086
1.7265110792011342
0.21924116552320486
0.2687286913624931
2.170071336541085
2.078288859047658
0.3298144809010006
0.01726266347828985
1.1861692684152034
2.4888168177172636
0.631981181674157
0.4023638398641212
1.2587738350382949
2.4175985740695705
0.21423196471468486
0.3218449136450546
0.2163650773519737
1.4939676016073622
0.707760917190353
1.7663611937920374
0.6254018243460275
0.7283259306435254
1.2202529092895624
1.1047636214835288
0.8901963216974834
1.220667498185558
1.153227063402289
0.8011806645321704
0.7386214881872908
1.6925718718615803
0.18391162320917265
0.810225085382603
0.6308976192851014
1.6951866772181683
0.5549363829910997
1.1826172703840396
0.9661819253501273
0.896832112673061
1.3849241261183212
1.3064037245570355
0.3374603604402514
0.8565427834934104
1.6263625209867907
1.283230626797323
0.5925226087982578
0.8684609245271919
0.23334366089206512
1.2597351383226314
2.175114638475326
0.707486741870657
0.19017245454885773
1.6872557180508794
0.912742162332248
1.0278773767846048
1.1761022643084205
0.9073587233065024
1.412864429280206
0.4831551150654987
0.37249716177769276
1.3721147472625017
1.4231074555616203
0.7359376861779856
0.6916218243371542
1.76723858689661
0.7651875118489748
0.9690218696064499
1.0830176495398867
0.9429082458850204
0.1662638631169456
1.843206165068451
0.9436585723199393
0.9289701088291938
0.2367633827740297
2.42795250982491
1.0205176025529878
0.2866191718972217
0.9171701015467004
0.029541029843471105
2.2138813965941595
0.7367875783938889
0.6586163000609568
1.452575344496077
0.26918650982213616
1.9985247460892794
0.9636432957966312
0.6627681690120396
0.7544768410329977
1.1649711230453137
1.0540055160316468
0.5897837719569821
1.2705477804650724
0.49158803662304945
1.9300483227013119
0.7151545830577067
0.22129403886323476
2.0890594238866034
1.2143209724479278
0.7593448440063632
0.8598857790162568
0.9905530815122874
0.4919134178133794
0.363825067736729
1.8514305497717707
1.4486135783516672
0.6268557450643139
1.4447448008689479
0.23480284846376362
0.6558629535315647
1.0247391015624305
1.2310837474251681
1.888044241026183
0.1999225578959647
0.41158221785454535
2.433501207445078
1.2114554806545317
0.553927680225174
0.5821411824832403
1.0300782854804833
0.5711309399628814
1.5895564745591662
1.9128895762598879
0.1797308947870506
0.288893321955996
2.2442625484993806
2.119533149738502
0.06707694451725776
0.04811436385802971
2.3157285663759364
1.2977219446360115
0.6002898737608475
0.6390172121603832
0.8859742807110402
2.169761363630115
0.6889233822579187
0.8612308277126896
0.5849055053866399
0.33563721275328395
2.934323754730299
0.033679997374710134
0.595069136642838
1.8063593600707688
0.4329166468912595
0.8720529259540225
0.3496287417430157
3.2879723434673993
0.1529529953467907
0.2783662797705747
0.43513824382866545
0.28604558362107246
2.5292227824550317
0.2647825824067623
1.0378178792618296
1.1938492296734913
1.0497781655804814
1.5595673604910227
0.5664191526884217
0.45930929253606406
1.383170541653575
0.31325913968867725
1.1216602844540293
0.9414313028597654
1.9524360528114926
0.33466245295773134
0.5378319673890144
1.7607623238172982
1.1976329340803473
1.0223456300335707
0.16104135638447206
1.918183593875974
1.3451161136934267
0.14453865106531888
0.9831603052341028
1.9907738817221534
0.3468813218953884
0.962312020232803
1.8029721368218612
0.9781027070708551
0.5443537437702707
0.34395843049247854
1.304737144987569
2.120521302784987
0.47892457497905416
0.7139755623296
0.6694106462880763
2.231456081188146
0.7852692990947588
0.4044061964716331
1.0028128913452763
0.1779192344022834
1.1097365910552017
2.868941442767287
0.5342829928939631
0.12335666012310964
1.250134073807334
0.183527748306113
2.2001116274394255
1.296532076912497
0.3005608216098885
0.862439314967212
0.8096540793058982
1.1038023890965973
0.7491445069406216
2.1363878499070483
0.713824967417261
0.3498373276936785
1.5755425378407633
1.0455931449341356
0.7317113295144938
0.0835084673476194
0.4854502687267493
3.130775113635272
0.6426879756310879
0.5096294969618705
1.3597030398413708
0.46191796807716806
0.38920286394824966
2.223596153369848
0.6609019920385593
1.491902935123853
0.400219765940735
0.447765623278055
0.1320245043316545
1.613251175654882
0.4612157574578944
2.0152989499066596
0.6022759474407848
1.019851375970795
0.16909422816469682
1.67171136002603
0.18656559053182728
0.6039593498350602
1.197699501643914
1.7208203258833343
0.7542632216390852
1.0989772068865675
0.025541787331484874
2.3443229483809365
0.7776441715071004
0.3926971705301691
0.15009606728240038
1.8851790144609422
1.0975586543488287
1.5195715705493944
0.41133086790665463
0.46864490327172426
0.5469165328479916
1.7458832722768713
1.631832165731959
0.5368853271134331
0.3461316700424228
0.7081731960477102
1.0575424407819074
2.198040624153852
0.4211437374197662
0.5677377014835128
2.1572516913809734
0.8429094472132982
0.7055602128022058
1.02883403104655
0.5974707721434318
0.3728363707898214
1.8313702275310968
1.3997071396942267
0.11914549947300926
1.7839250388641779
1.3522626332007568
0.8692469626594874
0.3026847691713034
0.6424754207797647
2.687582280017947
0.20273500586861432
0.6487541392333792
1.3051242499038263
0.21076707245379836
2.720908460100799
0.11426205360810433
0.6157729841759447
2.704081395975062
0.5498698434467991
0.48408381548681323
1.0339261242180127
0.611418123052433
0.8285404797436781
0.4164292757028319
2.399906278831861
0.8408385818212859
0.8094449958531099
0.34775998560610005
0.8025548068517724
2.23637324923399
0.3151063083105955
0.547700842930655
2.5267389269097404
1.1088737847668808
0.1787239592175119
1.1745332204715517
0.8756824456874764
0.5167282908767109
2.471813146339045
0.15816714537329438
0.8661161256919658
2.3436666872187804
0.4367550187716991
0.3204117394309536
2.2998620136448373
0.06114742250824457
0.969637116458833
1.9668367571125878
0.6975120732398024
1.0199863199208938
0.6280902025998735
1.5496767700571714
0.13549633787743273
1.6061795611983638
0.3475553543057914
1.0372713217679232
1.1447239021619182
1.139909670093687
1.3120726598300807
0.528489110137039
1.4912236064356008
0.8339029583811017
0.025201003354911378
2.4838919990474277
1.2438515556153547
0.17555418301713846
0.628800648334213
2.0583122219673715
0.7480242985966781
0.5469451911433193
1.8738193450738392
0.934224759851166
1.0251733508562442
0.460730126810097
0.8758684387396133
2.0765959015502995
0.06240074638894472
1.3495285431008293
1.4315616546416738
0.06515196588027716
1.5051888003625726
0.7412453745139712
1.3643158188669597
1.0186982896241805
0.7818879587020092
1.082450865450952
1.5659444087444045
0.205584879366742
1.4360060832351136
0.18914604731092974
0.9845359334405022
0.6013731554112358
1.6816319971463392
1.3390221489936638
0.33949219543224435
1.2523593775291535
1.8019158439779956
0.7754024529850202
0.1878868959203556
1.0631217220703868
1.93129461343092
1.1445294947171696
0.2731688458952977
1.4970677174736837
0.5409510541641359
0.5198401001761985
0.21657177970662228
1.2028705868053635
3.047397434271053
0.028034666333706996
0.6997308129689861
0.9339604339978805
1.2398328262681848
0.8680439577767826
0.2702372869259364
0.5864583547352099
0.4767260650509502
2.6102546642019866
0.9060069763973514
0.2001925298017391
2.2005816911351643
0.18807788918626409
1.0425710978930394
0.7671573113718486
1.341971852251628
1.8394994754290348
0.18926056324241972
0.43581498851860356
1.393208053586258
0.29754911351166147
1.088075726089272
1.540300850727096
0.8091161507291934
1.3598674855888107
1.2355595329671425
0.3140413053950454
1.3718704368301795
0.14168684852833013
0.9695079286622531
0.11994154451491996
2.2727980236678285
0.9589520181319827
0.6772224147776421
0.4362611533509705
1.812378745646538
0.844263809957931
0.534070257101638
2.090763630304987
0.773225190528844
0.8748376742093943
0.5235069664908009
0.5096857426033549
2.051543564271998
1.2178680143662715
0.026111307809265173
1.001696034799469
1.936868416206268
0.9194413545334071
0.6176447210039725
1.7917633886545745
0.7059359141039276
0.8319353382800585
0.6435507868216132
0.4959878702070675
1.7407463625766584
1.2081644499306383
0.28458481822280507
1.3398719719499672
0.5379444693772724
1.9480652718332645
0.4266446802850923
0.7549523067507473
1.9932907014787111
0.36085910715276437
1.3379229431296038
1.0569049245221902
0.5747726919157387
0.6210827711560735
1.5417708843430877
0.11450740457023889
2.064053132943465
1.1482886345917585
0.4244737032191376
0.801013926440023
0.6262404308435583
1.321377491604298
2.0240258267124154
0.5673776017437528
0.5840528164923687
0.3909128742195527
1.5464697326152625
0.5654028452731109
1.3283215869695666
0.8057578775866825
1.1039150649462266
2.196860646847182
0.021070829891404474
0.17242958437330266
1.5058546860483928
2.170310231799429
0.2429740361671003
1.223537474425311
0.028871922706954108
2.210166598947984
1.1334940177926032
0.07995788498045664
0.6969636736857078
1.5043283868409436
0.12346220075971569
2.627239554816361
0.6455898675612007
0.28605330793133504
1.2362964168263084
1.1831924887287486
1.5195463402599307
0.03619764038997456
1.075090999185186
0.12280564879860455
2.995267559944255
0.015305252363117883
0.7812384391623816
1.212881685026619
0.17088246537229618
0.45542826515886975
1.3158601707425308
1.3698021564044158
0.8655481387426897
1.6382799692370744
0.47939116926218517
0.8889577531506829
0.7371967870349941
1.3422333790441092
0.47822283153039574
0.47134672608000466
1.39069172290841
2.1117938552951796
0.38498272073215783
0.8362243143756729
0.6393503373996412
1.364911265477983
1.195419450758253
0.5976792301727307
0.9373507992710922
1.8209629062192643
0.7532760075119492
0.40837420001944547
2.3769086453290074
0.15277496521138662
0.528736684894319
1.8975255098351413
0.8879865259167284
0.5246141078450322
2.1984837313585475
1.0278387552333152
0.3605616666582032
0.16641597938284347
1.8096744751894362
0.06051353825806699
2.0589144924875438
0.9480183928231904
0.4407015167086676
1.8288448560673003
0.698058219533209
0.8328813654213588
0.7223178923106702
0.19997741762792906
1.8586167666414513
2.217056055924008
0.10650672565944438
0.6676686132191769
2.3171364236326024
0.38272214573340657
0.5228808901301581
1.3816679139502381
2.0446504768697835
0.23655343294851489
1.2403723099886266
0.622588172575411
0.16864774502938365
1.2711987859981453
2.251175598532287
0.35334217008866886
1.18830642651935
0.06263351303183187
1.655816074539036
1.5124661531496069
0.023685683245567263
2.3854157648974033
0.20814543529875384
0.19222322298606206
3.233790518223032
0.26430773514996114
0.5223154692722658
2.694783134290818
0.6513179482419866
0.3656111368149371
2.1689868831718457
0.6808056681765798
0.112552158341275
0.810834469393688
2.6465244471349343
0.23693056549151387
1.159642794028498
0.6358857614757862
1.2244160532134252
1.4953904046442208
0.5288215649017358
0.18718667276958775
0.7998862101932815
2.28289897318198
1.5263802976087462
0.27484958381635616
0.09862045344260749
0.461950346250764
1.6668135614832338
2.153172909793337
0.18365518140879505
1.0624764245390645
0.3870833505739714
0.831874935657779
0.5957736996361117
2.108396541820774
0.27871987698094614
1.1891856464249118
1.3084841417886703
1.2931704894534763
0.5628914310392805
0.20322731762710988
1.4505987250703898
0.6437431974069816
0.26122439600476255
2.7405779612978645
0.5522454496791097
0.7119696712206455
1.9464343107996258
0.38385727225100397
0.7011612423267818
0.07391123753235712
1.8608717746862045
0.25900637882256006
2.0568231692136676
0.8323237563386338
0.1086522406843
2.711759662811967
0.24458453028864718
0.5809607353311406
0.8931821215971719
0.8670137101210422
0.7045258225989063
1.7050203333821397
0.7297087855425484
1.0047809325726684
2.0672969156060996
0.1475535771309114
0.42182042608975423
2.560295191562906
0.1499213158240272
1.0920931509918015
0.9764882492553045
1.0057160290322817
1.579283783603244
0.4851275112667982
1.378606020319176
0.5802763853447718
0.342298986379955
2.2315791931064237
1.0539927172570909
0.27412040821269
1.6643124900116
1.6587465212555206
0.6256084826990254
0.19727650180100548
0.06372789744198087
2.944996398199023
0.68431008986423
0.7597265801896967
1.7801843498949184
0.09253494440184389
0.9367879793331988
1.0064258556811032
1.2089992867851094
0.5593107134696618
1.9737815390648799
0.6223232917352923
0.5224984844076316
1.3061037264183593
1.2279979397266994
0.7131422289747771
1.9145592285551514
0.21860211727601372
0.15165925996453933
1.4929082530853257
1.8874196691628748
0.8618522807995918
0.9418815797702123
0.20922757742416903
0.8237921812668126
1.874118983859461
0.6363102813928354
1.519158935151899
0.02446134663152199
0.8514462049319319
1.8707571790926487
1.581761841510057
0.31977592446555003
0.6449852460203741
1.7742362058628274
0.9229212435362802
0.13813282160891074
0.8000090481293856
2.3835901251649316
0.7170773789727798
0.6197611091189378
1.7334963882714929
0.03712603457808663
1.8274476439807117
0.23713989386273882
0.7230017885617097
2.644988150877042
0.700965548468243
0.21759124156090942
2.1583864081126367
0.3069404951417782
0.976002112713908
0.47370219899206917
1.1750616110241168
1.3892425585465515
1.060636598994602
1.1956938344185413
0.6941435252648565
0.28039870657523736
1.9761623125913295
0.498615872366393
0.8541531921323661
0.6263082793613378
1.4565661540716235
2.048921582898985
0.14606016300382663
0.7594002887623932
0.33636605875551756
1.7572953896205155
0.23423813458776363
1.6895873840956537
0.9178874399504044
0.6183746156991031
1.349052325664832
1.5019396758202077
0.46218471013406254
1.048653018214159
1.1447116320263895
0.9258904677638704
0.7845226766068979
0.48092417272858856
1.986310855317369
0.517045341022604
0.7429264106042143
2.047001999497849
1.0922621017702607
0.4043091110550413
0.37541668652544746
1.0713700855546153
2.2891535039114213
0.8058197723011526
0.04877281311379189
2.2888839677233266
0.7627367068692029
1.0993834974933034
0.09589884090608543
0.19575865915502855
2.426889270654161
0.9912940571899939
1.1848601527486184
0.3989103517553644
0.26563814033841554
2.8057821475448614
0.7149002550582687
0.09802013551625167
1.8368203881000866
0.0733967175544656
2.186524024569328
0.12572821152658092
1.0418210077306898
2.0932764513643174
0.3258609050291656
0.2011107896725737
1.7688870519981716
0.6391993469605927
1.9116056426132928
0.006724197527321314
1.4431998840899791
0.957184796244176
0.14504951851847914
1.4305978556713905
0.43723200465470513
2.0591598785397425
0.8246784207521481
0.5517988239635285
1.6966278797858132
0.15147575099699248
0.5043843727643493
2.757422722615524
0.13975994035491224
1.2663659732623536
1.7424072653419527
0.21330685599420035
0.5344592502734601
1.233776606626024
2.281125046940009
0.03741997043748257
0.7869327911521431
1.5350266651919997
1.2573355083154527
0.7486230197187447
1.182774266780692
0.6690690919764181
0.7966511641691929
0.6575179680800781
2.5552815867265295
0.6440367265335893
0.12031161226422257
0.9301328291884352
0.8794298294216378
1.9264594945924052
0.9883631686928459
0.34975310725046627
1.1378716132205797
1.9777847272003897
0.40314587734640983
0.7216670212599521
1.2707929521827446
0.21260674222724113
2.487651092729421
1.208171611811545
0.05284518015935396
0.6664587181303013
1.1683773577471077
0.9706663518106421
0.346703193269384
2.774886395439062
0.13610360942902078
0.8801206429888107
0.5394440490494783
0.33518052850177366
3.3826886287222835
0.10792452290762322
0.4589749986826363
1.887684818859693
0.8501355712217302
0.9891560960281421
1.094375005695812
0.23886679973029562
1.9549567344114551
0.10994698234783498
1.0306399740990007
1.6338208778436125
1.4393847322925861
0.13840570585412457
1.4628791250746755
0.48956781523551907
0.6950282123054645
0.7041171194452408
2.8451516240710046
0.027339491825137896
0.5670958498377189
1.0283429395056976
0.9685036768096811
2.212985581781783
0.14745781956305679
0.6732030367216226
0.7598364496017449
1.6908303907542803
0.9218692914831742
1.3417826419847665
0.2681532560007996
0.30753985796851996
2.95685337845496
1.0074488001057458
0.22040501422902473
1.3488593246307194
0.9433225204834559
0.4184573012798478
0.5887552257063619
2.5463495247987624
0.3446757918789287
1.2280664324599735
0.4333717114156656
0.3832329755223693
2.501220283822791
0.06918041215135418
1.9109045375429476
0.19283694678876945
0.11555967429531461
2.1209334708131538
0.6307494688784139
1.0130724061309033
0.6445195427444816
1.7554604608303865
1.3265781466000897
0.4419878887718688
0.4442166348833428
1.0531187482046844
2.121245480610794
0.550600796679935
0.6554274662138572
1.4493083139667304
0.39735551547395304
1.7870954112735427
1.0261558471856502
0.2568280805294815
1.1400073067671654
2.0150435239707427
0.37550798537205515
1.5826032011198832
0.3128229910601996
0.13936015432084894
2.250788224340529
1.6130495330492627
0.40107552645402594
0.7535424188999478
0.3127323508135393
2.5468630413370605
0.8360261533632227
0.2524888299939908
2.492758386468586
0.1608826017205853
0.3000199620186878
0.7076771271079422
2.2547763720618095
0.34176693752744863
1.5666309836474979
0.45373449465139404
0.4465837611015332
3.207082985840392
0.2655796389421802
0.1666550285308852
1.6890205424350226
1.3004834666224823
1.1202494864912884
0.2443949332528864
1.3260038503989968
1.043519550372281
1.1038249776408464
1.5376750051200194
0.6088983232150131
0.09964260980011512
3.1345033857959774
0.3838373538402889
0.2916403102230784
0.29674645524051696
0.8983027527892047
2.3691625409397457
1.1788819058940623
0.3530614698789383
0.3847092180993886
0.11953310435249553
2.6092901882783304
1.5505782405060062
0.4138170994666452
0.2079647889662451
0.550243459382342
1.6784340032132081
1.4897086939973385
0.7664759806571813
0.9094526547284812
0.32259620238220654
2.0023439894940376
0.8139384382509942
0.5443013623603238
1.5812644530495277
1.638169274071972
0.10473552440580478
0.4772625700099614
2.359565741931505
0.2394469275646366
1.5459315962886298
1.2293790230189081
0.5617228659685813
0.04882842810824836
2.3577689075593904
1.133798445518178
0.2707624390537107
1.9325842885620965
0.7455579149303251
1.0092355129776491
0.26456464865046303
0.4126740547771184
2.9280468772572363
0.9912476386705878
0.33450762393643135
0.4219886609416293
1.9660048306715152
0.5199804444833511
0.7879353694179236
2.6142782601178176
0.2782198414112887
0.3011490698665536
2.120673618044738
0.9846921825005183
0.6919049924347842
1.074940969948958
0.8537692929857841
1.5291719210463597
0.056123555478455316
1.7044371080126957
0.7409021378175312
1.1837302573566846
0.24978795325555228
1.0067380182645789
1.6491146059265491
1.524548356221099
0.3633373940976039
0.4831341880645616
1.2563132780714013
1.6920396476274628
0.03709257864177575
2.0126741001817203
0.8522642144538881
0.2625622705671824
1.8321604427889568
1.6097221982335759
0.14278313331373843
0.9595283638361726
1.7944612780992393
0.7607770058069819
0.7113420496700753
1.7988003008224724
0.8819285737364442
0.4194387811766957
1.2106029783204
0.8049291233781493
1.0778665815147686
0.4315199126001988
2.1919833074629245
0.9798765940769177
0.45296110605671186
0.767758110573779
1.0692814223039504
0.8276975845012855
1.8950334134409124
0.1612340048053405
0.7386746503299354
2.457183082856132
1.1005060111190936
0.26965845788117077
0.5225708657687909
0.6743582133160201
1.456906755221966
1.5181678274386807
1.0317380172083859
0.5508542574881863
0.3943763435037292
1.3360233142247717
0.6842175935832149
1.9941862769394008
0.5938591843612371
0.6914920287372663
1.097870528664137
0.6446880558509327
0.8015979811840267
2.0280275196045587
0.5856214088889374
1.058516190522694
0.6961417691156214
0.8014678558517717
0.20543930071303507
2.1777730285137937
0.3620708325089817
1.575484088352153
0.697228715387134
0.8171290320240653
0.17418866473030406
1.378001367937803
2.16209226769954
0.1540636251066249
1.0602196000756592
1.3514952085459258
0.6719212403902411
0.5409645053342951
2.6267866604515433
0.5086931958948566
0.662967542799467
0.26394224341510386
0.8393695390791552
0.2438821963899837
2.238185688145903
0.43898897780122215
1.0899249351066385
1.1567200743678197
1.6437009534515643
0.23966940102795703
0.39871072257981954
1.2359278929025037
0.7391755213757145
1.9067912568768492
0.4534877425951398
1.125537375834986
0.8483995212786218
0.3809904170335196
2.013385323951521
0.6227625314702068
1.2722630266033206
0.8034138378170932
0.8016944589647069
0.681504569814046
0.3277759976482997
2.4007893924034036
0.5440007906557965
0.9141431898635187
0.6634631037480488
1.3372580807403396
1.164763670625426
0.933353181152503
1.1198285341216165
0.4276976845572824
0.9576585731413049
1.9248410546035721
0.192162436471951
1.5612049796486704
1.333248892130391
0.3607896626833574
0.5843651846732539
0.8932102807658313
2.0260996530295037
1.3023746156585796
0.2218582347054952
0.9535146146412777
0.8621638869515004
1.0913905768742262
0.3206212021422946
1.879331984446266
0.4435772723699041
1.0547603425613696
2.074158884603776
0.6370460836616135
0.2302450336408235
1.8017826877481857
0.5429078838361656
0.9150832064103922
1.3742264799665704
1.1114135398153553
1.1519385677339904
0.23671030562111903
1.6142498941283112
0.5320753393964817
0.961845127797271
1.8502713208636767
0.6993564755211186
0.4437804401017325
0.5164636692764583
2.7836493715337056
0.20378762151111765
0.8838716429312145
1.8799532027806938
0.21242613358864756
0.9505377410548198
0.9360627144504867
1.4472096985454517
0.7537080600117725
1.2012537276024617
1.5214341746600903
0.0835974947976431
1.057373236876738
0.42263457253753917
1.5942616086208183
1.2048334027083683
0.76058987172545
0.8318101409673715
1.8939535159936511
0.47233493180080727
0.6274038560116023
1.7655024193180087
0.9765965272983821
0.5404510255716742
0.7141043471923195
0.5784088966688802
2.5056762733328015
0.4687521606199324
0.7650798107845066
0.9569588965169208
1.2825261548928146
0.6353932230126746
1.3189144461737692
1.0578074268644697
0.10848383331426605
2.8055969188850267
0.4894128027899525
0.22051817296332937
1.1902756821755818
0.2982032246717067
2.6974216275259
0.47306463232258206
0.18304608070087391
2.541967427941922
0.8437101357446763
0.6882005221890993
0.4595015500616674
0.986992126775532
1.7894674287996932
0.8573533316988512
0.8193751672246773
0.9701606414505695
1.1253844097322845
0.5115106563060045
1.5441489884726427
1.23401856091951
0.7273476552536221
0.38725360798331837
1.9404559716310823
0.6839135893377717
0.6686485442907303
1.1822992173770894
2.0489251319544715
0.5012767460703362
0.42708974788998094
0.7308357848313163
1.4038179583846435
0.699234289260816
1.6742962864248538
0.2714257293557261
0.9188101471175935
2.267419496603526
0.39787209682479224
0.9908830803476041
0.269646485192174
1.7691381843072422
1.247270096965836
0.6676615233462136
0.4336017776752189
0.6769842692015601
1.723511378838067
1.7018299042405374
0.12732085696009274
1.0438268280447651
1.9383276552820559
0.8785374787121021
0.36561744779073274
0.437938732337517
2.311756302616072
0.9324861632605829
0.6440431392834878
0.13317743479293434
3.380692691167892
0.08632391566703727
0.4328799245694115
0.18539860202865013
0.5796226801320986
3.2002612468681098
0.49650159243445935
0.4843084539024495
1.1973102457916076
0.12966962598026194
1.4139979918639345
0.8572068915805433
1.8139737767663249
0.8235034203257756
0.3450526538215227
1.0514965761779766
0.4400325892389783
2.058011579014312
0.31242979242875163
1.3103388662862923
0.5148770209616238
0.6355248359598866
2.680318579283604
0.36590900522155206
0.7130056299357089
0.35109936009713505
1.3794570244473923
2.0810324685175416
0.14585560594144356
0.866368446829381
1.5011635068986955
0.8682930775790314
0.47083309343776714
2.4385407947565083
0.4798396505710023
0.5978724368226773
1.1940425927083276
0.27442345718115435
1.1629895929104412
2.146263297459221
0.9329213450785405
0.18953797168380346
1.2163477577484876
0.43702909577868615
1.8499436324861807
0.9563525547453098
0.6013346919765471
0.5146292726071531
2.3372451229878166
0.8357626244568253
0.4874357409991904
0.6681919548337207
1.5364474491379814
1.2524952242632257
0.43906184542726084
1.4183694795752957
1.3466594359974309
0.588488391468376
0.9194372744293526
0.831483008956331
2.158378097232315
0.33404455158841645
0.2531152476714737
1.5049182155887297
1.8278428324250968
0.610339125108885
1.006323868451869
0.37019331714757764
0.8745124810738574
2.002714606223396
1.1652379127360462
0.5047326439133545
0.6422555362688248
1.3376295875689812
0.8888305915425863
0.6777191600299685
1.0136450868937645
1.7365509383998414
1.0932093515254646
0.3174033446382569
0.9765311152853711
0.8564231392351636
1.8193494609248848
0.9040559335064499
0.739468840789166
0.3475591433295199
0.5882219911755705
2.290766158460953
1.4372852238726175
0.2039820763873873
0.6158497318338189
0.2188465701169712
2.964217980468743
0.42827884373777253
0.492241787736705
2.0056263605344378
0.6184781626623708
0.5773665086230724
1.701464304275991
0.7801697926965049
1.2743034102190571
0.966158622283446
0.27901314697454604
1.9327460498923392
0.48255402480920906
0.8464131409483381
0.19356192474559158
2.4977340276505826
0.12998021564046677
0.9007873973213569
0.36446647147077915
2.367008677172674
0.1281495435239409
1.4614572222387319
0.5596247419855069
0.41246728018534895
0.8194044544919579
0.9007097732469069
0.37233045115427965
2.6815771234647783
0.38606115524009776
0.8340856566026759
0.30306262636430875
1.5382694364855838
1.0903871904200881
0.5110345191874148
1.623414024142977
0.6637167665427549
1.1562630304814023
1.4627032174617192
0.441489015786261
0.655709294309703
1.4067989606432796
0.6873810208426413
1.6584563790570386
1.0193284346806613
0.5344565135926995
0.7124156167886455
1.2559658582799549
1.408811933658539
0.5204627337974869
1.4560766018029467
1.0741809996221559
0.6336575093418308
1.3697021366390678
0.30846461708434897
0.8461299137262143
1.3614742470110361
1.2847177120233284
0.785143877678387
1.0270994432200868
0.8935154594349234
0.7207527780894543
2.1521483096057987
0.3370500408189433
0.6482897964139769
2.035835970039797
0.8402381212469341
0.18958815542410035
1.3489123191881054
0.6057447320431172
2.0682705182956846
0.76717148139398
0.4703805952454774
0.8984661386187226
0.38412146132239466
1.9738182215803461
1.7225631537632167
0.2539038829055961
0.4379671821032216
2.3063293885763136
0.08524376877710842
1.138511040213911
2.032676354739623
0.23492036820736367
1.0097810803368132
2.3144039603131255
0.4202551571414832
0.48995383467475295
0.7997504233285728
1.2258288208417445
1.927129338533727
0.9899135585136208
0.07810439164281713
0.4581577717239264
0.5532746103949314
1.860559376371859
0.3328700954652331
1.8691389499162931
0.8277082946523477
0.4812207088835653
0.9107491039500367
1.8450050950172516
0.8987205008598176
0.3580515864078977
1.192850913770223
1.0403360561196284
1.4996832502526747
0.9023238642999651
0.689937183118236
0.8123032403196141
1.1267020646489367
1.1949381011284923
0.23339393526151217
1.9172757656792587
0.5902892795511226
0.9268741759352179
1.2795769505961547
1.075744063323471
1.1939784885723377
0.6326354044326511
0.04661198969317917
2.8319408848818375
0.40028545374689145
0.501897196941791
1.2499113422255594
2.089977061888342
0.13507243512082054
1.1793831659099194
1.1493098173729823
0.4449742663889301
1.5496702222484957
1.4427690757777474
0.4991121514678558
1.2662446666772675
0.6167252654326008
0.3823400467796632
1.7130718882865543
0.7535053940624391
1.6318225075123476
0.7246005975202621
0.19866849914826656
2.493851874114964
0.01373178041310402
0.9729359843698786
1.6223343533715322
0.7007524580999952
0.45864094663186195
2.2754817624123787
0.7231028964639158
1.067856829508325
0.399972123633598
0.4293194230217221
0.3947185003821607
0.45425612591344133
3.1472277523820344
0.2465419665765684
0.7203780028408473
1.0106139506498646
1.1480007057211845
1.1463631427461929
0.9420957126100956
0.10909942433462282
2.300031734243307
0.9160747143277391
0.4443437699511882
1.2588472021208201
0.8577151092936142
1.0644856671995313
1.7274429312911008
0.4801091525742894
0.9909707538896909
0.7608699672282296
0.44975064878545296
1.4721812257726874
1.982511415249848
0.35609360367076004
0.5505612475871469
1.952591985629715
0.19807344902169502
1.8734314448926233
0.8607701206253952
0.06823324952516693
1.8035904491584476
0.96762050868014
1.1108992004194143
0.4953324778719575
0.9223665729809358
2.0418528412904355
1.0692080645411974
0.32885139913515
0.5710345344542922
2.1212672398478696
0.4086339788701967
0.34684423739116055
3.0325258291361648
0.6360523035816775
0.33318801624324984
1.4871738392916585
0.09854205737020964
1.8821460814687385
0.37454064472387205
1.234765829066378
1.15705076038326
1.0378130555730045
0.6857603745358822
0.8907352824683208
0.281728769363978
2.5952609360677212
1.3032859376977823
0.023023572517412143
0.30424302870516806
1.9772589181234876
1.3938301845933116
0.08802528457666814
2.186101940476098
0.6615647151399677
0.7557873551847476
0.43134046630464473
2.048379143436022
0.5755935336097621
0.5567349752675075
1.2937197478475035
0.929695409475694
1.679001962923378
0.6129149304429514
0.6474998692339076
0.6839826725949593
1.4699715314931707
0.8416581616899655
1.6079306031592142
0.29005662633305623
1.3375451332710282
0.7675599135512851
0.2419031459529712
1.3613516143926505
2.7083922709118418
0.06609107932139785
0.50496218344012
1.0971848305846046
1.263693132665956
1.3544490959114073
0.9219433027665301
0.4297168393586112
1.6476185854697256
0.652435027099655
0.8907159736255322
1.6866919091024932
0.9575257688262732
0.03594658896722917
1.4744542097095206
2.126959965557454
0.43973559220691466
0.8699585868318624
0.30335820008766584
1.6391344657925087
1.2212048640694861
0.9171356353444275
0.7236281068807053
1.4124191313871053
0.24360214393981028
0.8039373673440462
1.3838927803764636
1.6991149059243678
0.6673332923961658
0.7503081188151153
0.8332179269372771
0.8054243112303818
0.6814122319203129
2.111629968257763
1.1690050760711248
0.11503886195556119
1.5847500785525364
0.320829843717209
0.7213704653395479
2.485052142839014
0.9506213328808258
0.16630253868188796
1.0653630206064104
0.7435635577521756
1.8727666095200894
0.7897116376130033
0.6512312962732938
1.902443344968482
0.4882295536393636
0.27638848860413306
2.702267253026651
0.1974098288205274
0.3328453994411012
2.307414394652501
1.2093590701993373
0.869224434726909
0.3538423902667197
0.5677793865605761
1.7330019651608004
1.9151204923346632
0.11044538919180551
0.7933185443252064
0.7325386417904007
2.035447400756471
0.09369402208347559
0.7146513195889825
2.865166438098083
0.4037863334252942
0.7972740691716673
1.3077764094736717
0.12990933198641963
0.7125573004472958
1.31977857899211
1.8376572060338217
0.8781012354585392
0.6223181152335385
0.43223627693216154
0.9412515635058795
1.5889074726829293
0.9102851949088522
1.187228655314826
0.651274513536353
0.34537015335335836
2.134523657059518
1.6732507530033842
0.2629814358701125
0.4107961564990257
2.769674165289506
0.42245783817704274
0.06382348390403716
1.068180745398819
2.048412414933091
0.49189163436749095
1.5052119190603097
0.526444074053159
0.7932383534464597
1.7359376585654966
0.695991468739633
0.5261938565903558
1.357838301377252
1.1204988330714807
1.1958341214035813
0.8689693996188887
0.04121045105406368
1.7165367848092699
1.704584911695867
1.1291459447707954
0.12456740155886722
0.5257296176669761
1.4133402746476875
0.2638689245713002
1.459514326609104
2.4856375627281353
0.15300798419517503
0.5792298893089091
0.9276815878719766
1.2499078303672033
0.34437070313713253
1.370598429838107
1.5100972291616819
0.5823659826237523
1.0267369373825934
1.858145049075762
0.7404699838109139
0.4815379592537924
0.604213449692023
1.0699726768111892
0.3225890514540374
1.3039990603872944
1.8230213596797442
0.5728572386384219
0.8755914248149832
1.4772172283706946
1.280461563970974
0.3940711822782243
0.6272243004041007
0.6364696102450773
2.501794580727873
0.6045953230760751
0.38655780973281006
1.8820049299960133
0.8047822120041369
0.04826103941809078
2.941923127565591
1.0030280352109888
0.12749814693608652
1.3183027955857411
1.311855133308025
0.3521184398717684
0.5240973887323279
2.554581598748915
1.344578366478647
0.2857989920012523
0.23882227148791565
1.3128218877376352
0.5903328555844457
0.6542364934141037
2.412637460937558
0.29139508907391504
0.993061993550685
1.6533458802841599
1.0511481933503872
0.523651153244175
0.043323926543054316
1.3107139397764045
2.5238169185432104
0.30307138511539666
0.3414599798115646
2.164097605782694
1.1829565706301057
0.8051419243657595
0.8017144049471367
1.0150381229412067
0.02501446451649286
1.9365095409280886
1.7814602045043912
0.16736339802711359
0.7762778452326957
2.2271645244859215
0.13018720334427114
1.4400136361112674
1.5330037314158316
0.594682584402941
0.3335086455044349
1.3824762038705314
0.8763978414145234
0.9012618752002297
1.1238991660464694
1.7774815047142605
0.8007836572152933
0.46436283303481735
0.16094731489394995
1.765670583426331
0.5042836528313316
0.9063944193046617
1.5937620005921749
1.3717957590055165
0.8079216271744585
0.5996728888586708
0.13909904918549773
1.777281955924338
0.6074083806036417
0.770405881040925
1.945985896303766
0.3600068306702989
1.2381689577342425
1.691171302965117
0.2910673719753214
1.6118455920905008
0.1772200099475165
0.3392679874858417
1.2319198772924906
2.2047629246205824
0.355664130769504
0.6946660680455162
2.7580120463773197
0.3414021122944773
0.24220621107722873
2.020399199509839
0.4964856646628604
0.8620355139677452
1.6712567261515505
0.8960765527149224
0.8296130548876012
1.0030036920200702
0.6302036383024465
1.7398159169861307
1.3667614884333616
0.2695074703181616
0.8663473888564782
0.6766525030628084
1.1667435320328108
1.5745655894953199
0.5962503907361625
1.5347600888298183
0.6278232933192701
0.5090290766283707
1.1571793969578756
0.961877475058626
0.47528230401368765
2.2581288016647103
0.764930130054216
0.6257142190422899
0.5315775584762273
1.885930912412028
0.8588188301225246
0.5698564009031193
1.2329742394018077
1.2586471350893493
1.1440089157690876
0.5076630359837365
0.676972278822502
2.1737213673529445
0.7305269559178875
0.6921839794126395
0.4275505453127218
1.446135507457976
1.638056237733151
0.9403590785514445
0.26095301236010177
0.8175975568648435
1.554337793304705
0.8259355818618649
1.841504694162127
0.44184471753888904
0.27495165172377584
0.9454527122355973
1.5299329884019064
0.8795405914959616
1.2838605501391067
0.8140804452503131
1.0929607800275551
0.07327767566099806
1.8469012175198476
0.8284141532941925
0.9096466419559383
0.9960475059486963
1.1274402332885203
0.5871354661520621
1.4832853646791657
0.9260980914926678
1.2466624640075756
0.5789528887947335
0.682769564803943
1.7680229443879834
0.5531996616422706
0.8932052310294741
0.3952010473096684
2.183755297459342
0.8514027585072914
0.6536228447107297
0.8995388925162423
1.727216071677143
0.18194296158634685
0.9524599914398161
1.1731901370302245
0.6784620705218589
1.7578505715742654
0.20404993914421
1.7843165550461593
0.39030215065422813
1.0319843546690215
0.14113012653471246
1.2594349114099102
1.801331283069735
0.9134349526315202
0.7781640161814832
0.6570875397964975
0.8651007316638033
1.043985465376592
1.496166910278876
0.9281845836618596
0.4605727823683062
1.6041874535144496
0.8889366315181838
0.5414093031855722
2.2934046928564116
0.7063044124180349
0.24181377020588773
1.7969605354245692
0.7908016506741955
0.31695598483975695
1.4173457098421784
1.5407908651733266
0.5936537060482437
1.630964654217579
0.36724325633649235
0.9808688306847103
0.8384712613376415
0.5985604692996935
1.4434422545881185
0.7237139919993211
1.424084460726336
0.6806951260002649
1.21701672243558
1.0951321065123787
0.6317354363287716
1.1011769767923907
0.8971509657864526
1.4176144840388547
0.5671298854816074
1.4731528943453969
1.0191606077803679
0.17413361903667568
0.8618160742240412
2.9227777262364367
0.2857446278240475
0.3652922983558169
2.7102420237193647
0.678374635589897
0.28888612176053247
1.2340622774189574
1.8892263185636726
0.6839958517476625
0.9892199206754687
0.22244120740285075
1.6168018635768078
0.2879641628925159
1.0445481182822174
1.5272336154496253
1.068667765981705
1.1311766333106317
0.2669097129666994
1.348199492125801
0.8120324278501819
1.2745347619635357
0.8268508115365555
0.7161787609595299
0.7425632117601253
2.1415899351194576
0.36333930071230397
0.8907879645881738
2.3934452622870115
0.049717171336539176
0.7222722106133197
0.8481646665760062
1.1716032571643806
1.0798532337921438
1.431999953298663
0.4302067052204781
1.03676301554409
1.1997798834049505
1.3914165228189963
0.41060584337513045
0.97061553233871
1.4549057456335632
0.17133549993763156
2.0637280485663045
1.4237098331213736
0.008373204211057259
1.7690028625526406
0.6712636539574167
0.37942938761156164
1.2508650764356002
0.8606681982809016
1.0923359225044158
1.5134673496589488
0.8010461648492383
1.3236442050165262
0.39682749757169417
0.6229390882762148
0.6216857531622578
0.9256505579887765
1.5223196036547457
0.4873995297794916
1.9670998275339224
0.7776165970421041
0.5589687038669269
0.867362957256016
0.4908702226290134
0.8740019218399784
1.2585111295060027
1.993889612089784
0.3689485349764649
0.4827240551035101
1.8985970569114643
1.0628976019460472
0.3498434199212432
1.3279309503009902
1.3467817213216418
0.48355018276513095
1.7899600227960228
0.47759115045089506
1.1995895874074283
0.8059551053011719
0.5465767868023133
1.3649375880844672
0.8012014138681907
0.6277485368526015
1.5636993639671248
1.2364751845150426
0.6349292234681885
1.6136081491914689
0.5364302730737716
0.8859835982121872
0.951579356368295
0.5168182791928055
0.2892476430980198
2.286244207258685
1.1053710247731021
0.9627890140517146
0.46825695456741384
0.6642001053188867
2.3580691751297174
0.17470070499691032
0.4307524514593839
0.8847786801653635
1.6238844230042435
1.6827860704850346
0.31951393940934436
0.6358661756900202
0.6566749197552281
3.1385664641778535
0.0226974571295327
0.18677280328473486
2.0452760635043674
1.1942340531594946
1.2133173736173988
0.6132049761603251
0.3289196838987813
1.0519889285290445
1.0001212457314463
1.3377404321453399
1.4106573564902323
0.6887982806016787
0.48332654037197303
1.536791274783745
1.1292121870493452
0.47108912409870674
1.7182420569770673
0.4865589042303321
0.7514736956649244
1.1162170555632085
1.8167008822597253
0.6743469310892245
0.8279892609489427
1.1175627548175993
0.47530817183763985
1.3190983269873588
0.7190413939769454
0.6890154909700921
1.9368502022660488
0.8146778786027509
0.4897318338549069
1.9755054509590786
1.110770487868739
0.3532030266588567
0.7226347142401924
1.2368485728131446
0.6896441558484667
1.9596703093012324
0.18470840735498617
1.0420332567773292
1.5761394314401393
0.2170821894026415
1.9988437079895305
1.221616314889033
0.1079414732599513
1.1777627409871887
1.5024160116659995
0.4567549136806211
0.6860393925828686
2.5347950915523616
0.28265142677696786
0.9734790684304836
1.1119305325478401
1.0308752624149515
0.4931699337052356
1.2164775961557637
0.8900705350121612
0.9997444859523521
1.699723338351995
0.9709459555446155
0.15402389617437168
0.8898161477359935
1.8506098859770987
1.4237375661441272
0.46249546601369956
0.5137578679339058
0.8205284442575932
1.7298231098093888
0.5987189230048723
1.844586575201299
0.22479737214331785
0.16379029792275604
1.3722203071412313
2.702329300438359
0.5701488014704236
0.13404597530152557
0.70653095810291
1.3875294393330568
2.0398577709882253
0.20000773140830438
0.3325887121711798
2.1259699271899097
0.7434062450179981
1.702567217335548
0.10206332226847002
0.535820974617202
2.0333681086125153
0.4314097368577807
1.1545680151636297
0.03936471973708222
1.3337342537685914
2.023375251184648
0.8926527202927705
0.7305082256768883
0.46754734689446514
0.7158042302413123
1.6146619572665157
0.8695797241992649
0.8087769177738283
1.150681347444282
1.3464754615486978
0.5537188644421693
1.2450428078544997
1.3646925457502175
0.20717428485939085
1.3153418138166884
1.0388413120638258
1.3547282412235317
1.4157553900920494
0.12382781890993351
0.32442346841868036
1.0226734137776536
1.9237157661234199
0.35077751905799764
1.78632249759224
0.3699092016255903
0.7816592273066135
1.734847512486057
0.8382746438229598
0.32564670335730544
1.5257687859244593
0.5652577167798284
1.303959381727259
0.42819706531131246
1.6967007364785507
1.4304422549960272
0.588916758030003
0.5910439361946432
0.7269594622098018
0.4413850542601184
2.57084655004057
0.7818287017520225
0.13074062797452612
1.4198361595786593
1.7008311310164987
1.0207172734635888
0.5883410675159972
1.2514947283410773
0.2149313186247571
0.6704878331830908
1.4462056586759764
1.217340069037748
1.089299629013135
0.9789432041523588
0.4613555520022688
2.0291969207004694
0.6494858854378113
0.24726598840152575
1.7502600766982694
1.1023517496637265
1.0181741958690673
0.7996039505652295
0.8256099762911975
0.9962491227299308
1.4130505229558157
0.6025774706362207
1.3707495062114499
0.5758423021150134
0.8430159213952996
2.1236384333363016
0.8945269471055223
0.29904029321788833
0.7889503293164201
0.6055372873549982
2.2299626932918626
0.1896347589847911
0.9349077846153806
2.234283220183946
0.24524402726731961
1.0502079877943133
1.2816544045409979
0.5026406538706982
1.2084904888316006
1.2102060930435414
1.2191425739466586
0.2104506758288819
2.2423000801795103
0.5900434811370391
0.2561476760821039
1.4542851196194324
0.5615747646403078
0.9445559546432768
2.1215401661455173
1.125232355938059
0.09974312169731292
0.6018862455198123
2.32138936821223
0.9037335008984937
0.40927458431226127
1.8113003376693506
0.6967382784971133
0.35059803273627804
2.5319134506605776
0.6532465837819263
0.6362816751944584
1.064328807993535
1.2110770022654611
0.5828689000137287
0.5548444857022654
0.42983837513248907
2.6055621924635046
0.7778284777495043
0.8979302417331174
0.3396453067021139
0.09021256443368848
2.3079509658277275
0.8206787929712905
1.30096778159491
0.034028825357355
1.2029947427300782
1.2314842942948567
0.6781537762954251
1.7428305105707553
0.6710562854756449
0.4014149969969881
1.900258163160293
1.8721016159383659
0.22906762514095222
0.052348921935658536
2.5169348113373804
0.38997113160985103
0.7980678327333268
1.662034589492229
1.0921277349444183
0.8765540906958615
0.8262750651007945
0.9126225208158378
0.6378269575804615
1.8465233423251104
1.045499910030695
0.23328431395027766
1.1185860463881743
0.9288799089163589
1.946158809244686
0.45337996250473894
1.154585092653519
0.08043279742720748
0.3039668787768738
2.574048959012757
1.3277523310167851
0.15615074348068395
1.2188663699228788
2.3556038746682266
0.277033324780672
0.5878696817710042
0.7005303310268306
1.134684973951804
1.396892674327299
1.4389491263952907
0.7015922084140581
0.36441994303697456
0.4713845753584036
3.113331628290523
0.07981559453352619
0.5548560586596879
0.9068170473167374
1.2600968166337962
1.8807971127961793
0.4212346659771295
0.9798507874558836
0.47894685915893287
1.580970647851296
0.6455429700439976
0.16182117481796313
0.9479665660967309
2.9965319883878108
0.6285197700857746
0.21031431204647116
0.684007121745006
0.5488702355119514
2.2938174403907654
0.8382186780674258
0.3212771587811566
2.058986920492762
0.8704469396951268
0.8057273429895795
0.1314917158709717
1.3008417398640015
1.3405514232789748
0.943950995525645
1.231344497983631
1.3696395903029448
0.021050791771360468
0.8888766108019593
1.5623616031792535
0.5901694868763631
1.5740188507800819
1.390044169512945
0.4307121777730995
0.9628623184233757
0.656266113660901
0.4390666237686372
2.1504219466524304
0.587202865770317
1.0588460508813349
0.9572346906749867
0.6181529462022306
1.3806548490654817
1.8992320989040998
0.32690281884280425
0.48540978960949716
1.2516833615662655
0.9047334824381846
1.2433991616823892
1.2402321483654184
0.3578472018126671
1.7941588143575828
0.5600984118582911
1.1514296827382509
0.5164798418829976
0.2608404374399194
3.2459484053812373
0.5181330988521641
0.34887981905529086
0.23151291369968868
3.5639987385114633
0.03778673752494321
0.18678567794971054
1.5888505529890817
1.5067483676449782
1.1343416468067362
0.6964175220056006
1.3573515866529753
0.5465415775759409
0.289094694571705
0.2708442322179582
1.4484964225691712
0.7369546294026353
2.0325348150116564
0.698621870362355
0.7977372712413997
0.31675330203305835
0.1236945487665022
1.1109928504224598
1.564219421103007
1.4562364744969813
0.14644194374987857
1.8025453327179703
1.037866016935782
0.5363305647041366
0.2691211911907255
2.60850818366625
0.7751553952424084
0.48823515936235673
0.3817904801026392
1.6663055160117528
1.7042294861579057
0.16985272905504298
1.2284178964653174
1.75775586584735
0.8211827852243082
0.8367020297431425
0.3692062320496619
0.41844853408615224
2.1732477290702126
0.21050893394951467
2.0594703411806385
0.3784598596113639
0.19021081610127907
0.6518538006262924
2.8538538488251453
0.7840918936712278
0.31622290200908454
1.0141596603982508
1.1881492843503352
1.230255709039689
1.2514680273507068
0.01684044749783674
2.162957551876236
0.8219788525742054
0.1535184949853878
1.498425524397995
2.1961144079145742
0.1933861674718632
1.1533894615465083
0.5134063694445478
1.4816842259448804
0.3235791617280944
0.46356200679278475
1.9030221831366516
1.6714157015000417
0.7584816113614062
0.04157998676142269
1.5993384628817395
2.059790015900614
0.24797657566058443
0.08190281357517162
1.8365142395825207
2.2699236206156153
0.6759028260032248
0.024187079960136772
1.1055254726733454
0.6613140621195137
0.6037025910394253
1.5358507621145954
1.214076240578043
1.025460707855805
1.4459448998210875
0.1607380305057658
0.569514160461835
2.092871815217359
0.4939717383882033
1.0972932616844635
1.259253458721811
0.5261502301711034
1.2850514190849975
2.2567221446315826
0.040203563346810425
0.2360102048293636
1.761306317431503
2.2462664127253587
0.3284580199335865
0.33956725308568464
2.6877372570118543
0.06477606245982907
1.21087955295512
0.9506500934409617
0.4654542760892675
0.3520710535261294
2.838685483458738
0.9264768019157409
0.4351119549731223
0.4050043466797878
1.901059310266269
0.2887282618592816
0.6727164207236588
2.6027155510255207
1.0690622520211286
0.09958495899788414
0.639376033867203
2.631372219066736
0.09784249495131796
1.214407060694994
2.028095684407207
0.3034492771245073
0.3381649868600114
1.264212921078125
2.0404294387263833
0.5699111326293778
1.2003951848052639
0.29919030216686016
0.4685974201041519
3.1568986600556523
0.37837346818781353
0.037146751419410165
2.740798462267438
1.7915254129349574
0.05105586158747097
0.24418107213586485
1.880792490627155
1.1148320908218043
0.8283475048395492
1.131440420392317
0.6790467299701627
1.5401751672202133
0.8901572750437254
0.8440592625236205
0.504206586784039
1.5750237856504072
0.8365485481155461
1.0995928809783184
1.6614123102884288
0.3647369023392883
0.325045519433931
2.4777434271575385
0.37170053948970094
0.3734817860250624
3.414225565525031
0.31901325021269433
0.25333129613463395
1.7833065940430104
1.9398918028093242
0.23903107418462935
0.10643071252357207
1.3632591158007343
0.752294885484692
2.318889328665714
0.751888148647245
0.17425117318847497
0.18140117227960373
0.913971479736128
1.0424149899741277
2.2448050922117333
0.46494528993218937
0.8237799384343318
0.49903981090088984
0.22941077746757615
2.9997334218671274
0.89912066753887
0.008999075766520688
2.0770468818463357
0.9545093344392958
0.6713402304070124
0.6284502020155609
1.9509119696457262
0.21262037575820525
1.3389595377247396
0.6134358220173274
1.7176982841855046
0.6862628033544788
0.15872243559115773
2.194236624476153
0.52232522402971
0.7860641971211986
1.774450324224529
0.8808004782223599
0.9519731162319243
1.2177323663046642
0.34319174204748487
0.03668169770616378
3.3709387577518823
0.7847806589233768
0.30882944301426474
0.3094675711267677
2.656422567250766
0.3563871581590236
0.8272469525410957
2.296574250920213
0.22940147510824
0.5899269689085919
0.6562169891709569
1.3665490223822785
2.37520661489298
0.2657240458455641
0.274917754338581
0.19184807376440374
2.8864998876268597
0.2633189980496041
0.7094373410389312
1.384971569005218
1.3455216278970186
1.2298140206418773
0.20136262267858526
1.0201893109102098
1.05909079376775
1.1998843874923157
1.2025619293959635
0.6050688114358769
1.4845548447012666
0.6903285429301536
0.38711761252480265
2.0716125842491593
0.7576476031604952
0.6906653135953599
1.680591466424492
1.0666243452171982
0.438834807261261
0.49481729296255506
1.9276525944363185
1.3145421028867441
0.5538797074114091
1.2510131792007098
1.0074869342779047
0.3874194344475127
0.5103201551723754
1.8020238828726187
0.24287836657798148
2.2752390892197214
0.3390095956798489
0.6378200982501494
0.7764554203993156
0.42211454804457627
1.235782416579247
2.5195914726907915
0.24592104110878055
0.47875360868075095
0.41162295435853974
2.917383524428576
0.6691038877521027
0.1586135012924838
1.8988398634120658
0.9506183678407663
0.4581120070445289
1.951281192025472
0.08301892057386555
1.8490302691763107
0.2660742343159698
0.5469067214968705
2.951894897049965
0.6991262210736492
0.012895615270009368
0.9223270144919348
1.1523768581622784
1.4952375380233083
1.1250466760802786
0.6833462803371197
0.9844252565027014
0.9160909478832457
0.3506585455453666
2.5539751833463225
0.8044919135659789
0.3237791399613798
0.14028660649050217
2.4104001310324294
1.0641445239304617
0.9368120943866882
0.23568935516872747
0.9704251286452696
0.45759970856569265
2.3102252357178465
1.0724247792530275
0.23295889663155364
1.1060832856084224
0.6905831384478993
1.421272941758503
0.8529004231657902
0.8320666422515918
0.4828185972118495
2.805345020906557
0.06243557260372064
0.5470513984925561
1.0013347476460353
1.5035886533074003
0.6311168902586052
1.616128807328767
0.7512120826094706
0.42749988221068924
1.3441236944987376
1.1004594377309755
1.0872914746550721
1.1756027027599913
1.224777246519481
0.16984988140377658
0.3948681461857083
2.3900924416889358
1.3579561207904784
0.4001816395377484
0.673516719778297
2.197372673019771
0.07622445849231692
0.9646154829961759
1.1877877964300767
0.6152480348867126
2.2623578282070125
0.6438638715703063
0.3513508774026052
0.2993496513677976
2.033269703120833
1.5786062331858177
0.45547403707580747
0.7121750103234444
0.6332314267357987
2.2276614339243506
0.04592938440624821
1.3197767988533466
1.1094664328972508
0.7203447229211433
0.6039810306435125
1.7338648574597841
1.2135877356503748
0.9085039055922565
0.10506589177683681
1.967891728785241
1.2276002660539367
0.16781328315694602
0.8906039353972316
1.8083227336019725
1.4658765134472866
0.4457554953811718
0.5837741475412194
0.7905923343118386
1.3894040955120774
1.8029328687755095
0.6078028954241389
0.3252764103435539
0.5678792655230489
1.8811002444381226
1.533384468257925
0.5314590945432099
0.6262488411508269
0.8156104999987199
1.6631179269331706
1.2181010160836725
0.7029118285180636
0.7835426509330599
1.002683099213111
0.728544976816209
1.96887397818196
0.4163598366445469
0.16712801491285964
2.9920190700601825
0.9496300313996644
0.2863580946563609
0.5122180160138635
1.7935495200116425
0.7846513350322722
1.2264070794644164
0.898377868013122
0.5033264726216505
1.470877021457728
1.88736553344726
0.34601444463422065
0.509952579097674
1.0925235306239711
1.4307279149374637
1.2404326141792914
0.7109239776379517
0.9193374666903794
1.398142092332081
0.0034544444732757832
2.1013348857390857
0.22781046818048203
0.543725017333186
3.3353408674357903
0.40897596463993324
0.1718235644811967
0.2952792373071011
2.5842002422065344
0.8120202285649349
0.7982109621962201
0.5853194000590611
1.217597003952412
2.303773290017768
0.1485852802984567
0.37184462434253734
1.4374854519427671
1.211140691744752
1.2888652914675547
0.6494541758095675
1.3347688319817372
0.35143166800713654
1.0818522190230604
0.9493289678837414
1.4466428807976073
0.134765868593531
0.9945155542458799
3.3291605366561217
0.07893876984882892
0.08996816538539198
2.9983736368994354
0.47600299050847084
0.9085548994965701
0.6793929670799943
0.9463759590298337
2.7139969598497573
0.05735013609216583
0.15770972718264267
1.822442033848221
0.9553939775498976
1.3476171923883338
0.4712897766108298
1.699038543160742
0.12025330286619774
1.0686310969487776
1.342959227182191
0.4903090102834313
0.4817500541161751
3.6936084803150258
0.022130097278685666
0.05018211244951523
3.329302170705456
0.14264048041529595
1.0342396370888969
0.7999785408733315
0.6945552716372138
2.839820845388073
0.05520675841008225
0.22233570357351876
1.8882926428563456
0.6566472599773268
1.5633448924797877
0.2528587970652782
1.7565384666326338
0.7208353051787447
0.4443246854506044
0.6442651919122098
1.0106200201438607
0.772456654539997
2.7949858509776786
0.10227031481667273
0.12909128107499032
3.172852421950587
0.17295613975961008
1.0247606029067209
0.9129329812272275
0.48427849411376855
2.764837624729423
0.08399659115653327
0.4999757208759588
1.721218815510574
0.3564477259709351
1.8132267430264635
0.07956380609965902
1.541203454803025
0.968723774716176
0.6114497732177374
0.8226702146370996
1.0483374354132287
2.410296825777671
0.18800066854670647
0.21118229390108328
2.8692431885720096
0.45794781916662386
0.8772303006245326
1.0035471112182353
0.30149720611704756
2.6625678624829607
0.1749479887854773
0.7060082812070938
1.5577173064381367
0.15367632063075065
1.8415378460208847
0.10525225010608556
1.773845227484531
0.8443360597209649
0.4758651195611797
0.7757235995057804
1.3637229208237174
2.068532161515807
0.25516638884359344
0.29209697293196524
2.6323526786863805
0.6948550353576971
0.717737274447174
1.074764790952123
0.16836494440609195
2.613537375218205
0.17257251860612094
0.8730691610022973
1.4351182217440628
0.16579878240603332
1.545057107217079
0.4457561019280149
1.9597315595510605
0.3533275575936954
0.5652030849312408
1.6574795712698824
1.7871520881099614
0.29242462041106543
0.36747549994010487
2.4900588796937306
0.8634063712826306
0.5525413073977004
1.1147607259049799
0.1320265266871461
2.6336131372645473
0.025042906813233037
0.9797740580832203
1.3647927450889998
0.4172001664831651
1.2479438254983135
1.1302640953018317
1.5792875105249005
0.2594223014644525
0.5908247096468529
1.9095278642544344
1.5838947977982574
0.28754186416990396
0.43381868884382224
2.473164874293789
0.9421720547434722
0.39434581912566996
1.177296285264746
0.22923088401603448
2.4404702644341008
0.30152052236056304
0.7614095103387437
1.2557202144288984
0.7422480964360568
0.7157838985270624
2.529959020157024
0.16126360347861818
0.5030038198296982
2.0964899602542983
1.4762656744218532
0.2303984812791246
0.487603292172958
2.615993846541863
0.9120012169837618
0.25976227840994864
1.2463100660285258
0.4616906096992546
2.1245805067695005
0.8101080238452263
0.3695693501120784
1.1484999463231724
1.4395490944711922
0.05915986569699711
2.5389548380460987
0.12647441835146372
0.5415791411246194
2.1938863050786064
1.4796476905946094
0.11633009268829396
0.5251511933253692
2.957631281746688
0.7595307819049547
0.1627301477821263
1.3179186209294136
0.8071592596500562
1.664158556937979
1.3193193871848754
0.13572038973346903
0.5037338836053826
1.6532819807381987
2.1934889651053884
0.06839892945484218
0.6271711619821455
2.144467692523753
1.5319145526941589
0.052315503510040814
0.47705720150032976
3.4857391451835915
0.4846063773574025
0.10927727312616545
1.391457333517318
1.3382626425652069
1.0599600946931858
1.2649803073930899
0.7379405807328799
0.12297233283089473
1.6278748426911163
2.283954793638055
0.05467582781698799
0.7814652719406158
1.8741410184558494
1.469352731605174
0.26737916814072094
0.1850524054542216
4.047097657996748
0.07107720356437963
0.09745034588726259
1.4641803240169118
2.0069531064035893
0.5570558549986689
0.8544926067038773
0.5218018315505545
1.6015696313687073
1.8057122268824655
0.0547193329103424
0.999402014648917
1.5691197338427616
1.3902735712968566
0.3910827239372332
0.20456519898255882
3.5768641858082835
0.1946936781152036
0.21558890345398057
0.9645485984641767
2.882355415041489
0.018037621372972185
0.709685593421539
0.5858128546691187
1.8312069380157214
1.533833226371716
0.07355350449038182
1.2876819346974084
1.2306295265442053
1.2921551746137938
0.3587384158128371
0.6724255554190955
2.6227571916662717
0.30852845254003014
0.6424146992503953
0.09946968065110985
2.7555477718597725
0.5410414682638294
0.4060398798907973
2.1214935593388713
1.2173234201913798
0.11163498995161247
1.6537326993892723
0.7844521423152213
1.2364780639516517
0.30033022038076684
1.1976247772050406
2.0101385757208936
0.4220988484082511
0.6325613523097211
0.6806716555144552
2.4171649226357785
0.3386747551558643
0.4673395967443157
2.4984084392266914
0.8770918523770089
0.1707267936002894
2.106646145419658
0.23584274360156146
1.2182430072793682
0.20496122194762384
1.7513256675611188
1.3340445017029043
0.40933620966752493
0.4985008458201064
3.0518911609310146
0.09613371041918332
0.4702178802217622
2.966596979015211
0.5576255478223529
0.23954367878919486
2.3105980573025278
0.4075028730042337
0.9623401154660959
0.04995236068615924
2.4626143503870477
0.5307597129340655
0.5729967513753205
0.3434322917559931
3.0975891363295083
0.13862775495634155
0.3872298888789951
3.3829255026457656
0.22722697834186642
0.31125558413892374
2.3627432429892856
1.101320136733037
0.5133651255663811
0.11780264784231
2.8512712542761878
0.7825388875067827
0.07092794380338245
2.9763915177658444
0.40613787717693356
0.18322886499472138
3.482603042699118
0.17349211953806906
0.24626945841788317
2.308324168196778
1.8845554478252367
0.03512196453850556
0.2910003208935469
2.847014563878538
0.9225082634621007
0.09854490275218335
2.663002400852981
0.6930587524049048
0.029068761499322655
3.182768598065155
0.6630869228860016
0.010439368598093548
1.7784140045441836
1.40302639422017
0.37439427904133654
1.7052388979488937
1.004269323584929
0.2882506260371438
2.109675016044927
0.8046365274787234
0.2538254555319584
2.4101129698202026
0.8666618438416017
0.30114914140621224
1.0262011306660124
1.5342556953464246
0.5840044270937033
1.3443391372914995
1.1042680841604815
0.5010294762131967
1.6007580494745268
0.9361255594569797
0.5022443788699944
1.6629503799601004
0.8178942306821955
0.7680466863967554
1.4079463279166082
0.7514063999506112
0.9951292542000636
1.2232810173563125
0.7373604781892154
1.1389161997770856
1.088234730663308
0.7748917984626815
1.260258452229325
1.004976136515153
0.5678069351349297
1.5141214224080661
0.9748469185354499
0.6633644491605585
1.3620739911761808
0.9979036898590813
0.6339647367208852
1.0131481186776135
1.714963164876557
0.9719094521895834
0.2736458540294198
1.6392109091664826
1.222268138507821
0.35246375656909806
1.5214283015925543
1.2835479470561157
0.3327355255941725
1.1283153355038436
1.720424900136702
1.1230222034046193
0.04660896802807203
1.7840255645621745
1.4946031378601194
0.06377656373109904
1.2724680980724543
1.2235835181279247
1.0286110854524042
1.241226295079767
1.0881916805117562
0.19565324456725816
1.5915659499852504
1.4306506120893434
0.22197861526589988
1.1614038626835765
1.1233985044860715
1.201101770509626
1.0958549626777279
1.0000414301458036
0.47271861804253335
1.0605858172212608
1.009137530384233
1.2256061154296183
0.834042769671499
1.2967728235861924
0.9496013608215798
0.9063757049915364
0.7901666889933562
0.9016617212998036
0.9029012963694932
1.3528537369691465
0.7428050118440029
1.4435550148908867
0.7004713241059455
0.6974179881998275
1.4486917822688927
0.6817005712763233
1.2820897627992665
0.6457553433614709
1.5982936768691403
0.5900834141254651
0.6219035994261246
1.5737695027739087
0.5925357068529343
1.2521065752631952
0.49047000520452616
1.664504701244782
0.48728331677717734
1.267706045624009
0.497722092641911
1.3407642873213719
0.39905963843368825
1.6645979786519358
0.4171535800542077
1.279949828602459
0.27138746395093105
1.5817538491923606
1.5749562647240956
0.2475498491903875
1.3725194554314077
0.1978169901169307
1.6046348802851547
1.5614649127250146
0.13534742213898068
1.1969763312024377
1.5719589896997073
1.2512305172457507
0.0815630307476345
1.201319812504306
1.2223856334524819
1.0328294125535844
0.9846786628455918
1.0000313257586002
0.8357343665356411
0.8316616469694603
