0.9507231878866909
0.9659911804690496
0.6506100424954014
1.1851305226862234
1.3904709865433178
0.8115737772925204
0.6172477579258981
0.8760573930635183
1.6661534659828727
0.8996274347031209
0.7531703230612043
1.0387400913976446
0.9958492671375236
0.9793452461130641
1.0574138488785487
0.9455855032269632
1.0077189056742148
1.0413627638571965
1.1582268789474117
1.261988122837715
0.14008009276244113
1.1015455552785067
1.2206651725603928
1.118214451548693
1.1130667628778843
1.1926933958771753
0.2597779321008578
1.3181732947312932
1.482653813673302
0.4296788965900102
1.0464888993316677
1.3692472567374256
1.214146227459356
0.39881603099989066
1.2467137925858351
1.370672442072607
0.5564566715551288
1.1204015870628221
1.4613865634859573
0.9508634784702079
0.5116020398193667
0.724456739331172
1.3951003894173317
1.2521081061170205
0.7028436332413799
1.0557820760731749
1.403958613738333
1.112614361526415
0.24341762885293122
0.9584467456555305
1.7061141957867885
1.4225842403107107
0.010482593677022643
1.0935716821877743
1.27164216250023
1.3243527752964026
1.2349257842405044
0.059606012028512824
1.1649951690484375
1.572867723770687
1.2463904263821792
0.28158051301909515
1.054677129608628
1.3768370210900593
1.339425371348249
0.7181261067957613
0.7048588235717158
0.5319795491490859
1.2654753950759026
1.3416404884950568
1.128246552469425
0.5860853646284969
1.0110216640144427
1.1965247750651904
1.3374374375768956
1.0547892124114524
0.14222776185780778
1.0161928344049476
1.2919225903914906
1.3435279192303167
1.228875412416958
0.18509560412608017
0.9996355409933053
1.2076924798954454
1.1401161068049694
1.2165898369124815
0.9670161106397808
0.4612420531749033
1.0679334344192266
1.2046448988178662
1.1707427084321655
1.0362225460684262
0.7114788089096157
0.9157068872173262
1.0992222031218535
1.17499401676709
1.2245495589646638
0.8995262283590217
0.4444209870503316
0.9674392750517434
1.1401368113783503
1.151420203658041
1.0215969725178036
0.8360641641548395
1.2699849102870588
0.8275399028252373
0.9857675151807204
1.2192027771360443
0.9915484894770551
0.5898953368939844
1.364608631201672
0.8209621646223453
0.9636546060353754
1.1863957902570965
0.9513239594428203
0.7482109920229663
1.61820215020522
0.6274366657530058
0.8459228267534973
1.190830674552656
1.2626064036363944
0.7271858539908254
0.3632420430759953
2.2158441499498256
0.6790644852162718
0.8073838672544996
1.2162903635883595
0.7301517966855973
0.5581374764513367
2.346838211497215
0.5033337489586693
0.7082957421234741
1.3069262950380436
1.2234285815744754
0.3926364848510768
0.48945958115720967
2.9805630781035712
0.34335115910562447
0.5844907414632988
1.2739590052159304
1.1862994217292921
0.4795174431605704
0.5171032064847345
2.9453851653784615
0.3890345345213441
0.6069448581469739
1.4121817390038927
0.6841181508091719
0.32258631735015786
0.6391563272244811
3.317009604259015
0.22318010139395186
0.47225211913304704
1.3684239114304984
0.8769863064850071
0.35753753532479343
0.6268211259246486
3.575808006795396
0.07154696852672109
0.33451736795167475
1.7130293986127927
0.28677869860814975
0.9622124437764914
0.4412527680327655
0.5969046180256012
3.483887705090498
0.19005719400271054
0.32339640844228323
0.6708362324579624
0.8103067780858415
0.47331063911720406
0.6154990121640361
3.4359333178925806
0.28458521427282646
0.22956072734305213
0.5114668497429152
0.7788884598968517
0.8924175138584599
0.45475492089966774
0.608454868898532
3.466715148625689
0.24758528226908594
0.2677094797507239
0.9961352970806372
0.2724305044348143
0.7587586131788568
0.5753175317660185
0.6347576531613923
2.545427865509414
1.1497614295039185
0.29209182470539524
0.6912823601167061
0.7997314871309724
0.5528557440433167
0.4867844232767159
0.6277609045805227
2.7462571655833847
0.9230048713495901
0.3581116280995635
0.8304301614156252
1.0395063133322404
0.45605854468981205
0.4664951905933155
0.739427567213178
1.6067486434745002
1.590484757175969
0.8357324032548396
0.6206235950919967
0.9038962168832004
0.996456464451059
0.8879654360460962
0.17922558349216947
0.5555025939323154
2.035705473142343
1.4405118593771347
0.7183228472365111
0.7380622235638421
1.0049311133733612
0.9367690347699582
0.4763926580713888
0.7060525094853244
0.30519152416952655
2.1149992337008974
1.3341533370630851
0.7114009511612528
0.8470304159286662
0.9751725668997688
0.9235418255363268
0.9062811539990233
0.14938685873060356
0.768461094320778
2.1011132446714593
1.1824245201989216
0.8456094272759683
0.6925690652161496
0.4499311494376169
1.4561895381374517
1.0756927865394248
0.535765616162295
0.6075866292130894
0.7759396762722109
1.8783481712072303
1.0962946690590587
0.9189394869607075
1.0652058993781146
0.0660780354094848
1.3940252540742966
0.82142672736619
0.24456792079007048
1.7558930891425977
1.9376077812491501
0.187962943352725
1.05514639258496
1.4421117424269374
1.1566535783872622
0.6769153899709107
0.5308566840821446
0.5344029684023577
0.7955794565370397
1.4704396458595954
1.7270398177986985
0.4598663606510406
0.7914089167778152
1.3811265569690543
1.2327611155663645
1.0075256243599717
0.21288180034406987
0.7548125588093927
2.1586506696593912
0.06135579314405918
1.01979855467166
2.1032578052347946
0.9287018222242945
0.3836030811560828
1.4055815545454875
1.2682167248459402
0.830118578893166
0.7005267014709744
0.5450549154914526
1.2896671394105697
0.7892136924486568
1.6360156069808365
1.3203951567801835
0.15289532449090595
1.5153699270519712
0.030911768117595308
1.2889969202391562
1.2452598203686664
0.8098638093064607
0.8428916363150176
1.2997549514829665
0.4699134702024432
1.620093281466905
1.4721346211701785
0.46679971606581155
1.0577366069361929
0.37391616821621837
0.9531850554614006
1.4580970967270206
0.6929283372375634
1.332642267059378
1.4624820588777738
0.36333038486522456
0.6039276967319059
1.3468320676638386
1.7058620544196892
0.8466691250984881
0.5248074283349725
1.113551282094155
0.2788797289562044
1.4591651628016775
0.40245734736241545
2.174650377453953
0.32231690974940186
0.6840834179393686
0.9477936995498946
1.7276395425256095
1.1850237502269891
0.05095572240013295
2.1061681187625925
0.07159043980813481
0.8062990358236691
1.556784604360491
0.08659299671603408
2.1246087286724435
0.6188246205047725
0.9757170487166477
0.33235822591864783
1.6865037615954315
1.5002071970598294
0.2610773317885182
1.2973699005129997
0.7184931744108821
0.9747652962563246
1.0387657178551533
0.73222515776891
1.5857107671724482
1.106883316933046
1.036433683769545
0.2591006474826505
0.515600589889213
1.5648102445017127
1.7648427707417975
0.3461950659594913
1.0468746749901248
1.2074637516363538
0.8061461368067646
0.47313391138146127
2.0926621105033583
1.0755931803995296
0.6331908740805654
0.3806221634717165
1.275268645514218
0.6081732486441324
1.9280806901759011
0.24983679092159802
1.2998205712273603
1.3488158847129719
0.5140730466380506
0.5804448557642261
0.7643575238466684
1.8377858320658875
1.198183681653777
0.7408372056121768
0.2808452378345419
1.648912701621338
0.19629457765050534
2.292812722881459
0.09130431010840602
0.6042591413938397
2.125046795301805
1.0662270354634586
0.32192518297098344
0.9263041795000879
1.4076151174997613
1.5935594644715938
0.7156005787491537
0.5335691306901353
0.2243133131176632
1.796331891979639
0.7580781798257478
1.7476462978863743
0.49028089369360445
0.14731319608370597
2.2793837738050193
0.20437596709342384
1.5249666865486662
0.6716395614499597
1.0107245383601298
1.65602593677839
0.25718664293204413
0.6435739206430635
1.9202972868125534
0.9011807210994907
1.03380642303546
0.8819379144978523
0.9446134500149546
0.5341157342456208
1.171161654810409
0.9796634364062093
1.8316851523153428
0.1038481342547247
0.8272555433447364
2.320076434763715
0.7960245139849997
0.05458328964646655
2.4722392199724252
1.1543739586839636
0.3829662875003118
0.37345869773420526
1.7898130347791434
1.2285944297359233
0.41193588624396804
1.7523964147166469
1.2560698248874604
0.02379736157519061
1.771852902103977
1.1654969085259088
0.6519658742772385
0.7865795459170316
0.9980837528945244
2.3208407156525643
0.06471365106107774
0.6009159629145615
0.6018719070337043
1.465263743285986
0.8848880184140021
1.8396842628054955
0.5743265578916171
0.34900144205241196
0.3056159055347104
2.307844369837727
1.1427046808170154
0.3269133486648096
1.4583061360053495
1.618350704784729
0.702085926595624
0.48743405748391466
1.019608220539712
0.2364455554303184
1.7166576884592148
0.3618565195615878
1.8731475729444445
0.7574566163219688
0.6122270970259275
0.17896070972797895
2.621942162968332
1.0733226278356525
0.18947708223709106
1.3226836236677817
0.8612011335092526
1.4455945225188478
0.2921034981001634
1.418107552299684
0.8637208928257862
1.1646463190872092
0.1536822375420806
1.774951146467553
1.2129636878545806
1.144777613629628
0.008055092932644132
0.5854404435775141
2.717482597913959
0.7297671436613
0.7113088795752677
0.47114381057741855
1.113116251877584
1.304808079984075
0.71177698856522
1.7617183309139366
0.9931742025588335
0.2591579020523005
0.608309211794078
2.380248112890476
0.1655755080883002
1.161612808132603
0.2588833337533354
2.1879462693742546
0.5049203109831989
0.5641703808095982
2.3447622704183555
0.08800620054637384
0.9272022732170773
0.6441414378599741
1.4612660041228542
1.6830043607785627
0.27806574013608093
0.8406194701625566
0.7928173321772218
1.5179932401229046
1.7012632098910825
0.5489875008689965
0.0428139508551074
2.378812921485334
0.41920566303036694
0.49892323434465435
1.318837902961335
1.8386308502335946
0.857007049119753
0.2155479284510392
1.899826618576054
0.3653572199942695
1.032992430379086
1.9797366911017302
0.5001971957114542
0.514301981001845
1.1201261387722221
1.9444871839600941
0.7388498969923661
0.837575211704347
0.37440694383293854
1.0461750637571972
0.4030460997141286
1.552628669140277
1.2520498895693022
1.0583951516747474
0.9105316856586411
0.8947793285137452
0.047598579863792005
1.6820139627327158
1.9770178374274157
0.2659187307837032
1.0048662053910262
0.9162049075734294
0.8328922826216251
2.5065901047897747
0.22537368638641977
0.2559047994664438
0.051300154242188735
1.5472441562358683
1.31330707303509
1.2938004247474906
0.7631632805858617
0.5675189983155153
1.420961347275217
0.5898622365702888
1.0563599457701882
2.0598848374886782
0.6905700977314696
0.5625327487291079
0.06417802835451085
0.7247774876793796
1.434791237424683
2.040148397737566
0.1509107238480529
1.511004468123166
0.020754880090238303
0.5724762289630995
1.585346889222205
0.832405773463433
1.7395423201775175
0.7006186911733965
0.11662625588328938
1.6439810062546503
0.8023026933828915
1.7833432949591796
0.4168900937451775
0.7399174859380334
1.1139233055486768
0.25908989565360074
1.2100196175732152
2.8984009700202575
0.08954804024297217
0.4930222180704411
0.45983205018732587
0.8977274202918663
1.871269377749712
0.6459166988748721
1.3346113784856932
0.23473290453224047
1.4413341138870674
0.3747652886516058
1.4119581956559628
1.9384914333133216
0.1879801845645671
0.7520611204108665
1.9620447532646954
0.41289986675097584
0.34951213964552447
3.6428119871783706
0.12045982305422116
0.2654248296420268
0.1191135425040759
1.3630816100067535
2.011614114601352
0.611300807345385
1.150310003005654
0.8101602381806597
1.0723224339588597
0.1037404115322561
0.6120733277034328
2.489657655934693
1.2457439696652741
0.09059292684264783
1.606074473055044
1.2963341157438053
0.4613475393630389
0.6708818295697685
2.349817950957124
0.8112176288351796
0.5214987813898962
0.5804290622657233
0.24705438727698373
2.261707287253902
1.1119883135177526
0.9189298323418116
0.4264538900452558
0.8789848634855374
1.0745965505085306
0.5998804575875654
1.9215523849519902
1.157407151808841
0.561786957050563
0.6961018306009584
0.3181523128637126
1.235567089088956
1.1182407357162738
1.3860894446066683
1.2927784756050862
0.5963857433373198
0.40658858499863665
0.9238849820847209
1.3574028542883703
1.3659642524087166
0.8351342127536656
0.9412830349533344
0.6531205537647992
0.2920423372596656
2.646378158260127
0.6926170434435447
0.6532478545213816
0.8336713509346587
1.118367940855783
0.5991995577596027
0.9948241330723262
1.5960037066974282
1.0973648276239771
0.6197593965246315
1.3596278825147237
0.40448503009169406
1.2732618097614916
0.09330932816580974
1.7915377811489408
1.3395652403114824
0.5916677409196257
0.940416008755342
0.695162922446071
1.2025515955220194
1.8669027060234613
0.4891305104177459
0.8178841491023854
0.6063527480386932
1.384734353447392
0.5526096330733835
0.7606193770611025
2.0286153871967527
1.2202773132412488
0.06412007471482946
1.3439858098434605
1.3016870706929142
1.0842188304047884
0.877417215406193
0.5916678251496972
2.085887591358325
0.6361485911471723
0.31125461666461746
0.7443326433964618
0.5743991489976215
1.6198901055987565
1.46385948514169
0.7312564589505037
0.5255769227931064
2.194373324356953
0.5258915519694974
0.3592429213054231
1.5911755974395492
1.833273095190309
0.04995735824772404
1.0516304392311664
0.507794526565179
1.7853041916101438
1.0182020058598336
1.1513245794669142
0.277389413362711
1.0647941917481598
1.2127428663039796
0.24686934452074202
1.158276064904571
1.790199067737613
0.8176590479085778
0.8554256041009353
1.3077549942307183
0.8118085655334277
0.45820614081484856
1.3192283530450046
1.3493744340147404
0.6684257918637593
1.4581326018662768
0.23097289935363685
1.2289469512151743
1.3958371125432691
0.9373031224598776
0.9065014313205386
0.8061154282776342
1.3710862948445128
1.0553760707091868
1.2031497061886771
0.05477975705449409
0.49149490242663757
2.8712539181943844
0.6980036939041397
0.22579733566750496
2.2224770769397835
0.5262939552422573
0.8994179346469122
0.6961733331839913
2.054685639619932
0.6875383911307592
0.4028800985335789
1.7611064672400207
0.29349005371033376
0.7582759317319904
1.0903516745006154
1.6417795450135975
0.9090307096333784
0.4063938702898168
1.395191190147407
2.1380528326590755
0.0801977482299273
0.9008232854152831
0.5230842530643502
1.4288144988837201
0.6139467298269163
1.4961373553537027
0.8711011875205554
0.5673456707704605
1.195743084198137
1.4881455760867397
0.5359784404125039
1.916265420115441
0.3761076945071856
0.20479590349027532
1.600151274457751
1.2575990268440675
0.7998237530654126
1.243358899722165
0.5196667112716796
1.465994414307405
0.37260201754372246
1.1675365370388984
1.9218653468216633
0.3788608730077079
1.1810434635716553
0.23532862228761334
1.0850978894324192
2.1920206560729536
0.7013792295548759
0.26006100249717606
1.7146122486568394
1.294854924051234
0.2562776350920712
1.4422376070588183
1.8685293773562535
0.37637199643170466
1.2344648013484911
0.3460090386865304
0.9040827450964409
0.2831829844214939
1.5665955031696734
1.4788298979815468
0.332133940830701
1.338084459016523
1.8462181133942734
0.5655633099136049
0.4127336354511533
2.1050514865750625
0.9353329217288469
0.17954793118992038
1.8363004287846467
0.3147154651798449
0.9078523829375862
1.77288340291561
0.7662356606168882
0.18039424620931221
2.5534467804897933
1.0563595544481017
0.597503571850929
0.4296669364498102
0.7337988139924292
0.550171053515088
1.9509286667381474
0.5172331666480833
0.940951243585407
0.2252474975722825
2.15528126770024
1.1291762370352334
0.5666605190941357
0.9015347567474284
1.716481208302466
0.172771863243308
2.0027688790672875
0.1183583119536994
0.0604724771356394
2.336532150508453
0.5110801338875699
1.003126423692822
0.43944418754701003
1.7569178811310766
1.1588679444667893
0.6284675231298458
1.931919918031339
0.09669403024701452
0.4985436521522867
1.8623217336865996
0.9091523813756807
0.7794023427027373
0.36940124529731855
1.9065331630535771
0.7327424967889167
1.1328423929002385
0.9003031697335031
0.9282272914304003
1.9195587426482017
0.16746838982152937
0.5326849755288241
0.6780688738209842
2.6242148734460646
0.11062267440050096
0.44383815713826374
1.3923591697426418
1.3814717754930197
1.1213387057303004
0.5423978156795228
1.5563644484431385
1.3122612133723148
0.3378698793354425
1.160362040106957
0.4612062274466826
1.4313992327568157
0.1489065093669713
0.4931921292717141
1.2760766624249376
0.9903957766364628
1.894282073079964
0.6879944248979181
0.658892667132187
0.6376396492446706
1.640757734609531
0.3926255852320228
1.1013580248839392
1.5843763184129978
0.057305309169396385
0.49883130575434675
2.3180811269427912
1.099098513022399
0.38020794881091863
1.4107912316577602
1.9768797516962358
0.44725182073134606
0.4736809969966346
0.9421475621198481
0.22461683290599385
1.105694894205215
1.3962752030710763
0.9092454526604109
0.8757058803421194
0.5973248054533801
1.8355337881837854
1.2398356250929528
0.5985352418177355
0.7325155877901013
1.6985772302900979
0.31575797617370804
0.962010020704799
1.9269991837597886
0.10415306036663577
1.014428529093691
1.5604232245549265
0.8415606334055082
1.1292106386850838
0.7481452464423666
0.5992724597301216
2.7343705201492714
0.24704699014114767
0.5658179870126497
0.24721445910431147
0.7478027588250545
0.906957880310068
1.246413687152948
1.5095369419453666
0.6779897818904255
0.9110219056423491
1.3477034542680548
0.2540003704867322
2.137699705393685
1.0748371741833544
0.2698594652962671
0.36708146017711574
1.027029688736356
1.5690825256118486
0.6924995442797864
1.7213983749709432
0.09627498771753475
0.6107283638954982
2.0004320895484935
1.1607222357103297
0.6193448255490677
1.8062083892292309
0.46959059864513725
0.2539132841140905
0.5633827821303244
2.788224555030683
0.9050136751937683
0.102324073008915
0.5786349746337246
2.2364052622838426
1.0179831287465269
0.46598455328993804
1.4311739495382483
1.6862136218632617
0.5357982398954212
0.5090087341571232
1.8938627659156795
0.0005158298557034393
0.7724540186879766
1.0506634031329556
2.0443203674018866
0.35717534952160573
0.8891800020592577
0.9087740600540918
1.4122169830244653
1.186960552897299
0.5469294660106384
1.1749373694139202
0.4732708372679814
0.9220063686779503
2.389947046645616
0.6637860533318881
0.444163566876028
0.525234448480256
1.854405980197914
0.7700984276738848
0.6241480913386258
1.376818420755358
0.5591576649748117
1.8367048933017542
1.0898897635378275
0.24802225388677204
1.057354821346625
1.8509988691883563
0.6057381884551941
0.42810424842200107
1.8176315524909545
0.9798187497742079
1.1748720481707808
1.1253673884099167
0.0625919842101816
0.9845034729984137
0.4241602077668289
1.7586609828151303
0.04679341659679795
1.661736723732977
1.0781390042507797
0.7944468319802237
1.338391731941851
1.5989722654969136
0.1831482345104201
0.08811931357688062
0.9732827368701695
2.693313633409731
0.6004538843989455
0.4880420653802909
2.0520457714045954
0.5880241111407531
0.15118819946935785
1.673739332453376
0.9830040682076981
1.206898672881414
1.0376138198725464
0.38453583735528823
1.7568155746296008
0.6960638286897401
1.395453181826014
0.49841860048681147
0.29305566747494227
1.375694369737279
1.472674663999484
1.3430424889590407
0.36748539382649625
0.5508815264206739
2.012245800770127
1.1399944754441649
0.8099079846722781
0.4711150712389545
1.3305682312344906
0.22447444225380367
2.0883729302822545
0.3374133371091029
0.6471567480658202
1.16576719521454
0.8235343527561525
0.9851256105560645
1.9076778571307513
0.8657579485118202
0.4708767541397331
1.0194522304737312
1.3733527963334449
0.1263322740716544
1.948693693500472
0.5321785832802133
0.7124492836453623
1.2630393518992218
0.9519199455890869
0.8105232236182578
1.299609033253748
1.2411802213506438
0.3205420769937848
1.7591791675809327
0.7568092142504935
1.1413014680048128
1.0218315675198655
0.7921833097608444
0.5284539712491065
0.39474496922522867
2.965995330747816
0.23177833270170303
0.21508392542399857
2.4287855364134887
1.214888084664382
0.20508957569994413
1.4173511871448854
1.213173389756955
1.0091050340959224
1.040986660952385
0.7159208702172255
1.381161591738077
0.9375968083380934
0.8196250267976161
0.9622504960680772
0.6899932819106694
0.967396539770951
0.593835700630686
0.916528728582154
1.0223588620094652
1.9090246596046638
0.3212688072954734
0.9703689468496123
1.07010431629531
1.8973288113551041
0.2678488591419464
0.4706391870779565
1.7129235389891715
0.9305403460680371
0.8284483260253697
1.696896300512515
0.27581871024742133
0.9958887935178655
0.3557826317164405
1.3110817384178006
1.9265160659561051
0.7899530719149196
0.28518271929508504
2.107064045739993
0.10468302072940296
1.5098228384288523
1.2623809029234125
0.14776085269581812
0.5332112055210142
0.8988200435438176
0.3582931524204513
2.4820242353678212
0.40332511391438175
1.3494127687330588
0.36663717977947685
0.45105380361625325
0.5357661838197196
1.3255373734906872
1.5881370741054304
0.3599347619232049
1.7451397914515074
1.3963498559263114
0.1835278149818402
0.6696879954163705
3.1921788908245206
0.01993856743215795
0.09650707554986968
2.403368591770509
2.1062702697560702
0.04092789849121277
0.6617830184695068
1.0931346480736182
1.344412763237861
1.1520623949743656
0.9381038033731209
0.8640875726007253
1.18073156443157
0.8141177914912954
0.5517104392180968
0.7374816796890364
1.4389399574851511
1.520464500687167
0.46266591857013306
0.3626226611533645
2.742457450872027
0.9488665955572768
0.4044183653327877
0.17106472877393583
2.124181410893264
1.060423341168723
0.8137257036707132
0.35844608413405904
2.287769149744135
0.1709570146089883
1.064840852908791
0.25289343018426486
0.7442865647799327
2.5942396676896715
0.2689411693589399
0.960191780204587
1.1083043684522704
1.081431347268816
0.8413481764979489
1.4951397906859052
0.062064327932761565
1.6580661983768954
0.9243802835947924
1.0137310677458977
0.7550836886514982
0.8522089776653708
0.953173233976514
0.20523642338355003
1.4984728011633786
2.074973619236195
0.7927562395611486
0.33774712927994444
0.5758639951787112
0.19402251308696977
3.314535216209393
0.4163379311420371
0.39258429032724523
1.0194360956014108
1.5885815984522347
0.8165604967251193
1.3037904779209777
0.44825409824047646
0.6372611522950529
0.5927065122113018
0.8005237931218565
1.2555158137527629
1.5630023948150342
0.9102818055317501
0.7530698023244338
1.2438736107554398
0.1501640510780869
2.3504405805742787
0.6027792536382731
0.214576655968036
1.7149298590548627
1.1558876767465691
0.2759981384164793
2.0642780091518143
0.6430515400907291
0.8918485734735605
0.09237074171951473
1.3758998050000415
1.7209569844104196
1.4519366099627882
0.0018478310097480846
0.8188744670263799
1.85003794200327
0.4287575004598209
0.5247828402290056
2.450729460234307
1.3005189291084682
0.05944617368143481
1.575919639403238
0.19708816994718864
0.6074660813119376
2.708085992952076
0.3028353693527155
0.7252402031330345
0.8718408493108226
1.1995729815840868
0.9257582917811735
1.3782584430526923
0.8314492700348887
1.552439377295137
0.07634951189197882
0.5564223794900061
1.7881087963292663
1.409473141044836
0.44226615978229866
0.7666728437281589
3.05779866924286
0.013075571874156243
0.19033521984964996
2.805538417769584
0.4676026396515709
0.7595077612781777
0.10192147886921721
2.184937811738655
0.6683631990359651
1.3130982472685033
1.0876879971924678
0.3539335582651737
0.6613733809740727
1.2344679583285199
1.479679505983662
0.899532509749101
0.29620878335014283
1.5070773281254135
1.6968947683462994
0.3311584358601325
1.5912470320323564
1.2184827957660045
0.05904554740378467
1.0951442697160183
1.0675204443498951
0.8949967232859101
0.8478875390212063
0.5288074748935212
2.2496487629323942
0.7542649326387726
0.7713908612722354
1.5908536029995364
0.13209527024986334
0.632470497262356
1.6894013779625172
0.6882606147751037
0.5078303716758842
2.0994309454383226
1.335272124589665
0.3764285539642136
0.8559717282930862
0.589406366085621
1.341110207594035
1.7610074387838648
0.46478873344162697
0.469846690862835
1.4232792555476803
2.458095387893912
0.23029297450828523
0.16460639183200132
0.6139943086791607
2.180210822067888
1.0001664540321198
0.5289525623063728
1.1551811171087294
1.4665515347441562
0.5198458926698499
1.686711651009331
0.327753028587025
0.8612097518763573
0.5657009629330857
1.363574574612252
0.8639459307285021
1.6787708395159529
0.629649382123649
0.4223763569866899
0.426780351552409
2.762908336243836
0.8777102073707097
0.518324650658136
0.3611326970333663
1.1172779802800934
0.6561555249067871
2.4804065608327774
0.09054623830997295
0.4615623822252472
2.030244123516047
1.736604197526228
0.21213280859089048
0.11506446611340966
3.1627049675556096
0.8792205060717806
0.6004597088992363
0.48986947421446564
0.12249020609119594
0.8126858789281657
1.4049321745422554
0.5172925545251936
2.3060381880626935
0.3792544280833947
0.6228087740964694
1.8104509592302491
0.31870813026196015
1.24190015609262
1.2961307606647314
0.3938031987756613
1.5881377145060998
0.034857520001018126
2.2154282450264957
0.011323311631518928
0.30943240713461767
1.8123407472335593
2.3063450665130056
0.15840814894953106
0.9098157923790055
0.4632575613217904
1.1927974324399897
0.29236527087195663
0.15715058258533285
1.5357975141233549
2.730952935134408
0.028792996579693288
0.669202923006354
2.9157865724558025
0.5098917592743368
0.16077933545563788
0.2960030599320716
1.6758560212062759
2.3579634305093884
0.05108139405323064
0.5716227118684065
3.5530326490735327
0.21008735122924993
0.35780748812319124
1.4450431466995715
0.4659336935906216
0.8696929909941872
0.8700718522821416
0.7549028589895735
2.0906713429042467
1.3142228987168374
0.1253645669027939
0.8766515673050149
0.052684963638301434
1.7807175243624613
0.4724444023173754
1.3782833050201588
0.19237138732016895
1.5092711849161593
0.8762281418713005
0.7453361014227713
2.0807752051039996
0.8336155222105099
0.4093581492779183
0.5027887285807082
2.790457339970061
0.16100093657225276
0.33965510604186705
2.2472649475081914
1.3905951511481804
0.23918776788948398
1.065641879027146
1.6153709120954123
0.2819292464836872
1.885249357737077
0.07340613016170197
1.6628086341186823
0.4560667835692068
0.31735227455895326
1.7518197550695809
1.5520877524482226
0.7341479502241754
0.4276938156690595
1.0912285927170733
1.5634662260112728
1.4167154410465668
0.2444287398421314
1.3303516605357504
0.152221910763759
0.7751709585237679
1.949690941365429
1.5659656647409534
0.3340023954033722
0.4551527728379039
1.4421594540237437
0.4239193436340124
0.7446821350536773
1.6105785603427796
1.4395026266794737
1.052242386005156
0.6545223909604515
0.31448458890640424
0.165352509733203
0.4869040137665331
1.8233523036656958
0.4797343356454981
1.9100273474645686
0.5683740507265879
0.5018354930743756
2.183586685190356
0.8961961005857919
0.2588106635904858
1.009930806926602
2.3519208322889678
0.592692331756354
0.48979815243771613
0.44613944657117
1.2635634758137375
2.1654242510605366
0.5813072628377975
0.4950889046985186
0.8769609020837497
2.0456388647369064
0.5281473623457925
0.7469489461239894
1.8577110641228278
0.2891735736940902
1.0341619558726336
2.716314442928641
0.09091682784103235
0.04503910115845223
2.7766520730175777
0.9511427412894654
0.2231155494982138
0.8982627411853622
2.36358597268095
1.2297512137943998
0.14232634425873655
0.826662703453959
1.3052091147201934
1.3672681291090565
0.5299728032224862
0.2044411770964672
1.6606385009669302
1.0349185540867978
1.4726057531165013
0.12408246541749123
1.6337851619226027
1.9434013179950582
0.16102142215165985
0.1661717381108607
0.3236479422691795
1.0809122187401674
1.913748696776256
0.6834681355999257
0.5916388937716083
1.2935044929498107
2.2098163087968112
0.27622368289204247
0.3789982845051576
3.027617016425044
0.4530639318719255
0.11172756339338374
1.002842348444041
3.075459711904086
0.26188222538968586
0.17720204006821313
2.0991668571922872
1.7727256376689995
0.5754526268536712
0.37548665686849275
1.4032131943596649
0.298144139715739
0.38353758191369874
2.559175525807999
0.3304719298941727
1.2480323274735639
1.4446125798873266
0.4111316068083064
1.0185621652196355
0.4365947257395476
1.0749591692155551
0.6714960662304327
2.4031908994761553
0.7273139720463925
0.10848547633721896
1.1826330336465407
1.2141511275611203
1.5667034021466586
0.6823806023237502
0.4578570100558721
0.08660411965517141
2.433373686979122
1.0710976392350922
0.6290998816080449
0.6158550886757045
2.4330074716932546
0.07807718604211819
1.0223671444203535
0.343719028749036
0.8439564259217754
1.0830968968031929
2.6001414768945073
0.08952583856819353
0.20392436752973983
0.5248204111897806
2.276195440815118
0.8178678782266648
1.2048127851790873
0.5016032873921228
0.7921825401579089
0.5913469543604023
0.8589921546154654
1.741459358725281
1.0566160009883774
0.08421477959084243
2.187138230850532
0.6938264785169176
0.924817572961695
0.561284510438881
2.10059598730473
0.46411086872775265
0.16173263474561517
1.803263276294769
2.3795640283702753
0.049141332703618194
0.34326186263075786
3.565694044518413
0.5822431343484223
0.18812268663819623
0.9068019501320311
0.15736121973027944
1.912569429073083
1.1043366296817345
0.5361935908563794
2.0102274719682884
1.1182841034427575
0.16252827749801954
0.7536912857341562
1.168504284639279
0.2969065049583883
1.5045622056565064
1.7835847163973753
0.6066911123965972
0.9307966321242308
1.3742539669729146
0.506673542661796
0.44339372431450386
2.1753689558737905
0.7142175165974868
1.0896948277823435
0.7876718235245597
0.1314393107701989
0.27237602142496203
3.621091886787586
0.7369861308243303
0.22572798585775591
0.5322638949687305
1.1232567463317453
0.46514323413565284
0.6949358632289018
2.1949843985182524
1.068451760380097
0.5712222293034497
1.3241042899466224
0.1773978101740772
0.6899335326606387
2.868802933545974
0.6551474305941585
0.21589098904069043
1.0494669136158508
1.9523045244441983
1.0655436410277341
0.4634832786028883
0.756349974751992
0.30044549091204137
2.5941198033091064
0.23232364491715057
1.088929456331733
0.11042188944233962
1.539467265283299
0.42541419673735337
1.9052091605690034
1.0459533823546048
0.25495987923773816
0.5863045722583595
1.391427885060155
1.612808817748678
0.9280340026287666
1.0188652657751238
0.21938122960061052
0.783327206990816
0.23863980834151083
0.8423543447394343
1.4856776864601244
0.7876664513721623
2.072035723594833
0.4162858628114643
0.38310530470896065
1.433434643232723
0.3500502104177953
0.9846392339250034
2.0246391318764325
0.2762666331867416
0.8553672779312979
1.7932731534097832
0.6166100444769151
1.4819473262221603
0.43394161195842845
1.110404536722125
0.5497646616527327
0.9445378831175592
1.7959513244130554
0.68504245254282
0.707051858593703
0.9596345722059656
1.215267288114812
1.4967738863433178
0.3621221467202704
1.2396356090734297
0.11961645664689088
2.0221786105296937
0.6543766701645733
1.1806631773585665
0.37695010775540494
0.8237845098720264
1.1458845533336912
0.552174804789012
2.3083170629451324
0.7138987482068846
0.5684147231746352
0.44579293678341314
0.5295019485644953
1.4167636498275746
0.3788670906639832
0.5359343119323222
2.6373237758663786
1.3399661620097991
0.1767886028030019
0.26373439934339693
1.7727281350826432
1.2859955443404631
0.8213245412298656
1.251332062576053
0.23887034217762676
0.7182344018979823
2.0490118948677396
0.5071687688282032
1.1799120743632077
1.1737555914880737
1.5598371756646998
0.2883891449065937
0.0014735131942518664
0.5235639714044936
1.3715906654050518
0.9193212543937376
0.9404824223291071
2.254231755466481
0.3504593150525088
0.43736630231115076
2.2713493698206633
0.28533884934042786
0.4142597749914057
1.7606803040006633
1.8756478622742856
0.3716629819855787
1.0071581525222586
0.225890700794527
0.7663805363977045
3.5205021382479478
0.07149000199457664
0.162972086745281
1.2520299039933855
1.3783569992217277
0.7314457354615903
1.5208751425325278
0.4777519001879721
0.2541077686927136
3.455892338472729
0.677893258150324
0.06678597256762568
0.7771956499946644
1.284777699620967
0.22690088359932944
2.2742795526784643
0.17978029951983374
1.1336143459552157
2.2686565940323113
0.12111956409977037
0.5388909369182614
1.8779049611752576
1.2403344997191568
0.4613542163858396
1.454149830588025
1.5977393339168993
0.13404089316533566
0.8236249841322517
0.408518124884407
1.232178555437474
2.152897846229747
0.7748332097689686
0.3401062999804409
1.6553848556471236
0.41669013396583277
0.5763328674133692
1.6079372506056435
2.2539257655245577
0.09201400594443092
0.3849661603445279
1.6772580743609522
0.23137691748794906
1.6111159689385968
1.7597442940009609
0.6972219931275742
0.14817133253409037
1.2524305816441876
1.137989872056092
1.0390874855141903
0.32644011254242505
1.4941544016809638
1.854633107951431
0.7353025880320738
0.4273168398987492
1.263086975621348
0.3965058264752353
1.505467965204423
0.9296439248656791
0.17822096340634772
3.122117058314558
0.5352812449277982
0.06782685428987248
1.9515785141835307
0.7723599928446528
0.6744998558811208
0.5314085250942575
1.9210559982324371
1.1623237875108567
0.6637041343360716
1.3353354246300726
0.6239117028163398
0.24725402929338666
2.3618922488430223
0.005790274863865284
1.2021542179652605
1.2905523444877276
1.407654741432367
0.5891277168268579
0.49538892873594426
2.4608022432273624
0.5551308116031064
0.14832731251615391
0.8003937794651945
1.10035145567443
2.1121229309302065
0.7500968970251888
0.2816859067633163
1.7771772036113764
0.5678525095633474
1.4478995104276426
0.8919654280697236
0.11301597836508726
0.477485595119613
3.5132642328485835
0.3022306578035271
0.4906115480634326
1.33345081188431
0.7058746796035942
0.5906378721699591
2.589184498432645
0.2170427530538704
0.416129444590519
2.590205242438504
0.6408773336968967
0.9431159411618613
0.24100579655525736
1.9755655351771697
0.6582763486676111
0.07082583868724605
1.9199805960229674
1.2933509621659252
0.4662210071252563
1.8137706490092877
0.7208057907423138
1.0011749251334041
0.28444396796890137
0.32890223309033595
2.120841591292055
0.8297314442034944
1.2101273008860705
1.2167943614365442
0.2341270677889199
1.676530415246776
0.10581643243321574
0.7177986650658017
1.4341557973119698
0.6120677236619713
2.027810486878722
0.21697720200094545
0.8596258470695161
2.13905656339791
0.5986097136886211
0.8582905619516707
0.4036044531665989
0.7216775570648633
0.10279537508089895
3.1828096722180907
0.2463146063749573
0.8415495269190865
0.22583230119535136
0.897122102739319
0.5972469808300963
1.746527747966854
0.35606019543621475
1.5583495751875764
1.1307237332781326
0.8953490114228378
0.5552046277892688
0.6892896481940587
1.2958029618981457
1.6973294925820246
0.22365609158840097
1.7283509277954996
0.9568927284932238
0.04576512686370401
1.3362122696711696
0.8332844264382644
1.303890353303147
0.47878839954583324
2.2428543281441997
0.06685033635420537
0.8391244469541387
0.9201447665113771
0.6144736509157668
1.711305850977092
1.3020135641779114
0.17863692309398588
2.1322312937379184
0.35732188139820137
0.5353689097068732
1.1593528332554275
0.9443424983348566
1.0947345797251307
1.6285046308485194
0.7763288112762564
1.022851220714549
0.27429967319510806
0.29182952782146276
0.7122436555053412
1.711528924171495
1.7423787834404967
0.23368467218278244
1.1983098640864047
2.2683456006661853
0.06861544596639013
0.04149170966919319
1.6947332739582133
0.6269068443903446
2.112682883017613
0.30808651747016075
0.9114028591061936
0.07713081786744637
1.1778221791737475
0.942416235376086
1.7993628143762066
0.5692024839265587
0.9278644379550616
1.1110264794718165
0.35663064124244953
1.2870609818452399
1.7384740419840845
0.7385236886215952
0.3101500737045061
2.509366435545314
0.44854444841438507
0.4659514072983928
0.6929840001006046
2.3643789790119167
0.18974839228709742
1.0226797705539996
0.9432900152850686
1.5349032200103305
0.2184566835886419
1.247984970960467
2.013912086596445
0.09506587638633493
1.1060250721302105
1.9096060299710194
0.10895564721410435
1.7350698893699565
0.45703362436951334
0.796546274100399
0.7949019162648798
1.6508663538034292
0.8365516505692024
0.9135575273010649
0.7932450904688936
1.6237519449973667
0.8219659031589751
0.5688026108968802
0.7058563962842582
0.9337057570482921
2.003060031336611
1.1857073604586548
0.35988878802677965
0.14345486835470206
1.612824412386876
0.5580760665423479
1.857541826119133
0.5063351972388946
0.9255160747864397
1.22616319528346
0.7853198826347244
0.7570086382844539
1.7062345893910704
0.8645795822899609
0.07521300093853533
2.9225089312510906
0.16434384683246805
0.7367125887828738
1.9005608889510177
0.0010110816193889041
1.4874927690115518
1.0491368894201911
0.8041942002300653
0.8982563598249058
1.1025426732685593
0.8535591791491828
1.844061748928951
0.65984579944476
0.328279056616503
1.6432951264025373
0.20104614458344913
1.8686624555552473
1.2381233138155627
0.4483986674697014
0.08840827697478804
3.0083772998258542
0.20682576920238496
0.8935233924351146
1.443408116375395
0.21632470999599948
1.430328134211572
2.2985186957060866
0.35577908238442446
0.11579054006553688
1.4568833715265113
1.5912525768959396
1.2011931561396583
0.49791035277162626
0.9762217239446592
1.1799695667214407
0.2321885018782732
2.1237204470173436
0.36390559756294544
0.9394870792092831
1.926770713407421
0.5773318845019206
0.9012665914926845
0.0943233744530524
0.8690707720934706
1.332211533924735
2.1081172216798736
0.2926194934391204
0.9779833899996143
0.5194325241479313
0.14547064283099065
1.3673024228680288
1.787910144057663
0.3464237159934901
1.9661030544349478
0.44407961579317784
0.32012641350337473
2.129418120216391
0.30013285348768154
1.1513199424920595
0.24991325254057065
1.9984108160774665
0.772280790300172
1.2442230250874333
0.22659810830058374
0.13505368834688825
2.085761490477005
1.8903829402269225
0.7123858975455325
0.04590244439310982
0.59470605603225
0.9404783256731297
2.635915700564529
0.143861531912162
0.7694768814898275
1.1846766924681447
0.8041173945559108
1.4356625334770396
0.6009036640451607
1.7082698049966465
0.047269930158371
0.9591701248496847
1.939309359572185
1.152128877681741
0.3662746834824568
0.3991787737828853
2.1649873973100466
0.8029300323399047
0.6677414218040053
0.6316561592439228
1.8970174817763015
1.091192688776899
0.8082408058003251
1.0274140587522533
0.06120707762678395
1.152165711098108
0.4729217457078823
2.0821571441157447
0.9766154884173222
0.1826400900282389
1.855009879373573
1.4150153723223673
0.6097443509843671
0.7404530355381772
1.1640908361109885
0.7997245093026553
0.4421295947011147
2.3071425455269234
0.8643076932987881
0.717913150441988
0.16581888068697545
0.7090887905178705
3.3502611691493254
0.33233151974532227
0.22485059102095328
1.4882013091282846
0.4942626271776096
1.3817334054968835
1.4432747806104738
0.2595975339987501
2.281610589469167
0.16317112598884043
0.36403876593890094
2.5870046264365105
0.2538864785459869
1.1602675742080735
1.9825880963715843
0.22322486103530925
0.5961916344501389
1.0286648156117857
1.379258072921413
0.8485039024272136
0.9378640646599871
1.5866876115907238
0.7340227231114396
0.6630631518686428
0.5207059288536287
2.2122859842784437
0.9732538896591588
0.48659727692366816
1.0778826844755875
1.2567263709813465
0.8654833225815506
0.5688366384686647
0.5730187210534794
1.9518708355529186
1.4313430019422975
0.726053047944848
0.16854268541751063
1.2235824997335962
0.8358917178791234
0.9294767905937973
1.9552093658602825
0.19018184769411411
1.7136253273739808
0.08567657619715595
0.32837873532850437
3.2756302046880474
0.13638266583979503
0.8348848137241187
0.5333024385944659
1.2340978520641464
1.4689868871122993
0.6296249835685896
1.329792433716072
0.3458156506916626
1.7257524037439405
1.099944635524509
0.6077096477174969
0.1402146683423651
1.3034550348200538
1.0643269990225868
1.6918154782511141
0.5886294321608421
0.6898874487723411
0.7588884200822387
2.0019888927647784
0.9151724951581196
0.2687363209714012
0.9963756374138407
1.2508732854808968
0.7804992661983687
1.9199507439374017
0.812426577189679
0.43196822667961454
0.7125676846931779
0.6797249485846324
1.3509229617871479
1.2759359622983284
0.06649715308480095
2.3120009765925156
0.621937232570819
0.8986735786680576
0.7767260513117886
0.8889556804381659
1.8392442303324996
0.24268793908384845
0.5787277559682044
1.5572302953434296
2.02293445617517
0.3259033173983832
0.5215823786940501
1.5592537993253257
1.2939757764462227
0.5591464512723398
0.37627861607903834
2.3870437242389837
0.5399644341433055
0.953790939290519
1.7732528050230294
0.28694379960659677
0.14812194218418548
3.7306616184091985
0.49208624430590747
0.06002082691457233
0.9110210168896746
2.5575534748542665
0.14345599691672484
1.380642285696302
0.6571205695718387
0.9516041614759965
0.7403970693813682
0.6350086643933469
1.7008223385578911
0.47964624744933615
1.5659457298172743
1.405323986371641
0.424642313168887
0.12944469079091073
2.6299519497745516
0.7651651113121238
0.4363370379781572
1.3734438704943885
1.5513395372856982
0.329708345077388
0.7097833914109769
2.6474421997473763
0.7166547751003302
0.548938094482613
0.37864565234562075
0.4564293538901552
0.9939536106518186
2.1848999597099006
0.5042267368070777
0.6331571667376287
2.0275438679071955
0.9688072491813114
0.6492997051470335
0.5896016814840909
0.7470068527903254
1.4079189586303869
0.5994515552146171
2.0857647152068814
0.3930041876354974
0.3799276439340068
0.9552987061316492
2.5920667458360174
0.5255015110137774
0.3306438108557337
1.3147475126318364
1.6921245334875912
0.6486679525892568
0.14422376583631275
2.3880740976923085
1.26766841134455
0.37521099643933414
0.6171986609077815
2.13537741501202
0.8423273426355407
0.29603436810988837
1.8709740343145231
0.4469804157972253
1.2392240064099844
1.3229833936071331
0.877954473324715
1.0176897435191814
0.17682735186587428
0.8484868679145494
1.3113016338206713
1.3702995717908053
1.1228494159025897
0.8106130845877305
0.9561870231741646
1.0429486970002537
0.6529211519925934
0.3384846296649072
1.7037555548139536
0.6909545146860806
1.2194815694810206
1.428428978249655
0.7503379776440665
0.8538707433154623
1.3584188549609542
0.5283456247986034
0.40294327385151696
0.6817514841961476
1.9175473228139421
1.1293544416108627
1.0361447126886174
0.5109613379732239
0.686495577616586
1.735625151916589
0.5148443338549857
1.065261242470703
1.729821796217705
0.4949643176278591
0.17113364518077165
2.9906696670413573
0.12477062665544415
1.0843093040281804
0.3993401706120637
0.9650596405345061
1.2549267396451265
0.625914156687491
1.521969701218684
0.9918509517269685
1.146128106992734
0.449846435820258
1.033271346069268
1.2387961105008705
0.6615724250603553
0.9425296923546279
1.8692013074670402
0.1397804459015162
1.2793054073969525
1.7596256020156975
0.6937664951599266
0.9142373739882752
0.5274976365486308
0.7611449294031265
0.6344430475496193
1.696154167588956
1.3166894551886725
0.6443744721869925
0.4905856603781414
1.8465624649920425
1.2272365753936982
0.5979314667091177
0.4284008913379591
1.3242704320516985
2.3152894209007218
0.20211101761685324
0.5374276638538956
1.8282215044679169
0.7881321844214576
1.0695947295306323
0.4064886452909226
1.3792252833528105
1.113350138654283
1.3563331377807835
0.4429075803000796
0.7177963453947488
1.4693604018883752
1.0578158876951442
1.0038885609805244
0.9902152913291464
0.6033599381242489
1.7270379005436214
0.4262288765302702
0.7922721573732734
1.544224385822022
1.1430300728277356
1.075417152246538
0.47074383359594535
0.8254953968541341
0.5193385145862507
1.619700096147483
1.0832641552454165
1.6266539067339694
0.04697494524571931
0.49366899874284337
2.318552667734613
1.065411451582309
0.2565992601661419
1.1358470196118033
1.3411339988741375
0.25718975875492994
1.9973873035679282
1.5418539075791051
0.13932198773782095
0.9568279453879642
2.1741115058561764
0.39115235187847347
0.6708989355578843
0.7312432180521575
1.4857851844793233
1.3051772748838637
0.7733773538430527
0.9513672656747504
0.27380341776006495
2.928328204196846
0.27206331616549667
0.0887881819329558
0.30064841471415277
2.5251758257260644
1.6978353457271689
0.05691601363085965
0.8620455901892393
2.3158681501669007
0.5976864507437306
0.6794033603334365
0.6024486517581092
0.6337882777765858
2.485422618137992
1.108631725366069
0.17896641843417668
0.6714966530380491
1.0303232109284064
0.7850939445302357
1.649447645738381
1.459626898725624
0.35819361038341313
0.9831286610495437
1.2018853888152818
0.3613817345290166
1.2683913378881544
1.8722799406836135
0.7124754595565252
0.09206354832183143
1.5861090576125214
1.2525754697445572
1.637924511544948
0.304310110617785
0.18614257848868168
1.5201311428730702
1.6087401035471074
0.7938311534199743
0.7321029987709445
0.857665534870858
1.9680984482098485
0.623783903760899
0.9224376874065013
0.1339889889822264
0.7927696721266565
2.1288780738801867
0.6119627465035058
0.8306504463916673
1.3495188788034473
1.7161961786218454
0.12862638134593693
0.6201027357782359
1.6795408818318103
1.4510850384270895
0.4905612409030695
0.51391090577973
2.1361930559557436
0.7606970855536
0.8768010022481095
0.5259034164941099
1.526696008297891
0.9870767078499507
1.0896863195966358
0.6257916782540524
0.556009157025988
1.8485861020241756
1.4250579887465153
0.37727990030462477
0.7102381540568857
1.7949058311063577
0.6274956946375267
0.8606018737285567
2.159891011041319
0.37271205084595305
0.3137061460934603
1.4660656718633789
1.1043242894521756
1.3126952669564447
1.1458279044941364
0.2529271139244984
1.3651311573351308
1.6413889458365925
0.34561583168694787
1.0051111840721256
0.6063237128894168
1.5819114086115182
0.6262783401144154
1.204222298015673
0.8760721009230322
0.995428205841849
1.3776803577216485
0.7070271584772758
1.0349436174842392
0.9079548481417269
0.4891244238572847
2.1851949104199524
0.6620755602113612
0.7978898353465532
0.5583482648533065
0.46525193320023345
2.521180403783963
0.8876605483970058
0.6358811470092616
0.2502440690771476
1.5842022053002411
0.41250992962932753
0.9450431305294212
1.513228121942613
1.393419473855964
0.9392376993454217
0.3105663014418913
0.6607879835553152
2.135019497831728
0.34762569859417625
1.0650038041955954
0.26342501692681114
1.8550041881101258
0.28058646984665947
1.4116961059989057
0.839873013494975
1.3506353867131897
0.9928582687203852
0.2324696158348471
1.390579431909576
1.0287617332299928
1.1740359920937113
0.48077682738177246
1.0899846806231361
1.3433460909650625
1.566109263549075
0.23712485313794793
0.7927203869115775
0.6342550610849328
1.257529844198048
2.3042357922167613
0.211680165379453
0.5388655239401303
2.1784946717505975
0.5728803466012675
0.27250087614711294
2.196856872860934
1.4414127662257818
0.09138025841308875
1.6200305117391571
0.985513227461703
0.6978839756615449
0.6022780043660642
1.2763844912729678
1.1512491897627226
1.5990787808287352
0.6861100126587378
0.38896331993983935
0.991129101125834
1.0587183989399287
0.48538419484530215
1.737232013438401
1.190133794725234
0.5263923502431112
1.283685576313128
0.8822660567702267
1.1665778517857313
0.7312011629367074
1.0108157979174617
0.6020644838821427
2.0488619099254817
0.3716261501237208
1.185428848571976
0.5595429979074837
0.2397391723796759
2.942479061801351
0.6283005642010706
0.26122100450054425
1.6487415583068519
0.32636965192258555
1.4719498204024843
0.6617574115197596
2.130144754735881
0.12586701103233064
0.17745617712168582
1.271550485033763
1.6857902028451406
1.0307650021365853
0.3476019199019595
1.425802671356482
1.3291602120445114
0.702368107652364
1.3269373616839704
0.5515704697989356
0.6500417720453737
2.654926570683966
0.571187444280965
0.2535327380860757
1.1127444248246199
0.8754537399438995
1.2314111009089432
0.9076905987621022
1.2200369851921729
1.3255331908093488
0.6872978854782045
0.47944248532711503
1.6557996964230786
0.32138905170015575
1.2998604871513397
1.693833887779175
0.30174280679060844
1.2612410809851888
1.058458780505231
1.1411841485854874
1.078376308899681
0.6592712517047498
0.03530335287318816
2.087858634642535
0.8719456502555424
1.1980712150374684
0.32493036021209065
1.123537140913733
1.4008819756311037
1.3906799354993713
0.8119228154206853
0.4484946911865344
0.22810672929779802
0.0742314564784667
1.703027261828928
2.400742562548941
0.1511196422344128
0.7752672506901124
1.357964547537466
1.3618158001237437
0.5126237050073029
1.176695866171814
0.5084890884654569
1.8776220050593648
0.015416138448962169
1.1807686272473368
0.6728509118594656
1.520286210122981
0.7943480530890655
1.1378299428882575
0.9890699214182143
1.0856159390839701
0.2763844622686968
1.1513620476063595
1.3124204031363724
0.6711641650253293
1.2218784743498585
1.5184083173733383
0.8621083996382429
0.8447612587739819
0.2139070856332056
1.4302519035075985
0.36111722862741014
0.9336209703447492
2.2180849946891588
0.6704112061869154
0.8043329728769777
0.8410062426424223
1.1552909961610993
0.9451672757231763
0.797096799213586
0.7268428357857922
1.6393379597598987
0.5057211041543921
1.3723351377127113
1.3924761785772084
0.4905759649620371
0.43873284154023673
1.1291250377152482
2.600960999232625
0.4630483077648307
0.2277078649088654
0.8786332542624392
2.0146374127085145
0.38295016036458257
1.03868305255754
1.2208905588051828
0.9254481556369845
1.7090969921184727
0.2781106881736228
0.768996638163144
0.7300685376723544
1.5040268098972878
0.7032145691422648
0.9671001139389723
1.2619738199895743
0.6500464727933213
2.0049852177469187
0.6230316361968892
0.2767326063780878
1.055148093737061
1.2106716776826947
0.9887873184490203
0.3593770930245838
2.3348692562409594
0.2701597442353366
1.352266170392984
0.6571288697306751
0.3920137269383246
0.217689897117076
1.257619404501891
2.4792584718224124
0.552891770743544
0.4692707845667932
1.2250049961534004
1.0626548048138487
0.5072123866937179
1.7759710404078037
1.1050739358664954
0.3372316281510926
1.3781922121537613
1.3074014197513273
1.0125435022320455
0.28523971463915293
1.5677277160384193
1.1926485962416593
0.6340235208440096
1.5797574738312905
0.2012506352224471
1.3067193819284433
0.5712870430147957
1.3854766168784873
0.38772154590331664
1.388555424495994
1.639573006201663
0.38447189204390025
1.1958839733745237
0.911381401377054
0.7095022011874313
1.6606538522059793
0.6189645542727512
0.8546002059920659
0.6920624313877052
2.169487348511826
0.8716227074517304
0.26122903417610127
1.0218773324563222
1.612093367835902
0.34965208825141547
0.7410982640511449
1.5877393439371654
1.8598128296964065
0.4576477001365695
0.2776637125442196
2.10650022984748
0.26785359058290875
1.325213774427268
1.0066201149044893
0.058902799320906966
1.8266627737427985
2.303921508250315
0.28966276579540146
0.3412188894603244
0.6034826553595927
1.919605373087652
1.3937001103792075
0.500782861157536
0.3737415897504453
2.977953522526669
0.21506669025189587
0.3269026679207538
1.6887652984794739
1.22754741770811
0.8643681932976189
1.458824250083833
0.22979280827160492
0.9620608726647659
0.37806692988613844
1.9439189886458652
0.9722489606962584
1.1809246991906324
0.5467027187796045
0.11378244914987305
1.9071347793193287
0.41843681202334315
1.0959121647169165
1.989167448598208
0.6645370875693907
0.23156536255235619
1.5281405978005826
2.3447771816601493
0.39452073152524225
0.20235141830909203
2.010562715376724
0.7281459952071538
0.4419605048067858
1.3019560156487555
0.8895885002023785
1.0330300970817083
2.306930041037073
0.20751128784774597
0.21367785144519597
2.6371193683252656
0.4200315193618739
0.7685889913955749
1.2040458492641757
0.6094497186584638
2.167087166634078
0.23265759014532425
0.7172206979663315
1.634800315851774
0.5798502338757516
1.6796212742016048
0.513726748543274
0.6071381836010232
1.1749289625937906
0.6259496831557324
2.2794361327162918
0.4313222437991755
0.8247178596437775
0.4618203238416251
0.43080418759313915
1.0462011224184133
1.3213984357524695
0.8532922447291541
1.7358930605490162
0.5104260264426934
0.4515368518626247
2.1234911237501923
1.3828854414171192
0.24242920742589005
0.9690397009772945
0.9120913994740736
0.7547022874702706
0.8405978265056404
0.8995521221999635
0.8650100695390964
2.0977098592133854
0.7514409436885888
0.5502275930563469
1.2302332278844512
1.0387653957717236
0.4352018577922191
0.1998047497346318
2.5830387365563627
1.3047967554539952
0.4731471142485371
0.36332499806880864
1.383127888970736
1.0626307400197308
1.141737734885161
0.7616841179469537
1.2893300397134912
0.37976754504148347
1.1674274812874292
2.464938786698118
0.23501231373957257
0.4809981448395414
1.340161514603025
1.4484781577022492
0.3242504400010412
0.6535865669973736
1.112919907660032
2.1664253239868017
0.5646761483749987
0.6677523533977521
0.7767135225211403
1.5072518002617101
0.9610202661012432
0.8927919624950882
0.17120540056191363
1.9494938055048285
0.6934230491234695
0.76360184509914
1.2709032114107153
1.3615383779099486
0.8352658846143173
1.2616677674420538
0.2335155529618357
0.6005414800798564
1.1665751368872639
2.384210666119754
0.23979814202360297
0.5661302337517343
1.8676301284295713
1.032226015552933
0.127080845326058
2.2968945148533964
0.5769384321116386
0.5605233017404183
1.1933953806334625
1.561560850171567
1.0503166879765071
0.5984904806008661
0.6727592036949627
1.604419916404934
0.8889754406919189
0.7956600167297171
0.31945422879723256
2.163004652238701
1.1537824656994835
0.4358469483186354
0.9711655784549328
1.0465332802559537
1.4726701301084013
0.4461939795081019
1.23076998451537
0.34420017009438025
2.0448781109722276
0.5673146486035588
0.5643188110916536
0.7891434380644547
1.3478213277144493
1.3266558973684217
1.4159334769066871
0.32896496220818117
0.3527453932306536
1.5542857965364425
1.0980267150811316
0.7814264286894503
1.3673511545175128
0.9787864392193292
1.0017866014309007
0.1342330977896496
2.577255764232115
0.8146724497564299
0.04687976869353531
1.0772554826625491
1.6488478825795794
1.3396015014740315
0.7823059097150195
0.28576889434102304
1.4541591707206938
1.6139628819349507
0.7359021137487096
0.3797313651947769
1.490867001913766
0.8383120092144678
1.1928483099924572
1.084743129583418
0.5986950422906693
1.6112115723610905
0.7559608187855753
0.8367826394700622
1.6556966135846498
0.4993326810090597
0.24979233578226126
1.814601064813954
0.7601052999685123
1.182894771008372
1.719127769130578
0.6111046277189573
0.2910621583477248
0.49857196283170335
1.595877595141827
1.0799636999118862
1.147755818606253
0.8578328833991344
1.1719264395685878
0.6172817371789551
0.9541442385165084
1.8241949896254652
0.6662753055253166
0.07985879725428281
2.3747971294037935
1.1265514191787402
0.5491440813641406
0.7629238294020649
1.3414765258875239
0.6487327516014055
1.5398144371676148
1.0024203860794276
0.6832370657177647
0.29172719848389694
2.122759827599364
1.0424238995486856
0.5827272414284865
1.5654283036249497
0.17344065636174716
1.3787237391146447
1.235326441556181
0.19596215424585162
2.157602570619872
1.13941656339067
0.04935039295314027
1.5712912089672588
2.0624172187106695
0.487555095679741
0.5842510805225383
0.9314350925834971
0.3358186070073503
2.2295930381896065
0.6548348604316291
0.9449170895200213
0.1898161330098819
1.7960197446135917
0.6023093160818107
1.4933669570660923
0.24969777240761518
0.8612557152927778
1.5611425109493247
1.1846930826316517
0.729686002482239
1.0676939250973816
0.08734940958825081
1.5473248794711651
1.3270381035690153
1.5777003811417518
0.2055978743014874
0.2592237793135017
1.234093808393529
1.2572746845857736
1.350970442824905
0.8474686559712463
0.8282987416439739
1.0643512830229618
0.9610252593224335
0.764444666322589
1.454887076021011
0.9789650950693534
0.6539942731522986
0.9771922679041863
0.9375988108362446
2.102920204909951
0.3551503829919917
0.4233897377898423
1.7695750869913305
0.7911903657672077
0.7514865244087806
1.3665444532941684
1.1671446641443683
0.7659391087930989
1.0930658893926535
0.9443723294081657
1.5799947030920467
0.10899147343285573
0.7669534641866966
2.415437872372584
0.260085239287158
0.8738100542155479
1.727440528589542
0.34766577339024174
1.9979569305362228
0.5175177256289007
0.5142075982760622
0.34661821605164134
0.6067714070636399
2.6469101185239667
0.4311201068083773
1.0871677798035875
0.5645614703501105
0.6460218636901468
1.804341614168152
0.9212711940997295
0.3609325118141125
1.6714447062865962
0.8074814964699558
0.8074524889817241
1.839367255668949
0.9440465528563579
0.30677122409886054
1.1139403269448642
0.9550247841109085
1.7005964502365556
0.6176315791719413
0.11732056721893473
2.319182638266965
0.7444344129824602
1.08858790497195
1.0672769605735752
0.5104948227875936
0.6022986962378046
1.6064802783548056
0.8238482893192703
1.3696849240290072
0.208003142265489
1.0794361860370498
2.3553315877456695
0.7568377935946293
0.04844221211490333
1.3164114202060404
0.48716004658664247
1.8628057194701635
0.5662101768832652
1.4868366923445184
0.7194659913975031
0.22309859335167798
0.8455652284903318
0.6536090546636194
2.159836790186631
0.5854829350016195
0.8514110905023444
0.8855402962648742
1.20761924379193
1.5167257472663076
0.7823078000495146
0.266622044163378
1.5126940372225868
0.770859185974831
0.9818947348318842
0.5357281968472519
1.668182365536363
1.0293086508340603
0.7436012619609893
1.778443650310896
0.800798433820777
0.04954301120785526
0.8806840148767469
0.12254684385980702
2.333223157071844
0.013371463976672316
1.3591840902159196
1.3000808297445126
1.120099988732104
0.33197939288678396
1.798684402855114
0.19618822751167628
0.8709013455433103
1.6159155797921347
0.8683895644105821
1.2346573523317423
0.315871470008595
0.8372640620400588
1.864623256442399
1.4290472464764088
0.24277195161771764
0.6865744311005478
2.210366381904891
0.7164218918921491
0.6150058454366067
1.3364778564880995
0.5953429557599508
1.6383421876360904
0.5366244525174069
0.6656491675507871
1.8608243261796515
0.8387084808850354
0.9094080017247486
0.9050428930819366
0.9091787773780315
1.2110059415626662
0.8101605789499002
1.2071036801516493
0.7297977866461924
0.9478300416445956
1.0375177975577756
1.132366823061417
1.4795124515726348
0.37454312844586385
1.0387678652507255
1.8488702295020045
0.712495629395
0.30488415267230196
0.591967235534891
1.7596151980051737
1.3459440972077017
0.18343027258921338
2.0126115817389527
0.6719177397491418
0.9504228660501077
0.894676013383866
0.27039403260021194
1.4741556896960697
0.46436099860081503
2.0023318987230327
1.1839194817698335
0.14728191182396
0.5858870903485563
2.9423196707660493
0.4417112151980677
0.569921363933046
1.2383229441839088
0.821123713671944
0.34629801642616725
1.8303829655190005
1.4808219874079585
0.7875052225832652
0.7267278772786333
0.6069148698828556
0.489516088614313
1.6323334911723204
0.7651319100376927
1.1185658335092592
1.6354562109590924
0.11680731725302407
1.9801642904415697
0.42231947933468855
0.05139137384097089
2.225680099684446
1.5788793172514155
0.21600969856450636
1.6610957323706732
0.32767384028985563
1.050693563526724
1.8010689322699214
0.2801250243156038
0.6226591589480528
2.3889279257910587
0.09310794555752609
1.7722112482873742
0.24694888467732015
0.5863466937577327
0.9309629480195151
1.9801789489091115
0.8216093669616149
0.1400354574084778
1.2403389464455663
1.4391052346060371
1.3289515602821342
0.9611375078218858
0.3196170316999754
1.7302239956139287
1.1417546131000575
0.023282445832103236
0.7445611464923181
1.2941577318989594
1.1101203874935444
1.2317629071797087
0.704748851806171
2.028769091028011
0.07924215225551166
0.3162422172793295
2.0054117195879835
1.391841766334318
0.7526010119673555
0.057720891611234934
1.7766385798014452
0.6547322519714456
1.5268852661131727
1.6411511809893073
0.03324134451886825
0.32664153775773735
2.0567313238922016
0.5032106740780369
1.937126062960148
0.3188030559737732
0.5111200029629442
0.12340634701587651
2.040282804535537
0.8265982285542072
1.0649130880151092
1.2163966856705462
0.44244878025156975
1.85625605857179
0.6264081048844041
0.5354435723149146
2.2845482810720332
0.5670732591639942
0.1081013133002362
1.3878678722447397
0.12427046564736956
1.8228523423485288
1.381997604118564
1.1105038996893564
0.32675990412982764
0.5784888299618064
0.360613353765042
2.0992233229295167
0.7123889919424857
0.7799292448226116
1.5899749945970045
0.6940570145614221
1.2556671323400739
0.5114487735422825
1.1331364638716486
0.5403942177393827
1.3197196719070687
0.7004733906630217
1.7381365090026666
0.04214509928897821
1.397859750902188
0.7673856218225974
1.0562361431998624
0.6407914140244284
1.5616486128892226
1.0139727701310632
1.0121487352373266
0.9778950332396574
0.6434588770099867
0.18848318048154
2.361444030406041
1.088934885553252
0.21692676456549742
1.3253645636377984
0.7749224456109614
1.2297897342367963
1.5586856693458813
0.9350544203806184
0.28205374336557887
1.1243549077573691
1.1279556205608456
1.505770564781581
0.21710562101695835
0.7080477863760387
1.0760890201997055
2.129460373736016
0.8281600368108459
0.4725058045811506
0.40243395726446973
0.6170414037041301
0.7921268411176289
3.0676930761269903
0.3166686434678142
0.021057117720062853
2.3763246440057815
0.8312152700772794
1.1765123937966195
0.22378818401786804
1.0268727739651253
0.15595438314475563
2.7896802676254313
0.3383739985425176
0.556485604847806
1.8121035625084692
0.05380444095049119
1.7235712372935632
0.13612292221947053
1.0469742894285388
0.7592511425106955
1.900295285107083
1.198640805028896
0.4404175143033235
0.12371229582426622
2.1539434227164027
0.13409268574197367
1.3102182696679177
0.5183405487517622
1.358697347650575
0.9091999878138233
0.9031860786703066
2.140755200652209
0.2912808757174057
0.19164599832989831
2.0766185813578333
1.4913591186827968
0.4167460678016112
0.9277108064041883
1.8205823629464748
0.7038848482653842
0.3568451300088314
1.3014232842878846
0.46768672101833836
2.17809537103108
1.0135805384031071
0.5265145824117056
0.2385980736932658
0.1209689812705286
1.3470058312363733
1.945972311347612
0.9633691626520039
0.733802832302961
0.643596054270346
0.45072379798356954
2.07019295570787
1.1319787959320764
0.46215853926669787
1.7368369175722285
0.48643401256273755
0.5402624989721301
0.15938009884100027
1.8850342380965721
1.7515298156078276
0.62715925329132
0.8461024853980513
0.8854589189304597
0.5829164417524838
1.2056323545023027
0.30846571130785927
1.8274167210083292
1.1692092187710135
0.33970839932034047
1.8001734315307265
1.3404359204239091
0.4627925515331832
0.14222753146843836
1.312568651414774
2.8604509573424917
0.43758345885348393
0.14586973613493168
0.855697716114199
0.30910314835971653
2.1684987332133816
1.1446775010600265
0.09386469030150514
1.4160577421827318
1.162022006682141
1.4825359569920855
0.5643550238669552
0.8221943668553967
1.6979808022713478
0.5068514358891006
0.5764933568038263
0.21079379798151293
2.6038674370991153
0.26161425671657745
1.252206423788699
1.019276616435437
0.72242584716416
0.03538935046679748
3.541342725544832
0.09332005556698285
0.12262950042453241
0.8305170775967823
2.8401602708979135
0.6898801824100513
0.48150241203146416
0.5823540759609439
0.6125667497639784
2.4331396049630465
1.102447044420399
0.3309157755931604
0.613955359367954
0.6775591561034576
0.09522182598761061
2.2950078029057717
1.3928503178686298
0.5636137819886512
0.9524849592481143
0.29370042616124165
1.598161366041736
1.8889549402053667
0.668168937951687
0.07819187824765078
0.8351320821435098
0.7613553972045543
1.2477605112421872
1.8211864226498247
0.9889500128151048
0.2667529519695051
0.7830995453570841
0.33562232347598664
2.783611742427059
0.6110296117390415
0.24658574165093508
1.189151550093577
2.0752296539461224
0.8683658667924976
0.5026292331195306
0.45308833153888406
0.35311221979654683
1.9959949232501817
1.5281805944963789
0.9702067743784285
0.1593632079511573
0.3281696525689496
2.310726375246096
0.7623485096547178
0.3661675415149246
1.4161825075480514
1.7321424378088452
1.1589394299189124
0.05823220767967821
1.2014281849580184
2.582092286987685
0.014192481478259996
0.23848727056064134
1.6473978947730938
1.50826454604317
1.045368943548179
1.030413142136175
0.7289229783940763
0.20721291524418478
0.9216567890995518
2.327485394594638
0.36462317369313035
0.6399269289111102
0.8430817140510216
2.240824180144508
0.9574384659720396
0.37321762329226793
0.16380888421807788
2.1978606973561106
1.6296991334839757
0.2867727302517932
1.1983591948281944
0.059835360827397044
0.7260969653702608
2.056498341633055
1.4001519562946987
0.6133841709856394
0.1559680337949241
1.4962548051588842
1.0582199405016433
1.8048041055801107
0.272493701805914
0.472553274448526
0.8144198982769838
1.953680878201965
0.12702630786518787
1.1379814106290251
2.4410333872788335
0.5169600810037588
0.40842288421791834
0.6214573148927405
1.6722061934727408
0.9074955217926363
1.052501986761388
1.7679585860469789
0.11683537591478906
0.827373147154671
0.8962222087449454
0.16653249792274902
2.9792781556060977
0.6181469273256658
0.42213414343074623
1.104232447517714
0.8602878407892558
0.44581182157727284
2.4028192369271917
0.06670596419711344
0.7025388794366635
3.0574703436911306
0.7947215370663249
0.136964229818497
0.1262551395267415
0.8194210666365461
1.5087996504766847
0.4936255549982442
1.5360879847559459
0.7549345223325362
1.5133037092236554
0.4970329555799352
1.3307314536668322
0.3763541131420561
0.5013658332617003
1.368669065910715
0.2552196962000252
2.1714461539078007
1.4590510415483173
0.10079276725038276
1.0355215443997317
1.7095361705199026
0.3674293083378214
1.1127249962486119
1.259545570422105
1.1835420460746415
0.6486361914096795
0.7979845460504441
2.260087858384696
0.05088483332886109
0.5417512906888219
1.7910029490428783
1.3964004087687236
0.37112182247457487
1.9860430682521766
0.7912406810070437
0.10910133120833242
0.8549743304883529
0.7668610585683173
0.8875466923151838
2.4923264907289404
0.04079386072664011
1.1102305219823885
1.1668589626952044
0.5345976765264512
0.5375830995659904
2.3020963186865333
0.8064048939562286
0.45661138428714143
1.338482439302567
0.8510942584552541
1.295334309452973
0.6995964698588388
1.6910431109625075
0.509760634658092
0.44000022925352794
0.5275544789426521
1.567332294943499
1.3145985993697524
0.17079379279671297
2.4628302766713137
0.24518616306465935
0.920504252662083
0.676226907729315
0.2194470127696427
1.722274989339089
0.566405061053541
1.9401969202239984
0.5006838651319215
0.48498761108755534
1.4659391030164652
0.9448906258042723
1.3625815796757217
0.9233422289502901
0.45476801821141855
0.47478214152563386
2.0375413588438387
1.0126941153460327
1.086893149835177
0.674649274708879
0.038775485597301755
2.021745615743742
1.3222311304642518
1.0011483874412168
0.47258537850137694
0.9572426822802608
0.8834961485756331
0.45352053782412627
0.762924916861418
1.918456624601206
1.5277169702757911
0.22808732009183372
1.2901826307967512
0.5214391779557899
1.2445670131046127
0.25900095790659666
0.30129337968934145
2.1534266094225982
1.6328067955254413
0.6636156237128769
0.22546508284056044
1.3981677142207822
0.9877275729077948
0.5998439739731571
1.2589708909232094
1.8458057268735062
0.9195746112900499
0.15873214950311312
0.6157550179045145
2.5067642617875996
0.3706870952117669
0.9803086626677147
1.5563797428527708
0.4935533631049758
0.867459319657462
2.3622069746625387
0.2931349559309124
0.2574020983569603
0.8929105828994982
3.1684607043853292
0.3749993426102295
0.04157077444054707
2.648388979424869
0.5622353751816443
0.7987751738314526
0.6709704344413411
0.8179363816653881
2.3341717780060565
0.8654316994463386
0.23470093985715787
1.6076386210413358
0.20531774014668316
0.46160827974752133
3.2413080368723537
0.34160321918749764
0.5239478984559238
0.7286547565590575
1.9129601691719897
0.7251901190590153
0.9814284542558221
1.0216544323926684
0.6279396535084424
1.2235651217693269
0.5194759618963556
0.8959504243962138
1.884408935251259
0.9889664227653898
0.7930453284094668
0.3246981984750922
2.074619529762307
0.5248024528984324
0.32217780094672127
2.931458912988844
0.2538340114327463
0.4796381103191842
1.9174358857348777
1.1128125553836175
0.9359503781036167
0.8900095625639863
0.05580362420844636
1.4168407026048029
2.065184094406712
0.7889676206545534
0.46068104323565384
0.3093859457494222
2.1938778360490896
0.7804340272549315
1.1459029707900792
1.0518594109887733
0.5291305998843904
0.2975645673836981
0.8994799139132534
0.9417118576207805
2.5236687403491107
0.4510252506504767
0.2590896117829399
0.8656564341407226
2.366862773772405
0.187204462272849
0.5944042191966488
1.7155963288964118
1.9599481842467381
0.3402699179907391
0.3224787564740533
1.5248866406502561
0.9633610355682288
0.748379778926901
1.189686085478447
1.717027708241212
0.6052380140797415
0.4251834614987593
1.9916457657403943
0.6827227169284693
0.8164560036633647
1.6269555244590246
0.6131014625496681
0.8207855811860882
1.0080765481770209
0.5624274287248058
1.3834459917419701
1.8399548008098139
0.40796100272465063
0.8090411400329445
2.4714611640598494
0.1168564585334095
0.021793187671605433
1.999760831217349
0.2579551134496469
2.202205907521316
1.0034792224963862
0.06015019126723331
0.6992417369216984
1.102721350208527
2.2951129102176386
0.39036381801577597
0.581492097266989
0.4574897692776239
2.643145997194503
0.7014659149937317
0.24598482914151512
2.117063753180786
0.36562239907961586
0.6895215747515019
1.1018736925539787
1.5959742162163457
0.4549419589620443
1.6392917475049509
0.4166273494313393
0.6763309333624724
2.9968385334629013
0.07712435616948696
0.18415532409044527
1.974011714952993
0.9458260120628554
1.3390125581334313
0.8538411247095836
0.7692611359137435
0.5352135267370051
0.6587559046756757
2.7173893001350145
0.9112396927195153
0.0442946111386984
0.39874513892082397
2.46673525566899
1.1082697233198282
0.803780557420355
0.9293007297837106
0.08847332896216682
0.7391128535813333
0.8266684455221587
1.6042001487363229
1.669629355278695
0.6120964639052905
0.035627302644811974
2.4881063016876572
0.5104421123795415
0.5009872264956725
1.0713476241418098
2.076468278716483
0.6744029249283086
0.6203258114883948
0.8045275859103596
1.5115038461842771
0.11462227875679384
2.0675590998174065
1.07717330455812
0.4104365483421395
0.600400512306763
1.4957985654217703
1.3945193297797929
1.2331996219315167
0.44653844609649196
0.2209988915877427
0.9902326260193147
1.7922961551807703
1.5739823340682837
0.09658950472262882
1.0990311143302172
1.2390938003740837
0.9065715205894729
0.8537938366112855
1.0761289093345177
0.08426818825248818
3.069395286308979
0.06297910336493073
0.4515541912035484
0.6463450640466085
1.9389857288152599
0.7115039364343306
1.0971616273802305
0.9488409305682634
0.42011042229960427
1.566299490749202
1.556375172531531
0.868683298033835
0.5306614185055376
0.31630861572424024
0.9217121861992048
1.5489580783165342
1.63348871144792
0.37861328672445704
0.8529318231887807
2.0214035382826494
0.07772493531406581
1.0310644541830882
0.9216622606738741
0.7078229812245559
2.588438297597059
0.5719945164089588
0.12493614841059736
0.2250889093378372
2.1065909479004667
1.3459360685130541
0.8008898887445197
0.445259696237886
1.3368096159814924
1.9504008818408665
0.6079084370056768
0.3472660085424512
1.0462834985574063
0.6631416178056008
1.3320480119160718
1.7828389509447968
0.21379201501537104
1.341752467673463
0.008599228423078746
1.836933434497193
0.8388186515489
0.6519993391984883
0.5454528201689692
1.4073838712694027
2.288276916242163
0.25683295318737526
0.1568637305847443
2.324407573132858
0.9564216297938894
0.9100176883262471
0.5269990082216085
1.083544779181717
2.417086369363187
0.3563035838350782
0.14957639504594475
2.057511325167379
0.39394540777477843
0.9916687615219246
1.9839164358413879
0.14774884750117026
1.5902556625290385
0.18068577440611525
1.3173841673832072
1.519092251929805
0.39574281207689505
0.15208401632383026
4.003743964115027
0.14250818288249828
0.04456190574926887
2.7424757077232873
0.5931505578526688
1.0289746106338034
0.6160999154883421
0.8292592368949653
2.9207965100979196
0.0776594653384605
0.05367431545570007
3.398774091003928
0.11722824573928935
0.642237008892745
2.466880306899707
0.05865126744406445
1.5874576921218757
0.9172786350435148
0.30049706853592884
1.260979456163763
1.0402657092123542
0.1912751114930073
3.435793888819822
0.02207605555183606
0.07698496653692369
3.0654618722963667
0.23850453277307757
1.1658209779094684
0.7457503923417257
0.5738261242979452
2.936623675773736
0.18858754760396734
0.1125179680743039
3.7780674181026903
0.17326684536523126
0.13634285647891092
2.7001536418779466
0.2620726629338562
1.1421920126602698
1.0443503379584775
0.9428971048297878
0.8406273525067202
0.4987916697583804
3.0433286077894737
0.15051148836498926
0.07704844046112327
3.076744643420063
0.08188670278337432
1.230944440165793
0.8804507470217672
0.3654449317538977
2.8043601288724154
0.29735701423498234
0.341620188051095
3.0493084747351995
0.05198629368489074
0.43155828866840124
2.2060035616010985
0.2601095640361451
1.5118186467211663
0.9261387686784901
0.7556183858343661
0.7919470809005404
0.8123977955974374
2.653608005338398
0.23382042456717664
0.14634001879247763
2.8182894628792394
0.35602505776161847
1.0734852767369236
0.9616912563287912
0.22595742453201356
2.7369520049850458
0.30891658004326145
0.5405576121160613
2.5052977784296298
0.06109009469267652
0.7261563103492348
1.6690220478115727
0.17476581531022584
2.064119288895759
0.6011666431921802
0.594058511637421
1.1077213062165099
2.32495837585802
0.28002457423270444
0.2232601697073036
2.6542073196630143
0.5543405675054427
0.9023279545324513
1.0087640677438503
0.18485706295758586
2.7617283174012295
0.15005345325162678
0.6774574336604718
2.221801734405675
0.4675489600715973
0.48725761122950756
1.315603649258362
1.0547220573099878
1.5380520498258115
0.47625747337415086
0.6280271114022665
1.3622927665513782
2.0856965057521317
0.2776506169137059
0.293296303799966
2.6329541209757754
0.6474568663911773
0.7264778265778591
1.0544401355103667
0.2914571302326226
2.6508979478659533
0.2267172583341911
0.5508809398066155
1.9701087105405755
1.300988223554162
0.031428407309349
0.9124791041357012
2.73238206819988
0.32447698949706255
0.5455328919161151
1.5493908827957596
1.960164946312281
0.21371395590458642
0.3506058622257314
2.8018838996749045
0.6090912204610948
0.5651453140284384
1.1282416405043174
0.5407207146941654
2.2586223056986037
0.820581955472681
0.12197642122141159
1.4109698247135303
1.806577025542596
0.6721709224096912
0.011237592919048843
2.8329388720620714
0.30661344962374343
0.5895240200987634
1.640602048758361
1.9690721369797928
0.08244511260973866
0.3903280409562197
3.21340993213807
0.42214408097086187
0.43807985112040543
1.204747176593963
0.9743614039519367
1.5681370541371382
1.0045702811636115
0.5750139164708383
0.5666005973666954
1.1636154999120543
0.6402361257026125
2.1841286206267507
0.2317849296190724
0.6941969178994496
1.5576748574911472
1.9639987408698492
0.11194438940714797
0.26773869354524693
3.7873377503117815
0.08243185791026543
0.35613741938728294
1.2826000973854197
1.5901709862807205
0.9505012635842143
0.8909551960004964
1.0876856981776724
0.6513000264662986
0.8023448199892097
0.7187430948308342
2.1873656645564745
0.21415725175710615
0.8777898161404579
1.315811925502588
1.8646887963399892
0.3213454551219424
0.06804130284358921
3.813576454103408
0.4552649880505703
0.020551663434929653
1.2246952751254623
2.5707740531545866
0.3579857658805718
0.6831082237317124
1.0450088361389152
1.184925687274348
0.7041432412960676
1.721117123845318
0.21980235769924922
1.1388044327619347
1.0425766917448784
1.6811845579139657
0.3004292396984392
0.4864370133044324
2.8202515347819053
0.5537981520779158
0.39555604505162767
0.4206645458914767
3.2526174803318377
0.34969439723633167
0.2522469896531639
1.118402668449586
1.3537068982179992
0.9055391757945151
1.3833242346326682
0.25201420316173845
1.4858049538088043
0.6452395820385888
1.549820009303929
0.2523795905404125
0.9865689492954389
2.046168929577142
0.635732371952316
0.614079546162721
0.38567811896773
2.6477013486268475
0.34087228153643656
0.6510521416526075
1.3474358846282508
1.1953654327644931
1.0082896340231655
0.31360932680267956
1.9286562800129772
0.12822194133191184
1.4686670097100911
0.16571209609043605
1.5376562109203242
1.3695639668868091
0.7017088050470354
0.5064004256062941
1.267657357434821
2.145643596468908
0.07814783209525798
0.7375935418547126
1.4135334769031362
1.5629884760818493
0.6629178924075199
0.3731795404602756
2.0570698445404805
0.5002278064712602
1.0895765200258714
0.01859764364402792
2.280923151031106
0.5521189973206032
0.6653804330349482
0.3485365493986901
2.9266258506373313
0.2327807892595924
0.4428460174866132
1.3786887623779684
2.1057144562525565
0.2738453148078769
0.4357521574632477
2.122802637655193
1.1855603112332112
0.5845843225559566
0.15909905992330045
2.7287434414059653
0.4082512995602108
0.6491326672727807
0.11954382251273242
3.0132397111208085
0.6287440424092979
0.2177465310251953
1.2130646154666231
2.6031766229268922
0.1812943875064167
0.3405564167314458
2.080923621061266
1.9752371355430334
0.07630623487314911
0.30138456589760393
2.6672297720503493
1.0124932483767994
0.09469261227804193
2.552695749589582
1.092563759227742
0.013369892222636808
0.9259261176913156
2.7921683771205514
0.7117192070500991
0.018447831921805283
1.5998264639347506
2.310645649083364
0.49087830610252076
0.015625674016025493
2.1862924610902112
1.1906870052323872
0.2921008005976883
2.007807250547109
1.2684846745747533
0.2852850496331358
0.3828188987530643
2.5377727106102066
1.01611052697085
0.31026541880007835
0.8663696441572976
1.6818278550022376
0.6081600105862035
1.2223615066935658
1.1888404460571973
0.5143228834184418
1.5459849531544059
1.4332487035742305
0.4622231122933734
0.16859912094007576
2.1415734581459738
1.3585208760870426
0.6618118878457869
0.1344452722820785
1.8598724396001107
0.8879884894270272
0.881446649905563
1.308681720048959
0.7639154090822516
1.177938394656496
1.4905121875448837
0.2871805712529056
0.718103840213454
1.599240212004371
1.1109775651917082
0.4519611976015828
1.6229258831706652
1.0200402349376523
0.5549089845595727
1.4508053432213994
1.0407901468877414
0.7773174232142306
1.5529269651927664
0.04852434835360099
1.2544634293689216
1.0380283328406708
1.288720234327764
0.20642509714753518
1.7503147994147406
1.2826821722264767
0.24744129950621202
1.6160773897114713
1.3998472211180901
0.3308139055874252
1.3418158071730952
0.1964704822208228
1.8116273054833105
1.388927870556388
0.06330447737349701
1.794066237579725
1.4966533949643053
0.03959025780044256
1.7131100464359077
1.7113795443207227
0.10893526334255578
1.188887106090197
0.49323793290685075
1.5913096512204177
1.2661389041553446
0.3230825642440237
1.5016323413277133
1.3321982115518196
0.3481231750100708
1.2458405114328681
1.3494794141648028
0.9527988354642786
0.6192230079861402
1.3150408147833113
1.1364974599247986
0.6233274919623856
1.232062337070765
1.1658366787571286
0.7037726148187838
1.0932317953701887
1.1489751386321838
0.9327369160468257
0.909146959394378
1.0866393059142412
1.0023375396835394
0.9700461592981362
0.836092146436195
0.8372919296514661
1.7168199121249044
0.7986804112161225
0.735809059886026
1.24460923787626
0.872633626556227
0.8658017108832005
1.370867551982864
0.6708793079275018
0.7229063616352837
1.9996396305202087
0.6626932584983615
0.6498435612788014
1.6328602766958351
0.6037747805445924
0.6402346906477828
1.6559885891156185
0.5358948962031975
1.7639989884800344
0.5264182540572807
0.5591414660654538
2.083150343237189
0.45336675459328946
0.5352490532760262
1.7974388060338877
0.4357200223903866
1.9230801649600158
0.36862531610113225
0.42816884661026344
1.87192036982972
0.389776975392049
1.4784061479257868
0.3296039402366602
2.0902024449148953
0.24841137694574444
0.3451360173970341
2.0104193802327592
0.2922176715521051
1.5093787690071117
0.20718676680637946
1.6645394120174726
0.2454153150750035
1.4890046609193428
0.18886297395824042
1.5945306811860902
0.09720082477144969
1.664640128011804
0.1581971498947909
1.561382016987098
0.053379103730268926
1.65090310511112
1.6546655924570337
0.04074591782519866
1.634607145360361
0.023066082502432035
1.6415758482310852
1.66910233652968
0.02247862769539734
1.2277021293540828
1.6647850078127102
1.22415331754423
0.07697704809479727
1.197463139669657
1.283414214530721
0.9460566421862632
1.0327388125270112
1.0520263638173803
0.7661413340283655
0.8651422584621504
