0.8814860505612496
0.9009341125444064
0.8306863069763933
1.076822675686865
1.318518331666769
1.0393569261543285
0.3247059633579332
1.045451147289101
1.666371514759218
1.096561360676093
0.4191773161193323
1.3185874575059044
0.5832721449134189
1.2424866850837295
1.3689000049970796
0.49696650404182846
1.2996642729219279
0.696874391280696
1.372497554122137
0.9704633449005611
0.7046900403215565
0.7083447307346358
1.4929794412856696
0.7244156249278029
1.3642566478530371
1.001693948645751
0.7013870948846194
0.927556067361884
1.4099888092500255
0.5216912982853281
0.8698031424405755
1.688851236984851
1.037939067507739
0.6063637464482734
1.0186771986757917
1.4618511797268323
0.45081972133943593
1.164929836590768
1.6707444308213693
0.23954442979815538
1.3341756719058693
0.6647144482582846
1.1269344375456722
1.5223909728660183
0.339335717419911
1.2567111471080838
1.7265600604931406
0.13919709195129698
1.4136324628948285
0.7055806169902692
1.326507897779567
0.2123033117635912
1.5959251558679977
0.2732609073884474
1.4079165876953634
1.79075378758841
0.020767002729277558
1.5066423319931408
0.43150483957140856
1.4377475045466612
0.3729559533681325
1.504610609619478
0.14869572248320495
1.57359884590815
0.8157566987284438
1.2042715037278633
0.1710244389213252
1.6889359356926275
0.11707944203468446
1.6193310800704699
0.5607091501298452
1.3373653398862864
0.08717255222620637
1.700537824201382
0.9484821008457357
1.0205675823602605
0.40769370571460545
1.7489607987056242
0.24504790189641495
1.3848027319079013
0.9004379472420921
0.7568216846752738
1.336554754573496
0.33636102158007575
1.7081715841660972
1.0521247550617296
0.8467303196106145
0.6672756565881754
1.291192762906658
0.6584127784648031
1.533095828968917
0.5967866473100739
0.9755703560710223
1.020181413197518
0.7602869344983411
1.9382043568229903
0.019580876423238646
1.3231377304785175
0.9447578361174888
0.9555958988965226
0.7832092314675299
1.108483999596245
1.6961634194118365
0.27077805938065524
1.2187099637462049
0.6247751386006558
1.0805663497453661
1.8371440295341275
0.2625229518679318
1.275292269181284
0.49009308650450234
1.34412915195803
0.2812659344595099
1.5931352976592312
1.1176763476728542
1.0358763952132455
0.11280421163967934
1.6922007027770862
0.13867292757837224
1.4080912845626843
1.7404556048484974
0.5528390036186445
1.1932130824378282
0.16680620002372248
1.2382222266657499
0.46867680181314575
1.7310738246708954
1.3093623575517033
0.5965378847020156
0.6670776214583084
1.167295967881411
0.41989942099182687
1.6967815436660796
1.8068404889097887
0.07660222643056559
1.1281569653869796
1.1736394086616802
0.8825145346042529
0.3610466421083237
1.1223038604321944
1.7457229538936192
1.4001518261908146
0.0803222930664798
1.2326269833559458
0.31860290457262513
1.0094463297504424
1.5449522238982798
1.4225657412627137
0.6201622385236784
1.0469559691218073
0.1632732971011779
0.8447597448947576
0.703304265081161
1.3188968142494029
1.5525755408583983
1.3287097457038646
0.09797723227300484
0.9337139256292898
0.7674741453591071
0.6333731883491756
1.2562476223708634
1.2863972337390284
1.3239985642831658
1.1238587476421147
0.23465092473761465
0.6051837374161069
0.6046826480847148
1.2093409995072968
1.2542549308910866
1.211560232088053
1.190722602213922
0.9694068286217228
0.15877196663321483
0.6578131706351766
1.155861689356964
1.196543065817977
1.2884809591714699
1.1515083702120383
0.6653250872574186
1.2457266200038175
0.49194765684066644
0.5279729213645015
1.0083837583292374
1.1662841649546334
1.2410589243313204
1.128415361400055
0.8153360848937428
1.0758527373101785
1.062563397199388
0.5953268675936402
0.9726715192025066
1.32990137806649
1.3314669596915505
0.649525571902931
0.631755758416917
1.402782929616861
1.6220924172684361
0.32466160022483226
0.790386999161169
1.289076019721844
1.2829553586436897
0.8408061589335996
0.6592384989704236
1.2668608812237243
2.0901609169371875
0.14701557047799893
0.4957062482251942
1.4645719346597386
1.553720137655921
0.5843213427098459
0.6929767556029623
0.8436486011167581
1.194407158410813
2.082938792603408
0.30249188286780615
0.6389399130146862
1.451215288459301
0.8847238761177222
0.6418799407088869
0.819900425037629
1.1400018272155266
2.3347580791083398
0.3601645295712547
0.3234165655307772
1.0074874847674502
0.5735726585201077
1.1658754446191453
0.8376691272780701
0.7637140529318636
1.0789559077080768
2.3826073965294303
0.4383632050091055
0.40539328187527557
0.15205939439233435
0.44571492432458454
1.181112978404879
0.9637634007454238
0.8627093905594028
1.1161901476340927
1.7927258838537223
0.8915423592522188
0.5924848117522845
0.5612102422854305
0.47679718409582
0.8316793690392504
0.9809150812973622
0.8592038654712916
1.101714193140329
1.9425139539632665
0.7431561540371867
0.5441704816545024
0.8788237697405534
0.9443513107020629
0.27679605558431114
0.8910019873313766
1.3936107960923534
1.2265746798985366
0.38351049965441725
2.1259860940640167
0.690792003258047
0.6660208456229497
1.0040243267002418
0.9647433394361477
1.0150510467976301
0.07674188377894481
1.3172392552616514
1.3277280171842256
0.6464036084156849
1.9097722768219159
0.6160383731141061
0.7588120550141223
1.156436633599391
0.9180467694768041
0.542906984980255
1.2202968769942466
0.17673372692210526
1.3227499522099493
1.1934740566395095
1.4831668056685579
0.6985819003655743
0.873134144427275
1.0861185838656588
0.9335916337121059
1.0179490620303544
0.627660751540168
0.25509615103339145
1.2259276827438514
1.568010105173671
1.3354509963307626
0.9045395649569077
0.22169446030877768
1.153805885101039
1.414638885651747
0.905558250485492
0.9725016558936509
1.0137638733054073
0.3026064018717822
0.6659268449452174
1.967202447037557
1.2486601762257747
0.9292209795325179
0.30173448856938123
1.1152694618318593
1.442479071444495
0.9816858275828184
0.3773984736820526
1.2900064163253067
0.2764405902848692
1.8358832665034204
0.5285045642996946
1.244279308199063
1.397830951288626
0.6226915739821101
0.7827397336606494
1.2724785518283759
0.8374074099973698
1.398237502972759
0.3385711983997669
0.7042315120395967
1.747183962894151
0.6457191648721003
1.2125608885938925
1.3787463697663382
0.8990078208727174
0.5148146683467535
1.5315756899541921
0.716884327390218
0.4329442417355502
1.405593155411431
1.1874356899135672
0.19006876229365183
1.811172490878608
0.5998364315627481
1.1626468962069005
1.4612914678324471
0.9638066266355515
0.4572232573792724
1.310503789288991
0.45046234709558164
1.0972849002878822
0.2680176632765547
1.3369661802768769
1.8105675783162585
0.715054309493866
0.9422265029066506
0.36322581054257913
1.759870091263755
1.2876279244580373
0.32459643965999935
1.702258215436049
0.5867500507231731
0.2291594040109733
1.4230190373825948
0.8026402310620142
1.737522717513882
0.46374962306989076
1.052089673811985
0.6651075682892215
1.5418065369005014
1.3702139083313793
0.24225317820628686
1.2869107315347839
1.1447407966337197
0.31617701711337837
1.6315240468972696
1.1915846000344885
0.08445487745158854
1.9888104505380044
0.2908716539048761
1.438848455398127
0.6239393671574
1.200931584803562
1.6567145389411966
0.5051330699872315
0.3923505414513524
0.9343605797489337
1.5356388106697632
0.3139362514462223
1.3734480768531356
1.8255980746352907
0.1233135183582677
1.8364975051008168
0.7293980273191077
0.2992866117034391
1.2456492962377048
1.6539230413617398
1.5056579533446073
0.030227594498996462
0.18507349567701123
3.1012834149106423
0.012288716482356849
1.0879677639738243
2.301543963744259
0.1163950094643004
0.9588021985518648
1.2759479308501989
1.1553909174421737
0.6753632755952439
1.089845176546329
1.7894493118528954
0.4520890884441946
0.18586070685250272
2.675453921390434
0.576807590041273
0.6497453090081606
0.6472350092350971
2.018291599067435
0.36736984083082946
1.0682993489016415
0.924896310637449
1.5006668105146002
0.25303513535414823
1.3625394344382615
1.1769629444573795
0.8774030407092419
0.8388711238773823
0.3427012339008237
1.6390398106032558
0.9183682551599077
1.3336182014915527
0.5105353767652532
1.6954281628211378
0.3216898619941353
0.5036810985431522
1.340402119738529
0.9906171243096404
1.4564746654308496
0.6091255768142683
0.8219804969926838
1.1154855548554568
1.1288782141969043
1.0298314304613476
0.8630985167445047
1.4525130784485294
0.620517047407056
0.6869721028265519
1.5542212785190204
1.233892184790888
0.5000432855696036
0.7932631698265324
2.282969448007919
0.04279051930988842
1.2105673079765245
0.5092441361591534
1.2567645949689235
1.909780413429251
0.039559138199589096
1.0825199184079448
1.4755017746831787
0.7653820909214466
0.7922066394312883
1.0932412519207084
2.0939076794266693
0.4597787368385218
0.14909504650211938
1.4251429983160442
1.876525776899256
0.6227308616372206
0.6508038595601603
1.3168936654780077
1.3553889158968857
0.8875165852787381
0.5316829832747995
1.3044079978305467
1.0134985928859461
1.0620058979648341
0.18639873903385104
2.492741525620953
0.5717842839904528
0.34776967246870916
0.9064413591561978
1.8774231743615393
0.961853527788817
0.5401259790758443
2.034467075053298
0.5122588346546124
0.177837360734133
2.0630724571219856
1.3204067097401067
0.1412711525892485
1.2923463153638584
1.0913200770820544
1.7008321091339258
0.31205894215589924
0.7785532565503238
1.088462085724546
1.5787032791806745
0.4690521711434724
0.7867275787068154
2.775733737113098
0.16150526451412311
0.3262332144983278
0.8605240053553141
2.4549280241330345
0.17443627773016143
0.8808141877150707
1.5401855697345017
1.3357923677896526
0.10571789630850945
1.5693620075731332
1.3938791982135257
0.07962299116618832
2.0074928112013266
0.9014383599736401
0.507133802503318
1.6603046211632504
0.9633540554163293
0.3184914099470355
2.099815314836432
1.1095036318440339
0.39207261918278186
0.27246518742647025
2.5634755855400884
1.3103982498528546
0.19425609277643927
0.6703550857354642
1.2125901326910504
1.2923466251732503
1.6369753345594378
0.4754925786547763
0.4723536802687915
0.5190731499760596
1.7849420859307283
0.9959086490255744
0.17138185524250601
3.022303710037426
0.237032479770461
0.29313540495440205
1.3803474580097845
1.542599789715799
1.1068242043965146
0.9121964407721447
0.16579373247764367
0.7946341997342528
1.9465034246658668
1.1639891269799718
0.6333533137825168
1.030856337511041
1.2285834269676106
0.7606800202507639
0.5939028009626566
0.6673118002882539
1.9323676944545776
1.7855331644607568
0.1604750927615077
0.16065853963114834
0.8124384993581053
1.906398988968483
1.435277399950628
0.47137633281498353
0.9842737855112562
1.2962288121551373
0.30474026421895345
1.269374509152821
2.238753190895875
0.32546057455074057
0.3827531729401082
1.3389055305497493
0.8130393025761019
1.9087291194895053
0.363674708957318
1.098707834522554
0.607357443309125
0.7757124883472929
1.1959965395651684
1.9559776113115246
0.3263653666707644
0.47606737731499965
2.8743870173195014
0.38681829035413623
0.29208124545226166
0.9514520647155623
1.7350325573698049
0.6362579072121834
1.8498648196585754
0.38882843102968256
0.1139880362822356
2.1560284219413766
1.304626071697919
0.7315070549383106
0.6842032263588981
1.0606096647524685
1.638424456414224
0.5133683286679707
0.47019635867608456
1.6677405613501157
1.1997655816092228
1.2389134719048638
0.23360109068894302
1.129250564690306
0.08862357210223004
1.8747368139920495
0.09812108362197189
2.1239211044959436
0.43641302333878795
0.1815762441972717
2.1381063801281117
0.6836592127800427
1.1896596188358224
0.9333526008420994
1.4561887402709255
0.47026616340451033
0.27185733409984325
1.2864560288686
0.8869018828684273
0.7308428688785867
2.1260738843308995
0.4360479660862915
0.7398737861092994
1.5387719765723245
0.6614921923215035
1.457402923112573
0.563244848264707
0.9197272488478263
2.0176488128469146
0.3459161417766794
0.401494150411823
1.8041509725178602
0.601995812726197
1.6527502507110894
1.1142740734805365
0.40137021604316364
0.3484845596565247
0.4811831760513604
3.04217517685633
0.011787132519387303
0.9201351079410431
1.1628078059809415
1.3925934434387808
0.40161651474569066
0.7926136228328456
1.6204891061185773
1.219317864519305
1.0485427323641652
0.04052190617965576
0.9737162830581765
0.8398774885440825
2.826912800611628
0.1558937924598858
0.03516220851755943
2.576952252165595
0.49178751452687575
0.7438943015511608
1.6206810045737552
0.6956021092909166
1.096731563826628
1.5379428801176507
0.3901126627961688
0.8358489441183412
1.5897896198372445
0.7988784977850749
0.9997187050690387
1.6812231449521946
0.29849772160291
1.0166323824896202
1.4396592713522975
0.018205890610600715
1.4760801121698435
1.5391601970166822
0.9285101987689051
0.8485755270657219
0.6784673379329331
1.2773193890758379
0.7826954769788246
0.7843093069216952
2.3748657780117686
0.6242395783907309
0.18001557596656806
0.3253789171555831
1.9856068385829788
0.8127724482685269
1.3394905093802858
0.9981309698087468
0.33563358660512627
1.0948553299271204
2.3361921742621874
0.5611529612825035
0.021998384789694833
2.922213864000206
1.2554089823810821
0.024776210572266623
0.42956047949319687
1.755398089872392
0.7148254235187537
1.0330409405391143
1.5897820574667532
0.8515930800955176
0.6522869118192086
1.2415427615437045
0.10182635233358693
2.504518831995905
0.7080880718473844
0.5793432332248554
0.34755136800334036
0.6915803024986744
0.5778965508945797
1.7052255716824805
1.428577891511811
1.1155738652451332
0.24573962992322076
0.6851322631182412
1.6910617151576441
0.12831997660826824
1.3826777962139376
0.6199486391503541
1.4789171092729467
1.2895415913095423
0.7684301562915611
0.22420634689219532
1.5799572701226898
1.0991478154364716
1.242701117599015
0.35630864505130294
1.4776624406978691
1.0693847051186272
0.4652411753592769
1.5913388062504712
0.42282045880514924
1.1760193974236244
1.8748527553869345
0.4415912377822701
0.7229320054100862
1.777104821899493
0.7716690619603646
0.7127142593354836
1.1294599220877444
0.22124189530560864
2.0709598298720704
0.3372302960937379
1.145191715658613
1.0974314832636678
0.5681738210533513
2.476910410030793
0.29394934200263867
0.29856582842525836
0.3433763853802546
2.6758207257535824
0.44051064638322746
0.4016220682492679
1.7764863979044316
1.1937138422165532
0.8958362135943767
0.47595895200605265
1.5523112349108068
1.8026766783215984
0.45697203314816276
0.24438087458880153
0.6418564040802089
3.150321500689991
0.6588813149795093
0.06690515949269576
0.12402577294770417
2.1834959522550723
0.7175722465035458
1.4001626328955847
0.9149564489327422
0.7849901315773594
1.1344567607084375
0.9141694180507326
0.04036269127337164
2.4340234496610877
0.7008446011296499
0.44633873988552725
1.637146154004891
0.06353395668163904
1.603476629822537
0.7661927692246694
1.6717094856794097
0.5731862389859415
0.31276342519047634
2.1025274766348794
1.107457020288054
0.42063575464852443
0.7095714290746142
1.3888942055109166
1.764928480533349
0.6421293732927092
0.4750296891231806
0.6150719455969261
1.538487663973543
1.64106215891582
0.7311223867453871
0.4537608035348706
1.5702730117757544
0.543739734554799
0.9270212289579275
1.0818109471342705
0.9479823760451861
1.6246571574483593
0.9233212513477785
0.5553183755716593
0.9358042247513778
0.15610668770520486
2.516210267134314
0.8689173700445596
0.421149341353121
0.28452279112075896
2.3363107575442115
0.8648439530087123
0.5277813980800995
1.1727993311039178
1.3069956241722347
1.0693414358888358
0.7203956905829987
1.45191482166299
1.1038631972496036
0.416209323487318
0.5290076246644606
1.1829231311275485
0.6425244033731353
1.5525343406161183
0.5610935515878775
1.3310991473491665
1.343767170758829
0.665378425810378
0.6315507841025171
1.720689218915592
1.0290784032138525
0.5087699449348722
1.585553570002013
1.1700134523688208
0.36282173982220167
0.5340632735258669
0.8080901778451758
1.9348559058819552
0.6607676923876998
0.8060738647865008
1.3438158396736788
0.8493228253301931
1.6179954032464297
0.8071928862143107
0.5190272470596345
0.0752251652974486
1.0238951207231846
2.5879909606245737
0.6604807175894395
0.31820397830090125
1.3153073010850902
1.4762515406961239
0.5001888839689178
0.9550146344583158
0.8996489290328529
2.2565419771254174
0.02511333854284519
0.9009083137376466
1.0962158300707958
0.9926170703609372
0.8212912906506293
1.1731214996261026
1.0710773870956438
1.3347091245924896
0.32089738986956706
0.9843140978599245
1.848712205148487
1.0394653905371074
0.20766168319688358
1.9507026772855038
1.1883175036629
0.23212598809631374
0.2740975433129053
2.2408628835434143
0.5150332686399264
1.4568588696190472
0.1864664001681907
1.3930956011561269
0.6357756618551771
0.962027329672545
1.973904854786632
0.5267231415736685
0.5978371283671966
1.2408698389803983
2.0611598111095955
0.20965860234974698
0.19485521296755903
1.913257024464803
1.2602915873965923
0.8204616868059348
1.3830858087537037
1.0288708480800721
0.5264291344383124
0.18829658491602577
1.0641680694634887
0.3457948425484213
2.152199852301848
1.6809486742444633
0.10907236988949766
0.349786602670795
1.692992885870506
1.7492733207540254
0.24820222940658573
0.9036542382388394
1.8987715715095312
0.9962575358452289
0.6427683014727174
1.579213513239207
0.4234751726633102
0.3630715923779291
1.2214196579291043
0.993141002176982
0.6644060771982438
1.1310688838906213
1.242284546351175
0.4167092471487255
2.6045549955766636
0.3623301147927918
0.24527674092065388
1.1205360974892768
0.4918009688825582
1.4127529885943733
0.5946921069753673
1.5659435723230557
0.674691637568033
1.177895252848881
0.409798838647627
1.3211105823308178
0.7522601269794419
1.2718022073984376
1.7646370215393563
0.44575817369274207
0.47638270269737126
0.0782717898371007
2.769106195595571
1.2232562955265642
0.2999437254660364
0.28686495711997734
1.4297919318286212
2.018430316456288
0.3172083193239403
0.9147792803510775
1.9066769808943982
0.6725259028729915
0.9409524206695286
0.9438566006794574
0.4925144046549942
1.0226403001344508
1.2442213767765997
0.5430606445095807
1.2478571610851716
1.575806233371038
1.0115211620635758
0.2834044270947976
1.758362836543489
1.4328171626965451
0.344393109829602
0.26973528216377723
1.3837248996256033
0.35326656814927276
1.4934896386935574
1.6353474495442066
0.5434816931113761
0.8502837086191889
1.2832539615142013
0.2895060771404119
1.9135472416922763
0.11426383611257686
1.8619044825129025
1.1235891383069496
0.2331938565615299
0.837058510329205
1.0540772348390643
0.5818023063783915
0.8800565527709676
1.6808533158116925
0.0065982166908882586
1.8813994869083415
0.9655100171458442
0.626520943511705
2.001128328676009
0.6446504775340491
0.4083574716026872
1.7911874739944673
0.3010466181479987
0.792339503795099
0.7192948398604672
1.8535636326931424
1.2124741674736705
0.7036265864103031
0.12847006747805376
0.9801578249721952
2.4272910593185735
0.22870519661990657
1.3504348858532536
1.4221920878782734
0.47679426387387425
0.20241902540223003
0.4749840230205435
1.5365413910544214
0.573183907197582
2.2626258165748205
0.40324212205278537
0.5420786217527102
0.902576495508277
0.8752224602515748
0.61253153980231
2.497555974088957
0.26447395449262584
0.9648655569766892
0.24543349865894562
0.5560981303652837
1.5504686984451252
1.418859425781426
0.37246569617431596
2.2119986379084304
0.12960830299052062
0.4208073529044601
2.938653207950042
0.32374180535341196
1.025773809602175
0.566456053383806
0.3316600401544495
1.414232934600453
0.9122895756377496
0.7926753484039115
2.017880273971033
0.5388112593350639
0.4606631659718534
1.5751107067066283
2.1549508739532435
0.280022165302972
0.16812969172210548
2.3711537983782054
0.6941202499919326
0.5937144535549411
1.7446118772687618
0.8041759152698795
0.48657529297499647
1.5208555469792109
0.9668154329072248
0.3100679682584108
2.1722361413000346
1.4612541519807027
0.30456691961582805
0.3584849971090247
1.728022065187935
1.3822264206617596
0.5425828156528711
0.8180214716522659
1.3431315513866757
0.6980871038385881
1.7561063587980645
0.30806710018443484
1.3115865187994606
0.027341892083308603
0.8540245070386017
0.7466013515681527
2.630063803735828
0.5830949322253525
0.3024884817965392
0.6035652831444341
0.34929859788993906
2.6967987123214674
0.20148061249349603
0.6573930390287336
1.2702820569035922
2.192724481943399
0.25155762709734686
0.738677739756164
1.333827596428584
0.7399357237801026
1.4235486984708925
0.33138369612278645
0.8443895982006392
0.41618553755250925
1.4836418081021705
0.5207153823101796
1.7653727034092614
0.37826335575891024
1.222136946839979
1.5975744011133117
0.42771401488554844
0.7699801884556204
2.607319034557494
0.1701317985096561
0.5149443972542992
2.225496925559625
0.7942440288266461
0.26583477860444854
0.764653737544877
0.9951889397502439
1.9114817428031166
0.3171901074503821
1.0820959323502082
1.1953506080092338
1.315784944420493
0.6412437912280012
1.4903110356080282
0.3743568788278728
0.30340737738896945
2.78637108200256
0.6166494470320225
0.8410784449381762
0.19749699511038968
0.4275409754526434
1.2165894596379032
1.6208413594745457
0.08036245216759524
1.09406441152732
1.5735602086477405
1.8594304789311207
0.15741183286679372
0.3997649422602513
0.8241858617746507
2.311422622469258
0.8374700088162141
0.20006011758547043
1.319379693131387
1.5146762978120971
0.9634991087787358
0.8429857584804157
1.3579751560979827
0.28121097015292873
0.8020552072671266
0.39604120653156827
1.5813686928393156
1.8257431551064092
0.4065980240900754
0.8875958576496142
1.8688626957326866
0.8745425039983787
0.3734827708851657
0.34198994593255905
1.7788988450486594
1.3996042386030616
0.36355160387731894
1.3407627264275015
1.1799543560407637
0.905064979664705
1.4175438693237368
0.33485091085618524
0.2875055444267898
3.7654579911525303
0.06651134042340945
0.20815885289365518
3.052249306971036
0.2849751337648235
1.0518780537129941
0.7521147932533327
0.672003264940353
1.7962607631036793
1.2927189895270452
0.34178094261956826
0.09300829648737251
3.426356529853708
0.44745852483148585
0.3655375500692285
0.4095870842720933
1.1692957007656506
2.8574722284342977
0.09345369552869594
0.6423880119923693
2.012497085733906
0.23286524257533717
0.3738424716045747
0.8922254585325253
0.9000006396391734
1.5789850197120028
0.17787621033398596
1.7921886788693973
2.007187662334499
0.18506951098945937
0.34146325417096585
0.73580863646622
1.1944891026704685
1.4989056449186615
0.48594925270787503
1.1413061227255945
1.7840471080616562
0.8502625338149328
0.3444151374099485
0.5286217270575052
1.9342815814959102
2.0795580879555238
0.07937781513773046
0.12552128418936534
1.2633905953106208
1.3574516431517645
1.8252136039181694
0.4909659263090786
0.5533404396892924
0.24551554362959946
2.0907065948616133
1.4507337921439831
0.25077605803118863
0.756205186663024
2.224989709211699
0.07422540605505619
0.8831646264736792
1.242620260304275
1.1870431390650031
1.7653141364070566
0.3678834812186529
0.11585272593682522
2.3818847889392116
0.4859842210063174
1.4269275948803113
0.4222804465008399
0.9842114497624749
1.3078334654844275
0.3592014348382011
1.4892008157547807
0.5053264333449813
1.5975224703171702
0.2564640036821522
0.6530713504974369
2.1797957532558234
0.3765591803161058
1.522969297182052
0.3976636034681312
0.8912373811325863
1.9464180947545466
1.0121126775195366
0.3312094494065487
0.6038843590097493
2.5439218152390803
0.1873659940454709
0.4485278991767327
0.7657303389187525
1.1570433331095649
1.842121541822452
0.7785033893545117
0.21429734099679532
2.1005352544243445
0.2840946239257009
1.7486991251137511
0.22832540321981987
0.3813287844307181
2.231822065440532
1.69280868957332
0.06652109730534145
1.0043076683161412
1.9793622167277232
0.6762444553434527
0.4678153012015368
1.3041351562997998
0.780646937147081
0.8285853466120024
1.5828430440127832
0.5779500393226474
0.7422723815658202
1.127272456644646
1.6536467795718086
1.0467202796609631
0.5353086188092198
1.1662139627550692
1.4595727798313445
0.08958259253800906
0.9509814681590089
1.5597580308000667
0.7126555276318803
1.3883057713288793
0.8909995143099452
0.6064913383781897
0.5545625425724723
3.171624198056852
0.011564968665117631
0.36148671091541784
0.710302928431621
0.8955932114598776
1.9749662186005361
0.3588261259310457
1.4477066772784448
0.0632656914934551
1.8239343044695795
1.077847586498782
0.5155771347653682
0.3447023840080879
1.655510596328651
0.6785640661593973
1.785890974800676
0.4477581940730908
0.6179494807857645
0.4101258683928782
2.1046308605408703
1.3055375161295897
0.07117772558205371
1.525896187829157
1.0223492769750249
1.2213386699167994
0.9722277515072644
0.3833671306174395
1.516553177074098
1.4927464394281158
0.5520385979178067
0.8866633437385085
0.4477389914622615
2.109476361786229
0.9264941428175032
0.6915297999248727
0.16373785773461508
1.1009490764726562
0.376074123145836
0.9552214587070025
1.8909153993062369
1.0301410538149023
1.1516968581753786
0.4019833190980773
0.11349811640030778
1.621557183872906
1.641487323952867
0.06387327105698648
1.5122988069728291
0.976569895381593
1.7210544544564157
0.01070229845562087
1.0690211268233023
1.9350373524847642
0.1118716805938461
1.1810971693608014
1.0867907246382251
0.5318736425091228
0.763771539293779
1.508308298379331
1.3523474172137258
1.072400347124801
0.6401613926678807
0.23259611379225673
2.6533054046335054
0.6610193910597927
0.21328656776191168
2.1651191431243086
1.2685685887615288
0.10310427663410095
1.0826248189759506
1.2699783682127441
1.4995304895697428
1.1128384041733685
0.27015472588107403
0.8285678587872473
0.9806823589030439
0.6386659933781149
1.131035691360119
1.3198410151125477
1.1777307168194315
0.9439889609759445
0.08287855363006082
2.5482950636538324
0.6546584592574588
0.4882654339326897
1.1528698904620158
1.4626995818042907
0.7780169762375331
0.736967570676744
0.5813970207363391
2.278239322920761
0.49789197718958417
0.6048964299095795
1.763073581012897
1.0907748545679925
0.45770703151988595
0.6565299555686572
0.7532462770304489
1.9801997890316032
1.1288163225704198
0.3478486430759364
1.9600043576752437
0.5238705306088272
0.41112266732629144
0.7093046242679196
2.077159714836614
0.9801310085518655
0.5986259516268135
0.7102690599827793
1.8692074612416532
0.6411606975127029
1.181183186994051
0.3278833994959542
0.011135035295348147
3.9186909187872416
0.4177917398433562
0.1830340456827249
1.573896429779672
1.0929140668223596
0.06157620081846819
2.5820914120944347
0.19981723602940948
1.0560516506119406
1.5450828115110986
0.2989916632355565
1.9601369973900704
0.40334643016886945
0.12556444692318922
2.9538752510816124
0.6985808000171568
0.42744587235222054
0.6885116303051714
0.821619390317905
2.482543716174287
0.3346463380173013
0.7099754772728097
1.0881649379328233
1.2064895098219
0.038006582352557224
2.5775368334451456
0.35224262321211924
0.6614662976329404
1.2639079635352857
1.6707922788808496
0.753217545304172
0.4067905239793856
0.4719226820873709
1.4235340371666876
1.1572582161722258
0.4736828332322273
1.5344264806835566
0.37027743015975145
1.8706756747397975
0.352896033067081
0.8473234066767136
1.0506181849253846
1.6746331886095054
0.417077450526177
0.9544760280051303
2.1843455050325913
0.3641579333443086
0.35173493596211836
1.7516658464648636
1.0102856501031126
1.3408026550051702
0.47038806408655914
0.8715884138574186
1.0670743990438478
1.4545050894099945
1.3393796366386297
0.07937078179037284
0.3773201988825917
0.49825162357306
2.659950586371338
0.6768852690214135
0.5767995570629145
1.6364200334296866
1.1069381792102324
0.6267147883642492
0.8046673159203686
0.23339734054516945
2.0807378390247275
1.31884086457466
0.5888318024439846
0.7630827739971351
0.8479186859913626
1.2189237484188216
1.0901143764446974
1.7259657371946242
0.14896796595722409
0.39981784526947706
0.46884787178911946
1.7784643751022868
1.6327620024489553
0.2935654960867112
1.0016449609234699
0.33967867561805776
2.199234442030043
0.3697257150313427
1.25072100660629
0.8882325246349196
1.0362118441650825
0.6775912780344874
0.4609824890869538
1.3901822457798927
0.10103949924628847
1.8026474192285933
0.23138342760540548
1.81455230085228
0.7764391482073508
0.48107028699841403
2.2932772038139015
0.5242461478966525
0.42137215735500805
1.1924623052402463
0.9747467728996833
0.8867792006239935
1.4352033177315515
0.6837656659160014
1.5623279145785447
0.7740273016274017
0.6132188313333948
1.247989666269805
1.3113682781572225
0.35226072380603257
0.5239309587726286
1.7423350064806487
0.6921759605044537
1.4930532544510118
1.2526751070160624
0.16079880990423526
1.045470336755383
0.9107904053090681
1.3608079241187976
0.44181705387707837
1.1530204850393149
2.587996872963156
0.0635000192502806
0.48057969986196547
1.9715996875902329
0.8322072288156452
0.9052133733827117
1.3682443989775532
0.3468335436148432
0.9071914424910601
2.6435983798438656
0.3750833025948859
0.14825660241160984
2.3710297420157223
1.334864806549817
0.21559949448714075
1.407713402907644
1.9097837281687338
0.2345649135251618
0.5890224285787421
1.800615325131935
0.21408615705510428
1.289256039097431
0.8404914130767452
2.130638508926301
0.0034388652828899837
0.7855647367451453
0.886685903580484
1.7117330075148267
1.055955439796882
0.3315529633399503
0.4485193743831715
0.5845957005560444
0.6831118709171897
2.806630580431525
0.6930784508578738
0.15510195405043792
1.4511614037989076
1.1703134872779555
1.03799409500817
0.6691700279573649
1.413598496923328
1.5892369350252185
0.29409691532505344
0.22986632690735612
2.660824437918576
1.1773644784836284
0.2425323713907418
1.313852888144401
0.7107288188621408
0.9472180761507728
0.846002815547275
1.7073340217924768
0.8091165881963889
0.8689709133102689
1.2954415039114595
0.3579907041311382
0.7970348581368215
1.5458807474741874
0.4992528768900398
1.23383508169759
1.7261557444744038
0.7763264061546105
0.109354448063624
2.9512410429942917
0.25472321807327875
0.35967662624339214
1.303337857905409
1.055807373295612
2.1601069025438826
0.08240394710331765
0.0024696081923602296
1.4994195651086324
1.7465527543811767
1.1723265902419258
0.7013934424256949
0.3055029895979355
1.53413701250338
1.137324696577625
0.7105599822120678
0.8791400037742979
1.886555533506825
1.0465114034586378
0.27452665372495527
0.3452516543641563
0.7619744736072239
3.069665434767105
0.46077513118670255
0.48353885346033054
0.006492179895323883
1.0372022357861288
1.0846952095657894
0.8714666424423905
1.8031429592813892
0.8883722790861308
0.23892207968080426
1.8934305382967118
0.47103498072745675
1.325625715308438
0.4861171549098779
0.8638830110592144
0.977905484751315
1.5470001325207383
0.8442380819573176
1.123461623515634
1.4282220767827516
0.24401040309304337
0.22813173880036963
1.8181196686971783
1.1026527998890203
1.1417927908591516
0.36068689430729906
1.1382332869929657
0.13153166282220247
2.7890874102478627
0.881960243410056
0.1708437043560982
0.6215890322085282
0.5582072287884486
0.5612162279779326
2.405684745891704
0.6784332094937318
0.7844827619604098
1.5637507029135271
0.557431613737312
0.49677290929185486
0.7240242641925213
2.3465972572248024
0.5631171256596421
0.7541402358493202
1.983429163478421
0.1806980014416715
0.81141813202906
2.060386533948928
0.7453846934021715
0.17896915196972077
1.2448779313575022
1.9370197855220805
0.3650596507699068
1.28276896672645
2.159470397731149
0.04407048369418149
0.2752296436337728
3.2251958896064687
0.2828888710249697
0.5771297593994776
2.1858113238823758
0.004403182870660909
1.7754039035541245
1.269522554511893
0.1348390470730206
1.984706487470514
0.30075302024784917
0.4968532954503926
1.667227527528807
0.7138326048941135
1.1957677585431628
1.8174447202948327
0.3583846695333387
0.5316105217956192
0.6893174447863516
2.5439399013044204
0.04863205283780717
1.1118842223297671
1.1744596873422803
0.7157229433836274
1.049549098809729
0.17317543705455404
2.6192476051941345
0.6959716514481964
0.37597951875319774
0.9139199103385457
1.9840062430775551
0.7310403988276376
0.7551937008006842
1.2958577464018466
0.02425515006184726
1.473599524865389
0.7098658541899167
1.4948384355555
0.46930016397425156
1.1964855317676848
1.5697749948632356
1.0663942243206204
0.14548898812154673
1.1878454876092
1.1728418351443295
0.826060972776727
0.9401933933393126
0.5896057599467048
1.8141202696449723
1.1989435642431467
0.8271361335568205
0.8023153509972067
0.39579027888724827
0.40956484162416545
0.33513907252185415
1.1275676606489395
3.2511285275883006
0.08684470068005158
0.19741138999384872
1.0908275921991823
0.5320572101823416
2.261049929617164
0.9848531755385019
0.3997666726171153
1.0245994903631745
0.11770777666916155
1.5967689886007281
2.2789155339503173
0.3289705116075117
0.6239086551562609
1.1233011467741567
1.1124348703613396
1.2616515089239604
0.6843466591575235
0.3947839032560033
1.3745181192610019
1.4278913766376111
0.891611620631388
1.2416782181853374
0.4538326903973787
0.8387717641447312
1.9310452156478792
0.7139184899489738
0.1558263921240056
3.15273532763209
0.39385299847518507
0.2913178000762161
1.385516097561888
0.3724313325430179
0.8251453721171094
2.4201044899607056
0.44313650562685275
0.9979660534732055
0.4505260179288366
1.4364564125447392
1.5394464399126093
0.13832942271329413
0.7720678172159837
1.7609374647509548
1.782213343120091
0.32147288674403063
0.25374621749818843
2.036595795688504
0.12689142416926588
1.8261260735404314
1.4939140571121585
0.1315970122747452
0.5997743348002377
2.3287634412872773
0.04361688784247875
1.6074368528548275
1.0051154364707187
0.747460516613437
1.5308544720389634
0.5901907351988207
0.9759342187052555
0.2897751634755429
0.8194327888783882
0.6635978245973995
1.280537009368212
2.2648640484335822
0.2799437160366771
0.7353030580929518
1.1563387316441982
0.8220982427869264
0.6280286928742218
0.43001521395112285
1.7448966448528862
1.0758949821069577
1.4888419131011714
0.5515657702192164
0.2677370176522024
0.3723181290353888
2.110604245382046
1.1540402498954483
0.5500389772120935
0.9059849596789479
1.6626668957838642
0.7388167918497426
1.1468494343791686
0.47031923626541583
1.1687897823565365
1.960921934178944
0.22544764640264506
0.5054750330968621
2.21251879989776
1.2258187112490773
0.3788563587419875
1.6494740401329842
0.349704557626006
0.15018718051443436
2.5763704953349076
1.2978800389553196
0.42742316634150207
0.8343882761321948
1.3716625762460073
0.9890262665082215
0.6053406747251139
1.3268912506553252
0.8423265791314303
1.1399371693400748
0.6553683335383603
1.1450082075478767
1.9243843068590782
0.629286203817106
0.05867855702157418
3.148018927791521
0.4801607885658001
0.07376363185098614
0.20859862324073397
1.6221989281303577
1.584663640734057
1.1819646836374298
0.458794482343549
0.6869019589225248
2.0175821423556295
0.5595677992106792
0.982568515443861
0.06062432735674289
1.471386259425908
1.9944148471595062
0.29904063327248415
1.172267016642402
0.06435948850559131
2.2851570262853094
0.7120308442627875
0.6201378316456259
0.5934561764829028
0.7833556076148167
1.371689776937573
1.6379266331471074
1.0023593574441607
0.3193922113530825
0.425625734603552
0.7613955641010849
1.7051303068708372
1.7195275329497217
0.4627765569402932
0.6281306792243082
1.01066540633742
0.9482828642327057
0.8868845123968346
1.2902237018552625
0.742299605673054
1.1695816890293014
0.4818535556052804
2.444013811642613
0.3303090661471701
0.23408663797464058
1.5324058075613107
1.4547087940624854
1.294572012336977
0.14186909736247505
0.28666891701927827
2.736520516624461
1.003502152690315
0.6431700094075744
1.0047957775542287
0.389622715074677
0.6838024992942424
1.8030651453307578
0.6677019179703387
0.9906451289762136
2.0366005315344893
0.8003195535904364
0.09583476467970187
0.17172886944649496
1.409669403953188
2.3671641502292124
0.776315883538511
0.29868836959869977
1.0233957290142548
0.3840867198040601
1.1399835018160858
1.9802592505410055
0.8016063621211241
0.5619654062390657
1.0799334410739991
0.9468151269184961
0.6835597937744304
2.105640164430651
0.35197465092468205
1.0272968876580661
0.986595647562152
0.6719754118739579
1.0458201363649877
1.071532811401584
1.086191055304799
1.3210094101475307
0.8707422326051759
0.31326512392208716
1.6076365358745919
0.9136406220712928
1.4364837555461223
0.14553779747662587
1.0393108978466339
0.6022048571631117
2.186556658282367
0.06755419450489537
1.1968457635824559
0.24954989200604016
1.3378403865747726
1.0347625554464879
1.2582943247341367
0.820287963373938
1.2050107640097232
0.6722786258951368
0.22030798311769934
2.2901372030569935
0.7311857227837275
0.7477134613163627
1.506833292919031
1.2104530811837197
0.1850810842520508
1.0735775629604192
1.1173042025173574
1.3127155218661535
1.3510172718799502
0.10013145226803619
1.3331226556305524
0.7833473799230437
1.1300915919984313
1.4908634707540946
0.5361626135377319
0.9014706779687056
1.5107226010141421
0.8240495239855774
0.7817589982929257
1.440982361771522
0.559761379616698
1.4735695968196483
0.4893173182486108
0.9703849794779618
0.9675818320603822
0.7936597910995861
1.03608695080426
1.8688307494051144
0.4379744849425783
1.0671996165845945
1.024021138230252
1.1071494952910206
0.22795835417293592
0.8961232606085927
1.7713295234735693
0.9553046305365938
0.4672223993207738
2.210226257639555
0.7481169730207077
0.31629508624834535
1.245522835154433
0.2670460405947577
1.6772490761787533
0.9942058830450169
1.3842390215479787
0.3390685386418568
0.9884011437748559
0.7529850839642843
0.8419997345955694
1.1528500489891806
2.1789849772425662
0.29756077047257673
0.17278176097564976
1.6981330714096214
1.8178324244388848
0.47019488093184786
0.9179797265656855
1.0919229607686816
1.165273913820337
0.20068451941564103
2.3027493675441
0.695903855545018
0.2887715982934485
2.1003151597234906
0.735493889670943
0.7291405166897468
0.8711605418079746
1.2605889809691082
0.8463275724900657
0.9034845473535166
0.9773204027900485
1.1889474956816093
1.9478666436640448
0.10868463352437732
0.5967482936330376
0.8567852123909236
1.0629679178311895
1.2687729508371797
1.1973806399698206
0.6123688968564885
1.2238922587299899
1.0456564531061983
0.694905494004447
1.6010826786377543
0.5342877193669944
0.9793549841198811
0.6778913350934155
1.7929026582896144
0.22293296871477103
1.3644285064605814
1.077144573800789
1.263556445089793
0.33376498788362563
0.7341415805508656
1.418967645262249
0.882228208941333
1.1289306149263567
0.7260771160076869
1.932846016566745
0.4640109277183039
0.3143760195369008
1.7683682213348069
0.9082657744870908
1.111441106637909
0.7131148342285513
1.933092130716064
0.27149847398199967
0.11132154454392863
1.0084388660040897
1.9370833882162444
0.7294725327749879
1.4633558787058651
0.4198002110254649
0.42833811889676476
1.9341908499382214
0.725197535439353
1.0908376902914985
0.44880907808403403
1.6052082500684226
0.8933426748196976
1.1240356093310853
0.6911413443528823
0.5496330583258209
1.9973512864618324
1.3328510901945188
0.1541283209801055
0.703501357120889
0.44257944791808485
2.518814967790715
1.0845089758917774
0.22713539397159596
1.2899207527560648
0.39942518449498116
1.1825743578464887
0.8124537797039014
1.3992697965845118
1.7027861023859943
0.47050510871498136
0.22309750713979093
0.8455567017141875
1.727816525660877
1.1674685077298772
0.5927546699024859
1.5180046069826179
1.2469547227458684
0.15468787912677323
1.194955222593977
0.6957939630734266
0.8874887773846306
1.9368808882725985
0.9886221024063175
0.3673189839758116
0.5048886597599981
1.315627971876655
2.210589108455575
0.4238361146555804
0.7441397390631369
1.1957173535232406
0.16637962636376932
1.382662927638202
0.29410414824024855
1.7541433385027234
0.9536916667561782
1.067072858081221
1.071329891665994
0.5347894953324005
1.3332174273132023
0.21521867122583394
1.2838249536515287
1.3873017389719657
0.9480085256993306
0.6678063231015623
0.7780936379582848
2.206642241343374
0.5897704936411237
0.6646806178644956
0.8888528163019185
0.6625416296106909
1.5074122347688306
1.3541672080375433
0.6830013700783109
0.4011284191427776
2.1193220350834387
0.6893813160683292
1.0463333277801727
0.8967140382588085
0.16584830262902123
1.481700759293493
1.6907248127520593
0.918973125554873
0.8307269415899246
0.12409907904620926
1.108875441032942
1.6350710427306918
0.765707728930441
1.3571470496495497
0.46023430583916325
1.2482990872304447
0.1595323854448931
1.514841748845698
2.4287816324727554
0.0584546760393386
0.46831219097483034
1.8902854229593047
0.8512383485882647
0.6129085321462827
2.2745369437534886
0.8333249116243414
0.1067626679940423
1.2556065107313752
1.4217727634059318
0.9067793082107204
0.6997868835135551
1.336442846261537
1.337027982351899
0.9432696787909766
0.5289794242055775
0.19490117431004753
1.959979701336583
1.4635465670104666
0.7890466775762838
0.5697742554682088
1.7358619798548436
0.08965347363278782
0.6428638141724987
1.6006190418797401
1.4037784065973615
1.1675348352921218
0.3439927549117446
0.866272755640017
1.0054993670033052
1.0019427425776155
0.7502111668143838
1.4538567560317606
1.6995494934005813
0.3354322318411638
0.3839877256297075
1.856026459555402
1.415670571063661
0.6262038642386901
1.2351460784228538
0.37257796824760925
0.047542679305308255
2.293750861890244
0.9138061444592107
1.1133595239211405
0.534978081564766
1.3697210366902857
0.7503591973050033
0.9274723000073725
0.03870122172904552
2.3705570446565734
0.31229055382393894
1.143300922344809
1.1637767133352999
0.7447849619107574
1.312447281787361
0.9973547183779342
0.32629442173349127
1.7011574689349518
0.28049536698501554
1.239195224716686
1.5215846113460163
0.9633164237099874
0.865804873397157
0.7922672141561885
0.35148353239322816
2.7747324756755187
0.4081867614792821
0.23198327808598146
0.8394440487829105
1.1972032271729283
1.4221494049589705
1.0186552816042436
1.2839274247585262
0.4591120586460818
0.24526241970562232
2.2695761513941726
1.6001404881636132
0.3816127784433697
0.37121917534520943
0.2500369561087369
2.042621205762384
1.5033102225776231
0.6316105759230296
0.7518646624129053
0.7621371529957943
0.522248435311774
2.3823698046086568
1.1750357689032522
0.2055306735887011
0.625347403030846
0.6747037886454758
1.88335265386185
0.7454400393064844
0.8707830270806766
1.2122462630109936
1.4085009530008266
0.6346205652756777
0.6922520737010641
0.7740073927081372
1.4146369560010728
0.9879254949392431
1.062702560819828
0.8986890033965058
1.0976955704228486
0.6548737985379575
1.3729564473732518
1.5521281678058363
0.169692416365874
0.9366846916478114
0.6746608312081283
2.2422812634393505
0.7264341997655699
0.21551394686628095
0.6340110726448255
2.6433651861659526
0.5990108529759747
0.707832878920014
1.810648931809962
0.3586277007265163
0.4529244331265095
1.7871759908803224
0.9398469777236433
0.8256242220329691
0.8008072821055247
1.4577922084773758
1.3390662065126595
0.666758356396682
0.6252871992093602
1.4524629926168124
0.3117510356278866
1.2422092264507563
1.7253578171364816
0.45380439969897574
1.0422948789750408
1.3264939307415433
1.2977426283285844
0.3686584573764867
0.6615804303911924
1.3687442737278648
1.6044061537336582
0.3122292007804491
1.3647500058836814
0.5026965411021808
1.6452477424928456
0.42420283115053936
1.093832940729632
1.8769091723413582
0.07840195068094055
0.6629026159057189
2.102223516705718
0.9728355690882202
1.024350879135584
0.5774840882206752
0.3113044882688539
1.7823760757609528
1.304475688514979
0.798708663195512
0.9561306593067579
1.0415009595235256
0.3488882547889277
1.5331908958895073
1.963841727593503
0.17417792978561156
0.8300962173920726
0.6811914243382621
1.6008501984233667
0.6842035153244166
1.4270440033233962
0.791100764871775
0.6812687626424571
1.0230742010162892
1.2305094378088564
0.6407937340199423
1.0237768205307143
1.8129582295026154
0.6876320435192821
0.6475847605297405
1.1696431110170675
0.46704409696009924
2.5803090868496423
0.1521610657111501
0.1875350548921407
1.9803631242954922
1.2044912986460377
1.2915481646657427
0.45552013129438296
0.7155215838562282
0.5593292958575133
0.9654820908139545
1.1610880812957909
1.0240018317716644
1.4823896541040396
0.7791370788270874
0.738301215107108
1.1109629940258123
1.3871121959610813
0.6812134831240477
0.4347167344720063
1.6390840981404537
1.6510785381834683
0.2056085667742848
1.1873374764066338
0.3924422190133172
1.3438477381576608
1.9339047857534952
0.7028652204492928
0.4645240940444397
0.5773003946723513
2.0594842224322507
0.6536097543896734
0.4909470860918327
1.0995581997291817
1.9681586582175374
0.35871945862133225
1.2744988733694538
0.5405800136139918
1.0110647771660823
1.0441441811763617
1.2845491341450532
1.239794024416701
0.41530251405921487
0.5929635058089269
2.500404312395181
0.31496222500235105
0.8900153124512964
1.5390347275144447
0.7676952693129548
0.7606395859948017
0.2000017725522425
2.317387088776289
0.09572094093541143
1.3924404047182302
0.8896536470102431
1.079502222668265
0.6343531689531431
1.2737479159800253
1.4674859856311055
0.6873911183291871
0.3769341085495538
1.7670311268196441
0.38050558485555763
0.9035545321052105
1.615907621028352
0.8577778956066804
1.2035970905737459
1.0858029015669104
0.09158184714938737
1.8931882367674981
0.853842167837316
1.0467594512292542
0.496743939044995
1.14908861151202
1.0440291034731632
0.41152606866150143
2.021000317769145
0.6604947841037693
1.261973166034236
0.4580160457069599
0.5752463755927469
0.5307337023624173
1.7226373230589302
1.1014335111865092
1.1463012301187765
0.5904925367907189
1.1965627947512942
0.6385423427264416
1.431854539606449
0.45443506910732906
0.4676008090411367
1.9114360584507393
0.7986421921751002
1.3672189200596783
0.9738250959940348
0.16828601338247465
1.4497762558390404
1.3097273253449095
0.9886002631285775
0.48448448335392297
1.2586255709752276
0.8666332724023964
1.7158361777252973
0.3042821369183019
1.081063890848156
0.5432669356283456
0.4124665466103498
3.241083750477028
0.269114644690864
0.49151732409478843
1.0449775759198592
0.5118320617035428
1.0829444963409616
1.6104298755638304
1.3273730277464346
0.331159557401125
0.9581286994217525
1.5275608221415615
0.8189194111750476
0.7177332794805408
1.0868288422617383
0.9424741501088185
1.3303354038902167
0.4401987017215472
2.347105437556409
0.20267312157462503
0.09938406090415941
2.534936980386441
0.42805229425670216
0.7348156009320899
1.4901723329988703
1.014210362127316
0.9447410553696911
1.2733078759088527
0.7854204574973562
0.9371250365967239
1.013176799618788
1.1692722376707358
0.2740983420251097
1.8855982143001744
0.932241292672051
0.404897944491158
1.6863247364826162
1.0237993958727363
0.5996961631262065
1.4309294065213243
1.1091393915941654
0.7285433517801367
0.7100509638064534
0.7635824419028112
2.090585305643864
0.6894642149825844
0.5543552218233188
1.3097190746488994
1.3037616575659872
0.4616350696419764
1.5861616003259378
1.1659195508739877
0.6386168356191897
0.47606590443564145
0.8083879075813291
1.9499196595819286
1.0905946972442215
0.6836108116247254
0.4279766436110624
1.4858496041845193
1.6214531541801844
0.4811654731954194
0.6599558016412364
1.1339298082606477
1.6915908316361938
0.68180121662355
0.42918119817802197
1.9663795848422387
1.289989957492505
0.297599468523468
1.5633978027533197
0.8878840984718805
0.28126111750672494
0.8516891529812645
1.4342559005217062
1.9654783725201501
0.18321564592898243
0.851969620586658
0.7950830504845863
1.312833325626171
1.2422554025335437
0.9928666753638669
0.38794860749177473
1.4541671896813604
0.11202345147127951
1.4857580165199404
1.773448416210309
0.8081603442453071
0.2318158480753587
1.9246362599398872
0.9580682105343374
0.4383523325658247
1.5471125088799793
0.7918913120832934
1.0047207628572905
1.5833595077540121
0.7395027704083291
0.07464278179631412
1.8942017268411833
1.5870936532529234
0.40721589396281593
1.2490457106837027
0.15426726459252385
1.271281869422417
1.3753735980178898
1.1059710140320624
0.99686549882377
1.072603053839006
0.46708965157839855
0.908724049280462
0.9473502147320276
0.7083085799260885
1.1053045183466974
1.219990750992543
1.800850617061675
0.3936370073521192
0.3380629583788908
1.5461180731012396
1.0824385751989078
1.3829413296158424
0.3128107909689042
0.5725569010829873
2.337959317192617
1.0866725493523859
0.572215597780705
0.23925901904501673
1.17208089378404
1.3122755928008303
1.4529593386535589
0.6330431177158666
0.9788706677319889
0.7692038565876792
0.9694428143555486
2.1059768548778957
0.12609670220190675
0.6826240168216001
2.1348697753256
0.21127069965616904
0.8691098738492663
2.172400676784518
0.8584309438515918
0.4644681417880016
1.5611423032043032
0.4648921122409588
0.8884209144368906
2.2574640707210154
0.5195645867561616
0.3903116128531323
2.088950144552115
0.214819041897223
1.1025652286483376
1.3335834432071851
0.7674757692684164
1.1801279300367304
0.9218651932739872
0.8119291349683189
1.7029721159512257
0.1705687663849884
1.7221677898035226
0.49026267506268556
0.5863909140295209
1.099877605076787
1.1696650491887526
1.096884639840634
1.457218513411171
0.41658314306322936
0.9033767238676839
0.9601951199007628
1.0738830131810289
1.331549067019694
0.8064638984332073
1.5337331356829276
0.49877641870924105
0.3800615185013321
0.4268414302566921
1.230023274811923
2.3605226363445118
0.5523847363585738
0.3911867212781214
1.6156175853365615
0.963956954071562
0.49235401169872267
1.7935068710984388
1.1379441847106018
0.5763248774135395
0.46139179658138124
1.5086874040113925
1.5598460523513464
0.9659200238855379
0.23779106069409384
0.9688462863073761
0.7904588433055388
1.8024634084595876
1.0135186961201024
0.7798669650580793
0.3131292544470485
1.5808684572816352
1.0811671996989694
0.5516179476300422
1.8390432548993854
0.48633107730399505
0.8288320628556642
1.1299678579658796
0.9399751617025779
1.650160349753545
0.3754612929305588
1.194023321228792
0.8378827912539945
0.5607224631712007
2.3015787708007487
0.44387176054373356
0.44569083121609765
1.9808324595686575
0.4374042456760442
1.2334070390576846
0.8603096024330931
0.9430284697637934
1.8234310785373564
0.2116475281931367
0.8263593839180613
1.1739633916458914
1.7968545147945878
0.3774991378107519
0.9645716427358253
1.07182943993236
0.34045944870561784
2.391727112640421
0.6146898818446246
0.18068103477359024
2.5772102212191794
0.6603815795495256
0.635879190343273
0.850786215336764
1.8117361292818612
0.5979995247364698
0.4338406376983527
1.608851261589327
1.3296960829425348
0.9884150300524517
0.3354097100117566
1.2638142305220672
1.5661967640860575
0.183132275752601
1.8008432580354046
1.0014477410985148
0.46022506207305497
1.9546701932996478
0.7049814269662654
0.2095865873639842
1.497482567349904
0.8963704795171346
1.2358636812073496
0.736231543714663
1.4772524526799165
0.66946413762703
0.6496337119437102
1.9031604963763915
1.0185026103411483
0.3102105510357902
1.8249828593094382
0.5706618427815804
0.14635463913292698
2.9661210830325144
1.0567771834479835
0.11891613063601869
0.6659359906937772
2.2778426392979645
0.39416255865728783
1.145798215934743
1.5605879102142974
0.7167994554924089
0.5743739838746731
0.904833451318991
1.2389558539378431
1.264221521307083
0.3036317502375207
1.617722192856098
1.3667247863080618
0.37138563590805884
2.020705805643306
0.4486833160952316
0.09020700339500165
1.975836304116571
0.7998443616511489
1.5436685075476908
0.13973473925152533
0.794336610239805
2.8227744791645213
0.04763511359231506
0.6305981364194952
2.4381383045857388
1.1143866419109012
0.3379829901838189
0.6308763644386896
0.9186943003151403
1.8987618735817389
0.8343291807839974
0.4588571595090488
1.7201367727065113
0.27262356181838926
1.4170519756184365
1.3483116856822746
0.622967291314948
0.9336569604461445
0.5492625010964717
1.6428915661334202
0.6674506847152467
1.5553406134105372
0.41631206417533817
1.0379611350051607
0.7257108933736043
0.5669939086892222
2.0780747516634226
0.8331874006347023
0.43525194372061804
1.703259658242394
1.389960005926238
0.43426921521972817
0.9230834805176733
1.6123104813987992
0.39072400214830555
1.1904481510928033
0.804166026663672
0.6380558984179706
1.3740391787081436
2.232261318425044
0.22488671913816802
0.18632707360540018
1.8810260955130311
1.526403798103108
0.7352749879929491
0.4260277614471868
1.7406461557435589
1.5810181983234728
0.3551456900018177
0.2605787864679931
1.8680634073114781
2.035898487786223
0.04811001646598831
0.8111053810785218
1.023900016110498
1.4859069258652784
0.4045471405630078
1.656276972746592
1.4489639433181594
0.4235928280881269
0.31143946252316973
1.1738078762203983
1.6957314234798007
0.3833016614766813
1.3909567168281791
1.367538060365606
0.4478135816116348
0.8188951763770739
2.2400416828861363
0.5845485119622125
0.7798074638851857
1.318333252594078
0.3181661597343719
0.7018940713714317
0.7735249017093289
1.374500654113275
1.1791723133630478
1.015461176067256
0.884846706259442
1.1382761983877647
0.6568762828722078
1.1049838944159152
1.2826745551547534
1.3251679572787491
0.8587575734602535
0.141756697937995
0.7627767272520668
1.2473834667394423
0.6160344987248987
2.0417293773571044
0.9551846624957743
0.2749198039842455
1.4938919528883683
0.7709807232464202
0.8977957504959764
1.750983592370837
0.6283401899259909
0.6804829252321225
1.694198075046871
0.44435246377966986
0.7285958855823916
2.0001495324162213
0.24854263382044028
1.3356760216111578
0.979680313156883
1.154587190807686
1.219438280513564
0.49449042208476873
0.7506755925909837
1.070155743842161
1.8141972492902132
0.27278858459600663
0.6399674078720154
0.79232453845501
1.8687665613993671
1.1192280202139313
0.4752791562308776
1.5532282865516955
1.0641756737580244
0.48049686989489815
0.965260281202579
0.6130860857432262
1.1727266362358892
1.7454309000559658
0.5759426732930344
0.6844479481658677
1.4563087909189836
1.8671462082247414
0.3788324991086024
0.0890602600029712
1.5037630219302618
1.6197823586138351
0.684401525114598
1.102585062678435
0.7314300565376171
1.3025841265401663
0.7676676536252238
1.0182281264176642
1.446386140898319
0.47136595368095324
1.129804562845773
0.6060993337295424
1.6504528443731263
1.3522193826393718
0.502593558684982
0.5648515720183656
0.24018977251727305
2.424344682420282
0.28289840796578963
1.2315232060033587
0.8125119786059097
0.9352879721860757
1.1957267972467
0.6298186897208602
1.9245218161932696
0.890189265343003
0.20562712515034579
0.5968301750069659
1.3958289383131848
2.171380963096773
0.03898705754007658
1.2147686510090558
0.8320646593445544
0.6221716459283562
1.651827378171044
1.1620985341390395
0.31836048785062665
1.4573208373030915
1.2777450479010473
1.0221668728313948
0.41552169533772326
0.881552806592648
1.5816342939295822
1.5222608248999012
0.6635858330317819
0.14244958489801315
0.7132310649404896
2.0942244770347025
0.5981427158231705
1.4439192726256092
0.9449627160494547
0.3128154745998194
1.1840829778283577
1.1179357648305608
0.660421755662477
1.9628671693030117
0.4882416785174883
0.4460304891129896
1.5200206771622138
0.8486112730828371
1.6906815857614717
0.7290887004225531
0.6465736310424055
0.32755372530084215
1.3232775999011304
1.0697158798141913
1.2827503056087384
0.4126284693075444
1.2887210156958016
0.5366266136050747
1.828724300408368
1.1533250429248847
0.3589279342648143
0.8788044193077289
0.4736241783181716
2.4451235885840803
0.5095622804566984
0.10841396766671518
3.0506713190937913
0.05391179921352945
1.0679208621218421
0.47116832112642526
0.7567043587572134
1.1896330986056598
1.8123551296108973
0.9411328286193881
0.3116112332171354
1.5465820189514428
0.46619661936785206
0.21178510922781474
3.015075290144136
0.329907292310292
0.6058471924503188
1.711393766707822
0.6778685769435316
1.0814767773890206
0.928206918903668
1.4092134640216698
0.9099878858058047
0.7861630939104918
0.6273907519419697
0.7635854720360228
0.962068248472457
1.8948032133096095
0.6367859305032484
0.6472476010161459
2.192512162283082
0.27159917889618057
0.77365248000241
0.6061641054569347
1.7827753429222635
0.5128081206096845
1.0340315596229146
1.6326982865553088
0.45864828627267473
0.765557674611571
2.086971775021527
0.9936932130464916
0.21737350215092735
1.214638533616762
1.4422074379143488
1.0704962347577767
0.4696754797475501
1.4023285420976412
0.5354259574940669
1.2635671779587612
0.5810521356606614
1.521772921800731
1.3219719898982245
0.4908576914910165
0.4293313877388993
1.9284305888386721
1.4503357550688798
0.44903214084125864
1.009985336816289
0.9018237156878178
0.9685973608550948
1.048489642871865
0.418671633902696
1.7897396402000816
0.9540462110254903
0.9467654170373623
0.3081805365987112
2.046917184652601
0.6421846767827797
0.9313345876281236
0.025432350416799643
2.0903768365485154
0.6794306138796024
0.21659115019309913
1.8448665710715173
1.9817586082057026
0.4270801553518627
0.5938341312374625
1.1317303039097397
0.5058367268146511
1.1488577418456716
1.4125358368643819
1.0450590973477702
0.9886734995246846
0.19195186928944066
1.659704319304615
1.6331649791968852
0.44729613391406003
0.844384385544611
0.6764221630787379
1.9096558310819307
0.38148550558064986
1.0107413182143015
1.238243065369843
1.6143318690586832
0.16337368210785722
0.6427039582817359
1.5699097395617343
1.894729987059161
0.2369222061969861
0.5336025663461758
1.248708223600189
1.4450454219373357
1.5507040810251043
0.5149811310954294
0.05655012798983928
1.5942602314601906
1.2209756966392769
0.09753969912772578
2.666450099141654
0.43988947412393525
0.5498872407093065
1.5353032122726582
0.8841078417917563
0.7742316265285533
2.144493757335315
0.1978478689922561
0.36724618600005055
2.768464745964819
0.2233636429684452
0.7099854026156541
1.672301780812565
1.228995928067428
1.0711553860725882
0.2565396723346228
0.3940580106666463
2.725163458703862
1.2011622112610527
0.23959690729488423
0.6736243838442387
1.046666628670047
1.676690476820712
1.3066319971374738
0.24553389757176575
0.41932756099729845
1.2887396696161264
2.349944806075928
0.3775039338266574
0.5550813303148329
1.2231846715585422
1.6062116904984736
1.2246579896075667
0.11399829497473381
0.3593888463231649
2.309196983509168
0.4063876781261987
1.117478887853442
1.4009762287888374
1.3928087562175924
0.31280450261388737
0.6980595089588283
1.0754465780393567
0.5338988750711945
0.8860748828789246
1.639235372064281
1.0477900162264502
1.2091846680279918
0.22546682689749303
1.1107800427493824
2.144633927132503
0.04078601043120964
0.9587771742868177
2.5545951549714694
0.24348596007708262
1.1489773495677014
0.958982069623221
0.1295311195959109
0.8353275571042005
2.377645549265068
0.7960110933378841
0.6906959694268789
0.595603492260279
1.1942234181434717
0.8241147810921245
1.325604992707758
1.8879514285054075
0.3804296880479315
0.1295111312103521
1.0345598337237372
1.4313901302754164
0.7168388547984093
1.381587603690009
0.805192401557633
1.145153285438276
1.254644323032919
0.7636917463013244
0.34653291902426686
2.0800593037537984
1.2085731894203156
0.31137358001969256
0.5298181309661
0.9024885120724067
1.9094502189285236
0.8548449972069982
0.8648926379398818
0.8619643015551629
1.4988431596604472
0.9841996777294129
0.05997035756721698
2.052986975443405
0.5966826096700899
0.8031909202022751
0.8491463335183145
1.225809297170459
1.1566480084787125
0.2628671070212112
2.1195658111011233
0.9101363175128759
0.778115038350816
0.4153544932690205
1.216732516452038
1.117632761132562
1.5797906330233122
0.4282881088898002
0.28938832634602063
0.7182092060572122
2.749524849814864
0.6937558812018395
0.6904700526013224
0.26138487491504286
0.7573585095862139
2.787977205907343
0.09170895789894776
0.5574565566750432
1.072721381732093
0.50616818155755
2.5397442256439677
0.6262609438463005
0.5293828200279849
0.5483707354982702
1.2912672319008054
0.6039677017827609
1.7507434534144257
0.3427774089041095
1.460403786881019
0.5034704784138054
0.7120332870809897
1.1032753543699447
1.6607786057411245
0.6770603816841892
0.9063032690741191
0.7746953754951404
1.8470969848530565
0.832720858620677
0.34970238434246936
0.829699013142975
0.9965173176348107
1.9380789355513002
0.8453496142318851
0.4446071970714281
0.42700518570819884
2.0481885055808364
1.9031736686150822
0.1353915015908633
0.32767452202724046
1.3426039663528408
1.693647694748319
0.9616845879696545
0.30660766532345746
1.4665141211915784
0.808005530159476
0.9667065497943061
1.7791635287450398
0.27044053900308745
1.4010675215196635
0.5762411496333627
1.206244606536159
0.3923801406089182
0.7231248906955777
1.2903999316664159
1.8408525953411938
0.5540535267683251
0.5850281702792797
2.0669509914635684
0.23079941462780576
0.8604914295652424
2.736663206766144
0.12230084164834983
0.6765232186309632
1.1493527981967038
0.5464704114955101
1.608251943432358
0.95010594709442
0.8516027071527186
0.7725365256958127
2.075130616729834
0.5801062120640894
0.5146892417987761
0.4176073253276146
2.0283142266330203
1.1350153339859856
0.5183634346470923
0.6277291017188203
1.3200142308109575
1.0282347442203443
1.2351385801012291
0.7012666235006401
1.1877117985835022
0.9220658136568443
1.556355324645882
0.4920670697648152
0.1704572926411226
2.4799895474629756
0.47067452423336203
0.9596462173915595
1.1174380628126421
1.0749250725340833
0.2371221348124249
1.5463587863097474
1.7683524687480563
0.720927271309917
0.39642589770722997
1.7769059255671855
0.643950103132186
0.24348982353526658
2.580660647384812
0.4403643588659689
0.7827775738699948
1.757019004665435
0.21080102111648114
1.7853997059701003
0.6980052592604191
0.17461262270682243
3.000994888332329
0.19979775703944083
0.6294035297832004
0.5444307546628395
0.5889153548465946
1.6437205741084908
1.3472473751986929
1.0214734015154163
0.549194731295749
1.5574284660390034
0.5086461930754805
0.6299900349419375
0.9803251740328768
0.7278515878543597
0.38756992294830045
2.7444983671877705
0.13811339415693155
1.2074797671728996
0.7537844843970807
0.3301741964981476
1.423463800935785
1.1071965526532603
1.5403368562224002
0.4264417017790066
0.7890616525184379
0.28111289168336806
2.3310244993527993
0.07287257947533383
1.246510389585006
1.834718932353306
0.8174769562151315
0.19096456424480096
0.8362630136206082
0.11717180865438923
2.277939322802419
0.893350650267065
0.8391600668393877
0.5952638799932094
1.8911132026484112
0.3161743446904355
0.8721603819879248
1.1788460413925645
2.1228157723538468
0.08165631133462567
0.4007970285073857
1.0659263344252583
1.342091826070664
1.4732472281056175
0.35289383177678907
0.9204509724001003
1.3296903615159263
1.4755572163172732
0.34917149833409106
1.7504672378201138
0.14075854538993318
1.043931357558478
1.230908769564254
0.31632169195267024
1.2153355887944783
0.6055719423176427
1.4964774099536955
0.5247670044132701
2.115955721540439
0.10729942281519354
0.7112427454879066
0.21594030325030494
2.0439891859777517
0.8523854763732097
0.7171453918060683
1.2470423139285802
0.5683389259141358
0.6008847798274856
2.8341298887886124
0.48459062962505156
0.4401174044621988
1.459433254241785
0.0766781051294978
1.2813339298506279
1.36043830194537
1.2751412644396682
0.07418542097721004
1.5845567876499804
1.1798917081791789
1.11400293222643
0.9936957345835091
0.38318894658523345
0.53347401604171
1.617991556929698
1.3049385244195089
0.6738488616415835
1.3635086779705734
1.1482278243387702
0.5323794311466472
0.3536395642287993
2.473733349116297
1.2501947331539272
0.051049346012543975
0.9578903922431264
0.6428801431966994
1.6305042060459318
1.3695778900407767
0.2845858341579265
1.3858787667346408
1.1017265662944067
1.1606002280088399
1.0034103136794512
0.24863300157252347
1.3401847051757318
0.6693087010893478
1.6446502638690819
0.9548516748091537
0.5670049915851226
0.7463632901603499
0.5317595138597292
1.8154051932541146
0.867398003162851
1.3116674393920522
0.5788691848392018
1.1427600431794362
0.13347187325568047
1.9336920784789335
0.4150127735534338
0.36044451129307586
1.4809713006980343
1.7640401670687633
0.27607492258533683
1.8650740883383516
0.2653354930696198
0.8347247648291508
0.5873183602570224
1.297525684400566
1.492362858327478
0.4391196984912664
0.6316734204402173
0.8644019939039075
1.7747933101976179
1.0113767167225656
0.9599308830854862
0.7735841826928649
1.0095253782453109
0.58574973127901
1.63378288978109
0.456020592078441
0.6183083004398017
1.7887520190473158
1.5032496439146217
0.5747713231503753
0.2716462535503539
1.806866106025712
1.0247071238029763
0.7021687079860286
1.2666128378883255
1.2316075904159705
1.0950638329357647
0.29685858312624863
1.0830386741474274
1.171225650336454
0.30982717776444274
2.596641504453496
0.21542755378353548
0.6319923497951732
1.5569095126420793
1.0411709359807408
0.27287378165057447
1.608860848271826
1.4640409151427636
0.661993476973315
0.5209138331737253
1.8528686104982781
1.6246099699364278
0.14051413659554737
0.6466201591790292
2.0083130163325627
0.3989628863054241
0.4237889835338232
2.511712104478806
1.397281629343938
0.021011502190768548
1.2736449274789072
1.7058593012072636
0.25013483115126
1.3112423523685788
0.5775710850050622
1.229210023542103
0.060863156479080256
1.9438396243722194
1.674086503136055
0.2971471350994725
0.8814405752674439
2.4974251737599773
0.12375154213662445
0.5304291412222089
0.8320552689288343
1.5504921840811554
0.5036227906506892
1.316986219017429
0.8553934495047124
1.1021691952727881
1.721377830154606
0.31665768749128936
0.9734655474972359
1.10656046201792
0.6666318452240312
1.273224387052452
0.585302806556309
1.0379022410330558
1.3435012823626822
0.9726079790311368
0.7459114872224669
1.4749588645618326
1.117037602960794
0.6277954961553536
1.2524742366226276
0.10664002610756419
1.466023878952154
0.7239482162889114
0.8790065762834783
1.1891585748516516
1.6511463606875405
1.1045236682046977
0.24025049145923713
0.30247754679383665
1.6467047159420285
1.0335433855870992
0.7699367753579941
1.209941726065335
0.3907024347260615
1.9650854396666906
0.6064201814037713
0.9627165881364603
1.7537353478717708
0.25150291045717404
0.8286844156073102
0.6300803628238751
0.5803941686749395
2.7284965555630323
0.4208129920521569
0.7131851640195062
0.44309842986632797
1.421476981977339
1.2585271573974837
0.8195474491866247
0.9790235562269437
0.5388101705894859
1.939474409466352
0.3007501870471702
1.3023021882830008
0.5850679094445255
0.41789640684575297
3.2980116609894927
0.22678092002330485
0.24328941245391836
2.286677988312039
0.6200935645766097
0.24731776907783073
1.4733722974107577
1.5907737730924232
0.7492782607342515
1.1688439479165313
1.0782172977495135
0.8755658843309788
0.38174667350675245
1.3942173688667034
0.26254786989652423
0.6893774379223172
2.514244126646982
0.6879444691522378
0.9911436805038764
0.301677274082601
0.6788271294928738
2.2492339873486835
0.10350889848669996
0.8808504477337956
1.8292857939637917
0.8711880834740466
1.115975328232649
0.018676267446946605
1.9318330566400648
1.8680043716859902
0.11146517935651735
0.6999814053144736
1.4233606340453693
1.4402482075791319
0.6764662577171769
0.14714685528516547
2.277304104183046
1.317488213514642
0.25651246562763286
1.920973077822453
0.17151907199798228
1.2590774015560617
0.2020248616720767
0.21618877154749352
2.0456443181712443
1.5539153930740104
0.46079227916810656
1.0312143808637226
2.0342840292670017
0.48444875704111384
0.22282568158303934
0.9254857688098702
1.5226553759879513
0.9883272731658549
1.2684706429950505
0.2117208003990613
1.5330940603165917
2.1238568980265438
0.255221215174682
0.3828715256724215
0.6534065378051852
1.1404236019364318
1.6008568574251556
0.9026324965933313
0.7199300173414869
0.7617223864062982
1.821471758633427
1.0332334910946304
0.796739817488258
0.45706386084306133
0.6151649048802177
0.17708140005208722
3.1328916428148506
0.5304733045420144
0.37476930854405405
1.1305548534231076
2.190152268164145
0.25929764783387105
0.851012903905791
0.6851797034046625
1.527316627144277
0.52745857952327
0.9202654350089225
1.4140771382635657
1.6255238547718702
0.6212919455026278
0.44527131575331924
0.4495408852503908
1.367513484556962
0.3644781285843435
1.2177916760206664
1.7425599072315836
0.33824502179432886
1.4675759886626585
1.678516382520409
0.6103605795311906
0.059159048861768725
0.44790340698757053
0.05698612478353665
3.6255144917650535
0.6686948591717141
0.1403045249516644
0.7833137307083934
2.536559948303991
0.34748051032098415
0.8706533496097301
2.249447868416092
0.17321610404887916
0.49178003450372426
1.2678858344680801
0.6001070439814861
2.136506012109772
1.0876386640367721
0.17457748488929423
0.9015830259141214
1.7457793825638162
0.5974908402423791
0.3547242149587921
2.0913035063804526
0.8419177315860724
0.9065814652653301
1.5068966829883117
0.9888650918767637
0.20148389759869725
0.4025054118348628
0.47891630283764625
2.806601495751274
0.7404743424306179
0.5206515462942705
0.5583743174948477
1.9116979581101563
0.6232820772004811
0.9619853593198578
1.4999320299871943
0.3275057278289508
0.8580386082265895
1.2494437860872984
2.356097712693612
0.19814779985509848
0.05242898753913406
1.857594581093021
1.1954904392238457
0.7317292671602943
0.5329718989851876
1.5047500660375983
1.7099480303214543
0.39305337078166325
1.2336086562051953
0.9893739929832847
0.759164599259887
0.37908971956216636
1.0314661992186733
2.0459431960062044
0.7232585488080249
0.4288151984371029
1.8675201318193009
0.8537740592077817
0.9861408732161763
1.0693881844902058
0.2556101382760747
1.2031297009521944
1.140979664472065
1.4204387751948035
1.0877902096805798
0.4376137861351456
0.9831076430506903
1.2750780570230922
0.7603060331118877
0.5255820469923045
1.1481998641937827
0.7252067406094436
2.3377777015786285
0.03715680051781646
0.9516584353517258
0.8332706148992192
0.9597228157485644
0.359675107885074
2.2213981677953845
0.8927481884158226
0.3317352759820767
1.588390072361546
1.2373237561099246
1.135389780661552
0.570418779606756
0.15782546221409077
1.358034361518353
1.0701442981761335
1.8057554850647533
0.4166993991084772
0.6927681575226514
1.6821810501060632
1.0465678486293046
0.4804593960436281
0.15689758184636593
1.6171544403618803
0.14882627540847776
2.454669362805218
0.7459825958057557
0.26867375322060943
1.4755369179105746
0.4573806115468174
1.626226662969815
1.143899897059444
0.34424028804698475
1.2744974151747466
1.7070377520553377
1.2937701588754347
0.01714900928006252
0.1938087247236863
1.7416567927780295
0.8055522221836853
1.8106877024406882
0.6712535840081998
0.5302855197798158
0.6882501210048761
1.905261184192355
1.5340008650573995
0.022615164008373632
0.17482816957664732
1.3296102788058408
2.791801316802923
0.4596096910683276
0.13048274501100524
2.0852160590346442
0.5804195938492246
1.0245512067835754
1.4425190233091543
0.4073252313531098
1.0498712290775778
2.1364895839459943
0.756803710403242
0.3332407515067141
0.47894219537904903
1.5495517853445382
0.48746645010970346
1.9286320559492103
0.8160687693529932
0.4937632471029559
0.8472647001892843
2.4031839957690604
0.5700133607620342
0.07905673931637082
0.9042445063495347
3.3794559170300067
0.3281913349258056
0.06433562271288223
2.7470854588217266
0.7108209290959813
0.4647695607426404
1.7852322105751728
0.5034994474889439
0.8095976000787295
2.6063357653245345
0.2556053750166722
0.4780154168820929
1.3821133202630207
1.1822109670940848
0.16431841372654798
1.983851754742711
0.9002032018932078
0.8712551739181359
0.5556204760583409
1.8639984196640744
1.1440358531375214
0.14507889892323508
0.40158474128892285
3.9356031410462227
0.1484806317626838
0.12018040571677367
3.331361496275703
0.8047794913350468
0.02521143823255757
2.0889943135541875
0.6200002739869921
0.6000626313478741
2.9300108960657254
0.06938593309323021
0.4350719331444122
2.2538390868389917
0.7342379711658109
0.1594605499432404
2.3560247114871435
0.11637462146141568
1.3064385160376004
1.460924522393943
1.1857144193471083
0.16113624764970932
0.11977848497204976
4.320589434809926
0.01263802281851005
0.16733675437477544
3.423695517964301
0.4946726592009894
0.41537779471172254
1.6726723531314074
0.6823976724946156
0.5509126095796466
3.141258609974903
0.07284582421194534
0.1928722430164348
2.590950749241468
0.45343625323337183
0.6161826838509191
1.9020450682682335
1.0291526607535209
0.6272184029583637
1.3031280474847744
1.5924997932764808
0.09898185777101334
0.45498703460490075
3.9661662218879346
0.09755811875826532
0.09302624986609759
3.395247994206534
0.3631705314203738
0.6498203911771601
1.1518090069955624
0.7351720762129579
0.7383740237201644
2.92244962240717
0.002408225344348245
0.3462880367290791
1.9854562181648119
0.17810741695746468
1.4107962888613992
0.6554760434759654
1.5254619490508914
0.9440854827262632
1.1300899332399004
0.2776030052488397
0.5858582527941603
3.6558529488473996
0.06910389151181785
0.04363568757109747
3.4434947711795982
0.46151659160762126
0.6776725501739859
0.647094672375676
0.8181779415328091
1.2391155761485215
1.984760288290561
0.12279297968620186
1.3054251930479288
0.7635374780311628
0.08021365929423359
2.2931666316840884
0.5978190607673157
1.0687519168024506
0.9609009719782162
1.346943142915755
0.3375091502862067
0.7054307391493696
3.3886027200725177
0.050470577192095474
0.06605944492276648
3.356631757251481
0.842916288421237
0.4805693492567714
0.278961777234332
0.9018684438538257
2.072399281548435
1.182115518960786
0.16295724043694337
2.133699059121305
0.3158544699565226
0.22376262775272598
1.8640110375519618
1.5011994531841664
0.6188259796754322
1.3826650029237952
0.2579643979617958
0.8245315022583373
2.9055767170246174
0.05966931871025896
0.35869574782605124
2.8521569852712423
1.4903639203690715
0.03245059785662059
0.07577083982533672
0.9803548336782067
3.2240579266811142
0.4442444543653926
0.12029138103861532
1.8691298766676903
0.4899908794581377
1.277126158069578
0.6988299596540629
1.3065312684692356
0.7536244691029125
1.741607229082412
0.016792186986279573
0.9396340057514639
2.5247644799938067
0.0379783916051452
0.8004672456355287
2.193604983170063
1.397413043741653
0.006853141006321245
0.5712387173798436
0.12462806660424015
3.7024077300349427
0.014007164769287091
0.423551632971605
1.134637108993343
0.46270124075567587
1.981789524913729
0.9800461129639589
0.5568214902814385
1.861345214250981
0.38447892069313716
0.6044148076271019
2.0297692984149354
0.02932711891989597
1.36172687486172
1.3721589505922072
1.4584549848958845
0.03796698130553446
0.5356611179716819
1.020855672465529
2.3551802338755454
0.25142747669879445
1.2621082548436393
0.3685306994259219
0.22031464126544312
2.7203589812323083
0.6837543160954039
0.5534634569679855
1.97240996259683
0.9425971366889629
0.060445002016337436
1.5885943872298853
0.16406271916828075
1.975329110814559
0.39387350937218535
1.5650347426936724
0.1821090601742009
0.3462602503815842
2.1853863073644875
1.3572659006335033
0.5665914968821825
0.6356192483257642
0.5328583484065266
2.7252760681298915
0.22581429625832183
0.6186258517746053
1.8202743620591066
1.0695401519027947
0.6395203920476719
0.8765500287459317
0.3221332724853975
2.371535001316893
0.6384091053776071
1.0101752394959995
0.3749681499118689
0.11004270435245529
3.2518567380817087
0.1549829784022416
0.9928426842997762
0.3990612737364639
0.4609329947894048
3.127546776161566
0.2901877368127314
0.459371175146613
1.4712438918632087
1.2153705839790516
1.4664916581912237
0.1158976690264215
0.4665811029721421
2.4524871274623012
1.6017256133639883
0.13717422389893252
0.3556391968948996
0.2067129901397709
2.8927535962869504
1.519351430896922
0.0036016789437694928
0.3230909966665904
3.3409774220578297
0.9074876951573383
0.05863540203816897
1.2271933892319842
1.2465721722387404
1.5484267370637164
0.7311359325911652
0.02838079193914139
1.9777709289992207
1.6830562379697886
0.5826876630798207
0.5620821929851318
0.12227333298721851
2.343776895212223
1.8298363459973779
0.16631949178359623
0.17606717442403294
2.7659787995374576
1.2613265407656777
0.38104715610072243
0.46312876780211915
1.2657421350740732
1.4959829283545567
1.0636040307513823
0.545686458515184
0.9243786651670395
1.654708705653089
0.5458394426062062
0.7017404527542821
1.7599694130047712
1.6307359934430674
0.024077552153097943
0.7020510710396813
2.025600981203983
1.3985048913145275
0.5443222208058037
0.4606612750711687
0.7803044904457109
1.439394767948901
1.4709837825657868
0.94398503157276
0.2235774140682996
1.3723957031512042
0.7977517094571347
1.050945343352311
1.176091295524699
1.46972521686857
0.1831289906680137
1.0706815637468405
1.3592641646872783
1.5297101584173989
0.2235452281751263
1.2125115894463605
0.23869685665651688
1.3265447074286982
1.67632121648861
0.42484831102919307
1.1122718590607572
0.9077102535090722
1.364791475221325
0.5764368799094837
1.2929078710332997
0.48199861558803814
1.4318827446943698
0.6055571752149843
1.7216145252768402
0.20692684957453553
0.9758294980423787
1.242227195180484
0.47961294949364897
2.0392360085766033
0.026463552529323104
0.9794032636058563
1.2521381277016768
1.739585239890819
0.0044426987914796025
1.1475786650783633
0.8835936349443898
1.7456840472896415
0.12252378111678436
1.6030243364699879
0.6960641597447093
0.32984542591128957
1.6914877557078336
1.744997585801371
0.4543615536499678
0.5337518055563016
1.3533146810914967
1.7525942713440776
0.5495692027249627
0.6045337419400247
1.098402011485128
1.7574161342754964
0.7736291339852746
0.755178121716313
1.0952173902146283
0.09807953394222685
1.6197979221405072
1.7222942096366518
0.8899881369084721
0.02811482455853679
1.4577704195205032
1.765887303380618
1.0455367271032376
0.0031178921507842385
1.3290449206518686
1.4730267596671005
1.1325540081095418
0.7528373005263664
0.5497543700969619
1.3647769591427004
1.3461373698494674
0.8813615175466347
0.5404717582693863
1.2167018473237023
1.308244575639973
0.9816467824185819
0.679416987692263
1.035463901707041
1.2422005443630322
1.0479548860268777
0.7232806755688754
1.0763161660633622
1.1065335437673889
1.0227931204638259
0.830676228741042
1.1757439351692949
0.9333864354362648
0.8324034240209128
0.7628457155148406
1.810194643368666
0.8364697661506065
0.7288099349989283
0.6801682396035604
1.6673255681239734
0.835242339609797
0.7526118473655379
0.7635702096776681
1.8822986290658599
0.636870898521134
0.6117295832320636
0.7086545927603884
2.30277148667715
0.634056381066851
0.5534837870610978
0.6219092816207615
2.32697664252557
0.5505093170357763
0.5022378993836324
0.6029651377588295
2.636113631326314
0.3770747282068599
0.42052249568536987
2.886814786974222
0.4117716477351469
0.394525401150506
0.5467472180403109
3.060333164283786
0.25156543015408583
0.333481954068215
0.5311203681369356
3.1981898022562603
0.2144719064260969
0.3090799107862971
3.5834426200153087
0.1657314732595317
0.25247005013244517
0.426093745109083
3.5147982301374188
0.1681388973539286
0.24113725379994977
3.867829324979739
0.06299486417460617
0.19476073452191575
4.308188481093723
0.10919472570221046
0.06310570720899662
0.3255092197699773
4.247113711092209
0.03171208534002936
0.1433430082092043
4.510571713293122
0.08339071606754202
0.0006331126690836859
4.654355895341175
0.003359752637467595
0.09448712537773332
4.612405781534503
0.04898279747349514
0.055352638442146204
4.349189735492964
0.02308522655422482
0.2378753234875605
4.277915886670308
0.015197102579501279
0.11074087662051754
4.259558106286872
0.04762549697545742
0.24323432824548094
2.2239192677778554
0.1363059142688867
2.332275016040531
0.07109745864626678
0.2507876113725329
3.589682980470849
0.15059331727853506
0.38957071387651887
2.017708971281253
0.2562331625381049
2.179085577654054
0.1639130810686921
0.38716331132567994
1.9468474486323548
0.24172083570091657
1.6721030031771347
0.36348593380324007
1.8179144212975988
0.26317065977230686
0.529561267993094
1.7250508029210794
0.3410333714617694
1.6721043980224881
0.47862326623190765
1.2579450645586026
0.3353624636031864
1.588682676934869
0.4136368625116006
1.5169027801125328
0.593588399004242
1.1392537742468456
0.4270250619717299
1.5639268122551113
0.40533075859149204
1.3675933567180725
1.4422828359516142
0.37831843913442265
1.38097814702714
0.4879645322280815
1.310596291365089
1.3947460959870712
0.36219868248528847
1.0468975850585487
1.6648221559493424
1.06263282111825
0.39197426753294834
1.0120879871018693
1.3652940061238046
0.7923745826084829
1.1326543217179277
1.1611754574670745
0.6244194498869062
0.9329482124706302
