0.8028313487015557
0.8273115234083049
1.0502708652931723
0.9610882760997693
1.2268941771980693
1.2874822725319834
0.025801959107181423
1.1999760574932858
1.6441625967642233
1.2874545427265538
0.03348683703369145
1.6065777556589245
0.11121240621078808
1.5454833697078976
1.7046410483683048
0.03003855382207895
1.6087327460646466
0.16027992818876183
1.5518847702397258
0.3817503814406764
1.4817650594150138
0.030274589779454335
1.7013733589718614
0.16952638175609486
1.5452648660498167
0.3910837376323304
1.9721581693305466
0.009395289155009964
0.6277630091929453
1.8521212668299598
0.18537699830898108
1.6750799343561626
0.40424149011856203
1.939608719646556
0.02535956244520589
0.6500827022705417
2.5589129498578056
0.22607526365310493
0.8878305700496665
1.442305195270189
0.44176894178863196
2.224585983993258
0.07126638688377582
0.6688242374183837
2.44710406123187
0.2617239397764542
0.9057636375002835
1.738151029153651
0.4836987758720851
1.341635610182785
1.4248311767305182
0.14595803143102187
0.8948137499245458
2.30609967060987
0.3091609385954695
0.9288449047110288
1.6483954801568372
0.5316612684364331
1.378778359258757
1.2261334838585927
0.2523444997851695
1.0443974135439809
2.2768081734738796
0.4250863875747559
0.43229340364218855
1.3278263895636417
1.539187711842442
0.5954596341198464
1.4252340833616641
0.9856696663753653
0.3654724971968724
1.1383845027302173
2.233317394412066
0.25387206098726084
0.5282599751674482
1.5068061709535694
1.9156990361887676
0.42479586026795824
0.38328341829284046
2.170631811210637
0.7773077056261797
0.5013957895917793
1.2637941326044828
2.1817089006733217
0.051258899648835635
0.6507600204457747
1.5641783383872154
1.7114588333998533
0.5748171454343431
0.32679969781444734
2.2132851130181557
0.4300896844751094
0.9377440219309265
1.4324063474599646
0.26071214919618513
2.040044408460958
0.23728518314940011
0.6543490495294885
1.5645375771898666
1.5431457075266455
0.748833405361684
0.2519343843327483
2.262113069589394
0.005049450836678535
1.1858637599868227
1.6626331276133481
0.3324123047953913
1.6024536343288298
0.5940338444032488
0.6307922518885093
1.9854314603892282
0.8981925998387589
0.5532917963252115
1.4342124934218448
0.16427014323628897
1.7677652409974849
0.5114501498766816
0.9803717755495525
1.7693220825226736
0.43741579778968964
1.1002212969578762
1.0104631542900608
0.48523069026099147
2.066316133373178
0.9966717733580991
0.1465156275631641
2.067305816312084
0.00585891254630448
1.2005130049162183
1.413361999408868
0.8342409354075228
0.9978198052313352
1.2929857747388778
0.6588825282067211
0.6486293631563292
1.4913765927664886
0.33349542522412073
2.03122570595195
0.8438617178883416
0.30526310754251473
2.3824290024843418
0.19390893043094418
0.4382904755966011
2.164623434409353
0.575024180735817
1.252527480986086
1.1750379587126656
0.6590835692754476
0.14567362473958342
1.9367872058853537
0.14706401361001112
2.319717794775817
0.08694391649925912
0.4471825717312048
1.5404845229197037
2.1282638200866826
0.0998952717941446
0.43251143213919613
2.370617245088236
0.23413869396377018
1.795383644208505
0.8330201387584623
0.08936405133034787
1.194761542289308
1.7425252988414408
0.12918496083550934
2.5698330584856786
0.06176475449036697
0.26998305291376984
2.354835761350296
0.43286052982585965
0.8519417237818138
0.7679700111414112
2.1111575951143866
0.1529086014789292
1.3550524849019134
1.498677999101784
0.2674866129655694
0.4327692379244167
1.571000082404488
1.4085497492397712
0.4288238786291445
1.9139202667539024
0.6830800460201175
0.6324367537444896
0.5472590119584546
1.2858149636393057
0.9210159993933879
0.9390330765955012
1.511000240121169
0.6936623968000241
1.3128003349117083
0.39844637520525017
1.238458152484841
0.07375400009149781
1.6184609779399732
1.1673814983760527
0.8100167721047365
1.3098981688109532
1.5017815294793984
0.3175001511017842
0.18307329816686885
1.3025197291636652
1.6223046413032587
0.4881092642421328
1.2577075908127437
1.0792661305971518
1.199614327094549
0.3505077245891734
1.8284891646506551
0.7582822021590638
0.3499828299122812
1.690394417904647
0.6507930720651145
1.6314365332551422
0.135728954341519
1.0562085748886445
1.8408040537700134
0.5831796460875333
0.8862691716773248
1.394239471996103
0.0876396019509191
1.9465529833483566
0.06843180729204593
1.2779319158933482
0.7431666418246116
2.058034537199239
0.4620759932195115
0.16737241116350393
1.4271600640159683
1.9130747085195445
0.3623581141367822
0.9664469808803056
1.4262670984639951
0.0168737420752378
2.1528822495113653
1.1826142179490136
0.6168554000852458
0.5959304128059382
1.110425492327893
0.8981209733403716
1.203923260620618
0.4363764399119065
1.428937516966142
2.195049021684033
0.2487032352611069
0.44622050055502
1.572903990549018
0.4419797064799361
0.9675089395343183
1.1455962745415633
0.8737577876800402
0.7675046344133634
1.843305488157301
1.5525651151687527
0.10591880893463286
0.4086890932918853
1.1916879069031148
0.6835011098233934
1.12750000513943
1.2958363877288348
0.3836969765891223
1.7327914696739022
1.298287531781207
0.5957406921810009
1.2932189481408527
0.7694245497892999
0.13456126048051364
1.36600132175134
1.729719659010231
0.022900668895720632
1.5965354752043401
1.3338069041590073
0.7274732348879528
1.722713668096612
0.14551902535624722
0.6993013846328384
0.744214411973427
1.544884697673407
0.3219863018540107
1.4955810868964985
1.2566178468929419
0.5013825698185425
1.1747836026052518
1.6999720388936568
0.725144246523456
0.8697265795456868
0.8348861205108571
0.6660741919210363
0.5653101405190478
1.3217260810219746
1.3979463659411626
0.4618372353028202
1.1710595211838852
1.536839032140864
1.045298349910525
0.8955657855980099
0.6725105768469811
0.46772802227694277
1.2374185972742195
0.1134334383789503
1.5138197680451806
0.8147229076733036
0.9412277824528663
1.4264670188744895
1.3973727064556778
0.8672201970623067
0.22534833058347734
1.4454481878353056
0.2787610698637349
0.2543250780156
1.3139493544644198
1.0257660136193172
1.0071350982536191
1.5056418911291682
1.0333864908343497
0.7918668254994041
1.010559789792847
0.4620878651557886
1.2967781648043335
0.6831677153638785
1.1069463361690164
0.23569620550173617
0.946609299090963
1.2506909657925995
1.4474994005650816
0.9247360363514471
1.1560714120900395
0.6563774681519752
0.7113659575181565
1.267174579942001
0.9703683794368294
0.4889512002526097
0.969104259005784
1.5630166214011074
0.6629092385362821
0.9883383758608005
1.7717977917152128
0.8530748988930646
0.5120960114787578
0.9336908325677781
1.2027568044070565
1.0970758339768836
1.050017996174789
0.43127442030291246
1.1125072317441649
0.640422046164092
1.280145716377454
1.9333743813759836
0.5699030638994838
0.5091765704442766
1.2734063802304356
1.524904808268485
0.31899150606891763
1.0296339975480244
1.0514573416248014
1.3239791400471188
0.4914556513788335
0.7825781285498852
1.1490184970927073
1.959718982577413
0.6450016806508494
0.515999490210441
1.2017081620483439
0.9916789621485288
0.9072823994169478
1.2666027287465038
1.1291860694559426
0.2623313967248207
1.2666251122231666
1.2759605494945243
1.3240134008238709
0.7016102140047179
0.8461244742971458
0.6328793689202383
1.2858242707720247
1.177334987311913
0.9248021818184169
1.0346534004469061
0.9746200424748543
1.417261809503901
0.09142995077845097
0.9919441447804092
1.6688704494136408
0.9429361368588397
1.0318826454769472
0.4642907767311691
1.2835050083239732
1.3309274030806928
1.138034905580431
0.6628812198263929
0.7083258278954284
0.9842096835211813
1.6292786723656172
0.6378419235328211
0.6240263458633577
1.5771611761276452
0.6970873944010095
1.1625921474440986
0.9304362463782097
1.1005373914857552
0.8387591901877683
1.0650539472303722
0.9892453641761544
1.0944937978948832
1.8939573780873822
0.08050252776761897
0.11133238531354898
2.6693221651299375
1.0300273371988955
0.592359383091807
0.7238320943275741
1.352035608783142
1.4680524158830555
0.5295084080173004
1.0100887449442062
1.168345436661588
1.3011340008600418
0.7763455309516033
0.27349363809339355
2.3331087186022437
0.15990653912539904
0.7222413459974599
1.200871145529282
0.8564048232808568
1.4370278299096202
1.3430440258977143
0.5699833543654699
0.7706329370580562
1.1684683169289916
1.2074828392474248
1.4699578541465859
0.33834013482975156
0.1344757643179296
2.471950275288568
1.0993927631411289
0.7497043503617278
0.17237391883460032
1.1624592236005875
1.9699178780328492
0.37681527922237246
1.1536255627731355
1.2901334284989896
0.9136698383700415
0.8654482415382638
0.9317622885109522
1.3801122879684287
1.258674650285459
0.15934182983760006
0.8713053313858748
1.7233620131822267
0.5496610850429113
0.7819472868645986
1.6059789280719206
1.3777263159701132
0.4534727964949031
1.1432216469794296
0.9178292219405392
1.1584549184856174
1.3213907134923277
0.28840477247170376
0.7088790764591119
1.6155906198028995
1.3243781699496464
0.3276399379415158
1.519288008897639
0.39078845283084124
1.3895916971990063
1.037130469662974
0.759967946470031
1.73974825747153
0.6233008024565181
0.4661932671406542
1.250423087758931
1.2031203048010135
1.6363048181018578
0.29869840049307755
0.32341132926331057
2.1687121904762994
1.6331444599437503
0.524611578151165
0.020314796212557593
1.3064865070449
1.7805829332782146
0.6462614280186935
1.1326811444035743
1.0565665089973117
0.6815535984469769
1.5302718108894087
0.6221722124166695
0.9077009166488539
1.4144292739350124
1.194234728151991
0.41061675320633517
0.3467636842378847
1.858788397113876
1.3741292467565611
0.4896005934729562
1.6466813252453831
0.2665478665068077
1.2735110958027782
0.8210832601704289
1.0138174450556177
0.9157847787023673
1.0831789126121525
1.2297398011529588
0.26306080450913516
1.2085918318032267
0.7134027339458957
2.1405320503672893
0.2524477312690469
0.7480159999097743
1.3921872708468206
0.5410758031690682
1.5683463175709673
0.5003423605765015
1.3232958664844365
1.1892911407304332
0.9137235042708407
0.47716040869375637
0.7885445211011016
2.912941452515725
0.11279147160557441
0.2849237989107242
0.9519212156683804
1.8124810657809005
1.1971474147095686
0.6451466164309543
1.126938197393444
0.4652986447362474
1.029772548579276
1.4242476320804642
1.088648120401228
0.6721527326939325
1.1885403618609087
1.2324451082866128
1.1716737147736025
0.30493598594575655
0.28084511991563016
1.9267487031172457
2.2255884814789466
0.036341705977766564
0.6249521061462405
1.2842339892814416
1.1471942961394197
1.2486195284219839
0.8863926031587888
1.0401100303550188
0.5195235111251391
1.6535530364870816
0.09428269855541728
1.1594187976471562
0.5905779692045175
2.003174760872199
0.27157184309369115
0.982489856512391
1.549923157245104
0.3009764003105074
1.7961059846409497
1.3673172463855647
0.2179634664274234
0.5961263142272918
1.7385235717225347
0.8849306147976503
1.0306437504407717
1.2787099029776672
1.00545479834821
0.6607534924008139
0.4544608526705964
1.4135768446595907
1.1726910104380779
1.4863813858780721
0.3864529047105814
0.5552949834726678
1.5193575293382542
0.6400127917851612
1.2945999951780298
1.282455429994795
1.104198516267584
0.4616166205470064
1.0951434963090256
1.1597967028517562
0.9149434744922621
0.8651495549441303
0.4996011515956897
1.0918118604086142
1.7898328331504383
1.1535442936142382
0.09378030646283653
1.6539101105160787
1.2506839384918091
0.31465137215639083
1.557960186258175
1.6373228136428841
0.3811152155418878
0.9778527476272072
0.9369735010059715
0.4711427699251935
1.8133715162134452
1.0923805533175466
0.802105277817239
0.3508312440528583
1.9273333300577193
0.6051025579908917
1.2168340589760704
0.6488987695918379
0.7445196686043555
1.578008880238786
0.8641212668178692
0.6989258114967346
1.2797712353954231
1.6478282064979741
0.6540418152501782
0.15535246446801654
2.0265390775145513
0.5482814608015264
0.9721046398341404
1.000537156837892
1.627156255096521
0.6843872112541136
0.4134915480570721
0.9061476270943952
2.497839995400074
0.338473664523482
0.7033755496130119
1.2427541715588604
0.5993731156516108
1.6463119255429401
1.0595781067201981
0.3071852581298976
2.149716377742338
0.19654852987049415
0.9271162027138675
2.4553394026217097
0.30074342501952733
0.055180695014942965
2.3653305680686354
0.8821754389643504
1.1695128370945242
0.7675386812585608
0.0448769467148482
1.7056421751830584
1.0798207391966737
1.3649004135413059
0.4944316789617074
1.218909174143573
1.57196967612676
0.05488322373987796
0.5160586705303314
2.5446980930400445
0.6330892383995863
0.7297415475552036
1.5684908761758811
0.7513592557711283
0.6048664464048188
1.2425667894113663
1.3753349071422558
1.0480833768158706
1.1360084388991043
0.3255116561842568
0.8154928682759917
0.6182850316426143
1.0145621756558942
1.7974520346499585
0.9306842468510373
0.5411409665267225
1.4247121725279073
1.7226707062468019
0.4491859603474216
0.017688731524025465
0.5985148953638254
2.162983694528236
1.0278510513270593
0.9476905460459751
0.5389239076253955
1.0074496516018168
0.5129001220233373
1.9787856438139888
1.1809015265990226
0.6249665921797475
0.8083508823855031
0.07599977384722739
1.519820723691471
1.6304445308409334
0.5069148599268317
0.9286445901814155
1.9601032050908516
0.8073880337800527
0.1602671940930613
1.6631672301750517
0.8125523200651232
1.1340604069975218
0.9288255331527508
1.274738160690382
0.879562491442795
0.2754040356661174
1.6938565901125104
0.8206914210965303
1.294237979898103
0.46515180236311493
0.9344415609012239
1.8868462668462855
1.162988585693078
0.46099354684023996
0.10829859504668828
1.0654858411124004
1.4929130374015205
1.0282828484647615
1.2989870634017247
0.040419731109709145
1.9259438610188964
1.1032969592433999
0.25765283377978004
1.7646165658975148
1.0040926820510343
0.8237022655336137
0.8642575876975925
0.8763637074614716
1.466972052261703
0.5680452477731076
0.9059381791090411
2.004111189100976
0.8334611766235095
0.3953707876122482
0.6390580512913393
1.3558580431886134
1.5359206314545077
0.30300550474205956
1.6947554118476658
0.5332102023783877
0.7413766801104847
0.985369696522264
1.967026055792112
0.5077123552567293
0.6555932987532944
0.8497130848574144
1.489871326787458
1.4362623771431766
1.0194155607141653
0.04872400860925965
0.32701724410160293
1.3777271419145025
1.9625264745547146
0.9235871004938254
0.5612864093091107
0.16214876719867324
1.9309574366585496
1.471042633316848
0.3920736873408805
1.7889639295415816
0.44425056339769603
0.5028768954631422
1.8647573118143161
0.1043672860717004
1.2238453021225064
0.9795858468725467
1.1011199266412264
1.5179789726275412
1.0330120798323703
0.4119999061260865
0.37064137380793855
1.4791769247733213
1.9605848746609211
0.3713193067145799
0.7983709537556727
1.2650332620198481
1.2511742251912483
0.8852556425971666
0.696980203877666
0.6256216748806288
1.61585126532724
0.7198716329713786
1.4165228026638201
0.8527348886598705
0.9095287454029548
1.077585891162172
0.16104903595448103
1.5798421301852805
1.6089969886299766
0.4509842542578583
1.3260693733386237
0.5059800003122019
1.1345065115249628
1.0777346561070398
0.8207836609146674
0.5975378646653613
2.554185247842773
0.45043791865608046
0.503398939925025
0.47272981247588797
1.0050718970408443
0.982650977033408
1.1296068630137674
1.0820607462986407
1.0853434862879707
1.2370166575578723
0.7384986634058762
0.4681424524234671
2.287491229924332
0.8084279247968011
0.16561165668979308
1.8718170396488052
0.781735081884148
0.5285806099912066
2.245767996423981
0.6420664916707053
0.6880727467616324
0.7979241815176068
0.8312319723157989
1.3529542442167624
1.10437966653917
1.2726681903386767
0.5460985174718105
1.045555571280482
0.8298792118904483
0.6835082077541799
1.3829685235540334
1.574161080894109
0.7202073101243374
0.19589089596615508
1.1251213234354227
1.0886564472498288
1.922030525298271
0.4503617308082036
0.9593251458282739
0.40778297448073514
1.3381261143294
0.5297953585902223
0.6248061794215891
0.9137934411356352
2.061518494369798
0.6223165457884312
1.0863994544185762
0.8423453437528527
0.5064708365985068
0.5290966297925791
2.486972474689282
0.22611185830913294
1.0998174083910135
1.7158470383420201
0.49982706275975297
0.7422478557809478
0.6879110477268339
1.0208326228442417
1.142122899968012
1.3922582595083857
0.8762320681410952
0.9958860893447287
1.1851184591904405
0.860570610528166
0.28755721300153525
1.0493086220156873
0.2305026266125607
2.8451367307743896
0.2884227206724696
0.5118555427216426
0.7399285529824967
0.673828724654339
2.228467244128323
0.7352763576433771
0.6335527960879532
1.7884004532673032
0.37939205507184903
0.9863467031450065
0.5930820921772634
1.777578093397134
0.3576993076863898
0.5282140300312809
2.3490946773378223
0.9343452251809917
0.7240771910335788
0.3022256457587722
1.7207437425419587
1.0583663665334155
1.0891707036384775
0.06914642836617339
1.5093011000283478
2.11177558591102
0.5237443209745795
0.41392237256956943
0.41395110392994683
0.6985301444506569
1.6829254200794557
0.9150867297036084
1.108817345482308
0.8597325102174815
1.4412810840809869
1.1919498049111057
0.26603216873877045
0.3059146246921225
0.82801402331063
2.7209537118552864
0.5000275991913977
0.5846032008312176
1.1758644197986616
0.3671627033550457
1.6743477928524215
0.7539288256832999
1.2854001043770087
0.7520897202352188
1.2810087584268137
0.6152020484214676
1.0573631786658015
0.8991538149408941
0.5375041026245693
0.5071692797324039
2.2399229528269764
0.4440474875373356
1.2211367248946097
1.2968032246848977
0.41445660201009454
1.1504273737547515
1.2042006012119217
0.6713708538401166
1.4332178680679775
1.5711345927337022
0.5429732527482659
0.054931152275373
0.7660186580037244
1.0264955960478905
1.4300225746966193
1.7655767382639052
0.1942988895523732
0.8630211395767804
1.2781310809781954
1.5483985525398927
0.672320361052698
0.25232886211504785
1.7189072201860653
0.07144878123102716
1.071475339940722
2.3679528657672972
0.6617001253637428
0.5185495534583323
0.6760566035908564
2.1485748602451324
0.5475304062502193
0.7354748740251139
1.6223662637705571
0.6671595650568024
1.3100760400710716
0.40075661797437223
0.7414615688588365
2.4962115985336535
0.48633053711084706
0.5764679461957496
0.6443953906312925
1.7879832323887639
0.7852140284876585
0.741609911370928
0.8894501909222884
2.0476210391039977
0.11907287839967867
1.1630362990471186
1.1672575095278115
1.393050102897558
0.8413405290017849
0.11420080788921057
0.37587266424518667
1.2077134585290112
1.3427581606118513
1.0881809896227774
0.6340892834660435
1.982989336045658
0.18169605763615715
1.189251632878223
0.46611562078223806
0.9818706148987809
0.41982176597917636
2.060481878696998
0.2832621449574887
1.2207473531668398
0.6258488718384869
1.4456986642298295
1.3684089250358744
0.35544904742729483
0.8472724022640288
0.9946361477775566
1.662685200082257
0.9358995312470193
0.44508227275036427
0.6569111987038464
2.377680908040222
1.1468286312648248
0.2612720210986767
0.43431374396549255
1.1266559035223018
0.8813293506384137
1.9553468110345653
0.42444108587560125
0.6940874944995552
1.5632881439161568
0.26418802705409467
2.014423987294252
1.0809392469327197
0.603681197933818
0.3095067739842045
0.3552517038541846
0.7258270164741611
2.107795623050996
0.8347110394507091
0.8441794019065066
1.4518767283773448
1.325227949885819
0.05770001967386476
0.32622237491519235
0.48951109026475864
1.2775014802375115
1.9542014346044487
0.60074637616122
0.8396060496625872
0.32603562260042435
2.4328076669181256
0.48770764927624377
0.8102346707660222
0.39260849273514004
0.8096830055223196
2.783757784060011
0.47201042049062525
0.1711617752013787
1.6621071868157387
0.8360541414631291
1.2709077358381953
0.8318992092069306
1.474021433162422
0.26482222546623346
0.5973360892890562
2.033955281703121
1.1085807028806576
0.11835026236502927
2.484213167081559
0.5835559539270726
0.472617246010689
0.8494945437452435
2.179617686247801
0.6011022888779837
0.5479348325555925
0.5723838251968146
0.6423805588459216
1.6369935058560399
1.867558281969895
0.43388378121549165
0.5780066236779479
1.2224529058503066
0.9294844767723073
0.8997747122415224
1.9985693497800725
0.21684790984220495
0.27467656985291394
2.4860878132789206
0.9374856235115541
0.8405437253388975
0.689588431833765
0.8837818859537834
2.064914992829218
0.13974896541162476
0.4548815938478343
2.8469879010211203
0.8257245353602599
0.44981962788592394
1.0331913910574648
1.2602302365596922
0.694080886891709
0.5382619243792844
2.388456908399353
0.45503657704641187
0.3100611189918648
2.0741074707066716
0.9692242219561014
1.3533412256188406
0.32318140447811156
0.19023206554347244
2.1865259031722766
1.583881718320438
0.2510672717547468
1.12462094129478
1.0612377432537512
0.5983374299172611
0.23052547072941906
2.1150252561521565
1.5929762856455871
0.07725222143683785
1.595063484040784
1.317567857097417
0.7130390018579695
0.8957167769664535
1.2369694426545281
0.6563827708588895
0.17987239382642556
1.9162372809084092
0.6104012437750066
1.0389947797648722
1.5217125721647278
0.2694212375892889
1.824982503501628
0.44143723848099903
0.8698048397448516
0.9399118936397675
1.2024331305590825
1.1503493670393716
1.2467078817234516
0.8336411964538896
0.45178984602763944
1.293909375533096
1.0350800750422728
0.6905566591919587
1.5664864982359463
0.18042002541702837
1.244695794077782
1.0557040743092918
1.3212113338609692
0.7932976219197945
0.8335565329336854
1.0127378239059295
1.6010593121332564
0.8567477553710816
0.3571168617146952
0.9990211006010188
1.3853954652502776
1.1386772174234367
1.017901227189098
0.49478942019381317
1.8233464856665655
0.16213551944645122
1.2680195612114893
1.1698824311885214
0.8937941724553585
0.8453506858539868
1.3879593342565157
0.4345049853084721
1.019192322842573
0.6551644607541881
1.0850106434379525
1.8444433356861887
0.6391653810270326
0.8181309324204985
1.974705570699291
0.4975337550902442
0.3318194023420327
0.35274436236303974
0.680403503008926
2.674993273345771
0.6554989272716492
0.3197083431302388
1.0266791037724496
2.1816971938777683
0.403301453288363
0.8202429471924787
1.4886856326426416
0.644061479665186
0.8581323664917496
1.5885763219388387
0.884440014979758
1.4341270651301457
0.3772151540031152
0.5326745713521278
0.9594228160890779
0.704980542053402
1.88629736745895
0.4004414482936051
1.0256262936308287
0.31091448875756084
1.6056846433945333
0.5970303121864826
1.427072149633704
1.419442299359002
0.6709773893637906
0.2978261713881999
2.1432993485800793
0.2400012236135307
0.6012807744305243
2.437137879599609
1.339358226934966
0.13498551864316566
0.4017765480425672
1.4745351101483655
1.9292535770323254
0.13282015009001832
1.1519609898125076
0.9944017944911164
1.4832984907520823
0.5438181966589896
0.6942173808354443
1.17716243646157
0.892391733867961
2.0833835547045023
0.5185024054773828
0.08519536019595021
1.7540845288263178
2.5980487858694263
0.044408608155555696
0.3475552587142727
2.814489815620688
0.19428661490207527
0.9942501495670876
1.297101762712093
0.8793651828439922
0.6714627981835016
1.3351353059013285
0.5214197478519973
1.2020018234753957
0.2697434142249693
2.396144740874553
0.9415563371262987
0.2384115074628191
1.4716788998968509
1.0877998867914564
0.9178697519152369
1.0316137736086017
0.6717103652273101
0.4683329157450706
0.9957712862339745
1.7430959132629986
0.5831088795191987
0.841569830643077
0.8252430703724537
1.8962134344691437
0.5909847681939068
0.48941568712647837
2.3356396672013537
1.3201754080761647
0.11219318432711306
0.2079229675777017
1.5631799107228803
0.9224472716751843
2.1036412572879786
0.27403176759210274
0.2602251259909557
1.4789304801205907
1.0822139064824656
0.6675517258831813
1.638343513517708
0.9687347432740878
0.46168976103903225
2.042233526861424
0.10814874650664254
0.8756265062194376
2.03366539004544
0.9793243045380646
0.5426120725504717
1.4389230219606852
1.020378647312652
0.04796690204825371
0.7290183602956896
1.702699368080693
1.5875283286060466
0.5456944614047183
0.7137049148936387
1.6537147794704372
0.6476618671618386
0.9809990859217229
0.4331550898447631
1.895608342840683
0.46504830335133646
0.8019306400534835
1.3921058804278414
1.2814828443720596
0.9195050732196148
1.2258271426895866
0.5234704560474378
0.23903168335187064
0.3119626679073688
2.07926431664224
1.104753517006737
1.3343490400114304
0.04617260039473733
0.9498608367872639
2.100011744975141
0.4910104611905979
0.9461467620192503
0.7693557848882453
1.0178016225552329
0.7397590244097946
1.7239959495087565
1.5526262574592082
0.11351766642285455
0.544052679457973
0.9855826621002026
1.213179166253801
0.5646550498023462
2.5226816057069357
0.14879877094838823
0.56910251997845
0.46024404747241454
1.0544168256137991
1.0361201526659574
1.6590573349427995
0.9705348043076001
0.613073581930082
0.9559331357472995
0.7869198287999926
1.2475377762451176
0.9144616223882158
0.4378320886899478
2.1705746554980774
0.8391064719704118
0.1890698798707499
1.4211741086177598
2.486452069608225
0.39875642031393754
0.3726680804809304
0.30595386744283276
2.3042686981480283
1.138423014412589
0.3574089991185568
1.474325384161464
0.18573958110152897
1.6069952842895094
0.770193849911911
0.43233003422547606
1.5707252305732546
2.222507289012875
0.19279987348708247
0.2679142837987439
2.5663597179917796
0.4575925467981505
1.0579571647333121
1.7021493307638935
0.45364158208605415
0.3275620787139079
1.7535630511984381
1.1446592030770042
0.8778981917277661
0.6021774651834403
1.9285468050214747
0.4657866607770359
0.800773289094797
1.1757839224150295
0.3307132681000726
0.8248562394929149
2.5009120419526982
0.1872822470438988
1.160005629958956
0.9173757472766737
1.0948038917575218
0.42347026583662123
2.0651136375077304
0.5651552326532131
0.27417995690940733
1.9878475646781222
1.1108630424494736
0.7216107359756947
0.9087138332266237
1.5004117971336786
0.8091015758058309
0.6967694578642923
0.4860364892128717
0.6885635415693159
1.1337926335316857
1.2335641970903424
2.1065633509354456
0.21758756854462966
0.2276008780352991
1.4321431219328737
1.272741876911611
1.3247468079632883
0.5750820686442784
0.37066038435916354
2.492952290246794
0.3669538368568124
0.9098110950677044
0.35824239678720254
1.2183795283324248
0.669512771064194
1.4520350048102344
0.7499665925953776
1.6194793257337619
0.5873414146377921
0.7952549664903729
0.09481469026915391
1.4577283160783114
1.5804949969091082
0.9796304567373314
0.5043805186083952
2.0529102635875915
0.3128635422236349
0.5061245021396377
1.1229121180756871
1.599669631910132
0.34530056834750544
1.1828874645733178
1.7470210704211373
0.7823668974962712
0.5326536724670046
0.7501815812952548
2.1751680522834915
0.45978271476000904
0.43301623128704897
2.141474258765398
1.3262769315256109
0.44451286377308485
0.6931304954455829
1.9433932156199756
0.7834149612770865
0.3313435811154228
0.7078474595792935
2.9291525384998587
0.25550633537838496
0.5594523673076385
0.45366177556191795
1.7040512201214397
0.6735351258538447
1.2387887453022761
0.8308141481211314
0.8453215755304649
0.7024607487387179
2.0309982106667506
0.15688107379699517
1.4749694570235048
0.5367154474933866
0.7166019712835979
2.2173967421515015
0.8367445292011029
0.19824124806254878
1.4363291114218968
0.6184025106324498
1.7601951426020053
0.4113269726120197
1.1516338272880124
1.3199915638921473
0.6447835727771686
0.5766317105373121
1.1498341993759174
1.1783476418884617
0.5647445237872571
1.1434396763173038
1.5854549210468025
1.0930933005994445
0.5193745209684739
1.3712167454114703
1.261653443029589
0.028209153404070025
1.430941505050495
1.1173872785182077
0.6275531561579109
0.8746987382339506
2.0323882241871605
0.6792780453645253
0.040891252871224734
2.138108391042549
1.1711378862114292
0.7096471500983675
1.5876945570572116
0.4810374946935033
0.3874268782234118
0.9340987569647059
1.7117497464591702
0.34281861311178624
1.4753969357420664
1.059671004603455
1.1898798787518012
0.7453008652467734
0.5789113376849188
1.1323387271539835
1.276667338953786
1.0894339709231042
0.34718472812227413
1.4244136684276345
1.2728559215964454
0.5834768327414723
1.493158883133715
1.2679385495667588
0.18370469405959036
1.39396973036769
0.5639718222148021
0.6602481455878141
1.810210868344685
1.8129115312390955
0.3120527311107415
0.34649828216114714
2.20999296962987
0.8642220684604717
0.16294817047911261
1.6066652951424445
0.7377883591034909
0.5388487130280087
1.051706678085598
0.7520434766981067
1.7953788390661476
0.8737016705053874
0.7486577536721399
0.5734590794899819
1.589337699400519
1.28965929420449
0.5954175820095751
1.2399464103065294
1.0835731875922103
0.8150301649526867
0.5425568915967086
0.5504190144054656
2.1816392998684018
0.5621432173162159
1.2463865815494672
0.3691477921735955
1.4858064309900127
0.6692700890904248
0.49116634592124064
1.8125162009423077
0.8562592303499706
0.760445962130187
1.790488985695381
0.6956271591671684
0.12601266277218603
2.413155076920735
0.5719850053191582
0.6403903320037442
0.4103146526593142
2.8858654908538437
0.25524443998320656
0.7927916738949196
1.292649178635841
0.24214437792731971
0.5392883775230366
2.400717600969684
1.1349409957544543
0.5924468600357655
0.5231907564336387
0.22632928462996427
1.6366880827339456
1.173484201686407
0.17270595327545785
2.256308679069407
0.6017576896348755
0.9924769685369452
0.4180160793737321
1.6669866115569842
0.5143481191044118
1.1670150612866972
0.4338767449471572
1.5745221312294604
1.343477811604299
0.26231964127151053
1.131861569266889
1.218817509812605
0.9813731123163547
0.623142589110187
1.944158006136434
0.4850784687729905
1.2207325494212808
0.46392660145637105
0.6532257346517215
0.5279519253471813
1.0913799001252307
1.509410856219094
0.8361541408917423
0.893931575293771
1.9830723587730268
0.4767306225671354
0.47850919708182554
0.8846419044181327
2.303865016388738
0.21003308677841584
0.6210272069557218
1.021884567721319
1.5773482984530935
0.8240345280997324
0.16999141698963616
2.712378953716626
1.1220074278378798
0.15108020032621552
0.3860795145608582
1.3009219463020043
1.1169842192119621
1.529138947541635
1.1718016378639342
0.43898821156688955
0.46384483280174754
0.8409036077271467
0.6785879862973659
2.445146959524735
0.5262429172133547
0.5307427183142277
1.3240867264121559
1.6010902275618915
0.5715034912205711
0.3863933475522176
1.2757294614244343
2.0012070714137655
0.8043966349903335
0.21129063991643893
1.190733385120174
2.089423214706522
0.1739486767282079
1.0585707620842693
1.1087207210629328
0.8617853100442324
1.2992109948751074
1.6225638995223242
0.20623679021880043
0.9646724875257823
1.5315513906760572
1.1885891864263916
0.2985986569687561
0.86911446045624
0.926069731954029
1.2050515596842941
0.9591065349763249
0.5745170838629339
1.387176826212336
0.8708815678811168
1.8975399242559843
0.23663195930509712
0.7469465180077773
0.9702928708845971
0.6438869812067762
1.6780771547794735
0.5451708175174894
0.7111940609100157
1.5215665311512825
0.9396175494415006
1.2534974934083079
0.7634700151394693
1.2490037463100143
0.9551702986677475
0.39997054185459835
0.6526883316368378
1.312905092312929
2.1793390248972213
0.3518041247416166
0.360685969268713
0.9565493302373872
0.9031345601056288
1.9003075078188176
0.9185182790480977
0.36873051115153116
1.4894297094107198
0.7532676874765393
1.7295736006161575
0.45072441059747254
0.3312254955193909
0.8002606214357451
2.024685258001265
0.9280421446934145
0.7558763697455112
1.3189232888488993
0.9397934665615149
0.4791638626841679
0.5225646809758095
1.0831927180264294
1.7355217495696647
1.0803064550467232
0.6453314562105528
0.7518970962371613
0.9939965728610869
1.6278152069388658
1.0045954431580517
0.8027352409805752
0.29326873612083815
1.3841631766338676
0.19126411767775323
1.3093972988848444
2.302200336004115
0.5911495094941365
0.32077985794636227
1.4068611499600474
1.2155013811075925
0.6470736625289125
1.4627602770069896
0.576804019835296
1.1776538683658941
0.5810328989949525
1.152939015189515
0.8114174132565201
1.1367048400784863
1.075974454801181
0.8479610484846657
1.6936237943832984
0.8031958751795633
0.4614424321999155
1.6702314151531403
0.3549895253886116
0.6516322259037575
0.5053573444415663
2.372679109714406
0.3529003867300899
1.2128262537556038
1.348268883372047
0.46623054392918006
0.6547410230715559
0.07128267969141572
2.9289471698887195
0.7027864909818907
0.42588174672851126
0.9268333640206935
1.2213147067867625
1.020858510241636
0.8365005078067091
2.0242794557283306
0.26752630112205733
0.7828291876143622
0.5549343531853542
0.9693789277905184
1.4697719320191005
1.4825872288218322
0.2956602999564102
1.1140562459665213
1.3348837539930407
0.7502239534979032
0.9177522008072153
1.324053025617036
0.8481097436064733
0.7508460887119729
1.1008431127728078
1.0563631430503289
0.9436279541177421
1.5418129998877999
0.651586053300837
0.4454286366679488
1.7369354352231534
1.5051958776150225
0.45293910348107036
1.2356600701788416
0.16697647780729208
0.7610551328486367
1.9439824881120662
1.2370155312718503
0.5516182613879593
1.0633643600062705
0.6818409561894827
1.2509966197991484
0.681880558311281
1.4974247578703246
0.4205773193468965
1.2140926751883077
2.0074932411794637
0.29090812405804767
0.2277856333304953
2.7871450545784264
0.5968505359584115
0.6149439956005923
1.7149302585502963
0.9367354615775627
0.35985438965179617
1.5598112685141614
1.1618847465263462
0.4126138017885336
1.718811416651183
0.8703211154574343
0.8107307622751423
1.316719722994787
0.594736179150309
1.483393927813674
0.9242875658724229
0.4317504165587577
0.5582747306487914
0.5764663088643406
2.8669185748689365
0.772513983743824
0.3327798603119739
0.6639418159094443
0.3620636215920731
1.2940083636288287
1.6363144345335159
0.5722153300888824
1.2614807523205789
0.4263687898686656
2.327632720887717
0.049071172201664764
0.3241220625670711
1.9659468973023186
1.2147359805617168
0.7738119863839421
1.1323605799933736
0.275560741175958
1.0438281694222609
2.3962622186535234
0.47964831243841416
0.6502599589922994
1.241671948331946
0.09858090859773083
2.0740923518051484
0.6523497994521263
0.9781129681646858
0.7987416556458016
1.2802106229745476
1.41535909964561
0.12964919113198833
1.2900506179487092
2.1884794147360203
0.4988444208701414
0.20954364977430065
2.2997585820809134
1.0666207211303913
0.15536161076106797
2.039066239520818
0.3919670461349374
1.0291762293195874
0.5182435697210206
1.488290239709843
1.4930462792054908
0.8803685840170767
0.2030926376433651
0.8781546995996624
2.00530212069524
0.6642747150621321
1.1052964655687054
0.9284290935864178
0.876618704782835
1.011151118469299
0.38998366990692646
1.426227545242185
1.8826775610564197
0.6603674675368045
0.7541441108307582
0.7252493614400949
0.1698339513411562
1.3009787166342635
1.5226091318919979
0.5580565163566461
0.9116808501482557
2.02411589486597
0.5150501217382925
0.9454305322371997
0.9932536240591779
1.2181434668450797
0.17666373400463606
1.1725383331353076
1.6777797194688588
0.8817371733982035
0.8461427301023291
1.1834423014494315
0.5381553610503359
1.4010526801377152
0.10528347129660394
2.052841797736353
0.7608750789380916
0.6876246948206577
0.9652328728342182
1.7054608306718173
0.4612768706243099
0.6351570592046863
0.7766552413065156
1.064409460343408
2.0226656618360828
0.6140346452750138
0.6239928720876127
1.5174807791932015
0.40772010303584627
1.8613643838283083
0.766401384930536
0.023161639802514202
1.0702203864872506
1.751321980543371
0.9262182619478556
1.296112556814907
0.06630313202538776
1.7875714724580192
0.18569896908102318
1.4361745517214974
0.9855138617811774
0.20330233147698415
1.562065868014991
1.3087110162177396
0.40839331443589827
1.4395373883104268
1.1668528120014336
1.2600723292803695
0.22559473385671616
1.2830923320479717
1.1651598918535233
0.4781858413880859
1.39212329361071
1.1580707025698962
0.7315801555691912
1.743067109226667
0.6899130215094812
0.48550561044543233
0.14807187767195007
2.647543321539407
1.025170043120686
0.5720403526046847
0.2123238366419024
1.262928629359902
1.1686805349362834
1.3407946860879791
0.4976356918463008
1.0763437554466986
1.6992699740021306
0.8083949116102497
0.7878821130723449
0.8067894617565347
0.8969322086319734
0.6231565446560559
1.3869546214358124
0.7076999286369878
1.7803957380163986
0.45053690331847357
1.0089486109705132
1.8538844088754598
0.10665240311940795
0.6030874207307827
1.2420446269396188
1.6199216042817541
0.5308434522603933
1.3201789638249706
0.9305668407374506
0.14494682904715356
2.24062033543051
1.3721675025836668
0.16293977260724546
1.5713789090555819
0.05500236318447354
1.2121474759868267
1.6207227121719257
0.7857499272423164
1.1225046565389203
0.678389652103871
1.229274809474536
1.1765933339899284
0.9591264559413488
0.3525671219553948
1.051193953773439
0.36081098892953195
2.3071672831828063
1.0965248701704664
0.1630548902386578
1.3794195560706717
0.5091518022542787
1.126211006131893
2.0307183054545774
0.4934415031224441
0.7779786850334652
0.7608728160501486
1.211612061838806
0.5069596816684089
1.763808744611037
0.8807776992367459
0.6364587605626453
1.0136701145067408
1.1308967264722902
1.5254398879612618
0.6820153931716021
0.5850772185437189
1.4816619570806666
0.6232080325995019
1.2938668598372456
1.114856920044652
0.8157784090482925
0.720371692164536
1.838799369690518
0.7100310330721432
0.06885181362059449
2.35728236759324
0.4123358243212631
1.3125866990946295
0.9301912249482499
0.4671886796711625
1.0322998992097447
1.6191724871450592
1.0417122139245163
0.6459842085645896
0.6049267356761094
1.913655933311351
1.1673351417478675
0.11665576010311926
2.0599885903993913
0.0416451606661473
0.6974753310168378
2.445912109163537
0.8130296967058621
0.6968233060893568
1.2557135999820088
0.48770535403422605
0.6338819407715851
0.6701974998365622
2.772161057078499
0.15421964971314342
0.7681079495262967
1.2089777322326565
0.37585386560623835
1.9864150452662435
1.0626220339870425
0.5522754712788657
0.8988451763553705
0.4136189207203902
1.77204462294975
1.2839374046424192
0.6797049927703197
0.9881618732508716
0.797979879206266
1.5726015081178473
0.82658895240775
0.15361757455440875
1.5813318887741812
1.694460473997515
0.27072412272521146
1.6279896121908408
0.6519383117854243
1.1330861751272552
0.9522803862702095
0.67342864055344
0.4084152135745524
0.8410375618917315
1.8962507923471148
1.2567919273065369
0.6814332334838772
0.5520449159334795
0.9546490467233959
1.8188451676023356
0.6000414688901478
0.7880759946861163
1.2988605147601942
1.0435268172588834
0.9244014258153941
0.15265166385433268
2.1784036444395336
0.5305454338919195
1.0662044251824139
0.9404444509844136
0.3955730320823397
1.9539126179066948
0.9535708809223847
0.8286617881265487
0.7460143904709964
1.3247092768543045
0.9824907307214349
0.2811958640191972
1.7552397511292792
1.0915901385795355
0.8000467127361427
0.4009495047516429
2.0810811137469707
1.3404667609147722
0.18580662271793327
1.0120366662790437
1.1541519323816893
1.1890369447487774
0.6116453284755772
0.8934006912700388
1.8476315639739527
0.9084311872157411
0.5916500350150079
1.3104754099476092
0.3729055681050782
1.0248607806651722
1.4770552875896783
0.5849999444410995
1.2272984973296754
2.1707436659914396
0.18574912643220956
0.22707740414163363
2.601326231411982
0.8026858194754624
0.4508311501111874
1.8131682131082827
0.5859920463975778
1.0777115617958217
0.38161340032223673
1.467978152077036
0.49115281293634017
1.5289873862987473
0.6500774039171348
1.1109632450941782
1.6259106633140692
0.22084006990226482
1.2422447269455652
0.3618023466682297
1.5951588044659544
0.8903501206722485
0.9888468714150975
0.5980575290155831
1.3652524493852625
1.3467928626160244
0.5265903336943616
1.2886884276492305
0.6963478666706874
1.2299491327646297
0.8714967645623715
0.43817581098060987
2.5732150569421313
0.3296283082460405
0.8294302578772802
0.5249944536588356
0.028854747327926717
1.6233130822038222
2.1707046577670477
0.0713187623344371
1.5432919238055434
0.24669567163583997
1.107935910798232
1.6583357740855884
0.6449280099806766
0.5382318738060755
1.865137723661658
1.4506735923630976
0.3432705235567543
0.45271087271234506
1.6168714765749104
1.2093241238169767
0.61067973322268
1.3361616263143443
0.4366778072988083
1.8169687072804144
0.8472780744750751
0.4738198101500033
1.3579950708288815
0.9979168184600364
0.6184920755797632
1.6877070634871825
0.6345922757643465
0.9764104367014279
1.182323993887989
0.6074553506973897
1.5244441698759308
1.0841418193060277
0.6898414621173299
0.6023083876124253
1.7716813005370884
1.062306131769023
0.3308529432745835
1.9650444006770253
1.1469882100370645
0.3236344098705514
0.333442642633938
1.575703270665427
2.265748454965567
0.2736365799041321
0.5628270235108084
0.6384732373072689
0.8627877083527554
2.727021068863519
0.3460965656052351
0.40146468642625804
1.676162772073583
1.5152455009513304
0.23413420389558506
0.5423038222048872
2.187148542265029
0.2601813650491268
1.5922444746613056
0.9957491408715261
0.5576952339224801
0.6350987312151968
1.6081589541103438
1.3335447868516546
0.7085810859982055
0.6242176243943441
1.4515285911684621
0.8573315589700053
0.9623599978828826
1.1819336914563674
0.723410655852634
0.8883133383242985
1.713446123204206
0.513080737959188
1.0531045827400203
1.3392332746010025
0.6071508016564129
1.0344795813330194
0.7241670360319714
1.9879959575007151
0.6817236390838382
0.3477843292492395
0.8265218680514936
1.8502674384722613
1.1700116924747204
0.7347434042896738
0.48545246460458863
0.9500513092425077
1.4231453304503487
1.361400549222165
0.47647545430516264
1.10150264035793
0.96930529306326
1.338922591879495
0.45453102649614924
0.9499873648700627
1.8150708763481613
0.6598548537545742
1.2783582274051972
0.5193616947009532
0.10832952864392946
2.750600627069384
0.8716820535838673
0.45721196479743886
1.8429738060036298
0.3501846393549229
0.5423321316475813
1.077439698461143
1.9893323709688089
0.5997908683919487
0.7473863016657868
1.3323409982915015
0.5816605330092325
1.8740297405349688
0.6889548318244091
0.18052341762196222
1.504820994069194
2.123494002111536
0.5940768451802289
0.12681019285829623
2.227436296294147
0.3384676718563565
0.8454985830390191
2.0571546292542755
0.04318827787862071
1.8093162449330034
0.4993228778755677
0.4529399085468243
2.734193596971489
0.5976993311974352
0.2755895563897626
1.2593631844809217
1.52879746023009
1.1521334911161034
0.8607104265394722
0.3942458444080054
0.9175252295102574
0.46941138322637277
1.4783375527822127
1.1451278113454375
1.1537551057131143
0.936316447327761
0.9559747874907495
0.8710978176513716
0.5916210945219706
1.4550228186871934
1.4641747214522938
0.3229374230872409
1.1791851206762236
1.230683180932066
0.6590473803384762
0.9451969132691492
1.4055543247556368
0.9171414182962235
0.7958854631126635
1.6396850834963566
0.9102584423059691
0.4036665976242658
1.4724258586992252
1.1626749597481432
0.22188779336928674
1.1505910911779684
2.0401440694530226
0.7371284795440315
0.5487436133842449
1.1118522396036115
0.8809892718730152
0.9729732980083566
1.932697940118844
0.3560152177247636
0.8025632799238438
0.3812512186266568
2.4033780834310754
0.4293397825879867
0.6487438244308001
0.6236129587307611
2.075096318327641
0.741372195835699
0.675709328757613
1.1437171045624732
0.7459174162459692
1.0436457504532113
1.31774979115872
1.1144342001575158
1.1035238181829115
0.14879090884357146
1.3034340387382588
2.303313529840583
0.2548808106994762
0.586533365780345
1.5406648091703679
1.2659035892834871
0.42611271333141526
2.0734334305405704
0.13416650517525805
0.5350642496411849
1.993970023237319
1.2904372034437273
0.7303715092230757
0.42212898776160307
0.7807510256237122
2.355289701843247
0.041216811787140685
1.4519442080026328
0.6916087338649819
0.7663592829529112
0.5269728962478459
2.1586188123938617
0.8656417783434814
0.5125330723251428
1.0615205088344084
0.7226806643407846
1.7880832177452954
0.6603217593529946
0.8514185236565827
1.2280330615062047
0.48274252928548506
1.6838096945142313
0.5927025563780869
0.5876820576712142
2.003230292154583
0.9024944622184834
0.8471335274067627
0.9435355223753573
0.8084971555240911
0.7897753714841845
0.9053166563849921
1.1890468623525972
0.8981183195186376
1.3261986841478548
0.9864681330821666
1.0548663628107364
0.7664564033326662
0.5698179455741151
2.0267659738264276
1.0169309919683085
0.11728695587360864
1.581245688510974
1.4449791029083825
0.2568524133037658
1.0844705563759027
1.7769732639577502
0.9184601429578355
0.22333971199690417
2.4189474812249663
0.8034286540474957
0.2139777860979866
1.5382170230223153
1.1955930833348454
0.6947585731159681
1.3620407750482815
0.8951463560429692
0.7858059804202358
1.2512896239073505
0.6308341648691439
1.0491794726613202
2.0434917996208553
0.2647482346769716
0.540838216377952
2.113979335428505
1.363998289066891
0.13177551709037408
1.0080463723616153
2.123879539463833
0.6472014801109572
0.6727450504112004
1.132844108040934
0.7501328284383282
1.1673926165766728
1.4888590049351742
0.3698195851763588
1.406731467103135
1.2096285434915133
0.6055937255553326
0.9892868475610602
1.2143172767345565
0.9978393345164491
0.8814636718166063
1.0818808867682594
1.1566947192892922
0.5688778046286402
0.8734707837882187
2.265138211795623
0.3260438402704538
0.5066620856938683
2.4456846628382043
0.18147216719336687
1.206087478739807
0.4186322198845458
1.6338188947120285
0.6454916284284139
0.81111721115847
1.2334800814848206
1.0044546526714468
0.7511882258338322
0.8464455535805666
1.8191907521503494
0.9746406502417262
0.26229841259488057
1.967590865427109
0.3317085710203062
1.0032535051596858
1.0718233228707819
0.8907774926222672
0.9565086363134874
1.5589162987577694
0.06459253465555874
1.7680916362483827
0.89374087027533
0.9343363239862109
0.6810688832129848
1.209697432996848
1.763901323465645
0.05046811937159812
0.909174561015382
1.8831973942932207
0.8842128181712673
0.5179458093618388
1.2885636751247804
1.533198932033789
0.30500998357175824
1.625869872774902
1.0508668546385809
0.24365561378240186
1.9243098373540908
0.75185186030463
0.5524145793662776
1.9045827149418975
0.6635056430659199
0.9726133140954818
0.5359478387960764
1.4468347287807977
1.3109758775139648
0.38505180657143
0.8558667034816142
2.4067327455251926
0.581770699413788
0.25258815479688146
1.8583949850651915
0.6659729075511578
1.539461190845974
0.25579952425915436
0.8968890733916702
1.1827577532851692
1.4801524514954
0.7166449251810316
0.6666327075091284
0.7846385819239768
1.495215202398335
1.8225356048820458
0.01655549603016874
1.0719848787669934
1.346854200595888
0.5714277870095764
1.2035617894718835
1.3888477822645202
0.7403228376424188
1.2139239015233767
0.5202472864597804
0.6301138764229894
2.1191828532317927
1.0945159446372414
0.5135112239782595
0.729240917908822
1.2493583265875883
1.1367985037029893
1.0269929730403635
0.47351834784306274
1.4953636893819706
1.0022080793470323
0.9450658357566605
1.1209099094348811
0.7465292689435918
0.987748732026726
1.6366156013282036
0.18814479084963504
1.1292583190897638
1.5525066340102325
0.7690790866227747
1.3740550951589
0.5102953151347814
0.4604082815889925
1.8317462872345078
1.0952733767350435
1.1120961046597628
0.25715943604201935
0.8707620070768203
1.6591506301434165
1.5227296373513612
0.23099083569605683
1.1377747286785898
0.5806254030881256
1.0633499416710628
1.0141030309943104
0.8758177454565557
1.7694420830962958
0.682902975786902
0.42373479848608736
1.9541146121644697
1.2303305927754675
0.3660501097484287
0.7417678532255655
2.6312030121065693
0.4879696341466074
0.09191850999316177
1.9323846985469901
1.2528682519564542
0.6491872618452258
1.082615923047969
1.0450285401293122
0.5917115094971234
1.6283134753055744
1.3955351008034904
0.3821287108277334
0.9804190085039537
1.3092252427832114
1.2690104275000487
0.1951807651199685
0.9550182662043415
1.1228688810987975
1.0462294156360563
1.2792705588198015
0.9442442204612644
1.2269831954800914
0.7472201083280895
0.5200154091242037
1.8089388291215065
0.4064387034726447
1.1418484709660224
0.4111159335530239
1.3054403581454217
2.1114265948297892
0.10897399385418303
0.8214967511716937
1.6148278610188684
0.6185321415420356
1.5092208768752968
0.8482582745702023
0.7058500342690012
1.1601380918379007
0.9718312552615579
1.2468697269658002
1.033219174437824
0.44595270346463717
1.0443223240577097
1.9139465882866769
0.6888156476401674
0.2510070329003954
2.1815624108728193
0.6317281809542695
0.9257919619121864
0.7987213146812946
0.9043820904078126
1.4157188241176872
0.9485725424372984
1.2036283863807111
0.7590125561121144
0.843232562625316
1.1194050932348045
0.8442711899333256
0.6466238114606194
1.03416834281005
1.2502696933390354
1.468542287810178
0.7968693435793324
0.4045942646426787
1.2709659569502338
1.8693961800885257
0.8527224162571174
0.22580885268443476
0.8133278654948448
1.643456303290001
0.5516551865962738
1.2765006225444588
0.5029857342307047
1.5195635280402138
0.5786804293778083
1.5957426422468286
0.5946630760095793
0.8505738004442126
0.8220547162447308
1.5756730994136623
0.09035240288433338
1.4733810113855434
0.7396868439968114
1.1429277258243244
1.5864740419718963
0.3432782217607031
1.2587887035751326
0.6236758673767832
1.1048670971992893
1.0475686839161773
1.3378726725045131
0.8831798961801217
0.5355535827406996
0.2766073724016842
3.4670083328412384
0.1054900014440161
0.37519921101388803
1.7392681053904973
1.0690965348781927
0.8157870394505292
1.1440768575027558
0.7842104456987613
0.5515568722999434
1.6548724156501997
0.3337680222781496
1.7309391895812891
0.913364040377978
0.9614882942724816
0.4036440954498132
1.05668085701706
1.1956814266047269
1.4265147672437288
0.3497895100164466
1.0765960788838569
1.7473944301670947
0.22092821744233293
1.3254102456566328
0.7456551632429845
1.6424740384194003
0.15937097686093218
1.0153420200197456
0.771739177573268
1.8019014755730416
1.2739878938815004
0.0851229207255541
1.1269627636989368
1.6899819620831642
1.2226759184295168
0.17015618170065563
0.9290383921300828
0.5475035564020512
1.4867142019300723
1.7815220110771701
0.4967375079899972
0.9182380855531546
0.9601829855186104
1.2392490443938364
0.18175273592879201
0.8300595366046942
1.5541299163558038
2.036610684728393
0.124815364122519
0.39527002614539775
1.1270625996610706
1.9032866257929837
0.8402591153785162
0.7650047503510254
0.9554389699653643
0.8048351987764192
2.023813300349365
0.07509109817921748
0.8978108720779643
1.5519989145517
0.669151579427066
0.9900002233722615
1.4016563700119562
0.25718742335939593
1.733067495736128
0.4208133256788248
1.1098362210300736
1.95385948632079
0.2745401173473541
0.9891680765121148
1.211643362242613
1.0274355860601752
1.1037399841904088
0.764888431707647
0.9219755431103462
0.6708069799082605
0.9720702247763763
1.1466635549006925
1.855693910579661
0.5470302542854217
0.4312332582125972
1.3893383290939207
0.6084933701244278
1.7825879183219246
0.29550241603207933
1.0845610090132887
1.7588188966073992
0.3870635070304954
0.8335277898273087
0.7749700502360408
1.785104270183535
0.4665824496791494
1.2045451230534958
1.127460581393134
1.1594678559968778
0.693741116257112
0.6302161695013948
1.5580914972950948
0.6580445407323832
0.8108357854010722
0.9145444816010299
1.930058909624647
0.5717286730398193
0.610790599607534
1.0848147419308898
1.1109132645801016
1.3360693574856042
1.179979008841331
0.6693828804512508
0.42422252374846864
1.273745323324009
1.0410577977602555
1.0708510777692943
1.3916785111153356
0.5598106402777971
1.0834953655783008
1.3918032749884515
0.4020715615188434
0.674193421596745
1.550969955526637
0.8705672138381885
1.3576709080089704
0.6524039002865428
1.2153537787207325
1.0831041772204058
0.48892791960448784
1.064601070027374
1.1203762093422984
0.8575081971893832
1.5051350188806638
0.6578826544617135
0.7829448691087892
1.4288452696020002
1.117272862079163
1.0693024420298503
0.4566363219955244
1.2819476993138517
0.3706911079738202
0.7676086512762962
2.679764134132731
0.43585020582003725
0.5780153882422613
0.41256162039428573
1.9772205172356931
1.3448080319679023
0.5425083436726181
0.28565535957377153
2.101409184151221
0.5944676815363198
1.3618790651622315
0.5304781465807086
0.4379845817165136
2.372531645243666
0.6970901498304013
0.6644070359790915
0.38327819767715016
2.0271519317026163
1.2407977138094377
0.4193268971014919
0.6545542701347373
2.0989018059566833
0.7272930756011586
0.47526277359468994
1.3306468334461101
2.0934981455719606
0.2093701524822314
0.6297468140932415
1.3299042471961497
1.9392346247297558
0.23835630164059848
0.6341619501014589
1.5242032336901752
1.439656714549034
0.3843568560575864
1.3274010883286105
0.8134782115213262
1.1952658514126493
0.5051912568383634
1.220702285035491
1.100072669936546
1.2996560576471077
0.6134106467061073
1.0938934768369524
0.37658220624826144
1.5529442566537177
1.2440640731422896
1.026830577228743
0.6973577103334608
0.12862732704526056
2.543572006366481
0.6151172248881932
0.4806811559531573
1.2224790327803747
1.253001420759717
1.2285336727413207
0.6123973679455674
0.9679082290447827
1.3037732730112521
0.9782017193055802
0.5500774626321889
1.8171374086909935
0.8237043146817028
0.3704654358496208
2.0329896489362866
0.6575714209741492
0.8796627785041515
0.9561231852494153
0.13761602199237316
2.2002664750396645
1.1303023690733476
0.6055889763653349
1.187374557434662
0.5003225330954345
1.2428484823171986
1.3313423431953513
0.5061839917223012
1.062912460233748
1.3146488998861066
1.1919311928639158
1.010664085989358
0.6248530669269117
0.5142040317665547
1.0813882665885168
1.768300974775047
0.6712039052091906
1.0842412017771368
0.6990386633516733
1.2319369503914421
0.41068515146895646
1.3805635590350056
1.0808812214420624
1.2930528236228687
0.5119449544744917
0.7325053519064663
0.4525080970484989
1.9813323628189277
0.85091263313376
1.0548305568283922
0.8436083773320012
1.102236717369458
0.8059860533416151
0.51799654691267
1.9457178706135574
0.3043544561232096
1.03784949657343
0.5268153103309039
1.8420966685598885
1.103710316056401
0.2241394766322481
2.1978393953123945
0.7120666354226672
0.29584431993651356
1.5040465516182797
0.9952489463274303
1.3351627475399932
0.4685761077331775
0.7699495356144281
2.028469321388559
1.068114050032903
0.2679700780223891
1.140049250013036
2.0540180143049165
0.36386540922551913
0.4325464747153744
1.3885956863587048
1.533291005203612
0.8958890640590713
0.85029617420974
0.5741724511767022
1.6501927959031113
0.36385906102013116
1.6800814358755134
0.5223189534967229
1.0453784202761638
0.21721963966284646
1.064279731729651
2.348556280590896
0.42467673042553994
0.8804017682959424
0.6211058650414798
0.9943763747344221
1.0283590208358702
1.5106445654084741
1.1400619215490944
0.40936484931066297
1.1895802133671352
1.0028824722358278
0.9363453530371256
0.5180921155247477
1.1445773681736893
2.32883677265783
0.18788628627400836
0.7140432432628142
0.6798545936269288
1.4540282204680977
1.6379263380777136
0.694195104629015
0.6294155949674516
0.30074282530571117
1.3727112352336643
1.1065239928691608
1.1827976513628025
1.1206244566139982
0.5571405158638131
1.7982624214958798
0.14471689089914777
0.7462491423610074
2.0547795416128265
0.6656986767901106
1.1316585271133472
0.38250249233285644
0.9551014805209851
2.0854261307661055
0.9060814301946335
0.4540387146617942
0.3253971611981827
2.5925922970434114
0.8044249680718869
0.2347290899089251
1.3606276607884482
1.7718893573896835
0.9463559496686349
0.18401226741044135
1.377358610507799
1.60649439748412
0.5307432409901746
1.3369574444810657
1.0541280845984016
0.8517530426752088
0.2627525830622422
0.6498306166423536
2.967870956046417
0.6608155714227509
0.2997971987822785
1.1932724152372298
1.2792360929715396
0.5031481965597094
1.064122569738301
0.785618739643156
1.6938957471215312
1.0796912192829549
0.6369257466383392
0.837683150295406
0.7472838935321114
1.899824752977262
0.726302332377481
0.34445763922211414
1.8175077171639262
0.3298761338344949
0.9802815378966925
2.22713384310005
0.8277405021355019
0.3541516427148227
0.7557279829204426
2.083912314017055
0.5313536386800615
0.6887218870367132
1.0966588005326654
1.2641864634150597
0.40867311522201183
2.035703270055904
0.543937084071478
0.8480754084015857
0.4339302949585124
1.5630728034907608
0.9595565781928497
1.146728799699685
0.5837834250784817
1.0932285040200498
1.0807642653572456
1.525982520116171
0.540389250482625
0.6184868911560661
1.136937100585339
0.11766547720491698
2.1611649271728304
1.192810440432146
0.7285292393846206
0.2061645512510057
1.5198301535157304
0.7507658123373285
1.663616062870841
0.48920276142158575
1.1070842202532531
0.5558774859316694
1.0145575082268528
0.9277071875472407
1.1199080091508558
1.6789775548832
0.7950890240673057
0.16506573441975594
0.7672758037905489
1.7462734770235975
1.5359631530131346
0.42609200416327214
1.0487146080622551
1.0450398592434191
1.1374239862133875
0.08130517383861781
1.847081265822734
0.9326073327503994
0.6952237579729666
1.5300319039938917
1.0727743878070743
0.5370929746600867
1.207174461670509
1.2104593855117884
0.40425394314942487
1.2085347333991951
0.7901633156754336
1.6115503557143784
0.8433142527848632
0.8921868136842872
0.7269838616245216
0.8685784149893601
1.5573568211689401
1.041597889295241
0.23172831292366539
2.2171832920584773
0.8708951954076817
0.3672655212537593
0.7251554506746272
1.8142468400652856
1.354663154788484
0.4186411197491159
0.9207310719941312
1.0827074341013296
0.6773332239267011
1.4720514209762408
1.686407975332002
0.3992536881166537
0.34786399076432345
2.061072542686397
0.555214341564805
0.9439527733929644
1.1294066318120703
1.4540894283737757
0.7195839020040286
1.0602681394979099
0.7517669303054586
0.08838631944288054
2.257405627294683
0.9268660097247766
0.4875081410411851
1.0841298786851885
1.6128136834607036
1.1446580221238813
0.32953103393062977
1.2080347011423986
0.955064180298477
1.1348274531339513
0.7012721393478651
1.8474246556478304
0.6054221974255865
0.46566894167370904
1.518348091997298
0.7272270876213971
0.65768479713402
2.125246986960974
0.7265810842355716
0.44693395603285746
0.7896415353939666
1.78203428725216
1.3768543388866183
0.5052343486209744
0.9003727190245817
0.9081454723989635
1.300428846722704
0.6173246652257233
1.0701038868345334
0.6768363805177757
1.4420348483569925
0.9080951751013224
0.698395935418312
1.89773355292653
0.10632173771976387
1.102423641057497
1.6639972538894563
0.717789390058983
0.8725015859351445
1.2647081874748367
0.8205746072521539
1.54002787589656
0.3391216930933214
0.5386326867598356
2.163139661416192
0.1891163650766942
1.5384914718896852
1.3967465607604914
0.4676428134099035
0.5310878570536419
1.728697088373083
1.0643411664474163
0.8329856443179542
1.042792197245468
0.5167133294692529
1.2134958832590748
1.1767546279785421
0.7259345980738622
1.8907597473598294
0.6417013045521995
0.523662057299469
0.7031211755497936
1.9353381417910338
0.35397973101218105
0.8312837937756729
1.92412127357285
1.0475494610185565
0.15193296526189556
1.5872455937176837
0.8464877268089703
1.0521381511705041
1.4660263939734224
0.8528867709375174
0.32937094005904566
1.1295022352339794
1.5325991541321027
0.5806426914087027
1.3334834335079346
0.5696701242644893
1.354579990811374
0.8438320045215129
1.43443556216809
0.8742676025226266
0.47175849890978994
0.09516295951257768
1.4679169773644023
1.4335316855797757
1.2188711797361673
0.39168198562949613
1.469385138491056
0.6533583193883248
1.209681795491005
0.27083409707818273
1.7515226338322982
1.1938007188150672
0.6794936659062035
0.9856129629618923
0.658108854501892
0.7375565219834709
1.3550919451422507
1.2761449678087295
0.4519837321530842
1.9684573140097148
0.638648943013723
0.23431910504632925
2.187012679192342
0.9606099224085953
0.6144708340572557
1.29919992036694
1.3071780648953626
0.3538608061020504
0.5992390255769522
1.4528830848156682
0.8687517765924468
1.52052059097466
0.4324023564396243
1.5666725219487077
0.7695271168253232
0.5206281614153754
1.267121314006999
0.901205408483196
0.6113190941765818
1.8593115731286114
0.6364509736888344
0.9227226765861941
1.702936513100953
0.38853529984888446
0.6906212253438135
1.6077166097634892
0.9409194542866924
1.1837858954289766
0.4193275255226112
1.2462997961591131
0.48621069582327947
1.811589048669126
0.8963146021023203
0.9768629389948829
0.8251625365290477
0.06262736856734955
0.5561245460843702
2.269127587748395
1.4630847652261505
0.30274213262473876
0.9411503025296961
1.4726308675954984
0.5189230057240133
1.3408149830806646
1.317376141458812
0.32114591176431145
0.9800814198299724
2.2671361446926976
0.625422005149783
0.5089871792176917
1.5118789058066024
0.5171806795857682
1.1494759707364741
0.5902450153443881
1.3541935577302737
0.8459381049407745
1.0771597473846553
1.5189428377548297
0.3786885854402197
1.2347866833403898
1.2813475723355305
0.6784905046605599
0.8657939105679953
1.0916923713314806
0.9505794590236172
0.7270247968628206
2.202251002313506
0.677443602919978
0.3383472140609548
0.36699641072105926
1.2833401780707636
1.2105216938156311
1.2117885429707929
1.328903524089255
0.47723407668785334
0.6705024553625126
1.204874080607679
1.7720185378108513
0.6129556962791057
0.31234677679241546
1.219756716171268
2.199754903204391
0.8242098573459345
0.18620671326274618
1.85277831819236
0.25004499354153603
0.6598745537851205
1.7446595765449435
0.8957917476002084
0.635669786138381
1.5211005934137394
0.7470391681604794
1.212518042532122
1.0487727066491859
1.0173488337892929
1.3073075845363595
0.349361702535596
0.30463325640696926
1.2143657697227859
1.5973902504145658
0.8515431986355604
1.136420006241639
0.7646738812234147
1.3179029214660347
0.4843312005262745
1.0178015974232932
0.8946087706845911
1.0912885043897642
1.223144707633407
0.7780430767280564
1.7181354334384134
0.300860559782644
0.6986914752986553
0.8879002033282941
1.395977878478219
0.5965428018383621
2.133467164543477
0.15626774218205913
0.3856353367636217
2.2741597186488782
0.7283726475765404
1.1103277744152777
0.8461229448983689
0.5719149407226097
1.1442514273528148
1.0241403024425044
1.2312651837155555
1.8694271667482127
0.1537602372311551
0.13466340215820716
1.0974450439518746
0.5254071067173082
2.107969688071875
0.8696529973028773
0.9072965393935083
0.6349822798157316
0.8319927005725686
1.1039560889229727
1.0862598596356314
0.742438953870177
1.2757616285564366
1.1574328893211219
0.914500944049993
0.5354414623341311
1.852879055932558
0.22417058478230606
1.0537861249069918
1.171301242484147
1.7093882316988098
0.6988545656401307
0.13655437302236723
1.3605472099668015
1.1249315031244327
1.3842430930722658
0.3373210165548329
1.1817826063107955
0.3790998342186194
1.1121750757293938
1.7173306985088197
1.2453605387886357
0.6511012093231962
0.1849978349816036
1.845833986884229
1.275075597791957
0.4025356963720331
0.8941277252353271
1.653263561715133
0.39928901153524127
1.8630438272431553
0.734829186481461
0.27668816677569585
2.165694040790211
0.3591926010396485
0.7395254684346659
2.3017298061061715
0.5125874285233011
0.7100515820986809
1.0273441617458068
1.0259194605425836
1.1388334911499
1.1752988602955252
0.4434383400819591
1.6494406492398719
0.8973020825735645
0.547055587245959
1.537235001429288
0.9289110639702466
0.6837197648212223
1.6171388703475107
1.059534054256568
0.12901216049218128
1.2592484112670976
1.523370917495932
1.174458641094798
0.8761943864019774
0.655969490477977
0.6907423152811809
1.0874080152285552
1.0744115788315083
1.4590728833461302
0.6176553812413741
1.2386238208827203
0.9542557385517818
0.31785217930043663
1.1497863948273361
0.5366738882566426
2.2848715522496668
0.8372642709533303
0.3823057454044595
0.5716936196141854
1.5357043836409199
0.34982322618412925
1.8252083272416066
0.6150865463980205
1.3743792212928403
0.4926122175050766
0.3449519505509564
2.5571941843568933
0.10013462938841367
1.1440207380516931
1.630528066129381
0.4114044238265433
0.9279149403073217
1.2008611171404209
1.4439294013815862
0.6417438306709798
0.7595160259081913
1.1157332167901008
1.4865461241362055
0.39687776923099793
1.1544096699509816
1.2393692101497191
1.3187805175201195
0.5058278445855836
0.9196587928391664
1.4051335485969836
0.7355402537700956
0.5546075195266734
1.2049658559269052
1.8346257919236981
0.8474985583428154
0.3415285047651565
1.6274786385109856
0.6619262981374049
0.9307202368672501
1.6178571603571548
0.2761257250593597
1.4430269930389255
0.8277166322270632
0.824634513396883
1.7695663581453205
0.4593834850129194
0.7199459372334213
1.1437076801646315
1.4029008101354197
0.8824129990194918
1.1011873442269164
0.525006975368
1.3213951122572256
0.8771347559410263
1.0601298637844607
0.4385331609239096
1.8012964349178833
0.7755629198042471
0.7857486571603062
1.663366044704493
1.2504560716366608
0.10201069287911883
0.16665015533488572
1.913332394552975
1.7099125351733915
0.4786327051196912
1.1149906541537022
0.8873009105390255
0.5885141937598898
1.6622492408608822
1.0049219627586319
0.7923506458430613
1.0993535949286548
0.85481517344388
0.9854673158436369
1.4364703691365281
0.39234135015749966
1.0673818032984608
0.7717721182505157
2.105419145497406
0.08625481087375719
0.8600067683160467
1.767699925079722
1.0887083449317136
0.3067365847233706
1.3702129758906907
0.491713601850547
1.5748149531026236
0.8866057556455237
0.7419890874996494
1.3119315349172294
1.3621881424931204
0.5536373413561315
0.34625572481922023
1.773542400910813
1.3207407324140412
0.9823753209937273
0.4540054174045074
1.165405849765624
0.14478154866619733
1.9550072396675604
0.48115407011468
1.1503390852222637
1.820908237686028
0.12625216275900428
1.2891022714996312
1.3425823365089018
0.2106660615020892
1.3841850260519317
0.6196144800771326
1.779873792767887
0.710077220867136
0.46754919097033737
1.5068046574565475
1.1759151204298264
1.147921754502165
0.21986546430006543
1.6130861545596311
1.0253313388883096
0.6353159586430982
1.552431228938187
0.2767138696423228
1.2224982267392686
0.3783113198413352
1.7030386931081896
0.41334590759088635
1.7712680997990322
1.2670026631608438
0.05737481818658642
0.34518275403218784
2.7831417392724664
0.03251781298261876
1.1376926705252934
1.8903054340013419
0.31876249197485584
1.4476384860549978
0.2690126858216721
1.3805649414360117
0.48859348737765
1.308414092444445
0.6762625596567199
1.3221333764681014
1.0567677137197524
0.8990224563365755
1.3262480246773172
0.5013935823156046
0.9070375129631142
1.1779245624467978
0.5107401432057533
2.2696757948397077
0.25288881640064903
0.6706149491074419
1.2624500554265532
0.6652535840833653
1.1615806885923843
1.271267036696441
1.4375309037528692
0.6001108746235134
0.11730480298964044
2.52543582751
0.6905876335402041
0.3889237104161408
1.6995359669588772
1.0050122602549925
1.167014097485479
0.7911388693844768
0.9420560789263648
0.47211382982319516
1.0299697167652988
0.7405846241552659
1.624469371278177
1.5003268995417574
0.14972175308682542
1.6509894977555541
0.7715036189812868
0.09721194028418362
2.1148504328267657
0.5434847950861829
1.0670807158469142
1.1161601312639668
1.2055615837796207
0.7211944474965556
0.33070122721178075
2.612349747052859
0.9934388520581348
0.19474084860589458
0.3537449813084846
2.4124840752447128
0.9665774043429097
0.44397257510246385
1.0461139378277888
1.7502815432283425
0.7986526269636265
1.0809132350807873
0.8498203329735889
0.44832238745128444
0.48719586383365726
1.0247005157806761
1.3234722945660842
1.5790248122845816
0.9607825298987208
0.3364624724498502
0.9913843582208608
1.7574061965770382
0.16685952400277163
1.7410012992962012
0.19624227693716614
0.9143401087671139
2.5203705879236296
0.20889535544341836
0.48176462688236665
3.2841227848196324
0.47829441040729703
0.1619546648538412
0.741971746084193
1.9401455689899603
0.7733897971217378
0.9405399541186484
0.26500669442708735
2.544233791906569
0.3731981671110048
0.7382562129552965
1.225818640443754
0.4544886041105973
0.9632795706993313
1.1224975605296257
1.838393778650949
0.7850110794040609
0.18142491069071298
2.037389146118941
1.2247617804833555
0.04387464681645907
2.1035048493665425
0.6655514839367976
0.27949081675632415
2.28620167669138
0.3644664495148009
0.905923160625319
2.1613385425536915
0.7662975191377894
0.22630698723774678
1.054906421604977
1.7336112557873764
0.2616215729995229
0.9499702954520376
3.148112084647168
0.11194083744854959
0.26136572685265186
1.2965534473282836
1.2412836789798811
0.7780152489466907
0.7663036157974479
2.2869897649524478
0.6193567053234319
0.10532356319358252
2.94244012886019
0.23742703620816616
0.5457611170878214
2.7533437183190648
0.27290266890462794
0.21716275369701765
2.2649231789970226
0.7789606778719282
0.5089735947399605
1.7585512698712147
0.706109646950628
1.092852744791215
1.1886763370033921
1.1821333038484152
0.08874093202689845
0.8481565080730592
3.3798917495542846
0.08779188922560195
0.4536824357080492
0.42484229254966205
2.156161577243368
0.7082068786733084
0.32514559095131756
2.792734650407435
0.4367712865015724
0.2660891243585308
2.673146230307749
0.8029672368230276
0.3988056959291601
1.914291556375862
0.24589797873101274
0.38839567935803676
1.0340969950109755
0.8244683333715537
2.1885552470739382
0.19065486530854167
1.114339199101275
1.7212328964003003
0.6530900212701992
0.2373628712762961
0.5292472937704468
3.3523130006425204
0.2833400890053369
0.4763141975206463
0.7530733919314858
2.1888906878285583
0.46701919731372943
0.2227490558512299
3.042108018529578
0.2403326522888732
0.47088721992487903
2.1066287905190064
1.6278623652753617
0.14727193409054942
0.9510175659898942
0.20393298182111613
0.8374301503626953
1.5880308147351596
0.6492098822454491
1.4722301620015792
0.975615476324991
0.7273433162717593
1.8939854856537908
0.05572380440929107
0.496875281767325
0.09752559268730275
3.400585271383368
0.5230989623925352
0.2961016759183247
1.8286677610337432
1.5376776563878987
0.0254326191690076
0.860522054759499
2.705278349956957
0.23758419305444478
0.5349261729691874
2.333564594661587
1.3876605314000112
0.3000817925162956
0.1733480707094198
1.9931776631340057
0.5949709125081778
0.4499075529966241
2.0457247477295777
1.5572444938221885
0.14914060991411074
1.6236803642415243
1.036626801987939
0.10290899444638735
0.3054200438925802
3.5023710500067406
0.5886620938677454
0.1789701542854674
2.5960548837283026
0.7691047421122712
0.1653972446966836
0.9709721779085693
2.1970494519908326
0.6667834640575971
0.11700777802476013
3.6751227219716385
0.1766533080905081
0.02745538575039017
1.457239791777361
1.0112220115005202
0.8759178109331287
1.2592728185735265
0.5842328383979492
2.0431112033433214
0.3665517653817874
0.9229956503667796
1.4017736543694683
0.2241360116175602
0.33094201802659706
3.554767568821892
0.4513863002083455
0.09971427874775407
3.23890338033618
0.47819130920056946
0.22318455263415254
0.9315974072026052
1.414941673697325
0.849842188119527
0.8354679813181163
2.19485008571284
0.12156187648011445
1.2231366014800902
1.0336139534887157
0.11344378754385942
0.4351060333574001
1.8700748917908836
1.8971350045601547
0.6593195688368559
0.19025881281947676
1.825786790610017
0.2534553879900101
0.349062879784733
4.081320530998628
0.04981117296037328
0.07178016620181997
3.5612388738884255
0.04294767180669203
1.0171995767245947
0.1664825850368023
0.7132868776184411
0.9696655451178111
2.285642145478424
0.8484301760207469
0.11931503857064815
2.1493167192428215
0.5051058619348463
0.2664506920374603
1.5551176178134092
0.7651005776554088
1.756133750418368
0.8976074004042439
0.41176982987584776
1.8591119717731144
0.06538684943865039
0.39575816951056403
3.6152039753540617
0.0457053638524101
0.558435279796551
2.729138618242552
0.29804001058544305
0.8750957067615012
1.3140922431463324
0.40139277319986044
0.41853560911336013
3.493689695567003
0.042905821031814326
0.5438051715955107
2.5340618033703075
0.23174835482560371
0.03623321001923731
2.5625009765322466
1.2559988465824916
0.6752884983400451
0.8705183576516049
1.1166881675231923
0.5517768423518467
0.1921292882520434
2.5878693091141804
0.046122535841222646
1.4455651227586959
1.3288528090698235
0.5808183916586752
0.8152901975718547
0.9710091773418835
0.6282269374729591
1.0479191428225458
2.0405881687826914
0.3855606416545643
1.511158478089932
0.06571923336576375
0.11214217625224894
0.8784939469495989
2.454453236920752
0.6750988539951812
0.8292203069846624
1.361007029508702
0.4737110225923525
0.6797135160221799
1.215597702436563
1.3746740018323003
0.19172343716622348
2.4892506552052684
0.3010230103836465
0.561791573785296
0.8656211735055656
0.8875068753965114
0.3562076685427575
2.4813981467415323
0.5851703594601757
0.8998938129726587
1.527145904006115
0.02451057277552583
0.1961909212685462
3.734535746377954
0.035757291430238265
0.831889235456119
1.9099670301277372
0.10530388348038282
0.8140659089842418
2.568187290821804
0.4299905345521825
0.38469605376177723
2.550288517391906
1.076151100378887
0.2960901914424694
0.9169625858995286
0.7529839396901381
0.05048678717612361
2.8833963093553616
1.1888327561677945
0.4006546116648147
0.3864299267795076
0.029447651858857865
0.25291294534857683
3.483959861723801
0.8494829974842899
0.18828127663166086
1.6799081755271634
0.14376440861046913
0.6788571267978037
2.944602463131191
0.665248014764008
0.04983103736417388
2.3777320242543496
1.2736775497145445
0.16228611457914494
1.7892614329603207
0.6190714106898144
0.2155138142569623
2.29372526150667
1.866885515959169
0.18335101480928426
0.17130332823969657
0.27920598502543614
2.70304271700364
1.3662233658332703
0.5281901012103687
0.18598987101826253
0.41642685898279064
0.5903210756024354
2.1686759204171846
1.141954107833121
0.704895191507041
0.6711147773925746
1.576012040583126
0.07934521174597793
1.265931729720342
1.3001835746595871
1.0602144942354763
0.5790593580802651
2.157170958651086
0.5267112161848919
0.01694639694712542
1.0502094135756326
1.9243116928896633
1.5871532372021746
0.27754317096745384
0.7243229930744339
0.5898884211855971
0.25418783861809474
1.963389818242614
1.4831992105222755
0.6687052186442499
1.299052777361639
0.41910733636395603
0.07313889077701743
1.5293695628452069
1.4639443676334247
0.8217854149885514
1.6260141897314642
0.4517522002893254
0.23618255305871966
1.6632978943195151
0.9619004749549543
1.8203960777947243
0.28180019526016714
0.40962419124324767
0.4639445526764337
1.4730506245272357
0.8226162309887893
1.8729324572621946
0.0870711688359656
1.2986348347101162
0.20525134396926176
1.1150005454783882
0.44298553228130993
2.0817874192339962
0.1480785300890234
1.5270176588364202
0.46977256370952375
0.5805977746445069
2.317374953810001
0.015749532233258205
1.759934916982468
1.2076284251786351
0.12834749854465224
0.10711324299762086
2.615095557047291
0.37542188603001675
1.4450014786051377
0.9810142275043087
0.5429365605111837
0.15959837652885497
1.6420348395834792
1.9457520864396667
0.6497218661753736
0.6638314869238453
0.4953365852395991
0.9545527490228555
2.016000992642973
0.9656338004294918
0.624665825602499
1.1193487340196735
0.17693298797887097
0.5616069601404271
2.2818757056702634
1.4165066158826722
0.20705017154411304
1.6973357970696061
0.2755822229767499
0.14107924079509584
1.783291716815393
1.6359625809747087
1.1727884931885952
0.36469993659258126
0.12075798944035808
1.4723246714759306
1.5952188769936593
1.3257196205786654
0.8400425727010916
0.00629505684566251
0.12789807747944804
1.4069234212365695
1.491247307473134
1.344424561730944
0.9133140163407688
0.2020043607131876
1.0073126206957963
1.3444137363565782
1.3403456849341828
1.0309527605210638
0.45138224855276715
0.9667618006444437
1.0946503539903643
1.2898566031367502
1.376757302722574
0.69559043639053
0.07926397589052535
1.5651624394228298
0.8924866508947572
1.1252240080034255
1.4304938943073742
0.782667647680947
0.19442001209576584
1.9340937912521212
0.8956691878316247
1.054704550239779
0.8510191514941362
0.40053349161413365
2.090814563440544
0.6001550699907686
0.9353267563688052
1.5419806028987517
0.5075903189742357
0.04606477123163925
2.772480437009688
0.7134970284629393
0.8601183545783835
0.6390838356189288
0.16994316032785553
2.906366331530163
0.4425053905984652
0.7473699498600548
0.6621605448980495
0.333614474959777
3.2362509848737777
0.11069552889437054
0.5684493554840868
1.9010416265611094
0.39576190389130456
0.0471792352621973
3.6048999117649685
0.30354396760770863
0.5885187301854508
0.4855483822569401
0.12934769216386457
3.899945478648116
0.011032365358788609
0.4119176360139303
0.49803537803151254
0.2438583341106173
3.69435620272548
0.18072612511362282
0.4481741179041034
0.2624879264500371
0.062343043589927066
4.349707468489634
0.10997244184026572
0.1891716297688376
0.34235804774005246
0.07511970133011991
4.22142449088549
0.08467177911424824
0.30380844929062695
0.06193744277785174
0.09970740050515217
4.633711199726683
0.1840318685625424
0.011148539023070128
0.08984439104321754
0.0984334061256783
4.646266875041691
0.01621606680501969
0.1469457360314317
0.012823258349225262
0.34230117870632704
4.5067601473304615
0.07271938626968928
0.029998365486527883
0.13300120984857441
4.661698358243491
0.09926504780423484
0.04526466839979856
0.0461563237585403
0.5745935991383296
4.263454121613491
0.07657193263487565
0.02900181202525318
0.32438136549980395
0.9369012806998512
3.533173607601447
0.06808692742985108
0.10202984467491313
0.6206878494738923
3.879277652451693
0.20268279588164798
0.11305678276068458
0.3781705117978592
0.9641733716050883
3.2657120328428615
0.17279080684134998
0.14633856159018277
0.6239839563677495
3.588188172525016
0.17585085501282177
0.24830218786324165
0.9778416839395271
3.0259377966235252
0.2745083560863704
0.2731705706237921
0.6738914650399691
1.3441306052244222
2.2964399939107696
0.2777101494535245
0.31910811980181375
0.9124064741247193
2.811988131462044
0.2836908467269662
0.44127123967566484
1.3342009291306716
2.1540951589332162
0.35693502843355807
0.3534883663098795
0.8981234682489312
2.7136606431869597
0.33315516870895556
0.4357663992073989
1.1836617143723307
2.091110853166273
0.3871506320415862
0.6837318389085943
1.6877605863753558
1.2706866790315794
0.4489370210318311
0.5695438729394683
1.1501433765749627
2.067679606384748
0.41811739484630706
0.635588090114411
1.4361003865892574
1.4246931405104288
0.46137368054234107
0.9066903902275301
2.052217487700668
0.4495938632038681
0.62991986581382
1.3888667640254417
1.4594716607342577
0.5015600055558386
0.8787120359589503
1.669017143453609
0.8103968717531681
0.6229896954475788
1.2407364240867158
1.5016641991716484
0.5181014442692005
0.8482768220310107
1.6127395969841354
0.8897960944375009
0.5580590149715748
0.9977829531142776
1.6699718440280198
0.6738408999767308
1.1703975160926015
0.9773081012204811
0.5868332246150325
1.1149893596408773
1.8209479395277444
0.3581758672270035
0.6969756515980843
1.2540879843664912
1.3209443097621576
0.8268713688177891
1.4281315620165456
0.48074115017941943
0.6718817656562993
1.1806249535994635
1.4074645713269414
0.7010452741303984
1.1132905234497465
1.0062477384519144
0.9964058203560524
1.7167728056233322
0.012517920580958401
0.8102762076621265
1.4447665159996363
1.1077447009460144
0.8183531766934389
1.283802003317147
0.7732232069234062
0.9994972387303935
1.1819185646605725
0.7755210946886175
1.2140322723776744
0.8336767075714001
0.9425839172424221
1.4609463272066552
0.5338388800658799
1.1435672659844829
0.9907410717202043
0.8868023594563964
1.3778970098184433
0.5547290585136467
0.8539113788329294
1.6758746357380458
1.064164519366594
0.5918685093056409
1.0047052888826349
1.5481430168687893
0.35270791965388154
0.9400622571394143
1.6760643479988628
1.1663986492087106
0.4080835034732571
0.8897093726541973
1.4112338145203942
0.875204344999699
1.2644390801794436
1.2676353241306983
0.25076657229055327
0.9700026409527792
1.3773847477703614
0.9229127193357743
1.0116173207185302
1.1455492119555863
0.8394432446374172
1.0538792332656335
1.0090699646467856
0.9525847527425704
1.0958208106429839
0.7782190305654574
0.8266736067715907
1.664826986598889
0.8704413441101523
0.7213643849813197
0.7871903185824981
1.4513212993513163
0.6206103702568464
1.242916754037999
1.283881932956448
0.4723355031399288
1.0049510617553299
