0.7717667037208563
0.798122492282479
1.142109804406627
0.9355731487060988
1.159070623500103
1.2552294773437174
0.17084119452631333
1.1593031375040668
1.5199188448869865
1.268561818275898
0.23640109573496304
1.4557055681703184
0.07799145243841973
1.5857427686471315
1.6410121640614048
0.2449829208647855
1.4449346985079357
0.12486505509681782
1.6670295642764774
0.1006388900014071
1.5940455363587638
0.366113485900849
1.4597404415621236
0.1322887233981127
1.6668662154577631
0.09521787603384657
2.257696887848073
0.3356737431890629
0.04013159338635528
2.1413763832988115
0.14390976536346475
1.6666101895165595
0.09294445359643089
2.263814400047569
0.3343310375167197
0.03238230344357453
3.496469101490862
0.1424288567741074
0.4519217577973292
1.960620793159351
0.09785393009377441
2.477168236632598
0.33658695377872394
0.009978983223773665
3.525303349315057
0.12987233124403247
0.4661307348923619
2.8326007665706574
0.113413094479824
0.8511011643942413
2.7613194052886465
0.3199804327175276
0.03613395101458703
3.522936756737595
0.10703894004755443
0.49500999694198994
2.7938996153795737
0.12952950643097594
0.8712153096485274
2.711408183632105
0.35289276680653964
0.11245177216084831
1.9958523751956712
1.9943716763854291
0.07494699677346682
0.6904843654413135
2.734731429384908
0.15424614034150708
0.9004347847032504
2.6377090223759425
0.2624317928477881
0.21945080571111325
2.0466505701501756
1.8813876621530299
0.04306772924881976
0.8098852914661173
2.440671096754997
0.8026174993617836
0.21437095882586796
1.326895913700393
2.5365078596606754
0.1463560560964178
0.3669403946622789
2.08447010932163
1.6861683827209166
0.07052264146595252
0.8864889896899647
2.426736119185327
0.6797734899491727
0.2723996427428056
1.427782240001745
2.667787522268366
0.05988245389442902
0.17568786137988548
0.6494896744365514
2.1251144913473845
1.4748987126549649
0.1623449846142753
0.9565520246119161
2.384464624401279
0.5321319815960169
0.35938130527505224
1.5122896140495425
2.2134499427312995
0.27593897551595226
0.33717576802043514
0.5619150796215976
2.1462771064606976
1.2400317117007273
0.40351079752444163
1.1340539620735668
0.21217070926943968
2.333230319672425
0.4373132266921859
0.49618591683901403
1.617530663123025
1.6797934822100375
0.5818923809087002
0.5121776540225469
0.46193369075780333
2.1797107483190676
0.9414888481803401
0.6085270814652856
1.2080245260716516
0.29596356066193547
2.2824667298237786
0.17378480579353353
0.7115152153381169
2.1751204107752122
1.0455701933837314
0.23472009503743435
1.4440076341220616
0.8838603178802888
0.35213779690244723
2.218440556085873
0.5681268600661004
0.8486180302841306
1.336637515585179
0.37325283302533546
2.0714723028337976
0.14457229676318478
0.832923252632756
2.286181062034648
0.601626475501871
0.5462308868304547
1.3180491280735624
1.0850092919126544
0.2599033675323721
2.2631996565096975
0.13551930385458053
1.2251363224036533
0.6195365230788441
1.173738738013719
0.561248685930601
1.7552857841528027
0.5457594591749104
0.7922554228510273
1.9394297671838885
0.22801983497264539
1.196521546329888
0.711189607014828
1.3958461951245449
0.12442958381727011
1.8248485939661565
0.56332392997689
1.1213630874506002
0.9423260527471534
1.084086414922851
0.6616014734407624
1.2500469259694493
1.2231853525150818
0.6218002775629892
1.3143589123685506
1.365509745657797
0.016286488771306843
1.5542326137371318
0.061466983417507476
2.0314709228445422
0.054838014853453194
1.1550783302861958
1.3424861752364148
0.8699277918760541
1.1867572183079595
1.009299952309415
0.7609457226954887
0.5652196419030916
2.4544045042675564
0.40392837821109523
0.1535060947895321
2.9381516331725694
0.2614286769583467
0.7460585904807551
0.7522400712271625
2.341959074887494
0.24300669289124127
0.32872486331277445
2.6759559776863995
0.6539538634429578
0.6563160420394428
1.4110017167474502
0.9977226812429492
0.7758587292520008
0.40811691702167296
2.242105712253165
0.6930936032678227
0.12381916417822503
3.2848428811547667
0.4665292984896057
0.07937394917135672
1.9258663058573187
1.8207925063313692
0.23519456396486357
0.5168082980462443
2.602530764198101
0.18951927002173416
1.2676796554302197
1.6491372286780708
0.36447405076186307
0.2740291389417742
1.63930867562793
0.0414958880633132
1.6339243788719962
0.23693736646552202
2.617967646781853
0.21188153880843802
0.007094570303007788
1.5698769019639267
1.9954930704465945
0.07686279373329014
1.0518356471841004
0.8896906772142582
1.7390283251008252
0.3491915287079071
1.64008537652725
0.15655004679984516
1.6175868106433156
0.15678163072372633
0.07481878968676295
1.9122075204089373
1.387534286717969
0.5599604744104042
1.5825970301998118
1.2265668448578524
0.4877459172894242
0.6812067770640586
0.26841377537479744
1.6782564319636482
0.7503209061919339
1.0728922018982956
1.4361299190275008
1.073538786011673
0.2404330182804381
2.2281345634426506
0.3860471415594328
0.4324161579605053
1.1269316448711586
0.35558532686514727
1.686902171209578
0.9001080585214923
1.1284278949270021
0.4398687530191379
2.0540534753408877
0.31643139369986617
0.7797160263281442
1.0064373887498872
1.3990389380318935
0.12602380016411607
2.1511371714807326
0.05356918920672026
0.9862723449023226
1.5495850186829752
0.5999146273109863
2.042238875181917
0.4321884653246231
0.07025907474317797
1.4665067373473428
1.7766054323367375
0.3493271948753988
1.0876429213506318
1.0681983272514353
1.1358374993333649
1.1432268087412387
1.3366691430449686
0.6482017184561526
0.4684706252478349
0.5768606018843838
1.398647242512789
0.339451932998643
1.3486391961256383
0.656355685981825
1.5229915880559404
0.348949129814685
1.9984215596205739
0.5845925148134541
0.6656702731855176
0.2811597864832295
1.066170965460687
1.3269850867238309
0.40244434738802515
1.8173033910115202
0.33436485157241974
1.4790821781182582
0.6219582198690327
1.530907102801728
0.1597558395153626
0.9952555697801172
0.7038952353120872
1.0630535669570398
0.3134236679208315
1.8311635330929534
0.9315326482134989
0.9212164709626325
0.7732868973617834
1.5262077443502575
0.8927197937539915
1.0624595850950824
0.8199303464737878
0.4760813665260886
0.15162161806500526
2.0695314443670627
1.9455021326677113
0.2522393789734253
0.38060426064541986
1.5482617732506403
1.2370690521725558
1.3939405917287586
0.7108405797032307
0.4771348937458346
0.7997239757301147
1.2047202002508919
1.8275165275409668
0.5398330080310193
0.2071059087699789
1.357409735807338
1.4043460997708692
1.6377872321186087
0.09156599716577175
1.2547982719572572
0.8440822848450761
0.7350618649974751
0.7621632628574082
1.6289025243516817
0.34267334580437925
0.8819054868920531
0.8754454366089781
1.3366585903629304
1.7864335204426742
0.48053649662699527
0.6750763321277907
0.8870368117572491
1.4598591563304781
1.1605490352170034
0.5990693684680987
0.49423461193285323
0.6929257384445728
1.1425055108540696
1.4595984896145062
0.9964776086836464
0.9735027315998693
0.9717636482589871
1.2012093946528613
0.4254114537759164
1.5311855958622511
1.0354412024559658
0.5045866391893029
0.588153688042986
1.1033530121008501
1.2666893545839015
0.9018694622994567
1.2883110142284189
1.0788508866812145
0.9298980259379044
0.6385717532891211
1.3096627762794937
1.0077310122518917
1.0109940755228746
0.6082175725311597
0.9153675916139975
0.1701398866835814
1.342865190527053
1.5414292218049996
1.099592474942202
0.853367086564959
0.7517114163176872
1.2618553845431055
1.037291487714983
0.5438566511575104
1.5956046742196879
0.7670476216748887
0.5213490967245497
1.4866290062217844
0.3580741840001113
1.453768462302268
2.0552118694965236
0.17448928848619008
0.640005107761713
1.6875923396152173
1.119694294866933
0.8532233481119675
0.7010732128244904
1.3864307032073593
1.0493948937770592
0.8489100917311315
0.4541779662387279
1.1316348118803747
1.290387069460535
1.4135021738664535
0.2827678385948808
1.3860485678817713
1.389025482026336
0.3834670182627754
1.5149137196627025
1.027353548601908
0.6755792010470358
0.8934450136705056
1.1514811227602895
0.9276870172181243
1.0252212501685178
1.3044113530215113
0.9817693398939324
0.33592271700959647
1.6997728696982315
1.4858677400153837
0.22196893009913304
1.0925670251167254
1.2528568949000967
0.9304729373773746
1.1712249374558186
0.6839705796204668
1.6357741611166503
0.4658686755339707
1.1083482738542931
0.4768649223137859
0.6928000792280101
1.730495602570248
0.9666861785157449
0.9602553586860736
0.8320198341377506
1.318252598559425
0.7299599463142004
1.0044939718635235
1.312050244996665
0.5427433743452286
1.5869023292819537
0.16966781864995817
1.0226437047447832
0.8719602375041181
1.2550049666629972
1.563007764453295
0.532595042625393
0.769503859686246
1.651283738137284
0.959614841056046
0.6520397601209066
0.7859199692366388
1.5792835749097005
0.7217243294405637
1.0520759277094165
1.0330928132715398
1.0335949815895036
0.30672895541818807
1.6916543615104003
1.4224949895620238
0.4382469934834997
0.9575678292203572
0.764402758098277
1.7071845046723861
1.381492857240564
0.10689087454161511
1.1745980858843936
1.8803698276162482
0.7361357248243116
0.3592780650099512
0.8727620159203338
1.741703237820945
0.9757508166677249
0.9395760938803687
0.10052850733895019
1.6715487483532654
0.6253227642469301
1.5852960891220786
0.8364621349488399
0.9938250282595823
0.08814385725266317
1.7199304084044402
0.552083272470229
1.2497335563963317
1.3691072553482075
0.6305666514971835
0.5869492651383751
0.7548980063103187
1.9618919605526033
0.807850351707861
0.904915098535202
0.7063146035100413
0.8861352932187851
1.3340760016585351
1.279312065336421
0.5553643698773749
1.3465613395013225
1.567480234171556
0.14442532087920482
0.6557430609477187
0.9001659213932209
2.2683543672182953
0.8091598882061484
0.22716692788557988
0.9303761767366909
1.4592960558200256
1.1632290611651717
0.9159788740314185
0.961495412388902
0.7934877884995271
1.575112014304176
0.5566812598326627
0.8645617898948083
0.7117289949083041
1.7515227780368403
1.289041364271533
0.09423471146249712
1.060121860281938
0.840194292097946
1.9487458977572876
1.0294449662318292
0.30821744012421254
0.3063215305948339
1.9035608858395505
1.0047732521660133
1.235271224462005
0.1199221940538
1.9705648978782204
0.40830267648577634
0.7356075922998184
0.7646591469341637
1.3078255475003846
1.6447462490915195
0.9570633214155869
0.3157198609926061
0.6007824163906452
1.1433554383357958
0.988465422247341
1.6483416408101483
0.9579146756372968
0.4010823498661456
0.9853687003722349
1.5074036944803122
1.1121863009197719
0.5483123226899346
1.6318998089356498
0.8762266859335591
0.27524468624893544
1.863844010658293
0.26060323596802365
1.2650249287943902
0.7768974127427548
1.3743747505604227
0.3684161672207872
1.4327883632993883
0.9675905560114464
0.9906793258725527
1.1672402078948505
1.2181951389333596
0.5397992164275843
0.1507752949973273
2.1327747421287855
0.9699666932854807
0.6875213295904014
1.7913654738322924
0.7994977671575383
0.3423429130759569
1.0772863662731256
0.8652831248434807
1.3452703415219174
1.0073113787814143
1.3591703287437038
0.9346641605251821
0.10975316662013385
0.896015215858766
1.3340323084096348
1.3025986383480095
0.5960304782127337
1.993766903922555
0.3913388706028667
0.3487667004973453
2.1001260174804686
0.19198877016441587
0.8491453108089925
3.0628971314992404
0.16200976331766367
0.499288603558036
1.1628640839626627
0.6431410000105053
1.1014570381264133
1.703042528439072
1.0664726123796056
0.3305363412259496
1.218877432719521
0.7896828650285462
1.2972801698569467
0.6914955627900438
1.5681374644216346
0.7374962645606593
0.43873513380574597
1.5130252214196862
1.0033214706598885
0.7676548727209558
1.3931218036175592
1.32549225895103
0.7120464435234867
0.11221735742814805
2.0369331185588413
0.4223768600543303
0.9759322781733965
1.7860939172038686
1.2809886740610474
0.09434399863184523
0.9942495412004817
0.1717316018812931
1.2285230701030208
1.8795056212396037
0.766130227812598
1.399154190447472
0.035297356757462206
0.360383375479894
2.409605633520235
0.6741557410171422
0.9947640958277773
1.1900530961859614
0.9107005741913068
0.9199071820505849
0.8265687370257282
0.8515344788301781
1.4652117437161836
0.804811975617733
0.750730895126555
2.1990157232658905
0.356740516421224
0.20987880842325934
2.377463347501983
1.4632854587037925
0.14394501725747463
0.7716234356047593
2.3820475104039653
0.8606842438489973
0.6919741134413526
0.5019590928134298
0.4275580780656277
1.3166607107076593
2.0623093168145603
0.7963555771494171
0.42763948689647613
0.7855911662826032
1.0410763677131016
0.7024165565346033
1.7685766739436346
1.1972986726820265
0.45432211809489786
0.7500062013995058
1.5026489753125474
1.1767463002127245
0.45776162715868873
1.281673944767133
1.0279123823162633
1.515628850372
0.19746767379535912
1.4291998579881
0.31697067572530024
1.0099355110354615
1.2122672934052812
0.4927958765577493
1.9133654300223089
1.117751154873719
0.45662701426651303
0.3031317477257619
2.4068115140012747
0.11858739601874599
1.4012013186998369
1.3455367000493037
0.2976791699729614
1.446160852413778
1.2406052853666387
0.7844082560270617
0.24948892184278298
2.536725021702607
0.2648416751890875
0.8596238862691953
0.8228292568296028
1.5891894773779105
0.2518773790424991
1.223287415915534
0.8573403853098358
1.8861054987630717
0.13706596825708084
0.5154702693225292
1.6424749347277356
1.541523956338204
0.9138018844897904
0.2727991923580166
1.5850624154623658
1.0052080532700451
0.8619238669167666
0.886453707667462
0.8546826223780267
1.1999254068724405
1.4453516384433818
0.5498593614628593
1.1603606409512184
0.4129020194601059
1.0694339706629108
1.129829520049275
1.526829440298986
0.5141342120084524
1.1423829180070708
0.9090278000883254
0.9687702288670198
0.8998245153076558
0.7283719778262466
1.5634290707875382
1.4837210080180732
0.46523627625383074
0.5436725162267967
1.9090868169887534
0.7603124976607174
0.4917100637453299
0.738773531846374
2.028266306226357
1.0165266663099493
0.8440873105602278
0.313525153152871
0.6360614137356448
2.095073950926108
0.6444693904514089
1.0024876420514504
1.555708298912059
0.6115613309215954
0.9108093529376641
0.7067960651820636
0.6002195844971019
2.4094403944890495
0.33696177387990184
0.5709897430739067
2.3036648002169016
0.41256622534255327
1.103270083719725
1.0147348602851631
0.4440624742423985
1.430845343242861
1.6738628200764345
0.1115749156861389
1.4726800325290825
0.30751090044199497
1.5183333921267137
0.7557271088291431
0.8770585636935749
0.8355134438416171
1.3411760387036096
1.462644277723422
0.6691655571835283
0.8355586615481382
0.9240579654884928
0.8738070897481821
1.066109949916738
0.9490472847132039
1.015834000214541
1.1979656473708173
0.5515448986779797
1.3963320463714695
0.6109035450482035
1.5032997801258763
0.590515936354581
1.0463669157686315
1.180750406780986
1.3797803674753766
0.0699564939048897
1.1275294369110929
1.6511740378235011
1.1909761815538833
0.3364527616659256
1.2915749958813272
1.256946166906581
0.11623084065701741
1.5889147500458742
1.6808190648788546
1.073837983840637
0.11747424124221446
0.99262762497395
1.9649930884619522
0.05599638785286828
0.8698916078106664
2.512483331954865
0.357377635206051
0.9967628556090283
0.9459661059906488
0.6893131676191144
1.8680175420950798
0.814478115159568
0.5679453757859638
1.2005513271862722
0.8326410216113432
0.42198291187204134
2.5741788351821135
0.20579077460003095
0.755296352144954
0.8639269688775016
1.399208991955763
0.9743605536112273
1.1824876252747096
1.059360867206714
0.10587593412058194
2.158779211381466
0.5372590146868463
0.8201463065414852
1.3782954951683095
0.29303057132078447
0.9251261852108723
2.3469527210312613
0.8285793279875187
0.257130613827253
1.8458757809020945
1.1505560797614236
0.1487539015529823
1.2747737989067265
1.7630385423509838
0.5784435809351178
1.0758756707939097
0.2498162933651457
2.0176082904745836
0.4032579097706079
0.7424546457689034
1.8682779690954978
1.1020353237601093
0.31661149031195635
1.70414521568549
1.0069481346993248
0.7837471300178261
0.43540308954978996
0.8050882452024689
1.6407925534185728
1.6004039291755456
0.3403730167955344
0.48250035714117073
1.5776951514801671
1.3492945866826305
1.0100844643680704
0.7232287706380297
1.0834275365001897
0.8055870192867477
1.2879825940597456
0.7724163193230454
0.38390750607331414
1.5859150145668333
0.849183940430786
1.1309530895115867
0.791607190417802
1.376997637476766
0.7744383108894566
0.8099465874905806
0.9942392508847137
1.6493613163540606
0.4486351865781448
1.017633407082955
1.8076165561977324
0.32521384917151763
0.7872412343527603
2.097268577454612
0.27173407345191153
0.9931293454638747
0.46697221636823766
1.845431421335007
0.5398238228621245
1.4347017822706338
1.3345269398887698
0.10924581544420497
0.5099111582566334
2.6826255832826256
0.669011434129541
0.4908055510737682
1.9457801180760634
0.6902131786788401
0.455287769397638
1.4848324045765546
0.41777717874121123
1.025029027551084
2.08100586499002
0.6517304083374375
1.0772047244287817
0.36062003170593027
0.6863866845537103
1.2263013081901128
0.6228721039315243
0.9800051983854946
1.6102145531949321
1.345236237012429
0.571633334752093
0.4388355080058677
1.7966913919119218
0.7842499711579439
0.584194648762174
1.9295720062556008
0.3143489413827949
1.1024974326550316
1.0509081702505165
1.1530277828954616
0.6409119116374168
0.9106948261376346
1.4230517426549538
1.2300951571474699
0.5998613436851093
1.193265060847803
0.6147546289856063
1.4613811354477877
0.48230010759182135
1.5343755122226568
0.36921904337794104
1.0594875581376089
0.1430483688144863
2.165108577101027
1.115914217523755
0.30363612806656576
1.0888922643027015
2.0648780050817535
0.4266561588338862
0.7691069401863108
1.8762524600769093
0.9964361363752388
0.5255762516311759
0.7021283456874452
0.8096451695762423
0.5733664774361624
1.0746470415529656
0.7817245960360183
2.1261839782146783
0.2215212934953107
1.0760888420331962
0.9027493813822759
1.269910312008361
1.3229529251523093
0.2369607515262039
1.0073135400844366
1.831446894518674
0.5185510696506891
0.8523534660971624
1.0496667478683164
0.9952947243320056
1.053175429603082
1.333424673485555
0.7280504974476028
0.839775493866516
1.2904557305059163
1.6977682983190379
0.33389968799454
0.48836670469129617
0.8202344047360023
1.4014325472328004
1.1453879442088264
0.8654725164943217
1.1002613275355295
0.6415077207739439
1.123931666838726
1.4548893949613657
0.9305240082386791
0.11763913203086976
2.4716959325149523
0.9247615861684396
0.5494676891404853
0.5987176704960613
0.22258118301379004
1.8298439688115868
1.3018985973731165
0.8001575556843492
0.5280447359028518
2.07416751633495
0.3553560692887178
0.9505040944897242
0.9584507835339359
1.359902600441609
1.023154054727655
0.4087609166188749
1.2863076560550948
0.6462378211500365
1.0963439602971758
1.87250235848642
0.7584911299016392
0.3483814531320295
0.975988775486855
1.7240543150580458
0.5163192132212455
1.5446071540861888
0.7898913044666824
0.6991255191830271
0.9480386652971741
0.8700712555018979
1.1080128227782433
1.0379612886068688
1.1225063104102166
1.0188780396731616
0.9798687940559037
0.9222307110650269
0.9614965317446151
1.1872194911508156
0.3144648882315311
1.7035325211148877
1.3955327485140814
0.6445299636326673
0.9535828341242985
0.7708847441702287
0.4446956565942591
0.8092497920655104
1.2764981763299275
1.5009627125891043
0.6118152083808178
1.9714739831769728
0.08447516929626592
0.021418927208672153
3.014946156044253
0.2947634048012683
1.0857539655217308
0.818598429919996
1.0092259855813324
1.407376854192039
0.9045723031677153
0.8410939087126051
0.614971150152043
1.197143832990637
0.2116238259408291
1.51318474892154
1.9101789625831986
0.7317521074750516
0.3580548765387968
1.5034198095942055
0.615643520706506
1.0082379097607885
1.5393567936827326
0.5678813676313575
1.013015998706445
1.4162162212536795
0.8853753089308892
1.1246921754064796
0.44590162299724706
0.6210941536148009
1.5348482368647176
1.350733804764724
0.9106691238909768
0.8695834423090544
0.5579868287271696
1.306543081224094
0.8441193624644516
1.333388682075457
0.9871501990121349
0.8334630242358041
0.9198071124432078
1.2978750751964816
1.0399838308855012
0.04831230365286349
1.9951005207142056
1.3248608150030634
0.6071419016719996
0.7956144049155677
0.06867040312087411
2.282783800932078
0.8189737958841019
1.0103238884941723
1.0768978605124786
0.4214789240821958
0.5898230746335389
1.8871099289627031
1.6761011024627466
0.23510106203453268
0.7892793675603397
0.9323914655751059
1.8091349471104359
0.552233189658814
0.44416343311071466
1.8360013490856026
0.36296419712223377
1.6410316471358046
0.7710464900863534
0.9280634111918455
0.29667372759576016
1.0396876846844754
1.6036742489795093
1.5033079939138818
0.7330364469846554
0.27738367279056636
0.839257494443706
0.4875527442946221
1.785427487348349
1.1922853442668733
0.2089995242759845
2.0250701927376595
0.39156660229851453
0.5389582607834442
1.8884974647393549
0.9830680619457932
0.827399562978734
1.2228783046076737
1.3037825980038835
0.4297487138190168
0.7430592554728062
1.4824146926225341
1.042385030387375
0.6535255896958538
1.6803348302976746
0.6375871956720562
0.5751150636529856
1.7584113829699741
1.3952483556378343
0.27440912106783233
0.564696468379171
1.4343700508032995
0.9351205368302238
1.1512404234826634
1.2328684218005301
0.6780960799077638
1.6653509216420679
0.6825005357739642
0.3195108947590063
1.4157850514077064
1.4871878638413232
0.4486470246360659
0.22104104840069533
2.5117742840946473
0.8400833177110913
0.7179282226828121
1.5559873494489538
0.0690559375604344
1.332040147930042
0.7781104251635941
1.3257088627332831
0.5883253741387559
0.9522774790017141
2.129351182464001
0.46303877965882584
0.6992029320563279
1.7377295612164538
0.5861310579354715
0.09063348030154238
2.7873052649513137
0.47455641783187125
0.5511721235384095
1.4972739625584581
0.970774059200887
1.4420787742763117
0.6531691228633664
0.5814106975896713
0.30167190841020475
1.8296071883769935
1.1968818992993782
0.9984319064683884
0.9493805450207131
0.798138299612628
1.458492284621001
0.33989840453163106
0.188259411528791
3.0623805488825497
0.6658544325462492
0.4746434566879595
1.16136016260605
1.1373313763409643
0.39093738921845944
0.9653860609931084
1.9152417830191286
1.1059266166095174
0.3637429128231809
1.6901538170242556
0.7665397446434841
0.46129020055726605
0.5585738989217979
2.265681384448711
0.6367185530526627
0.9800746704568438
0.29186962971247715
1.1266104793899814
1.2769198020082504
1.5017853721843875
0.35578306197916015
1.4040824583953897
0.42634122080981723
0.8066293992759592
1.4551167877128068
0.6224532101544874
1.2013863929023079
2.2396842119973077
0.24697355476042598
0.23775118250133487
1.15877934517408
1.2139330504712247
2.1160467218289862
0.018281802246363135
0.36854353440329274
2.752473944293861
0.6701437775598549
0.781976876485749
1.2185859999140067
0.7785036596766661
0.9444212385775321
0.8345985095594285
1.7174948415824982
0.795585629025991
0.344028694711142
1.8855999973981918
0.2459878964648228
0.887743381264911
0.84952729569914
2.284817023220504
0.7165002983020905
0.40742962377674075
0.24261980242109882
1.1122397239686197
1.7505514597850258
0.704962799290256
1.3139541356891382
0.9370222076355906
0.2310449024697767
1.2902290732777593
1.480909873040443
0.7742293207843404
1.1992259873243474
1.033647346721567
0.8180869866880452
0.5322744191628821
1.1882674335141632
1.7359556939997527
0.7682560209010568
0.9797203708398003
0.48128044231156414
1.1910686848582912
0.6140499121394418
0.925952059593645
1.1728381457316115
0.5400923108558948
2.480773557346133
0.6438696315397399
0.17604014326582154
0.3013076407065181
2.0234556937705186
0.9524523229875992
0.6004485504343413
1.593714111303415
1.0469692299948339
0.9601719703382997
0.2422157443601983
1.561684019114122
0.4455708190668402
1.1194169417043252
1.5772136640786574
0.7117821011485217
1.5963287794111576
0.23596075612987286
0.5427854607918933
0.6508907025910636
1.993641556216927
0.30273291262854196
1.7024885885440864
0.4456871658316761
0.6812191380361249
0.876719751229614
1.6750511064134064
0.40927322514311676
1.58079792334665
0.16209637540453353
1.3202024892155473
1.1378170510621326
1.0505012192235275
0.5194809537643488
1.867868104332441
0.5041103750820208
0.8913415034926638
1.2050342871807278
0.4739973517168035
1.4627179555326946
0.49334705392846423
1.265361251221313
1.222604310342091
0.9956672432211354
0.47224380162309193
1.4886486533741032
1.1307555798463063
0.6839697921901333
0.6693296860246969
1.9563806969398645
0.5175319357302406
1.114162530965032
0.26929656607277574
1.9616418677876797
0.47650746565757407
0.5319005881572084
2.5814933419671
0.564663836535437
0.6316329867423243
0.9122735429035849
0.543359568991427
1.4670739059834217
0.5314577610036677
0.6961025989046447
1.9922912148000527
0.3485781490369603
1.8068437070972996
0.4102738496188218
0.7419078587412767
0.9685346715163907
0.4106602090575983
2.0014883344681937
1.0563014753955253
0.6458682293936304
0.2477093167381438
2.1332022636033465
0.9190595995081038
0.16586149475105927
2.68320462976004
0.8679754567804363
0.21690442657906342
0.6110866643135058
0.6367622413706826
2.9173935702074454
0.3105154428269011
0.3561736620994053
2.4238823964924703
0.6148736047342718
0.8679263168381108
0.271541982268289
1.754927389074149
1.1987015735501934
0.7451526302074984
0.8574027315429193
0.8598319373127171
1.3288294693309866
1.329297020504126
0.13540134857809671
0.6199007304193136
1.79610487295794
1.5054623215122018
0.5937675876156191
0.8518830125187806
1.5356562817268788
0.8632502645979586
0.2807584579447645
1.945860478963196
0.3289151180776031
1.126349427565028
0.5295778020133031
2.390738239832322
0.3573649332188541
0.051965997105774264
0.8454292483812549
1.7877923169061265
1.4054068545422616
0.5255236816022093
1.0104866580993894
0.7869516443259662
1.9841096453386287
0.3223544403168781
0.631907467991246
0.21028487609803959
1.6552503159804939
1.0991509643142114
1.7128793986167725
0.29576503084475547
0.19494831661891426
1.6540232106701742
1.1020991883892892
0.7664577330875302
0.9754582644113163
1.9998756058863492
0.17999785382053932
1.1024011789366075
0.17164663159842905
1.2960047956073582
1.7008408675481426
0.5299189808561084
1.1383248341683296
1.0413589166294202
1.0830710647633963
1.195013535587832
0.5237580776688712
0.9714653763202407
0.8399343777739618
2.0167355860141334
0.5995973336807469
0.23752758246758005
1.176180761223619
0.6961373793926058
1.7523909227732264
1.459982932046948
0.3565744402882598
0.4015643658760917
1.9219100237402862
0.8068809155266513
1.3013007795074079
1.1152105797385496
0.20433855648228216
0.6190471973260016
0.11926968063095167
2.5844739088643487
1.167465423448369
0.4243488087928356
0.6856866856325674
2.158347187502085
0.5995452746917652
0.6447384430779656
1.14743414351053
1.7015374589044954
0.03711164873561
1.3227813689150743
1.6115443038933202
0.5947080120108378
0.7052868877127275
1.1325363856358808
0.9580795407819854
2.2030007292405536
0.15795014034609384
0.2716354805254318
1.7047811860894753
1.6606395337082878
0.68053802242367
1.017151675189224
1.139143662359914
0.2036045983053048
1.0097476858007568
1.6705790626643984
0.6947180239404804
0.694750187368466
0.9140929137260525
1.5361184917686108
1.2144852805902284
0.8516859995424609
1.0139678727737735
0.7059609469084315
0.8471435605794563
0.6316015866771181
0.7820250350044331
1.9930964487764837
0.05198283302132877
1.598103001343095
0.8965709014779484
1.0540081592776325
0.3034048564252343
1.1555258465761298
0.4612772901052087
2.3323050557805223
0.9075489351049563
0.1605632782648764
1.2503451539717712
0.5917926670329499
1.7109055647402511
0.3087386741900636
1.1572618105962664
1.4101560468893892
0.8093165754351388
0.883659805151013
0.9817862339113987
1.4902463776516808
0.3497297092605986
1.6664550987183053
0.8225075947391056
0.6352235598674917
0.5865108798261086
1.3121686907339971
1.0616991622719476
1.1203162724014795
0.7771843452177185
1.3761940385698352
0.5530928483682402
0.8935817338375739
1.583462891931668
0.8661258200189883
1.5331371401454077
0.3305013613183436
0.22271481595254009
0.9709994119611212
0.6176154822757661
2.4926931955917486
0.0712629697995839
1.0422140410054375
0.6139414921998051
1.0733201131799488
1.2451003585838776
1.2389038508528338
0.7320986968350416
0.4815232440362816
1.272367662655496
1.1553924232505328
1.3955552602717656
0.9597063375398276
0.5657821819801095
1.3183685969597443
0.8266092994683738
0.057088701120697166
1.2866575432634495
1.4483706483312555
1.119425924137243
0.8883671584070015
1.173703934562302
0.84717651628018
0.8372761523227696
0.8786917521680125
1.0427120164771757
0.6256009996228795
1.3935699910667252
1.2414953783347802
0.422738152452366
1.4726017526918984
1.3720458741508916
0.6944044477656045
0.6884095275394048
1.0852860234060577
2.282971769474017
0.2707646027704807
0.0715076446303153
1.1465948733876554
2.2218282489180816
0.8164598474963357
0.7489726068850044
0.880181792603931
1.0655517580845482
0.3354821554461935
1.3386550212723085
0.8332879586836754
1.0201924442242005
1.4500399792345893
0.45264815692105703
1.0533112300114498
2.4653524211099698
0.3315287165060048
0.36638462612773637
0.04039498738080782
2.2558319766376367
1.0366867706082885
1.2017892616422443
0.05362175109687403
0.8381023502330844
2.204348143200428
0.6785982662042227
0.6770455577375989
1.3171464781494688
1.3961379944849672
0.8487837994777571
0.581294899004626
1.0421373992575627
0.6849208745483066
0.7313348359784294
1.317099235156475
1.481381101721354
0.9966593154729402
0.5439280075051265
1.4708706478801163
1.1933016357845818
0.40076600370472754
0.6959666175758864
0.8875180494383436
1.4575261132125126
0.3831259735285252
1.673359777165829
1.622598659366349
0.2678781148733323
0.4942955865041401
1.575220474648601
0.9020324167968301
1.427108620497712
0.7100298784853936
0.34430787155797093
1.54868656631542
2.1155630022617165
0.4131999898012301
0.4430402896795829
0.4333423629108268
2.8133016018712094
0.05689439149370114
0.9534044635034092
1.4452871986855798
0.2815342819391695
1.6677284965570212
0.9750768086676269
0.8642618304834264
0.690296898283817
1.8314398453533371
0.46935367273424794
0.8087842973006457
1.8189940886530231
0.6742069446326738
0.23604832802992395
2.020864665514187
0.5177121724446915
1.0742552529539804
2.0242710956846643
0.4800791999588272
0.28506592231488653
2.2953709793633945
0.776078160202907
0.8271647831830574
0.61658309599935
0.8879811759582625
1.3845069120706428
0.18081596965214625
2.5553056290506513
0.08565476369496217
0.315418151753889
2.0856824057418115
1.7821629872031584
0.49448972320872636
0.3749607110416516
0.6345697885843847
3.0590093878558156
0.31636850758295243
0.28477785530522426
0.7019501727502822
1.5050535204050715
1.6904558960530724
0.8171060974357184
0.6661666274640428
0.6709975260958245
0.3214648659593549
1.7746698687718419
0.7609773348356637
1.2048042019944942
1.5880817053001108
0.4994441113909264
0.5275107046457793
0.5212490555740873
1.3440977585065328
1.0644953440722469
1.4830167296582486
0.5457023235323237
0.821976846024448
1.749001498243217
0.9046726652426829
0.6130304117959068
0.631072673863384
2.14291988378546
0.7357924672058336
0.5402915516495548
0.3900712718264139
2.667437158077362
0.4079735571190052
0.7130005456631279
1.352565775415605
0.32573433132463814
0.723981837596501
2.0053958230149385
1.4518853969799959
0.5358260556340501
0.10857848075657128
1.5665000561024656
2.488624647182437
0.3633344943654277
0.27030133246974286
0.5607148773640046
1.179515644856209
0.5727649954989573
2.261500542541085
0.5353208458690255
0.7688258685709792
0.9728483611363568
1.125054952352527
0.33900080481570544
1.9167011015783975
0.012668592136730652
1.664965647506583
0.7709565936349168
0.3646397223993093
2.100790103528634
0.34527127624665915
0.9896350329035418
2.064721768037346
0.5361804093196512
0.9425005191212282
0.04810728558050571
1.2923860933573288
2.707385570871541
0.2250398319352086
0.4476055104750199
2.1426360331020913
0.12740407114890517
1.2516898798319858
1.8541073228643867
0.5107375568132501
1.1985326043253113
0.2131191580415793
0.6231713473042473
1.494332492410455
1.8905481742092471
0.6212124565763757
0.617127983135974
0.4411322575431328
0.5987703559904763
3.0360235971219556
0.21970273160754594
0.6932142542011938
0.7259852913662641
1.172893912824003
1.7790432181632554
0.5299127359829429
0.49456367966445475
1.4740901842802976
0.4413960613312592
1.4654078016098033
0.9590233899082818
1.1338896817881592
1.327651646004404
0.21705542660191898
1.0984700153157416
1.929048713582148
0.24959588720683817
0.7343583550533809
2.0347955298209297
1.1420021060714005
0.553863766844175
0.3460999783370123
2.0033645618442972
1.608555431707899
0.12252320724428756
1.093144646607359
1.607725254246597
0.9651623773531736
0.2725630030598642
1.2463869017900266
1.3952690683106614
0.9064570634370677
0.9084429913997231
1.1176607592331695
1.1514907130074798
0.7082016221984766
0.9620180160753055
1.3153905544013753
1.0887732019410667
0.3127948913260286
0.6955244608867626
2.8579962109475217
0.6649487181498626
0.3148264295793441
0.9150418725966992
1.5482950388360772
1.3015572931720383
0.30648340779740607
0.8578123454309342
1.6380156633018537
0.4174703733198349
1.591430965047176
0.9803700044213519
1.0494495190187072
0.393430959327307
1.3833085928831352
0.42720869063606975
1.1457432795069604
1.0561427124698453
0.7813292874234052
0.4557760902410597
2.9237423536189304
0.25353055238012434
0.40478281416192613
1.0106611594452772
1.3551364597403333
0.8893623645432143
1.2059192811736523
1.5476354711962377
0.2995677677264346
0.9976015784863362
0.42058124425629223
0.7146350365340591
2.0986533768016646
0.6560912933585334
1.028851243043584
1.1789409482577875
0.052745761204182784
2.404614341245443
0.8415243627940099
0.3765174831300826
1.101479356866378
0.8075114002418158
0.7946690417015067
1.986236206674968
1.0668401764625173
0.18638424095213002
1.576561259841226
1.3864959753168864
0.5307565730806356
0.5203117280109141
2.022472003617927
0.5362793072694026
0.8645309692227785
1.4890170744026905
0.6724875515882699
1.4963920352907703
1.1409347810394204
0.28755751845727756
0.6840029286463294
1.4459430007285294
0.775530420158642
0.6014988028076146
1.4803143794011737
1.6808210971943103
0.5475031845400653
0.8171479092855122
1.3464099309399304
0.9581694110310202
0.708793903724381
0.719157867225731
0.9520891271994767
1.2721120227394418
1.1239950158811187
0.6173680150307813
1.864301073397169
0.8319515404725903
0.6285077210498451
0.5304136270665852
0.6540692807978585
1.0506403782582325
0.4042951569405296
2.22374852555161
0.12671435491126243
1.7777077914593606
0.61492538211353
0.10547376926999419
1.777189162078017
1.0257089504940948
0.8360129491639697
1.3275048675178494
1.0302870314179826
0.9138972637542887
0.9162762367214892
0.6898942092241095
1.4211641965876725
0.3630151059477776
1.3764248112837416
1.2449292311689686
0.9632890387388959
0.29409991073346486
1.960800010853863
0.22090165843726087
1.5680598435186024
0.4931697386920979
0.4651793807711733
0.8867425301133677
2.6105622488326405
0.3442554145062852
0.8308320659397264
0.6770402969081788
1.0255275068097645
0.9259718790456088
1.0798219193682819
0.7228968571728045
0.9339811007626463
1.6801667737484745
0.9112855591128917
1.0140403489369392
0.4759685052966737
1.2160051771531653
0.9187363163488177
0.48387540623945163
1.341862884324686
0.25276161593053675
2.5427436280922113
0.24938538598131113
0.4826117825408878
1.0818894518226245
1.8406681092690724
0.5187065360315756
1.4032628278032808
0.827624253770908
0.0664821925922846
2.1825275556805845
0.3956653426185824
1.255642698261649
1.486642275185198
0.24882175908102622
1.379928840847322
0.9670499636879496
0.5125455638273876
1.2339218908567007
1.73577248475687
0.5518479130012912
0.9484448181575036
0.569129604451563
1.6025264268150563
1.0202747821401064
0.9637119681933581
0.3413237317358634
1.1241929037893608
1.8499345095685495
0.6454522842070599
1.0577458968571314
0.2969205532362809
1.450384301234473
1.3358342319583676
0.5710339624289263
1.1673324568529906
1.1339288290958232
1.091666809710443
1.1281504552304928
0.536249696549289
0.7768673772889242
1.2234368383772307
0.8782266070419108
1.1280230065726067
1.9808874099028402
0.054728111922998736
0.4303351495281396
1.3374769419292876
2.0270491519569735
0.7926061845955271
0.35571140397500994
1.6241184662645471
0.944703004129833
0.3247505902346511
1.7772671627610832
1.4431102824651532
0.5605950043237771
0.4226827864107938
2.065533320525323
0.6865590361110856
0.5329650639682032
1.5006701832615865
0.7905504844564547
1.5767444108420519
0.5247048857838224
0.873970651827061
0.5940764641722032
1.6947098423803784
0.9330899045161298
0.23864802023006282
2.4585352041038813
0.6469430968091706
0.2974616264344828
2.164421909455907
0.3286077335797973
1.1774526623140193
0.37517740941922767
1.8472028897553299
0.7935117152965983
0.5528057810991385
0.7991464880451433
1.6728093571737521
1.331086909403276
0.3472912417574214
1.297139672978092
1.4274705376129908
0.3087240849768151
1.064418931370473
0.9989656174058555
1.8495883246670373
0.2559017589105821
0.8128234189060961
1.7876303263413862
0.4940558159791821
1.1162041122998314
1.6840814639000843
0.15964726898388557
1.0006867117485578
0.9985136702804782
2.110626910325845
0.5249657758772539
0.17609798757710984
1.273421839123137
1.5779707398096707
1.3813555055822706
0.3705757530296891
0.7615343138784286
0.58865417919535
1.8530187166680954
0.2961031125210844
1.3494659917173135
0.787948125869526
1.282195719704718
0.7152349620661435
0.3718023460217384
2.7923671716903447
0.1894736125562414
0.7941267289630548
1.3725154549802336
0.8669576738282648
0.543999615773807
1.2997475517690564
1.1159040836410041
0.951983079746672
0.8460143588648914
1.1896520942182753
1.343929194531098
0.7132271433564197
0.8891685056052776
0.5513967315303925
2.205688349603369
0.423411997041779
0.5114283943723318
1.4006493732261622
0.6441267646743944
1.8316866430989525
0.43606710506117824
0.835191992094448
0.8275221809080427
2.5042309714994544
0.052821447137396074
0.198830472118476
2.7621720666067295
1.4191919212340371
0.31851925638879636
0.4579438082332232
1.244927495403712
1.750735953403984
0.6047311051168238
0.7657251749071718
0.8562451581240426
1.9913034311465811
0.611092428920344
0.41306329161321775
0.9533946662164896
1.7531553507101159
0.6288920355671042
1.0991104507104557
1.416897454127152
0.3800008453444771
1.3719302821891832
0.9388210408919231
0.5992048035836239
1.9516742513564718
0.5188845715261
0.8517699850221834
1.0343419460115202
0.8484134688171715
1.416739720978551
1.0400809831465099
0.297460703318564
1.6171193159670285
0.9175819566576158
1.4687975102196245
0.5338832224873483
0.6257235054644409
0.4958641250076477
1.0572169842399046
1.9356814352345417
0.23108318422929378
1.5367444624014244
0.5865968993047223
0.9525530811504981
1.4325188718990278
0.5769775330808851
1.2348437793236524
1.115663078783223
0.962116699966597
0.717235059361416
1.0779356543579337
1.3734811626969963
0.8752037330975653
0.32624394875992596
1.9866854022842568
1.2974291828686288
0.26273268403848
0.8321217186248763
1.268664000378
1.4584009522405408
1.051605306259265
0.3033583492261769
1.1941205671778603
1.6979964955626394
0.10607316581169696
1.782200532985506
0.3726804981193214
0.952394728714494
1.4353770490870776
0.9808896965793328
1.37388752062386
0.6604282542055737
0.25011308774929897
1.387805249428098
1.8396723058880489
0.41393474152228743
0.7839468259478108
0.9393223244109092
1.8220761887728834
1.0328471571193403
0.262975861551875
1.1755302911752932
0.47821999614641436
1.6617982847231918
0.5723964482371203
1.0936515128575168
1.6220274308230915
0.8086051577456609
0.642501328662985
1.437103931461214
0.6539317343393977
0.4196527230775078
1.1465565274665597
1.890452412788699
0.3942393921099347
1.2912999417850417
1.0367344282376503
0.8493555598595532
0.9338482936000114
0.8311203553486451
1.6765919144803563
0.6687788214552648
0.6408338339583393
0.593407654861122
1.8203581167326417
0.6667243338444019
1.1176543062994653
0.8762473096548696
0.967639600260505
1.4884509579740184
0.7418860544331887
0.5126354009231511
1.13111219783872
1.789142700949816
0.7963286500961619
0.4490558959038249
1.9900469566166694
0.5951627065534959
0.417585292199654
2.1086424803226325
1.2151392363411477
0.09262811091144667
1.2543711423976955
1.9965021240632728
0.5112463112911023
1.07482422391784
0.5251140925118656
1.007192977775171
0.46531411101453174
2.1506083370546274
0.6923954150750976
0.6402982636320804
1.5622106557702726
0.4835254183503948
1.3100489488831093
0.32441298223857534
1.2968051590058114
1.392183145762503
1.1110541512708687
0.21329733148147084
1.4980419164182663
0.6450408985467486
1.8265379496579954
0.3990686532566988
0.41172637296700215
2.141913843993202
1.0053141718825098
0.21398167153938985
1.9239891800648754
1.0600486442878854
0.4087962640408524
1.589167323307354
0.7988197500923192
0.949434651078216
1.3905177228157604
1.091922657372534
0.5154178685810826
0.38609191206593646
0.989846328801847
2.4277858880183216
0.5580780304021463
0.4603471714183955
1.823385462448826
0.49685521781391706
1.1660724316550923
0.6003850642372661
1.234447688321975
1.1472822246243066
1.287894835029125
0.9427152478836448
0.46842890365357714
0.5315165005110148
0.928200817193284
1.3669220121706818
0.36782446308312344
2.0073767504908715
0.2141384737944029
1.3935991391585667
0.7910019728293775
0.8849491913745008
1.442872808018403
0.7169770718377853
0.8739357904954115
0.3757726752302578
1.6594016553683046
1.599228608548332
0.33175580187434206
1.0750935116688973
1.03015255045653
1.2197025401412915
1.2288746271270883
0.4954217170596147
0.661286864257273
1.700106559944782
0.6960656692333861
1.2230513891958315
1.161142825240288
0.7084966551270008
0.8197299729088245
0.6017735435330673
1.3057887435408828
2.1041722787780577
0.39810434161299163
0.34689494008308314
1.3787872418098301
1.2843800204339804
0.9663246039837984
1.3396890768154404
0.23722692337173906
1.4427765445073348
0.11596730617498546
1.6901111766466432
1.5472731587249997
0.41119148470051675
0.565160263153602
2.5096117926953476
0.5301938538438322
0.35516017716734277
1.1980077584410203
1.54188539211731
0.9330455408649179
1.3010167167281028
0.3692641310183258
0.5037564191698962
2.264992494839243
0.6945089516698355
0.5638203545454069
2.3094692400035366
0.6253486753609139
0.2822642439177199
1.55629265500157
0.6614234074717383
1.1091736932572254
0.6304086634894077
2.007604248932336
0.7558501984439847
0.33149005124378494
0.8991544272712536
1.0897093427711557
1.7978066407323805
0.5147864700520337
1.2468754720577246
0.8370712077472673
0.23652389766850246
1.2212646571320314
1.3812307350498751
1.336242446859007
1.010570936664369
0.032946882386090816
1.5251636804833064
0.3375730414485806
1.8263984801831994
0.964711684602689
0.34744240424504236
1.6639537458279965
0.6136284622872435
1.1311401804579122
0.69905896370734
1.9345107246971842
0.2949476937083309
0.8439779526590487
1.1159598314662482
0.5614001656825418
1.0866493030946769
1.1990994984006291
1.416582511184848
1.083527201713842
0.13139757363631233
1.3547373717975133
1.1005119234685987
0.8046948222273805
1.6171025337001128
0.6147870092005391
1.0819508593000704
0.7409229266332038
0.9756122056506973
0.5628547083117573
1.5230862924098203
1.016913930767707
0.8755728522272962
1.3902145386077611
0.496632463423686
0.5836756871947619
2.3023547851163237
1.3551759452310592
0.08561343421023598
0.5848303330149093
1.8748743911311374
0.632509844252657
0.9541494986258605
1.2329324443050094
1.0914022437410202
0.8491452061210003
1.5474878212571648
0.18156308084876724
0.8897928253627059
2.516127461169156
0.23625766361861278
0.7411030266817422
1.8103494974387997
1.0409171811575846
0.5733957346243859
0.7298142361497257
1.02761402188647
1.7297576232158083
1.1300649784822414
0.3574128993352046
0.409231440368296
2.9998234455294015
0.33986894946378493
0.40422841697913897
2.0035906444845124
0.2763112326565126
1.216707076185754
1.473511893247971
0.6398682863918347
1.246168588653157
0.9121680165074244
1.1032177172151636
0.860704443080651
0.3349056528453477
2.0484413148081804
0.5367945291395712
1.0536156379603852
0.8726525801472065
0.9496928906006818
0.9073854674110181
1.5035890297097079
0.6641172399356473
1.3090451607597153
0.294431650571382
0.7099358934444016
2.6340978699104953
0.7620301682319659
0.22759914150131053
1.6485384875231817
0.2647464678551753
1.7234582502402338
0.7989628277505997
0.4974857356206633
1.672774508865134
1.0242556797081919
0.9299707991683502
0.6011272303224814
1.0870058984621558
1.5564922307999998
1.0047699048066745
0.5259982670136819
1.223560258364386
0.7354081100569003
0.8870214555650761
0.5694300950586817
1.92818431631977
1.156262146808427
0.4487506273152007
0.8386531316162406
1.294462382755811
0.8665067132218846
1.0955773713264283
1.7723116939887915
0.3862792012338018
0.9361215902105585
0.6659352027046964
0.07738121221315193
2.585976397921537
0.6886671526025427
0.6651754638536627
1.3578151638057379
1.386041777637079
0.4256648318397852
0.8833253254602212
0.7890762154614881
1.698586309667413
0.6870881117978386
1.3046250010545717
0.36367842439762454
0.9141496394014433
1.8745068835302467
0.3625423588394875
1.2725857948800348
1.411222294981961
0.6949654525600065
0.7470523324297749
0.4510745665702808
1.5759257707883543
1.620973588439754
0.2679172245087639
1.5801643163189554
0.17033510022763906
1.064411487379639
1.7848136465776048
0.42752782652464383
1.4647787274738904
1.1992844072729816
0.22285279855753481
1.0692931974722262
1.2430857051669444
1.0833168099118389
0.9965446844207245
1.3177576026800748
0.645144550808738
0.8590142540431988
0.9879186794768232
0.9759088493878488
1.5410306186555613
0.5260421881156578
1.3109838761683097
0.6942924440248235
0.4267565635713246
1.5574871568133262
1.3208120531376222
1.1356348640475793
0.37663204573870124
1.1459873584906475
0.5000283889316197
1.6917395522183223
1.438640277394351
0.31270178830420703
0.5460687842414227
1.6020270912541277
1.4714398453028186
0.7706824969149578
0.6482075466647813
1.0340053778472587
1.7061354994565152
0.8450154735093319
0.44910045033339757
0.6509622755283895
1.353658900965734
1.6259815337201577
0.6575174395512873
0.7202135217983366
1.1486504159767785
0.8540556060456
1.194312690512229
1.3328849247251076
0.811069211554267
0.8752655141708638
0.9955653435793139
1.2559479784947467
0.7366566273096958
0.36620985248770843
1.3477165538390798
0.772751174703256
1.4813170657605275
1.3215457832434898
0.7910011443462712
0.6800565999082337
0.3854819221978245
0.7316198615410241
1.9823824854780607
1.0723836589332598
0.7721942215018488
0.10578184751408354
2.1847855466168484
0.6498847720093419
1.1664428678641734
0.347661661256222
1.0073920003999906
2.447484457979643
0.2064715932595878
0.4712955298325349
1.464854890984869
1.6240708640153916
0.5349692612052805
0.6180162345483123
1.8913847160810737
0.9025715765465723
0.7355847198179506
1.7987181252692421
0.42433068290070586
0.26731678831453964
1.0714375004609762
1.2931718771827163
1.743220313080611
0.15546716480764233
1.2586748064421516
1.5930620986405761
0.31710868926147673
1.4040704701283029
0.9673187651480413
0.6546442512011288
0.9912708421316111
1.5224195490771557
1.0602169163869624
0.05441643751129343
1.9845181076340386
0.7691722849178694
1.1133842949732435
1.1386179595335586
0.7621982261571377
0.6080438497166494
0.7451482499565076
0.8429050638930148
2.1260193928809072
0.7056969117995183
0.6275654163045769
1.0631578391919456
1.070894509436906
0.5773778055103067
1.8700143839467556
0.7783530253739848
0.67429888020701
0.47946246875968945
1.9142800626101826
0.587166165185812
0.8185582277271196
1.7519538364184577
1.0400469152297822
0.10967003250828854
1.9639737780264985
1.1408361107034932
0.5533493594303901
0.8974487543979658
1.8302797853906576
0.4514694419654051
0.768793563279747
0.9680921277988372
1.3461510051786276
0.6933980160724396
1.0917781683930918
1.5037285112742595
0.6957617511902413
0.478130015100179
1.8698413489399974
1.305286464399983
0.6664269174153353
0.19277271246936714
1.7306839210170826
1.5159865588981798
0.25252978226090905
1.1961503180615467
1.5351553956179649
0.5478269234311963
1.3761925276142535
0.14813673341389738
1.9257312198919403
0.5868190056476061
0.6457956526701778
1.695731340406446
0.2126329135597355
1.8356169787305283
1.2105735414699197
0.1873022806245343
1.3794741662450192
1.198656505467394
0.7037930469262698
0.9647839434722564
1.0373109617749925
1.6113627286605803
0.6722288193927856
0.5085919403598727
1.711104378865187
0.8017647185119323
1.2132007369882123
0.7250083004807752
0.8682542102011993
0.763208217781099
0.989906111565699
1.1543473366332513
1.6799086642465493
0.3359963402007312
0.5108376960627663
1.871215767718515
1.0297132403538505
1.3945166179969533
0.20291914233965236
0.4675214605326176
2.147735676270855
0.43298175116867876
1.4543261493999093
0.5002536136329356
0.946868889525833
0.8559176000098793
1.1425272283834293
1.1324808854108197
1.2941821199365624
0.5324013813086381
0.7866765982518908
2.103530073542973
0.6191295495802851
0.19516191687157744
2.5690884841379917
0.7504194572622527
0.6386285162576616
0.9150656388568231
0.8847477683015271
0.8594864925460377
1.5620059403991817
0.9204929364742194
0.6581600258832652
1.0306594843301504
0.9357505131383881
1.4339938829494963
0.7325368702324565
1.076306661509597
1.6113891379096752
0.12262810384544909
1.1070441682788228
0.1769197239595122
1.988996775038217
0.29410606870101774
1.3050114108429725
1.710303374497477
0.10408450643336112
1.1654071066081917
2.1863746922745797
0.29589606278200786
0.8134766691129617
1.3320055433654696
1.1407746752157073
0.26842762565385125
2.236045148247958
0.2547072250197413
0.8330567900270257
1.1841476123676886
1.0696763214160996
1.0598249868853258
0.5128893555766573
1.7377741117757308
1.01031937045333
0.5860710787348179
0.8961406939249991
0.909244786152422
1.9162871949073517
0.6949832659262284
0.6156020647526091
1.1410864917104449
0.49856406574065754
1.111321686461647
0.914252927461627
1.8087047018135134
0.4388253694225656
0.6958922882273809
1.0736104134700295
1.65109903490216
1.223386600234547
0.2998228359762474
0.796968282823254
1.0996450073760333
1.4197341562634695
0.5261221456353099
1.2526409613084233
1.5374994925760854
0.6220970726247798
0.6786424283224488
1.2158130239736804
0.5818393010781067
1.4826609149922894
0.43315363987547334
1.4607190964577972
1.0084870244525315
1.1019910153131933
0.4972958391126214
1.1302471184782041
1.2325415710085659
1.0157531953490673
0.7551811939866118
1.371400435494467
0.8812046162407837
0.5790316980022924
1.6824043385723735
0.2222957614820274
1.1377152124794603
2.227756630452737
0.23348668471345266
1.3955583970200973
0.3105628878294451
0.25865176530821254
1.6644554615017897
1.5366933602697823
0.4553445383210747
1.2094841769602762
1.3444949060171765
0.32981282446568794
2.25292760644822
0.3579071625909176
0.33875757745275253
2.419157615579756
0.21848425789194795
0.9956353548036687
1.803113296755458
0.564801732387795
0.9326980775031519
1.3808892365107657
0.35272959818253097
0.938121569440471
1.9528054562674004
0.9808654185697652
0.3069270406637551
1.6672261277106375
0.15357485363886875
1.8494068631261846
0.6463120518291146
0.6079899186342436
1.2152900355417353
1.1236912293832166
1.5401942528640247
0.29450492504003406
0.7461850511985783
1.8530775465981215
1.1250556032351668
0.5840828421944438
1.0427984293995296
0.6046969557946873
1.0815408106725917
1.0661663583802732
1.131884275647353
1.5177686705366655
0.5170758238696395
0.6847683140201102
0.4863693426555878
1.7738441540780556
1.2665729620354393
0.9899183675028139
0.4580983973049899
0.7461503597353022
1.5958341800472862
0.8858299544574672
1.1274058779914586
0.429799709355027
1.2863502533455096
0.47005372068035456
1.4283229603246035
0.9007885530189542
0.9169463018214771
1.762112793720093
0.6694475986957965
0.305786930950229
1.5803225856173557
1.271716032358704
0.9385488011616708
0.7139129366516896
1.2591567423785808
0.5125914860104022
1.103674576577337
1.0117900474776564
1.63795595875323
0.13416895285587424
1.1080287305487664
2.2115048507752864
0.6207583092895814
0.26081524546171314
1.6984795571151177
0.9579424535759063
0.9231307672270657
1.480028020900729
0.4430732729306131
1.128659657785831
0.08249340949772047
1.9626039671831244
0.8461384710666332
0.8340285006170881
0.7366914945401459
1.6807039203411829
1.301170424703055
0.058719876982992865
1.2385796565849345
1.3254764823553165
1.0463986490929256
0.5696624847618915
1.6365538842755545
0.6396413124399625
0.6677902235322158
1.837467080679476
0.4940244311030266
1.1087571070628295
0.7227747763574339
1.2016370516711472
1.7741444339528192
0.36329542315435487
0.7452278795624495
0.8109937234558047
1.4481625853725593
0.3297620695427891
1.7915342900566995
0.2969256150352602
1.3361607233978663
0.6411306746071289
1.0835173614928748
1.4743066509874991
0.7834819957272741
0.711865912653099
1.4433105458173083
0.5638216535153725
1.3187155174177327
0.7762391361952208
0.7422980847269058
1.4556484233049227
0.8061113516989721
1.7407377626914529
0.5173766823041929
0.025370889608708768
1.6339458858897762
2.1211382644070307
0.09286965369630823
1.192070426819438
1.0431863710195792
1.3921795490582671
0.751608291277002
0.5460615486515196
1.2562190520687013
1.1383163751367398
1.1220547670701952
0.4140028714912963
1.5110787882088124
0.6900144707760577
1.7820005890573714
0.4520439144022232
0.30157129919689624
0.8150833949681067
1.4815280351724294
1.277906615603239
1.057224614577092
0.5251243253384764
1.4253697847064009
1.1521676851096438
0.2750731832093072
1.366262793420625
1.565740345066339
1.0177248095696991
0.40200157369536216
0.5517656118028014
0.912807200380955
2.1338655422484782
0.6371723881027839
1.0483189219712894
0.38359355442322673
0.7425685110831592
1.2683828599312412
1.7964723815169485
0.5789886807728315
0.5775038952668716
2.0933336476963538
0.1912390448331865
0.6624681397009283
2.332873988753578
0.80367332187681
0.3833185812241292
1.7024854791283268
1.1672241563783634
0.7622510893513352
0.267609750882453
2.702727673316027
0.5829028728703137
0.04190336184197143
1.5591236579231769
1.3872652902982372
1.1893858410882496
0.9161979523214766
0.35404289933813093
1.4478639131502054
0.5462553276279504
0.9713232374671643
1.70306861246021
0.7664328952203416
1.020596872779101
0.8814399551077787
0.8795816106796132
0.5390809855829232
1.848985980823091
1.0919090068148836
0.5973928968638037
0.7899404370559989
1.1454040162679655
0.8847476266064142
0.9280692351586667
2.0221780819271533
0.3313346239722111
0.6549806024644166
1.052354927103111
1.2745202437702554
1.2383636472108586
0.6937204325673083
1.15903214826476
0.8356373287728945
0.4682331286747136
2.1598674725598777
0.6380974728079584
0.7287609663150594
1.8368716955684121
0.37809183552912634
0.5714377923920098
1.4174296816165552
1.1957720931420517
1.1035118706864588
0.5833583485756193
1.232814151597922
1.3627660895644682
0.7298245017092658
0.7717275714008179
1.4933746929440093
0.7756921893490182
0.6504149202244586
1.0817193572298525
1.2967434435098797
1.1596186223328684
0.4537401267844334
1.5892502082769386
0.20406733776231958
1.592017576723173
1.2022886055677995
0.663707307988671
0.7274739839777811
1.2613655835253095
0.5051059751813752
1.6335673397910402
0.9486174604074527
0.847693348399704
0.3986446695788196
2.0529445687153407
0.49993739612035676
0.9904102278117546
1.5636855956051272
0.5169317082081518
1.2204890550887955
0.6793424196927138
0.4541821732547264
1.5666139767725025
1.4104357790393922
0.5713784097942778
1.22025948339473
0.9323319882024513
0.8129644304984559
1.4643532579069551
0.4490242465091179
1.4819741858931899
0.8391447382907685
0.6759823985955579
1.2314117850540645
0.8111382308980027
1.5137238841799687
0.3818781705792571
1.9967628304844727
0.06704754892966094
0.22956277061443847
2.3373827751849197
0.8905235381171194
0.6027588646906222
1.6745070491395309
0.6674199022401378
0.8974055721162632
1.2848569005635533
1.5331476768224352
0.25500528470840195
0.5352608123050879
1.6857836935671084
1.9175079992450552
0.21848391770289222
0.6211175574956176
1.7418416799360903
1.00542287183101
0.608822927665225
1.4626063821584676
1.0555598355172688
0.6045678381879123
1.377392803881468
0.15745652295760681
1.4611437258492903
1.2595491549129414
1.301687576697712
0.5703355510328462
0.7460140834572566
0.9146375891184803
0.8337760005355321
0.9899112488342677
1.8264729252868852
0.3901659618149343
1.1796376186367685
1.2209185343875577
0.5906894310212606
0.8160383328817794
1.782172612029779
0.2814129812901909
1.2811353684597393
1.0161552957912703
0.5121588005427756
1.848259586001815
0.3986271774919476
1.2841415915236478
0.6832501539267457
1.4223920093794025
0.9534291954930268
0.7257255740020411
0.48258237052126995
1.579080981688739
1.4084731994709372
0.33010259976538203
1.4881400248492893
1.250146822266981
0.3767361989764164
0.8416856520819029
2.092551434971247
0.9084450941790913
0.46609813347396833
0.7768026942514845
2.1482753896248195
0.32774333735899275
1.043044545410735
0.6851035967398055
1.5543141385113675
0.45183351402650496
0.8199350982890146
1.5570996301924296
1.3085454764772821
0.7961353463088711
0.8458733896533017
0.15738100277789263
1.5499725242256839
0.6617634909368736
0.9505661170021079
1.4194610098125218
1.381774729537807
0.7173347239682045
0.5071470088883967
1.3931162994994022
0.883325051567581
1.3282920747212095
0.664179611446197
0.319166926659092
2.242566612338599
0.9723545719395444
0.5070476976710748
1.0742769315077243
1.5031737666659855
0.7366866646786928
0.7365673159949567
0.9837866850090234
1.4845160287892707
1.1280354361285723
0.38239881753523597
1.4377579287452027
1.0333189213882779
0.9619881912809751
0.8782305809010508
0.8358265414810019
1.2252558207551523
0.5518069200846659
1.4415465255143485
1.6010935133881117
0.49307908952794044
0.4398936736342481
1.624740944530371
1.5177460973815673
0.4878102722682959
0.6966619612051825
1.0486250575524607
1.1334962132353599
1.865865411347016
0.522268096666293
0.19511901010765229
2.4024982236454973
0.8668595457560387
0.45021341902015444
1.0901439519653193
1.2185040530883082
1.6294119793388904
0.4814639715660888
0.2763132805668815
0.9598611923622086
2.779240521363559
0.34388021622400505
0.5633226578539992
0.7850316972521771
1.3264382914370005
1.218747591485143
0.6497008074065728
1.6744832366622133
0.29364335901544825
0.9834661145366884
2.0644259715015187
0.3194814316657422
0.7545074212875668
0.8131838335408949
1.9302797449205504
0.7593689408652593
0.6127849465369442
1.4588416044937742
0.5281963892298963
0.9561712241871604
1.5422488289436391
1.175411192831943
0.5132631875766634
1.2086389370015767
1.010319128000233
0.5703215801024794
0.9894893795332222
1.7832455393976026
0.8895097378752408
0.536701967522343
1.9113074919743207
0.5911164558872619
0.4174696977424829
0.5061834043191682
1.239616633499961
1.5389297259294006
1.07840421856617
0.6812944912229129
1.3118337775320295
0.9888395903983168
0.5205559050880039
0.9204780078982969
0.7770648200119529
1.8395262526772083
0.7767735950955783
0.7661308804080383
0.7780828129449361
1.3621449034601025
1.7284536904100798
0.06548985955010797
0.8941061078880868
0.5261979458980166
2.7537294927254408
0.15358659784370146
0.2492194475527634
1.914530323068066
0.673086287304883
1.6095926163145546
1.085482125199514
0.27109572483513
0.8150437025608542
1.1202675220546836
1.4840093760097484
0.7803396625191898
0.9223669944984587
1.7347819524883714
0.3776116285757065
0.5889606053390364
1.8235575982173169
0.9396194697389049
0.7406235768661507
0.8604409265516755
1.21977136137997
0.8727279652559191
1.3055684227911828
0.41821685679717124
1.8920778531393514
0.7707311297360623
0.23496988914173836
1.618403871708843
1.484052699935939
0.43150371945407484
1.373881332064809
0.33509275182868636
1.6300240961507806
0.7893534971514524
0.8437554976659831
1.0023322757731663
1.5155841408381208
0.4342828956109592
0.6893984369361111
1.7041357953824394
1.231392755898601
0.7990667364788295
0.578250767788928
1.098070733160817
1.4013352110089679
1.0998369370815313
0.593532069324498
1.0994034576413485
0.8822714101996525
0.9882576770036711
0.4762678594425808
1.7666754241722489
1.0208896954046442
0.8022067413481344
1.0090219650247734
1.0954471439766822
0.6714395848479519
1.1710529900046822
0.9715738907209063
0.9150964280876294
1.0891301397447595
1.2562343645466039
1.1057188292602027
0.4017435758291528
1.6888549418657668
0.24309083258932868
1.2906454862999412
0.7396359181330866
0.8965916026225684
1.0895749784292184
1.2358680314296409
1.2140842143848243
0.4595034974708146
1.0830120128451206
0.3875883359333755
1.944083776138926
1.1993565355954905
0.41111543425947505
1.2324749317597543
0.4536146114269429
1.6783265694700698
1.2150967033714732
0.2788740043780455
1.353991977286756
0.4959752027385596
1.5376185003509426
1.080297696822908
0.5128592426620049
1.8510582427182825
0.6286004558123055
0.6016951668355258
0.9557990597907179
1.5404186623602063
0.36535434742233847
1.8829060923072471
0.38053966869028766
1.07296225101273
0.890697959075048
0.7938944802785243
1.2043469208045192
0.4689952563593796
1.3324083136476466
1.9174642841171987
0.27180300290768644
0.6961109830578002
1.856257764968326
0.7017366614309762
0.752691032678289
1.5202804104323222
1.2433932982358726
0.45953458093851696
1.1694466097076455
0.16787559563755391
2.447951616573943
0.5448151593493935
0.37111536704050935
1.9572616036707882
0.5453784560674785
0.9266854596653256
0.47696241217015795
1.4982607730491053
1.184734361646251
1.052925500656002
1.1225507071681775
0.3676520764944176
1.4498750287024136
0.11612427087182176
1.486842919503675
0.6140691003032002
0.8465433354318751
2.6520156020623364
0.3558912274899349
0.21534230339071803
1.357280527390019
1.31811545563206
1.8089020170391472
0.20651811019579364
0.19020679138007535
1.6795406110805882
2.1430968073270535
0.17738695151145895
0.4694607358982393
2.169057334484978
1.5860045597773782
0.24532644273203008
0.7232909380109848
0.7021446606425261
1.7435297170729438
0.9768311998186601
1.072492062941799
0.45460847621761113
1.270506055047389
0.4296386013143024
1.0871602037883563
1.54559823366428
0.8533538634059367
1.2684041095876022
0.24374832354666323
1.0654701852925075
1.7875879705781048
0.41280981254176696
1.4988540505409786
0.9122713061396777
0.3793733632493523
1.8844498143043245
0.6931722111619811
0.8105443647891273
0.9343636466479622
1.263411206617619
0.6500289868401381
1.8696986728196547
0.25404304719886917
0.6852533876897551
1.0298875612863136
1.3808509995961955
0.9451995618397658
0.8152272865608235
1.5471416215051903
0.9495472323370827
0.6163351449315254
0.5699833987300456
1.9486237521430776
0.36965739905834655
1.0104355696203138
2.245269711446779
0.4818813606426546
0.23425997538479476
1.5073222170132194
0.672160176225747
1.8072195002306668
0.49975671944970806
1.0010246726408667
0.4826968624753032
1.1698343881878357
1.4540562124437983
0.7412697192159252
0.7117497872563519
1.942028256096048
0.84821081624747
0.5455138397304532
0.6297903945805062
1.7069030550921624
1.0009892702377814
0.8043390695405689
1.0723432402051039
0.7891183683562826
0.9839778919640899
0.6085116547180716
1.6077449800688113
0.8972259334999314
1.0867803496597999
0.7284596966736427
1.4176881209270542
0.7774343666842755
0.24014984548045734
1.905530417769214
0.997438622576053
1.0062412608028197
0.964336887085934
0.3779197865559114
1.4216776706851504
1.1538416355496788
0.8943810386392603
0.860689429347408
1.3222221987342966
0.9597820637466485
0.8888743205088665
1.1603880175617676
0.5902508216742798
0.7800981839502584
2.5676094477061384
0.5809419750450076
0.04494579403256163
1.3569526737107553
1.5882488476806245
1.0587298238408462
0.9806167067622759
0.7244284550669067
0.3508381729230285
1.1659277661634428
1.7980868585342522
0.7470762500070298
0.8451528237605869
0.9213849231487232
1.6035990863489251
0.7517210730566041
0.37253311494332236
0.8744318347351224
2.185605882585378
0.2767408368117609
1.5116115887104957
0.9312476331353858
0.21689971396877494
1.2887073311142516
1.6379363601369334
0.40106427202208744
1.1274090710435252
1.3263859474153683
0.8325301536221921
1.3305395792221415
0.47508376716355993
0.9394784894006533
2.1832702662832424
0.29013483486586406
0.7943458537763602
0.9277044289499281
0.9414871562587954
1.776667043334161
0.8740355103582649
0.7852452962983247
0.17830193799473285
0.7417025387638368
2.1558140981673866
1.0999504457114313
0.707523339860673
0.18807257114547687
2.6787803808645543
0.23026567286766614
0.41611709471750885
1.3262451377584212
1.4515545562800214
0.8629838830963312
1.3040295426708635
0.7338885438132187
0.5540353491620915
0.9244257768587968
1.4718097032190744
0.9836624198682767
1.1068636712198354
0.6550781855216132
1.0577970023701802
0.6668234356452464
1.4437678238452711
1.214792477027547
1.0621530492834685
0.574327797114945
0.4033892822789145
1.3755411955747021
1.8786062838164632
0.3337651088887335
1.329382048749551
0.677225800416827
0.3699556028783473
2.1116652012256756
0.7003641089135136
0.6834326613616565
2.0331184005914245
0.871807935445547
0.19857665593749296
1.3579550859904432
1.734565339145476
0.3392175705939674
1.0202402480327377
1.4711127567152358
1.3782858867218073
0.23320313562201178
0.5368845735179331
1.9246788029789292
1.8991709278698263
0.16928109442071795
0.5164560391418261
1.7033097247507152
0.37297349372874794
1.3751780442295276
0.9600824745061628
1.5488720754696732
0.5311682718485181
0.39326600500850123
1.945047748861984
0.6742154308033406
1.2630332454616908
1.098854838071202
0.07655623917709004
2.20016983536162
0.48688923571155845
0.41046065380831137
2.292117022016822
1.161815498251886
0.19991053415165552
1.4963841436356886
1.5264966116405423
0.7365275931440852
0.10115045880651068
2.066094943826211
0.9076077215180428
0.6509499857285386
0.7511474275715444
1.5783915523676577
0.8082788648347168
1.1746453615907388
1.382424864211734
0.13396914397729043
1.1570073072449965
0.9552046385669763
1.4513275307604425
1.2582564814975927
0.32144519274978456
0.9188287871290903
1.3827902323153325
1.2169552127769194
0.8469534512113509
1.0233844450667917
0.8107605758360882
0.7240707377106598
0.6537586496560168
1.6296678986418054
1.406581208748921
0.5530626460934407
1.034623357457791
0.8725561486159424
0.9497786076039343
1.2100284804198658
1.1331373015996364
0.76141713683761
1.0557807636415615
0.12588631035083886
1.896277287052505
0.23680107901357253
1.772371068557313
1.1312912318659587
0.24837328256926158
1.18194396668466
0.7611334846807211
1.2930649054401988
1.7239384703582783
0.306506197894601
0.7719878604242105
1.488764213827514
1.3389949866073285
0.4066632427596862
1.5476118916368367
0.7570059352222711
0.07035068009267816
1.906289157814608
1.6249875744949218
0.930529811888685
0.2874480820724641
0.5330159220650984
1.7804289884542848
1.1622198056049249
0.6485151146338201
1.5462138892651915
0.485586563835992
0.7906011059785363
1.0754672977996111
0.7927033524788074
2.1946843913758527
0.5918313088139121
0.14245473045661775
1.7544253636564457
0.6325799910312614
0.9426264530915546
1.3016383590699836
0.9908869595042706
1.2584193657800242
1.192639030645366
0.34130677607804255
0.7589245494264345
1.37647665795392
0.733086446813024
0.8968383388998652
1.9052037970919091
1.1359292609914786
0.2669468645180411
0.3226602649253451
2.2879170482853133
0.7400078801368747
0.8968015287187091
1.4112695571303107
0.2914098436179732
1.8010912760087179
0.967642172634584
0.055291436149050084
1.1940246479034016
2.9198112031130106
0.14068994625181117
0.41773942802663255
1.9094265910790515
0.6098517448126185
0.9670596199755783
1.8695289784108038
0.7431994385983065
0.7696660491426025
0.9375898644827508
0.27988689216088075
1.6462677852596275
1.3607970071643978
0.14669262177046863
2.2971436231302578
0.9058505542356174
0.08721278412969598
1.8099597124132405
1.625286969243744
0.028482570416200257
1.9112930003935145
0.9300778179034936
0.20854948672526338
1.6892439677811704
0.6666814819169925
0.7667585405138213
2.1943773496883052
0.6515012710327519
0.4437120215755058
1.7089626798521116
0.3586223646130472
0.8672782965674503
2.929039215106673
0.27447601802257815
0.2883579435237345
1.2408309914771078
1.0669856512148939
1.0323280648473898
0.8121191897282863
1.4569559122803533
1.3799828034998136
0.41283559555408145
0.35881182015140556
2.7491655354176854
0.18470273013596264
0.848721056287548
2.2702374696829764
0.408269043575813
0.16968945289999704
2.20704096323865
1.4861774562982617
0.2666489420757111
1.1533915856881114
1.315945585905534
0.8332783772242655
1.4103879431477755
0.12677641533365128
0.7745405802357634
3.6005704207087623
0.08001452983792254
0.20570800081559354
0.9276780683806205
2.040569170337002
0.7213912399406058
0.3264396876219664
2.9801342226549306
0.22656414447448894
0.3236777128627475
0.46121729447302706
3.365537039032198
0.18413229133879824
0.430001351603087
1.4977076845790154
0.125089541920339
1.7106923702707666
0.16504917511577236
1.9348185619930522
0.10605650699538242
1.3228374204249587
1.4466182314612595
0.9017922948963929
0.14130192302257602
0.5925814329529735
3.4367903110207
0.2625290070466533
0.4466596187060557
0.3397055520031173
2.4021223021643214
0.6721193185142177
0.1885224475670428
2.9328711647932795
0.976703556823637
0.036059488934033504
0.5165478329774588
3.3092180980627295
0.21625460816002579
0.8816748301872193
0.5658010711407477
0.14149730617735143
1.6462226174608792
2.5347166709050675
0.177102997477268
0.45344444466723977
1.5347518733741539
1.910047406797027
0.3039106159712089
0.3654757421174599
0.41971900962141945
3.693475059231585
0.08629597583744243
0.3014736651358993
1.4050897205021724
1.5585159014493304
0.6560282880868229
0.7057677235785178
1.719118219264739
0.8459740121915504
0.628500000028685
1.3006670135356369
1.906094456446851
0.30460406018609987
0.38390241270839925
1.2280624104492996
1.2713506572625435
0.48178765346733077
1.806025525055134
1.1303234738547123
0.4008359731831349
1.8267092086380974
0.3982834515597129
0.3808382608556618
0.4913767582495157
3.512649111076587
0.2430856977761345
0.22191474202574873
1.8246368733140306
0.8898392699288977
0.7500033815719346
1.996454709252091
0.2201010153778665
0.6515649518449012
1.4675335003894479
2.132141999535405
0.4089983483749273
0.29872158322089054
0.06390436655140788
0.8577018458300332
0.9714195672092643
2.3483361545386985
0.254084399217414
1.0270517552907126
0.16696584161748293
1.7582629162540862
0.9042566224081198
0.29444459063596545
0.926875015077971
2.5087467582368195
0.2283659972358648
1.2124940998288045
0.7830398582486828
0.4970327789360485
0.9244559371511792
2.0137286295005308
0.6313083095058899
0.5779764127180651
1.3538884020649349
1.6902893748294587
0.8817816601057507
0.15079685672097384
1.2530955509292268
0.7698292016006743
0.213222282870048
2.8393855684029763
0.7448142549145217
0.49136182148662205
1.0790412145771937
0.9254152951612442
0.3003329396863904
1.6665398122876078
1.4996684017880169
0.2981320469843676
2.1674889442014145
0.23567232354025525
0.3242612060367732
0.852099700079174
1.626992247076982
0.3525358200763614
2.2188241193525493
0.1085707353222292
0.8972551125976216
2.249699536820932
0.14966280900912196
0.35589297856063945
0.6042488198920478
2.5680228921750867
1.287847033130644
0.0412356469374585
1.3304387683846586
0.6850932990931905
0.7403444085698342
0.3834789849833831
2.636120178521696
0.5413808258697943
0.4787558469393816
2.4170360433266427
0.1325554198538052
0.8221083068514563
1.626031819720201
0.9003315001520911
0.04003099308792142
2.4940613828025957
0.5154445368941566
1.3058477832889595
0.09739508449100508
0.6313946813700735
0.29409341540805656
0.258694349336129
3.3506627699377938
0.9724357487976839
0.18486250384795946
0.325304537182987
0.6638395114976159
0.43811436911033247
3.0807073524317445
0.5684946278933773
0.16738357518198213
2.3545213270498713
0.3757395049740706
0.6237923615684613
2.586920147658406
0.5075714935020715
0.18382695202356497
2.5087113549038316
0.11108521946417182
1.5517793160122244
0.3016904656919026
0.9367556791347948
0.49973074415514007
0.6254918947583314
2.285951874288105
1.4878449076545965
0.17790751328710344
0.669122657809833
0.2499338076693232
0.30419607112494856
2.6293691817999663
1.137349182672826
0.7136787148986034
0.4481682761579186
0.672816128956925
0.5528603342651374
1.7248628839820737
1.1015380640106653
1.346179996035221
0.4745756208582795
0.3091550594126701
2.2586777826572737
0.19613608977976915
0.7075769638457543
1.0353549250809373
1.7037485659549096
1.6031618729216008
0.3039142514528268
0.07289024560321297
0.6898780837303239
0.8827490146811675
1.7141337852876521
1.5141662237162923
0.5069859578207964
0.935020167674269
0.4994372687555646
0.30774253962100095
1.6602178551571918
1.7861331148608088
0.7524808693607082
0.5110249641860337
2.0418404856987746
0.18540962911042336
0.09737449439063112
1.2105631084256374
1.7466352276298585
0.7858960144472125
1.657255057344775
0.14208567695039648
0.5723264778480092
0.08668906276384616
2.008106279993216
0.602206051829359
1.8411544395219
0.23308361887364082
0.5783893699337861
0.3924175408473212
1.857685631422753
0.13634557463611696
2.3490747042364144
0.10642638976399175
0.6174140926396215
1.381921855646635
0.20827248571587528
1.2739955242044414
2.1919966830180204
0.23552921979718355
1.4889436756038106
0.06989571153088021
0.5670509035946256
0.5804559683310155
2.2759870345261914
0.6006265550479528
1.145868802435939
1.4004223643901816
0.16411675445491355
0.016008094088886336
2.575502440021115
1.3066140960541317
0.6675182070013013
0.9624788161039395
0.9436546118389288
0.3137712145214282
0.26743395013984833
1.5012719564686772
1.8840274509742234
1.3063549020585932
0.11051601105695821
0.19150487825471388
0.6095841567054242
1.0609400299263723
1.7892738423483237
1.4810601113713273
0.35097326026643727
0.6898061476680256
0.15000410487178992
0.8781948974847023
1.7605877373876602
1.5503168780398418
0.6443115779061381
0.6597028033095484
0.361348172245386
0.7194966871358643
1.410302864409426
1.56532411491455
1.2875769694830346
0.19468336365533667
0.5237853475235698
0.8821067209496545
1.1415257667413787
1.3751746939767513
1.414760844607781
0.7737636772337276
0.09227543585029399
1.3384574781180205
0.8643569236449764
1.2612267508440433
1.5542313533526249
0.727798192206405
0.467108062629138
0.3097445231945177
1.9633667637595535
0.8783009135911576
1.1835327480214906
1.4332413071808332
0.16164374777157484
0.39389320550678775
2.519678750860774
0.5451598979062797
0.9496950899687965
1.6132897587480013
0.5593083543422624
0.05531439159790151
2.697002180245637
0.72496088512697
0.9323781265935125
0.7693123283886552
0.366543004245652
0.24220056371081852
3.1698296381986806
0.347735781009442
0.7858135650298625
1.7105809029266854
0.09939333634169525
0.3104112136393817
3.933947623072672
0.03582801420690724
0.47845303954292273
2.06763283664399
0.4250011357793442
0.055539317681921586
3.692346478655957
0.2079893215712738
0.5867491845902949
0.6903467909019648
0.336067796119812
0.15874557509245774
4.095789599903324
0.17596148357590444
0.19437324158014052
2.248912636042344
0.018740312594637435
0.26292779893135787
4.220861791476468
0.06459114202794194
0.4165523321413025
0.26843659840947565
0.07142739580089909
4.414449964544021
0.19246370165061152
0.042475033021602285
0.4781920028675264
0.2785900398789053
0.08266942151149455
4.4841535288348355
0.05069352179434547
0.11168231229695755
0.7190128472977249
0.16369199975183382
0.2885812395391814
4.3771350061284195
0.10283223702965645
0.06825735249528506
0.12422692319462929
0.0930327416450121
4.349876759965641
0.3438257718575688
0.10578090266288331
0.14112315733471964
0.008394641647856254
0.7603182906581188
3.943810605841192
0.2538283727458226
0.035295218058949716
0.0175950178171877
0.42946583813389444
4.351648460893739
0.1608609614678482
0.030271179221996406
0.23621294957986105
0.8398064115714755
3.370985459832462
0.4697647737777414
0.13675357549523745
0.24815003192509927
0.5481769991393161
1.2581850860508896
2.7430443890363767
0.3546896328219305
0.15852256218519895
0.3008947498864036
0.8618983893355909
3.377673896051224
0.24558760782102684
0.19117804324288817
0.6210008680777819
1.3220780992899368
2.3359822970906143
0.5192805860965166
0.29835778173763805
0.36953131062280586
0.8894629508096303
3.0540527779806057
0.3705549475303508
0.2743409667056778
0.6030486568561542
1.2684980704015953
2.3892829097682937
0.33385930516131024
0.3766191426881289
1.0102607238432297
1.823973617275247
1.1809916986401936
0.5929652632416677
0.5084176040728565
0.6379708990300782
1.2673065564834252
2.1783550748380365
0.4344260693513386
0.43341289996832616
0.9154607486517793
1.6691664482654935
1.3919424194555712
0.433624626560065
0.5756184295823558
1.255229641981374
1.9897551594113214
0.5318992509136733
0.48883049114557364
0.919098444613904
1.6432599275008717
1.2834817790036668
0.5105576446920647
0.597889508727433
1.2352818763852926
2.061938426480864
0.39339036481733103
0.5434435298402513
0.9662964000823812
1.605709450049424
1.1946031495730856
0.5860122770515007
0.6297501560150524
1.210026968346272
2.0150117828879632
0.3773791277841166
0.5976411453194854
0.8573407131295011
1.353051655629857
1.4716116364495258
0.520946274120143
0.9627132915981094
1.955334320655859
0.37976969080315587
0.6516690674152732
0.8575904125261626
1.3547285272455554
1.82277661723813
0.5332626282418031
0.19737830669524095
1.1532420028219723
1.758917176576614
0.8901744783021841
0.6343282011170917
1.2363915860171404
1.8356998082321034
0.44802875115561225
0.3086565866436874
1.1274566534705013
1.6588503989526633
0.9567851970500771
0.6091681567601569
1.1137453890079332
1.8145237062994342
0.3459923901241431
0.8036069367357394
1.5553500938457134
1.1965881890014274
0.8734377578900422
0.38114019541329125
0.9049333882588272
2.0544974332733124
0.485969335362793
0.6909907730997608
1.3947611192011076
1.835389203578045
0.1612860094452678
0.8254318690465321
1.9663449223019474
0.5896562416019989
0.6759437888202812
1.3468382550812559
1.9196525186574411
0.020040859775101054
0.8085738021122398
1.575082201775969
1.4804710645868289
0.6329034105232576
0.44243181770675977
2.2301125132160977
0.14873719133722763
0.792041295177702
1.5190675717823128
1.5910660455683783
0.4674979869925786
0.500440868780644
1.5922814847668587
0.9242527892369694
1.0611366726438773
1.61073483148992
0.29312995520204127
0.6330761766249947
1.5800316957362452
1.3545248464835353
0.8876034142629822
0.1592805196319729
1.7259340663634444
0.7414801457833401
1.143513488793143
1.4477028368414955
0.6935909137912566
0.32772766739596887
1.6577773330967889
0.7678397203753937
1.016776767451738
1.5696059952677814
0.3922707251375394
1.2241417491243476
1.252499629948642
1.0645356617641535
0.009703849417488329
1.7708941406207062
0.5491579555197366
1.1438457532415032
1.752849608142912
0.149124367443332
1.3708625704618955
0.6866874550240328
1.0630174172448117
1.6378346894832259
0.2542921813754358
1.2486378302799592
1.8374912479467769
0.10201320075609553
1.4203383843441806
0.46978845850727924
1.2057788194554766
1.8124935019312576
0.06100008671754249
1.0595377653826998
1.6785838775020292
1.310150117043769
0.18699814278714239
1.2637602115747402
1.8243303529783672
0.13181731772160557
1.0185577164200383
1.6237816457165424
1.4436517472098978
0.023288373705558925
1.0729418065413705
1.33251251565803
1.0356964348440396
1.1172271783619623
1.352643013201341
0.150700082632958
1.0042696985708093
1.2553943596687527
1.1479627729295168
0.87485744747008
1.0358826862044712
1.0114545748599957
0.9309479848072642
1.2063545064457346
0.8161010967715835
0.9861753888376885
0.9458475820021017
0.7385274262899953
1.6648438872920377
0.7956419025245213
0.8384379306502029
0.697977905901918
1.4819057123998147
0.5572009203388387
1.283012595180316
1.3293178085286164
0.4181558017698461
1.0303141623055354
