0.7555972459958933
0.7828220816061056
1.1912588731420337
0.9220148388779168
1.1244832340479836
1.2378636732154118
0.24822879551453322
1.137734870569003
1.458186403801617
1.269758225560288
0.34297741804370085
1.3173872092711962
0.17820840227982127
1.5482063423717487
1.6075955195127527
0.3587233947542395
1.3049915347573975
0.28212904947446976
1.6374242830288763
0.037376807827808244
1.6672341131067379
0.5339714180226938
1.2914901576217221
0.29879757241546817
1.6266444011277064
0.05417044031155322
2.266083759567969
0.18951400842145943
0.37031538175913936
1.8952917713308086
0.3231336545020437
1.6181119537317432
0.06532022804470362
2.2636156542461086
0.18030948290680102
0.3838509075761905
3.2790471788702416
0.33510759220608677
0.10367732947527558
2.1311233295039855
0.07753646988528004
2.3063791315098103
0.1743732703033253
0.3852758390032289
3.289586863077867
0.3355919303225677
0.09919217191822395
3.3313589542052275
0.0833813879306664
0.6047605200095357
2.9954346181362244
0.17526191762526885
0.41855614742271635
3.318399643593943
0.3275398713332162
0.10709665893902595
3.328973578377599
0.08039986844600669
0.6100877433868322
3.021336514353216
0.2503477571550678
0.40988310816856427
0.9844481944981202
2.580125424409231
0.33336301082845865
0.14749007229550543
3.317510779008936
0.0710439396294902
0.6254672451681625
3.057203218009631
0.26185278917058025
0.34323278667078067
1.1115132723804115
2.555019763919184
0.3780990702616091
0.1985498180137534
2.192487378089717
1.6614165999893604
0.05903074506225859
0.8571101250320552
3.1044688857295
0.28272591266316804
0.24409577938005447
1.3020912524685875
2.5159426507710374
0.307861566256111
0.2733881281962688
2.227176711588967
1.5741990549150897
0.05606584268657091
0.9628064819470101
2.615767801603061
0.6402611420212312
0.38646561815511676
0.15863144534550083
1.5715672971076935
2.4588797267284916
0.21951475956972316
0.38085310661308674
2.256245553834122
1.4360847361991953
0.0815151543723174
1.0201825397183333
2.673134760076664
0.5386262366970846
0.3357131501018315
0.1174146334331386
1.8106026991440756
2.4391976740817496
0.18164695878773765
0.43111785025363075
0.2817016493609387
2.3661804198597083
1.3582802512301952
0.14215975165934158
1.0852617586342466
2.841425590399984
0.3675323976885788
0.10995466858861684
0.475064988166745
1.8691081404410455
2.078681043321239
0.16029121585774972
0.6482154109828996
0.21259853446256224
2.337595337516959
1.1700332625212961
0.31359037664724476
1.2178673264322373
0.6301612533040307
2.397944521441982
0.11884650843768946
0.22264604745048736
0.7123236247954947
1.8386428494447307
1.673830314953699
0.35564008376989537
0.8126083739748108
0.13105383279054178
2.3530031706078747
0.9236591037155084
0.46337188129003426
1.437553658559638
0.677709052035081
1.6526999238574707
0.9961635923395371
0.017069999880665675
0.8331820431375833
2.2686922139817245
1.461026423656787
0.04739042538188298
1.014017868950499
1.3196486468387423
0.0423751235727822
2.3799561022099702
0.6079568071891414
0.6466144762464084
1.791000621770783
0.755754583187801
0.6737473736885281
1.702029133716809
0.31567032379539167
0.6950248681682942
2.1931298084637803
0.9843088164069493
0.5766028939739375
0.6567180508638151
1.368778964586455
0.061731501636184634
2.358594616997247
0.23524796920836527
1.0085784096235586
1.4570284434990854
0.9242549011388269
0.6054034046432445
0.5060511841706496
2.02675100020841
0.6419539978123068
0.5929704571165856
2.0954655396887545
0.282232833412995
1.3020598598928248
0.15252283645770892
1.4418766690571854
0.1988015602464935
1.9893410483869247
0.31404189684282546
1.173784712759792
1.9872554891892333
0.01985157186754895
0.6835516575719486
1.3475124643183685
1.2108973329599462
1.0709341329082827
0.4752442860612832
1.9038594261758222
0.6662737714924191
0.7624614651477917
1.1422036381241383
0.4238451716510485
1.693245509756089
0.33683984462459393
1.3781494447661573
1.2468954422342753
0.9169407316475301
0.44080884046691743
1.6678651355358423
0.4928039142805883
1.1256901798813972
0.5250373532104882
1.926027181136382
0.28472390029081035
0.8710658948501049
1.9870477151674024
0.9273671765947428
0.34043864660655543
1.0900163911728176
1.875286653953255
0.48141781071174167
0.6682606671354918
2.473458982923293
0.11678845691951904
0.6934424918746271
2.2126743609846833
1.0282738861010419
0.23023019565464967
1.0959267048885175
0.47105332444908815
2.9444203060074075
0.05065242889600578
0.08962793169825069
3.4482787401621704
0.6955828396244768
0.3046034237397667
1.6405227391303796
1.6491340932770018
0.23033203823550344
0.6382906476816028
1.1637509747861408
1.5557378432744124
0.24884336962643308
2.157979830873792
1.1000103053291037
0.06647573142879813
0.22451772114194685
1.9673506208635623
1.168415376982294
0.8061699017946967
0.3027898307642886
2.7928050431681313
0.03700605386446604
0.8758064688789359
0.85813706259279
1.2335057137619827
0.6250549602759996
1.3869496730793363
0.2849089720795557
0.8795076770208283
1.9541990958786246
0.24732451085048165
1.9398253425064296
0.6397894472986339
0.4915002504554535
0.6214196171407809
1.2083621304575443
0.7422371762226492
1.2906808861691865
0.6882923084407426
1.7249898598697655
1.0021048443576206
0.3801557824205487
1.4055771058173308
0.708286467000778
1.089769781895569
0.7232736254742272
0.5092723316335417
1.448738786990688
1.3825105526247716
0.8257254101227592
0.6212968118779301
2.595799618556462
0.1442423651911717
0.22739829394726602
0.006544803725825804
1.0332966119170606
1.724271517173615
0.8135132065820531
1.4727067556944045
0.1202182292790965
1.1494472796161388
1.6565453966458443
1.1502231388968318
0.5395040096284799
0.8019449574735611
1.1400362724651356
0.27198976335713027
1.9971545400022699
0.10028740449328409
1.2023084387880847
0.9021351406635012
1.7416812483497701
0.9378588078724771
0.35745456285620614
0.9840707172464963
0.8629950817989378
1.131049706102731
1.1464124589438214
0.14772762844867152
1.492782994622241
0.3967631534068224
2.004482204511201
0.033163700413789195
1.7514068678725838
0.4472991119293853
0.7094887737031624
1.0808390402667596
0.46506535487037237
0.6047276762844082
1.762830792714597
0.11251900925994088
1.9434518830215248
0.8503911954057525
0.9046600392781312
0.8439418515341035
1.0917869335486843
1.5128762870185386
0.040459401709646015
0.9021781037279809
1.6610371908291446
0.08035506615536202
1.8366603105824009
1.487129689898553
0.4754313206576045
0.6917304970108252
2.2971490172495606
0.04974872864127837
1.2020264268147436
1.6231769757854941
0.5003075459325415
0.07685595743460166
2.0285189378887964
1.3066353602026914
0.9250366972036269
0.18446961043402088
1.4668190010176072
1.5022292109839033
0.7304534908461245
1.393104226705628
0.37083453514846
0.8417557671772271
1.5484119907926657
0.4993003262940525
0.8356480858424987
1.592513127155067
0.42586673051574897
1.163879867698927
1.3584615177542165
1.2458981633808
0.9922064045224482
0.5574262874801906
0.09209926873023809
1.698055965719764
0.7601663089512226
1.3580036269808018
0.48059196057518216
1.0048314391776358
0.9490353517708835
1.2002178532671353
1.8264765354437875
0.2575844295974487
0.7482452009941494
1.032535659488517
1.4679225073745614
1.3312621223454442
0.4492806278740112
0.16005735263436918
1.5200602575589204
1.5115926195568277
0.7154682321855885
0.6746818619203496
2.096159223436001
0.2832531268930331
1.158922709661219
0.5397490608151773
1.5168243949085534
0.7903083562608683
0.7450388163016828
1.6599446445893786
0.5648405117561396
0.3335319124569416
1.427750260467639
0.6514793572415296
1.7125760620448127
0.8452251685107193
1.0459997043559655
0.7471919447664165
0.6260541101598563
1.3071712676847191
1.1624146321820956
1.1856509265433337
0.46134265100527455
0.5741261696309468
1.3284278845281736
1.2160716882128433
1.4635094179108616
0.6643796632762555
0.35448436063335526
1.910492484162324
0.2049283362358772
1.4797204427098951
1.5999994605400507
0.3108383194544533
0.9137437950080939
2.0915153565017355
0.09450788324691918
0.8062926002991465
1.1862756511476518
1.7591314661101707
0.3239210313366667
1.2966190387737195
1.118359528432097
0.6289787163368077
1.3162732190375763
1.3936653261124965
0.24544912764395865
1.2030271475327137
1.1527165113618203
0.7981631807689673
0.9669017321841002
1.0018859098986803
1.5686535392343672
0.37376083115843445
1.3008332159340052
0.6271123041679018
1.1066924275468195
1.006229126193958
1.2704976957860097
1.2355916436365586
0.3650836207631464
1.131785227855704
1.5366527274411277
0.510736711264634
0.7483673667190415
2.1250547442608902
0.46631128019321577
0.5834519525033668
1.6646310509446132
0.42936605080000834
1.6215022906886103
0.5731757818405943
1.2353666169787407
0.5522349901466507
1.2750311134422916
1.155635362504257
0.9127140791435342
0.8718326075823309
1.107245132412223
0.5859139079207691
0.7245236845202274
1.2310226048474644
1.0112235875354372
1.0044587673562284
1.447931790309815
1.2145822046550494
0.24822896190287227
0.9499151843289129
0.6607393377412331
1.673555235256012
1.6473407946803733
0.21577148745425406
0.5729238333988592
1.9102901083227801
0.4905739992117051
1.22246817285018
0.2831292247208325
2.433317859311326
0.13890167524537078
0.3167479923259463
2.319871059129502
0.7480468516756634
0.9341683445692838
1.6460984537069558
0.5378124875722308
0.6753353003039202
1.160198635002026
0.8239331471035907
1.288218455662981
0.47069876900912083
1.1877619266994204
0.7747546626253375
1.567415289538134
0.5101253343944889
1.396839953505598
0.871256979853285
0.740061565497305
1.1912554354502103
0.9924494855913216
0.8006139487356013
1.6893505187500713
0.40674808270393
0.5912611235861325
2.809665808363016
0.3169007326509794
0.4358689592822589
0.6704375821847555
1.5323681216941076
1.2107571489016091
0.9625837958931888
0.6904095714886107
1.7462676930279708
0.6391958012515441
0.4854776058711071
1.3219007083314536
0.7268667163117489
1.5592070054291065
0.6509774445600083
1.213675442461215
0.21330754368256039
1.2422605520814944
1.1454575314907383
1.361458688547216
0.9235158974467889
0.26936672263778494
1.6934760095672814
0.8122357019035786
1.0038994814428892
1.0400161502012806
0.8567294822867905
1.226024685477234
1.0019280915676294
0.9734082708339601
1.2948238043907436
0.16817722061833074
1.1754266751534168
1.9633216707408025
0.13733430369750768
1.309242838361993
0.5572678404050823
1.893932035256665
0.4106317598044402
0.6348081218888474
1.661398179075333
1.5868391197448197
0.12685201759501097
0.7042463607111421
1.548914350283896
1.3929810054427518
0.8700156825151736
0.477912640166721
1.3481870271461787
0.553659807358966
1.9246276629768313
0.629934368976633
0.6573629538976938
1.0160442842502895
0.6909008722959301
0.797144542775053
1.9851568530380457
0.4950781158513061
0.9718290755642817
1.5137617668609393
0.8051941246874977
0.801018310714967
0.6768369428151914
0.8237047978986797
2.4554192708851583
0.46122290280150957
0.130319423124376
2.837863916710778
0.4441026494388783
0.6851276585731171
1.2516684462388084
1.072017565902627
1.1818243070675307
0.025752187336569494
1.6643478383439274
0.8077904703301858
1.3166575978357236
0.9951430112983103
0.6239927729684482
1.0868360294905977
0.9270616271332887
1.2807771387312454
0.5851838946703957
1.490713270321721
1.145159004880204
0.6535552375366764
0.12573301200741185
2.676136980811973
0.2990574648631546
0.7106169709537121
1.6930285320140521
0.7798918631457428
0.8633961774671783
1.5388402630208584
0.9218904970679693
0.34409291862212915
1.4097391249784337
1.234034519389511
1.4039815405879814
0.24927851861502598
0.47852490784987955
2.1231898258666884
0.6495304855661709
1.1785808059741203
0.7063525968792939
1.2819034826518299
0.270259148081113
1.3113154144014627
0.22713983747481054
1.9298725972549393
0.5087805953505424
1.2642080383520549
1.1630570529024573
0.40513616832420546
1.3778465532051607
0.8638752895798015
0.9233758726150645
0.7501698547445602
2.115280822286713
0.2831078455856485
0.564731692069474
0.9401036004012235
1.741590114489405
0.7709057202653831
0.7619481785490129
2.2580956435643107
0.16848137955061004
0.5307548266059909
0.6355297985838997
1.2488082548704105
0.9227142425785642
1.384402308566666
1.4383940248567617
0.20647560048955424
1.2865074110420873
0.6571553397225474
0.7156011394031297
1.8915343287802855
1.2833852565302488
0.35743269423066676
0.8255582939285608
0.11683401955622946
2.359078001080887
0.9285966170970184
0.7093799380443515
0.6924242340103107
1.4258214838658791
0.9442799487648392
1.148070871217154
0.5333242876675565
0.7868575686648182
1.377017087918574
1.4862698264986611
0.8225370393393716
0.3441299071800154
1.7369816468506125
0.15478318084675446
1.2855484341202543
1.9013662476971072
0.16690748287778187
1.7348430987807868
0.8730414840925899
0.15900413645352524
1.5698234464841647
1.3401273505375415
1.0626762408614956
0.6061193867808097
1.205270072345861
0.44189836160896706
1.1075797518172277
1.4790843627852142
1.0664054061614923
0.13888711429459077
2.059686126244044
1.4985606007430539
0.29637772970755805
0.4556982401888516
1.4730028588024686
0.9601295634741691
1.2437820105259871
1.066615148171861
0.5263884213243493
1.7122915002555457
0.6265375157094777
1.0390288200505715
0.21775679606843967
1.6202031950019469
0.6018599265565134
1.2745377205516097
0.9496175455291376
0.6740123455120322
1.4589879569966004
0.5719575336578014
1.3057759645202065
0.5193291012591106
1.7102882463482987
1.0893296635050134
0.4863397354872879
0.933005672443586
0.17724104267431576
1.9664700763423066
0.6504745277341378
1.212764882262181
1.0585333974992719
0.4162983681843516
1.6279934960374933
0.676245335190031
1.1612766151960072
0.6696199271272156
1.6726467640980631
0.35796940222243157
0.828025668748154
0.568906351907263
1.6497502538494837
1.2495885274664156
0.46793283502722965
1.5501092914352228
0.6448790839104306
1.2544697019501163
1.1262268323769542
0.6968614328091752
0.11466978586629818
1.4582975375052116
1.169628242321653
1.5549080058568046
0.47975218783088414
0.4936990723521758
1.2312760413176986
0.6505065823445763
1.9628974509545387
0.5996195575112571
0.9073211096906626
1.6996184756872996
0.4209510423354889
0.15430778636589132
1.4233501830049964
0.7695728975560325
1.816625313654796
0.6247282542914246
0.693729996910524
1.2413250035559924
1.2762573972259617
0.994752228237495
0.5972686938635134
1.417358262056382
0.6725713060875661
0.6339667614802627
1.7538587329715283
0.47168642331923577
1.2245869839656895
1.076372531837484
0.9897833840328287
1.0151381636062284
0.0433497398410146
2.293320803931337
1.3488696311488357
0.5366774589005086
0.515680106831236
0.7121203116944003
0.6422660795738638
2.1454697729355674
1.2727833552063494
0.2603735795030467
0.4379077849389594
1.5160370931767815
1.2826269264992545
1.0722396517922854
1.047393496102704
0.35045332111785993
1.8139737072459698
0.8312059407738729
0.2243371037732922
1.9461770207250002
1.0574633861252916
0.5561559826700295
1.8867206187133636
0.46471969350922543
0.6900251321158289
0.9403065308718772
0.8036702114701941
1.8429456302993832
1.1657608390531018
0.05409196963837723
1.955615105988365
0.578858587666559
0.71142249314427
0.5036942487379955
1.7531805564825889
0.8884913276291886
0.96857725989897
1.4260892406296912
0.4834468884775528
1.1409594485836958
1.2660252525594384
0.8932768205655204
0.43033419043353865
1.145288280095995
0.8569604698344188
1.4386846083236078
0.8255933892843591
1.1537420467385142
0.6421692913111721
1.202672707733743
0.4527598674177535
1.4025432863586547
1.6668542894473943
0.739444245735554
0.7972060392230057
0.27586486312924635
0.5114884373444512
2.7751741380679493
0.3259869747347198
0.4871860632199188
2.0302841467608146
0.7410373970053975
1.2340353868066867
0.3665708980204713
1.44721359483373
0.2350339750177073
1.8953930166939195
0.1710922623368133
0.9358782172590384
1.2908167379287399
0.32969475760841593
1.4497840399536996
1.9256711365396375
0.45835681381335747
0.47070269195961606
2.4740604254272194
0.5145154590386242
0.33471806381110447
2.383349491752783
0.23285776205847247
1.1708628787147402
0.08980646439832607
1.9173717652195599
0.8883796284326038
0.7623986030232859
0.7443090731146035
0.635876734535824
1.380563404436935
1.6734183833347218
0.39883070535829535
1.564659184776768
0.6750063672210734
0.6354126068467284
0.48031689679455175
0.4979451179308719
1.8306161711230415
0.6593185832462497
1.3486359325516424
1.0914765793838166
0.6042095618903507
1.3535520247951967
0.5085781356696607
1.2180667801544613
1.4735604679299876
0.8482248682184105
0.3819321099372116
1.3532099705564102
1.1250283889358326
0.8612845462154713
1.2501152456879756
1.0089152408869915
0.5446083635852442
1.1905836855003689
1.6806105625782395
0.5342377501283292
0.5737289074227774
2.5813549876923076
0.29208733168511236
0.5355058004592523
2.6968342555384917
0.24923281605109415
0.27756899834056764
2.5843066304616977
0.47588143173734937
1.2552874035168695
0.5308277555073088
0.3173894361167436
1.593197901984309
1.103737502897337
1.34451758276452
1.180002475325679
0.2216105504600355
0.5006448087143044
1.710749449550927
0.9660431876333624
0.7743170887285049
1.4730038060652442
0.5147183832822797
1.5294638717693114
1.1115576281666966
0.5075728685203761
0.8393186923756326
0.8838554630264915
1.9453828939858426
0.12283106004817668
1.223694193725147
1.427507991551845
0.21565263135957913
1.6842177128331086
0.24044084598966745
1.4279941730122416
1.3922810558816097
0.8016989653753155
0.5720185970377762
2.0735397790461056
0.391562518173009
0.38094050226549026
2.8978583666676756
0.886731181346267
0.0381390574392005
0.44846952262190687
1.6790725141184535
1.7637116548212575
0.5679079121137969
0.4693613457835876
1.6515884718924456
1.704846028460182
0.20180791805333478
1.2640033022366612
0.8294307777837312
1.1135726354216322
0.6791622184100335
0.4844056154995452
1.7877757280258426
1.2344194628051284
0.25097479891374835
1.6867160593358368
1.2359306809180437
0.3402593908234398
1.660881677950536
1.171535744033037
0.8825314698523631
0.2055074542075065
1.3142046679191741
1.5936807810552767
0.8008414898966789
0.5266179339250002
1.80436506261131
0.3441138898964429
0.9387546251587858
1.3247039645388903
1.129467698635387
0.7683849829418772
1.11800643639331
1.1795964740795464
1.0519375423594308
0.7745393856590873
0.282195483134221
2.5732647940603446
0.18651576867295863
0.6425105179474606
1.4161850085485546
1.2674120023270097
0.8699172019362265
0.8248310325858089
0.7884902894746759
1.6667256829498696
0.3230863485956199
1.9396248219220091
0.6232204211111667
0.2715843774064722
0.8099061651716318
1.12867089719016
1.1768186843750499
1.374975105784829
0.7036351249079237
0.8240738022586668
1.2532922201694394
0.7348552082727149
1.9711146973630895
0.2647929197566193
0.7654309706007543
0.5350800550068939
0.4667713157526372
1.7030979198790994
0.6556294008290852
1.3401513243397685
1.5305273696997437
0.2653830827090108
0.818932141559748
1.2825368976257612
1.469488592870545
0.8502448852597873
1.0209911035275958
0.8599435922958334
0.21942546230969553
1.991192697393705
0.6975547908462475
0.7855577232226072
0.19767177501865263
2.136072854163435
0.9219952239062953
0.951374541054826
1.1106006287584418
0.3913383945476786
0.8780506296783938
0.9588753750881599
1.8222474309392478
0.8722718472972706
0.8860921940933258
0.7287351213675253
0.20430209071371222
1.0769975896334305
1.0650461410548948
0.33360319546895034
2.443478172001646
1.0457116635280264
0.3402175540181148
0.6375163439936108
1.374797074790448
1.7764066859325374
0.6867465531876913
0.029304356879396618
1.9731600551526782
0.6597587297678154
1.5379090521129424
0.6554668456260246
0.6118548632824264
0.6423412896773608
1.3393317436051417
0.3440800470684976
1.7847562716994803
0.620345008870621
1.2146722582809075
1.7176408994790218
0.3487867983145454
0.20244856276245096
2.7135848263796856
0.6962149558094987
0.2177335295979368
2.4324668005368606
0.14659585450080692
0.9663130036758418
1.2664447451654666
1.0599299888256841
0.6978864912164491
1.6396121621120758
0.7267345419530281
0.8957621391959724
0.6759358543607202
1.2017009595421153
1.3127584716155487
0.8970226681940642
0.35072535660113285
1.6068587074406058
0.592034848675475
1.8188019683478729
0.12596792207800647
1.1986082304976038
1.4616263287197684
0.4304302436948844
0.47544746211936817
1.9916650798179116
0.9739639204555254
0.2652200666447947
2.107074537593778
0.8890972198906242
0.6052437806642663
1.2120830530491578
1.5256197552198372
0.7934273286525555
0.36246569257461275
0.4183344542631681
2.4974006041633574
0.5417677049664378
0.7286823368035543
1.269791986052591
1.7586712307545422
0.43895316356908376
0.3984150462865601
1.521939052779384
0.8911213830807139
0.7574725822043343
1.696677999584587
0.6384366402162305
1.0578840587724487
1.40414630324052
0.5705919557647234
1.5234379541745107
0.07801592689191081
0.8081679409522896
1.5295093605388992
0.9077488406693802
0.4033060907736926
2.6510281284938677
0.5356026926653065
0.16989256059228033
1.5179829976381483
1.2881201941228606
0.45355008743498015
2.105601371561598
0.3702690839200229
1.0813071110793824
0.3611455164062728
0.7602407109908185
1.7602451829620303
0.4724839651165213
1.0469197629708384
1.558582554697725
0.7918928727266938
1.1037619933996479
0.4007450056541571
1.445791306071732
0.372224577520163
1.4038349839783557
0.7545426422038315
1.106896015720434
0.7219109954726979
1.658268516228733
0.7448444363731872
1.081257998693478
0.5727070825127378
0.9547465491731209
1.1186218485946986
0.8616061000403122
0.8963306435532548
1.1091164863747796
1.1905941822199158
1.330934489086549
0.9941215168103903
0.16084384870556973
0.768041133060539
0.7299492763729168
1.6448556300395525
1.610151025033542
0.6495882172861694
0.12782899494701178
1.6510739303998612
1.9204859340928357
0.5238643113866395
0.3431946528688617
1.4304595071250972
1.4445870547233068
0.6826327540097308
0.9451476613015317
0.6052235299654174
1.4152038349133982
1.2661427083145582
1.2458281126902968
0.5911676602447146
0.24624726081160916
1.2406789748337042
1.0667683054027324
1.3109872630074113
0.9568287225005502
1.1005955943513404
0.7013047497334475
1.0123021901904687
0.9231218732851878
1.4365538695493558
1.085222263427188
0.13351917341750336
1.2726449340315544
2.3739889442051396
0.3331540168487259
0.18914227899782804
1.8425861169327904
2.2587048030041172
0.3828970428028614
0.2718092836322157
1.3336388331211824
0.7449894827131393
1.4313202425945375
0.8710526526251493
0.5406262454490118
1.1380146303528331
1.1659959145040502
1.335295489118064
1.0357313435547821
0.5473953914039564
1.0450986430974214
1.2799326964894864
0.7412238364700302
0.756345485039782
1.5684389518001929
1.3143872346362198
0.20583550252966973
1.0649495898117514
1.1728978302875301
1.796901384876235
0.5305291847239763
0.6666528594588793
0.7674225864338899
0.25754626052610996
1.8582309258202268
0.928294078293907
0.9251993094290478
1.5554101193092345
0.5095911963088992
1.1897361062085567
0.3601965946142518
1.3229840800956911
0.8423106086582235
1.3653163647031532
0.7987875891373291
1.2387151919551562
0.2136430177784373
0.2099447753538519
3.3784917301368194
0.41457666667326476
0.516741868473723
2.036413016907174
0.37172746140450147
0.8988737370778299
1.2139347998554275
0.4862424663038249
1.815960774753014
1.0278627972491878
0.8420125698680107
0.4890902513032654
0.8799738861778721
1.5589831874965787
0.3786327425254029
1.23940779966176
1.2107462448886905
1.0651959718572352
1.183843289464365
0.3773804800680125
0.7635116821761488
2.55434610090064
0.7175014020401784
0.4659727031795759
0.44969008740127236
0.83563526055783
1.170446024931968
1.7632206917592335
0.4983015991960002
0.9279516153835101
2.0447279967986263
0.46955057987630316
0.23756767701595258
1.46171168899995
0.8190515005537596
1.1508047602599571
1.9073648467630027
0.5542737159921078
0.19555239781318565
1.03894360944214
1.5120866148696084
0.8199119849662658
1.3138405767142505
0.5144924379316809
1.6311229546003014
0.34957459296831467
1.4854005430481727
0.5441612329903919
0.5042695866106133
0.4025363636230306
1.71151473321561
1.2476592289711583
0.9063012349943045
1.2191812794864427
0.75290728855047
1.18083488529126
0.2534477622278311
0.1547141317479307
3.038653556547171
0.9000359928272544
0.3656890891408315
1.2200293216532296
1.9068763078091475
0.43631008765996687
0.4499205018432822
1.5652725174333642
1.42253840398784
0.5636160849918249
0.8862723089095557
0.3932120198145856
1.6152315571924734
2.2163647311089116
0.10351482895012327
0.45483885081263675
0.8612876643884674
1.5624332392379197
0.8800214836647086
1.7599441723217453
0.25337173952227454
0.5298569605152051
0.732059875263689
1.542966752081337
0.8467127446635189
1.3853694453221945
0.6713659454298717
0.6298065871539267
1.8038252303310163
0.8372466237656498
0.8685067455363297
0.36597039908005646
1.4625033728374948
1.7458337600540617
0.4044602183409163
0.3903867163519098
2.3267634226726477
1.3531624011405812
0.3970890941166046
0.5049086157686375
1.199897996834407
2.34262585535479
0.15538402016023362
0.5534137550077182
1.3503007853988351
1.0178450555586707
1.3649136849939827
0.6847327083434371
0.581135052300092
1.2739300352169696
2.129010860546823
0.1639013198304569
0.682207994061802
0.6161327638109005
1.7477487686269548
0.7971485624228597
1.2909492952119341
0.7635339278721045
0.6443766041852751
1.5407564381366714
1.0222198804962244
0.5375235735677333
1.7582062156206408
0.2575823331181983
1.0911199791988706
0.8054917993694828
1.0215495563599315
0.9391790127165126
1.3534862956791616
0.13713152768075654
2.554351568438934
0.5450049309911091
0.045016958576022996
1.8436538670252622
0.6840971705603309
1.7023259110140008
0.42710828275637536
0.9527923693966245
0.7798814130776528
1.29536196008994
1.0183021193863115
1.0421113189610134
0.41566869029522807
0.36444300059095786
2.8486877210254007
0.6786381349060896
0.3978097362648894
1.2086283616851352
1.7519338473343888
0.4430601563018517
1.7601451887709698
0.009412848256398463
0.12693400520080142
3.7635332317219365
0.20897549182727715
0.6102969158000624
0.9326464525846623
1.1198872916766758
0.7170335328326812
1.4453797099933292
1.3812645655942186
0.8806726153080374
0.2012741230997434
0.6544519797912198
2.4566253892808656
0.6424138910632015
0.6111433429509578
1.8441374978694065
0.6994442505692118
0.6735847325125366
0.9706491666046502
0.7759976788752394
2.1510464454209206
0.7859558662472388
0.27441559176272384
0.5968569384007126
2.122520677753138
0.2661301334587245
1.492573571768401
0.853929891319276
0.38978863793225443
2.516417137321556
0.2942376542225365
0.8917785466597367
0.7712155841325258
0.8671852049698469
0.4808307366855251
1.9239497548081756
0.8049206803387613
1.0854577136426866
0.1764293162393141
1.4504423463295057
2.3250954923241847
0.17838073853869085
0.3270965609002599
0.4216196806749684
2.5395996001233647
0.89053689140597
0.8508979047503186
0.7213333111998248
0.737188887441407
0.4474648090875868
1.1675559470602046
0.5620182279402904
2.572207214129924
0.2499211087605414
0.4024190404571899
2.5534190324658295
0.47673398940537415
0.3242307749201622
1.7652699254905893
1.1501570492086008
0.8650319333439142
1.2257671249626174
0.9561902892387636
0.7127185970834066
1.2008013822901216
0.47047939714861686
1.19028087106635
1.022491536893429
1.2075333741200274
0.9518936981864129
0.3457119012352096
2.423442707872599
0.3909360086630167
0.8093851834455763
0.4590380428023138
1.0795544114592195
2.014558950500661
0.5014840171747349
0.8988496204076333
0.09521072000927996
1.409031793984321
1.9859104976862323
0.881625411216617
0.2177692809097414
1.0787808902070564
1.0223934256329874
1.5850280753334223
1.2957683165349445
0.2008017499940666
0.9227049174092795
0.3207789576902461
1.2416010628070078
2.3757933017355097
0.4243509112689016
0.6837788388321142
0.2569558123810328
1.5123899734249067
1.1557476075365358
0.8266561735670476
0.9765471469547812
1.352634740123931
1.345843861342582
0.2921510593369999
0.886262449378135
0.8756571391727497
1.1304223110238505
1.7793579944176237
0.8014774764146356
0.22602432156692917
1.263247090639944
0.6854866497893504
1.761585420769415
0.60666047833449
1.3352409559515255
0.6805768882906772
0.5904536585025036
0.9276695198628607
1.0230235129169107
0.5128333966200249
1.1973129155927096
1.4996920445177133
0.6827985486569816
1.6576441687703232
0.5783217411458751
0.2705265634987827
1.9379421328517485
0.234910365052161
1.3098196736221603
1.4196267687182518
0.6432007025866279
0.9115544430958008
1.9145544453009125
0.42271040866945503
0.8730626384060927
1.2967601984281425
0.5235524770579855
1.1198707200688585
0.46162649143054146
1.7651571339686731
0.4096668263103511
1.5720938298205482
1.0324130947620516
0.5817377153571188
0.8914181873475447
0.6001009265949261
1.2762326650736844
1.7791851532446556
0.5231647818370426
0.565051821978753
1.4741304749626791
1.3588807532275107
1.2887375175539908
0.2295571558254385
0.5134875151651923
2.4017116892223376
0.5414456043877914
0.3679072783519675
2.839446927759281
0.19363485411086037
0.3384457967318866
3.508631444490091
0.08046341137000339
0.5960713366331838
0.32942010176000175
1.4850136104884502
0.7044659881685894
1.5206868443764117
1.165566490817219
0.5816625120731993
0.5691068723609105
1.8316463764844226
0.4168612763140844
1.489253263834568
1.1063979473940164
0.3806809815263163
1.2586909904189532
1.5142954350448605
0.6688181294755814
0.5483014075943641
1.2303751792082545
1.3554326623982056
1.0818182090682122
1.2731551443725033
0.03831806382252456
1.3470404644493263
1.4094759524623928
0.24632389217305728
1.1109923934893156
1.1930997424827063
1.0054670608742267
1.5734879136847162
1.0755654528825709
0.26650279967539753
0.6239570888569314
1.3859889033748922
1.211385662802192
0.5189402586233727
1.4888056814936748
0.3880740621576671
1.2641796055313308
1.5941055456180637
0.8652386595912441
0.7970426655467776
0.13602264490085758
1.0545233034302601
2.4268215413849443
0.6241122322876708
0.5724094228763615
0.7052856293332707
1.4696532147330181
0.8871098742728732
1.549489836299735
0.4007256094273007
1.0899070412359546
0.38760617742404496
0.9764520508382613
1.2014235406393803
1.5525070898495676
0.23112136415446968
1.247720085699314
0.7581595609544897
1.5197872503670644
0.5775953129942751
1.569892579336979
0.27406063168786937
0.8699067959523902
0.7511892877931622
0.8320523255996466
1.6735743704712602
0.7553769234209574
0.8285849596984838
1.9353843640673223
0.31542088330748885
1.1161413385770471
0.3545086765450483
1.3317223219829533
1.7205126108827864
0.6321528189111041
0.3819299464933583
1.063347656360324
1.475316975911223
0.7762995555776033
1.34632934382643
0.24638806100407412
0.9542098255034682
2.790985246938397
0.36697746674747467
0.463695227685634
0.5237332910742093
1.0114893900723894
1.942229767152609
1.1015459661129705
0.19255592286026132
1.3431878729733564
1.6527899005412543
0.52480764946552
0.9540920589594504
1.4927339875577206
0.6440309301252286
0.5150774710759883
1.3367248540046515
1.2232490777352019
1.3220518786650413
1.1554731034241328
0.10219176308051943
0.5724615248697034
1.2336515622539337
1.8510272634740725
0.8348530851210509
0.11191230047131719
2.376309443606161
0.6274593878578912
0.5567404590726626
1.9679784455106164
1.2809143503553055
0.08908446685789656
1.1270963832518202
0.7746291342050214
1.1649363895349436
1.6168757496153896
0.5610812005699005
0.9143517837603643
0.6257569113438791
1.1849467622571195
1.1535257371791119
0.42201060621559666
2.186137910146149
0.753564944133377
0.5559947227160087
0.696007396261526
1.4728579326729505
2.1307691133936792
0.07005303221840066
0.07717247244517796
2.3049654157799044
1.0189835295349745
0.7914794622084356
0.6483280990679053
1.901946090258323
0.5978729999669811
0.8668089073969941
1.5375289598633588
0.8671030476235239
0.2631166550750023
1.606861653456813
1.3722677195109083
0.34015944140922577
1.1114313530230682
1.5048219804359693
0.8524705184552078
0.9109749017585579
1.5682375066817824
1.0499511375649773
0.013843498996927304
0.5688841704282187
3.2898150671430617
0.8246204416212621
0.14407345798896565
0.653987862579009
1.0772457782405276
0.7190368097781885
2.004428686470478
0.71929253475379
0.7493577902878046
0.8191755248423696
0.6669023805186703
1.4290157135480281
0.7173786799877809
1.8970873922831184
0.4080315008828739
0.609689018521912
0.8294900206718109
0.6937072979179351
2.357327385022003
0.6572587685426635
0.49317741360599915
1.208068487540173
1.7771381819347059
0.12123938395459855
1.1075269099730107
1.0046114001746662
0.6166727194421006
1.1395627377661148
1.2001873201020463
1.2680965722564732
1.063940156637232
0.6800446563911303
0.6927472485644657
1.4598694104549257
0.6005064034140101
1.0916166504538136
0.7340321416965992
1.4989855384996167
0.8595609496363017
0.8075284611002035
0.6013335704172597
2.623133181403163
0.3859237554075677
0.19841658148786595
2.1183819106940582
0.8013702206273531
0.7028535862364962
0.8109706756110067
1.1773465389146018
1.5369102323753834
0.12735079979031247
1.8612256418879576
1.2185102388391396
0.3230006690214542
1.3565441612952904
0.6385761267488927
1.1467057694649014
1.3317205672725045
0.4707208737724187
0.7695849072087797
2.50401827652823
0.6896605938918752
0.39034376267178905
0.7312917812583105
1.8801437286638412
0.6962971408656106
1.118923135900028
0.5774526995271118
0.4021698570718239
1.268895586804875
1.9317447717604954
1.0977103848589163
0.1699540863957799
1.2242132383520037
1.1792055503617442
0.8610083338551384
0.7922286894239327
0.8670002513210128
0.6417509779304987
2.260679788026637
0.7208936654028273
0.5269476853111554
0.8954371283301695
0.6890638859078023
2.258768671155697
0.14496131531418502
1.0629783740164522
1.2780953366858891
0.9608957059403013
1.1328570351927685
0.4077292411595208
0.5214995736044683
2.0821520256005255
0.11241620769927277
1.6913914385284363
1.4787159180903804
0.19813835441865876
1.314582036029119
1.3250625309240407
0.5875303437642211
0.8435858903569023
1.4039157164084928
0.6151022850633739
1.4569371766961896
1.1932057049201934
0.5546192881110681
1.4246309867308722
0.7400193083023859
0.4225479541063369
2.1548554554302095
0.5569964976915307
0.5744206364477248
1.0873624196526843
2.1348271989004317
0.3944131810092156
0.497296807593906
2.5321666979049073
0.5972543223489541
0.40838174320664833
0.8649318923942586
2.1257235418031724
0.7894004715567748
0.13495929444460747
2.2601728600761883
0.6785950471293917
0.7721761956716303
1.903343419372779
0.855795244922555
0.09798169336333187
0.6668053503841148
1.9362290690399238
0.9443118666505192
0.9076554753552774
0.8131300826452211
1.5960705740089263
0.4719381612329975
1.2681945047260244
0.1917759808078861
1.5053323259556788
1.027913953733118
0.19336390168377698
2.1502749378035624
0.46010106477586415
1.4813634034541319
0.2109546212064846
1.0117668940717783
0.6416967218151615
1.2701636842145831
1.01163784091111
1.2777545875558032
0.9907436245847306
0.28076797497644757
2.413340349235595
0.08148782196279733
0.7713872937281668
0.28747480101754247
1.042813766304762
2.2045662706872586
0.4090370082561785
0.9151723478050753
1.986406291731777
0.2054580380501263
1.0379197433006657
1.5843167690295967
0.6351603860708444
0.3515161155424341
2.107361697370346
0.4474058867588943
1.5084752806912975
0.23928855006528704
1.345074432038047
0.836518458231157
0.4355878573944911
1.5583730374966083
0.8916090510779447
0.9732190956279873
1.4699769134803669
1.3029068189966724
0.17788628695676603
0.46270787336507874
1.038440748438081
1.142525255412884
1.2915409187494424
0.7251873899688399
1.798808604180663
0.047832652169096344
0.7890524803652016
1.0783369123673248
1.8334429414899145
0.8581810326665205
0.6542954094045389
1.1543748316373066
0.6088707309184056
0.6234552241959366
2.064895038530835
0.53790490537149
0.6697704681552924
1.5106942429399504
1.1415283894666666
0.8756524752550365
0.6097390366149741
1.4642154146151336
0.7595347855518316
1.0810563323341
0.9772590952289986
0.8189668483474846
2.124354753861133
0.5124767903970547
0.05065428870408768
1.0737590218229056
1.1010973668973596
1.2599324804805934
1.2679226679153637
1.1036077164062397
0.3354251027521283
1.1068563667813467
1.4923059817962467
0.7693474259457603
0.8226583915755084
0.7107176296579466
2.0758550884071427
0.4956753478746501
0.9281420438145265
0.6707949888658103
0.4709571928874103
2.270957933503055
0.8270337670800499
0.7985019305181884
0.7623107950944598
0.08805992345785885
2.0993283342785185
1.6726678707313807
0.3432442697473282
1.1304480619069488
0.1501630935278597
1.2906883024362161
2.032376920272681
0.348864700125379
1.1208041605439008
0.8171906875470927
1.157716476459251
0.6553434421305403
0.7689119041923344
1.4378310543433641
1.123207046957245
1.0189571099588102
1.5060638922970384
0.292475593001276
0.13078449567363287
1.2743880317219123
2.129759866744159
0.35209956051818686
0.9401121760529245
2.0804232590659772
0.7540597266073024
0.1397048860943117
1.4600098556805468
1.5285768330303917
0.6562359724858711
1.2457643545210673
0.8314245391339886
0.6656268103295669
1.534218905829631
0.6211676499041969
0.9372850206479956
1.6380922088526462
0.673643749475036
0.9353434003506376
1.3556222006513914
0.8791922683608822
0.721191788331416
0.8663451692621675
1.4087045825423108
1.5042155209213426
0.06465819663147368
1.0337556985445153
1.441376457456255
0.7682751008544382
1.6271454373759948
0.18381770079178317
1.1883005920349663
1.90005246555665
0.7013363788339826
0.3791351294716572
1.647900868737445
0.5206109441013725
0.5071078430904773
2.6279205543725404
0.5448157784417137
0.7922113412483973
0.7305689467052291
0.4363778389158624
1.585943279054463
0.49549736403166333
1.4421768776307418
1.1847877491752108
0.6724414202072994
0.6694721972209191
2.293814369938732
0.3778900515108607
0.9280521327223045
0.8966285663326784
0.25118600444106326
1.6401882789277342
1.5427095915012996
0.5450555945546115
0.8112331281837507
1.7284748710610032
0.6270276110401376
1.1500926435727237
0.46295753867546774
1.0636607855566822
1.737849222816822
0.6220072443012142
1.2832586815724534
0.7035506336674808
0.12067939877675875
1.8058765971717428
1.1754457163813643
0.8626533432646686
1.2143634878226441
0.2287393620902199
2.314219341912119
0.19730013393075668
0.47658185571824463
2.159981374892756
1.4410151671712725
0.1584700803291319
1.3515717008761854
1.1730024903332197
0.4389922417426949
0.6632448294774087
1.7200420026462024
1.28579443988974
1.0710687982578124
0.2711366183551693
0.6328282697543721
1.8891941919060848
0.7802420281893494
0.8810224641527096
0.9454237796130405
1.492071285352255
0.46653312516296497
1.1078384162830306
1.5918564893727294
0.5050330289525816
0.9913128457465102
1.632262721492816
0.7315811733213422
0.6344353480546542
1.322649747255323
1.2606978404642484
0.20599683333293042
1.5434955724339627
0.7508409839392394
1.3263814160267378
1.2136516682105751
0.5025596777015777
0.990723394464744
1.0232440624551966
0.8178118875633591
1.3180852065650637
0.996333375158272
1.554059487054284
0.38170065723949825
0.17834338047618595
2.3392848729329248
1.0609033267465016
0.7179540917273535
0.6654249468218866
1.4751067168211072
1.0470076721770873
0.7834280570320975
0.6080790603616819
1.4751894953878009
1.3127580762736424
1.128354198311111
0.07087814676503398
1.070816033094686
1.5862526685072087
0.7704102268600184
1.0014039715194958
0.9599493709588147
1.120613630370102
1.026939836155789
0.9936412757603309
0.45917406668835986
1.6080679971167495
0.529027493490629
1.5125965430673296
0.6505367556072449
1.0427165003543453
0.8762870037352443
1.2543322460321689
0.9267169745036337
0.8559136140900111
0.9499583089853615
0.949259372016263
0.6969959981972085
1.262568925711795
1.442402216526787
1.17246433725259
0.3747494206884935
0.5387709448059035
1.3704392186834946
1.1618252962448217
0.9631283314013278
1.5161847745260786
0.5170249815884457
0.8540703141883916
1.26373877859165
0.3948364850429144
1.236758098125865
1.1539984783128785
0.9002001407843923
1.4273606653472444
0.7412853967469373
0.9567837170576434
1.1021493536403437
0.5586753887462035
1.5606737291625536
1.0627853467792978
0.7983923373726662
0.5093517473215446
1.114828133260569
0.7014070247797164
1.8821503965927548
0.24657004109902095
1.0801651261238723
1.1192828955599956
1.75452639449839
0.19686839742490236
0.6520340746773723
1.531206676686998
0.6371096264564453
1.1938255683531935
1.5775800516038296
0.40091877565107853
1.4439561799633982
0.9203801933691066
0.1431576034113753
2.5699705905017147
0.6147230896278542
0.3785857665742116
1.4716238606576197
1.072298741327074
1.3389696674298337
0.6413363322066266
0.7262006332699446
1.2415381039934408
1.0446258158835102
0.4414578783061367
1.410315803658627
1.6987053560612908
0.7572561469152616
0.2937090266790104
1.9818801855774093
0.9123776623508627
0.12260617042432764
2.3334774285460638
0.9974475987635163
0.4539329836083089
0.8542092400302159
1.5895634472828204
0.797498163440993
0.9276025102405547
1.7278964462490107
0.6201150380454248
0.41004399563632593
1.1477132878106948
1.0979211787508047
0.8583343245334286
1.4340425113214685
0.8817603140831491
0.8808125267037215
0.1971728917776769
2.5553150834086877
1.0422535463039682
0.22775839785964053
0.45336645484936616
1.1539261872837538
2.0157128929960044
0.9072586514904404
0.5140638429163396
0.780558674472222
1.311180250332742
1.0928401574296602
0.7533035972984615
1.192060794561742
1.2794630678332
0.9445428855999823
1.0874560715818746
0.2669693619325165
0.7015956991536413
0.7706928891489879
1.437932353695425
0.8610517287447154
1.5093388182529448
0.5114527618948034
1.1628303750567066
0.9095877375096262
1.1258305297486435
0.4635115909503604
1.5485832171400469
0.688834347675963
0.7821791606667473
0.9423374330312679
2.1088002598931936
0.692666186034731
0.2942960077559236
0.9852109769383179
1.5785405972079627
0.809019213312199
0.9835554660953066
0.9382234194015859
0.782679995103845
1.41260252418826
0.37113757749228204
2.1247532013347334
0.29698617718946163
0.6497635100396275
0.8863824694090425
1.2262420265242662
0.716857822658991
2.130882548804199
0.26636504004294
0.48710609394658766
1.657003110277946
1.2822789696381114
0.7865044909736769
0.6280386400369424
1.5571628779764615
0.4175353672401418
1.1359650558523158
1.7269881892683943
0.9423553026521352
0.5432753331954456
0.5404211719785257
1.6196889497995917
0.9970591929221038
0.40662956366049685
1.7518463622929104
0.9320868384079984
1.0762790920259222
0.5498258944030499
0.8393792779290061
1.6023814949183868
1.3688676556302348
0.49890318906916575
0.38629316536534924
1.9454144117431338
1.2622956749995358
0.34801192657915264
1.1493001002643781
1.387945180411918
1.0649066277008628
0.5129268462286434
1.1724398480542584
1.21753230184234
0.9958360741025769
0.26767182343190987
1.6890112285813272
0.8971105101932579
1.4932974696204946
0.7673254407248882
0.24711556730175682
0.6631492013018585
0.8391668289268329
1.5432644312680486
1.5317364393827748
0.5233239747891644
0.9852928189276235
0.630592515353578
1.2057464162641287
1.1387906601001765
0.6338869838684913
1.4761002687176177
0.7494491362824004
1.4107354515588335
0.8263298679815203
0.40072541151822805
1.4291052875771653
0.9265750784303393
1.030362334796789
0.6062838013470826
1.2297587878546543
1.5389973380235176
0.8293005789507026
0.7836407919368398
1.1026692179694966
0.3296213926927307
1.370293045629938
0.7830661861095859
1.3678647272816955
0.9082653087466799
1.1295258215627144
0.6040586809018819
1.5198191126348413
0.45250643065677076
0.9448471670492368
1.767713890244915
0.5409084095599401
0.873172286221431
0.493930094331859
1.3638607923016588
1.3073919374073728
1.2679785135537607
0.7314805323923232
0.3811390539835116
1.570753607264742
0.8662334181464537
0.8596286712919522
1.1570170738399013
0.5431554622863431
1.5905036888238009
1.0967896026341446
0.9868547075493063
0.3254719289596942
1.2088832380813115
1.4035999579283225
0.8698442932847621
0.8383984434216345
0.9292274193376318
2.1076452613311645
0.26583107364670444
0.4730762127652551
0.6389563014147148
1.5454605621532471
1.3362378928237812
0.5511299604494088
1.2682962757803955
0.8957519029618911
0.9613703608574798
1.3572731768488304
0.524843196952374
1.0828996186485198
1.2263831553957822
1.0875800974607808
0.8481837444360438
0.7691148838762234
1.2930684826188015
1.1853714512143882
0.9112605831760969
0.6140222432955027
1.0683384103423426
1.9436264367258032
0.15661936338928553
0.8424161107718133
0.8938794943325205
1.2670613972580995
1.5764517741904411
0.41554795108318626
1.0793189748054937
0.6266713380276929
1.6398868867797503
0.8360958069361485
0.7664637170927393
1.4779500358907673
0.5733326009305854
0.8201513100891755
1.1174012779230302
0.8609700610632268
1.606571367831693
0.6043633224213969
1.0282547830566902
0.7538467010613566
1.5409190023259114
0.6398612368148666
0.7003204012507955
1.6050145621588903
1.1916265656755858
0.18374906726343218
1.739039512981229
0.5026932312426102
0.8914366540424588
1.8030062281444184
0.41732781042846
1.5177554010711232
0.4158999057300657
1.0221332701732624
0.9683205008337834
0.8635488156123635
1.2401588879139365
1.1487973123148731
1.3984674127687762
0.05391949348364662
0.9973371956035356
1.9549210311840606
0.374295985688318
1.3469345307049447
0.7817706281520815
0.9901391605969215
0.758525871242012
1.2687538054149377
0.7394575823919459
1.7344689498800636
0.7447571932818534
0.40036825806247334
0.9274814210733341
1.5815534296219254
0.9133361409797937
0.8691402260778426
1.0190550536271301
1.7368084999431144
0.6413991375057518
0.13559580692432832
0.7465784778415745
1.7344376155754935
1.797148736949266
0.12192973159426519
1.0635024282342636
0.37951443467766327
1.8186811520815713
1.0560668585365667
0.7295892590975953
0.7993399020703331
0.9781848595487478
1.2397473649608994
0.8889904872389015
0.8212544798883765
1.4828601096577914
0.6023780501732741
1.1907485536180873
1.443688190045657
0.28160965299385693
0.999609614935758
1.7679580615765031
0.6345492964782729
1.1444962316865814
1.0650195432600953
0.9049120049904121
0.188953306172781
1.8430269510153718
1.267287395310918
0.8914518756960521
0.3136112332499519
0.9774527592031804
1.998559788584887
0.47828664365268186
1.170668125579716
0.9124108801960878
1.0283296320090256
0.317362995136363
1.389249233081966
0.9723234086518192
1.04612601627344
2.0539662356894612
0.26951568224728334
0.12321822504195777
0.8322100521038226
2.040572883424226
0.9310044298474358
0.7124035161736401
1.44576616708286
0.5105973177584231
1.0102826918958263
1.6627506740454965
0.8561823504911557
0.5927037305504533
0.7868144418491255
2.0210669567419552
0.6687202420962046
0.5287299793957212
0.9533110292935434
0.316322853173948
2.0819979159937345
0.8915647159799338
1.1913985705204606
0.14887259758278876
1.2479010353025886
1.098148559949979
0.8798838782148662
0.11674016237095268
2.2031161280834617
0.8858475080803241
0.992865265980496
0.18026575719823973
1.57184969212906
0.69820842719818
0.832265009719877
1.81793601715607
0.7401692684984551
0.6588272274159347
1.2516749493102992
1.078330648718052
0.9030467187188841
0.8543795302246421
1.409363383417626
0.2080530866619347
2.0135042950770763
0.8981494117280865
0.5520241188784768
0.09472161040809723
2.0702064641258358
0.7294743198432279
0.943008708985567
1.5976585552194307
1.0144606165643597
0.1632003079585633
1.1182279287269816
1.9125599414217853
0.9013274942240065
0.554698019822514
0.7190789006889261
1.473216998096389
1.2066130200571938
0.6780296140640711
0.906954798430763
1.6051112119370101
0.26955177772740313
1.4903480758759542
0.7028008200172524
1.186292712851793
1.0707667825479856
1.1217124323208956
0.491092095678435
0.565956790852551
1.78545244312375
0.7112623992049885
1.2101287743732116
1.0707920051483846
0.6440407535787269
0.9906039502637107
1.0409397235537936
1.4454157417028395
0.7585967203907108
1.0466123849342892
0.198250311840636
1.7133010103469277
1.0940451123665784
0.8813230766270287
1.0027610811273167
0.48870802096828997
1.4883758299724046
1.7878611259008106
0.24057445289838608
0.583196732150081
1.728690467326708
0.9894368066663921
1.263799022068705
0.18824043782919087
1.186936759376747
1.131712944826829
1.0531542781460363
1.0722234624392195
1.0800861576089404
0.7384450704703346
1.3252414025031791
0.9380208260974329
0.6820582267905378
0.4609599904499444
2.158388023685204
0.8208012569852927
0.4807411116213326
1.0656776562060464
2.182243171807265
0.7451772068750465
0.0853410666744312
1.2690017291913611
1.9010500125409548
0.5163358545172079
1.0144335020153006
1.2809897465664248
0.2687150101878129
1.9022792524957952
0.5096835835936483
1.1193760190421012
0.7071382830635748
1.3359421874398332
0.3911983215205418
1.5075962982875935
0.48331071057263364
1.5372396986730015
0.6078042463398573
0.4373530668461511
2.675458878902363
0.738941697766557
0.40781882794002233
0.5099706837704528
1.0015956508990111
1.4565112571261667
1.1428080744752596
0.9797810535174508
0.9253512291961589
0.7421002867914376
0.7851457562037597
1.1094826800032356
1.606449265507266
0.9621334359198966
0.18338270509479743
2.0427808915802226
0.576970346723403
0.6948393262951147
1.0438011658236273
1.2141642575374278
0.4548989071978317
2.208192555042401
0.3830431826639491
0.7416799352556237
1.0192954675232186
1.4875651918617316
0.38469241369008883
0.7829192972458445
1.8103008093930824
1.3979720760741112
0.24199562928807086
0.9646654259723871
1.3291491342138764
1.1924869656746444
0.7715028691177391
1.15494891109107
0.85128264847354
0.5257017720683762
1.5120878229595207
0.3463033272940138
1.3715105941797427
1.2156460655439414
1.352825425987292
0.11969233904753876
1.7573345638416162
0.8531186094696428
0.3587515125764548
1.2504765290148292
0.9435886953244554
0.8832818822213568
1.4502357967917692
1.0268479880010126
0.49115853565672174
1.0042188683728712
1.4901663744111397
1.1057976478773333
0.7401850941317872
1.195264870695521
0.4930015364935924
1.3697801751628562
1.6425822696978518
0.12278308417285647
0.9155718639664627
0.4796835334618198
2.3087511495542965
0.8688602606146527
0.4775592906623544
0.5191064386369783
1.7793101601275094
1.4816571426999385
0.18574410798040586
1.3524068775047766
0.7466031281804515
1.0760335300570198
1.288418549892546
1.2995932000108512
0.4416114177541107
0.7006425420235145
1.140099460959174
1.5966853953101399
0.2508280447253235
1.1843521120201743
0.9835536561567226
1.5107732838508265
0.5318670352513801
1.3654796296787053
0.48817825856184777
1.2420732474309875
0.7316520618549223
0.7106876888944476
1.5238474977028866
0.2307850011185578
1.2829513550157885
1.4201716111387495
0.800291321624289
1.270539716855043
1.0184991887001338
0.415414245781038
1.244046939181209
1.01582658608689
1.4042875770955414
0.4023227913975506
1.2236497238662774
1.2393240371210499
0.8368811976565332
0.37383202726312
1.9499283530594071
1.1369316303645323
0.42276622864336444
1.2530883684743164
1.5727768236480044
0.09304505402974099
1.511835089428396
1.4765402940229768
0.45265109603624876
1.5589086055215784
0.9316586388462097
0.11594781477510559
1.8873424138632175
0.5236037096568585
1.3433313936447513
1.078426308475054
0.5252407685397685
1.1327815317256669
1.602923664816411
0.6623868647482307
0.6033651116244554
1.8791614123095377
0.6360266094530611
1.035299209280783
0.954158903615491
0.9521680954514491
0.6956558006095248
0.6775907944276074
1.6972492665508794
1.2480564475823253
0.6494790380948566
0.9010656317481932
1.2205008858311464
1.1071856111857648
0.9046067804315412
0.4364540092372049
1.0440627934931914
1.5171223329811363
1.0031976453595535
0.7403039571194499
1.3421638543706143
1.0453806771168963
0.946759868754997
0.6717359645844276
0.4903070823169597
1.1442972040113137
1.8750813757444054
0.6500493222846906
0.4992804195480188
1.972655288855234
1.267021173984391
0.42188163622049607
0.6820893681145783
1.2695654140888408
0.43839250526975326
1.7642726202380539
0.9713697826296488
0.5176871914834373
1.5458422853099754
0.29115665214567543
1.3449380687621524
0.8869458533050519
1.5550270021039971
0.235402436194882
1.385712262682944
1.238062408366727
0.5287689402815613
0.9635420870122992
0.6211045480257972
1.8262338854543183
1.3923508506063198
0.40071031269523927
0.07839545428339673
2.5307558415683076
0.47341545599783436
1.0500036541936044
0.4531594242173029
1.3275302988370927
1.0935118265411936
1.0572854406120953
0.8707226383234143
1.227361228502225
1.1153086672466026
0.5399176245481546
0.9414521887042855
1.244137348465864
0.6400428741542609
1.3695431297592844
1.3621483274791921
0.4677741868749351
0.9677129473650766
1.6886993154770302
0.883464710259994
0.9184680183024532
0.39901589668980864
0.6806096304785334
0.875753653751339
1.9956522484466621
0.8935911359261702
0.6033672778552882
0.19999823785268528
2.8959410382580693
0.3902931532359084
0.66069530130641
0.845962543300313
1.2187330549308513
0.5566895438722805
1.9836487628752346
0.1064726331661432
1.0297842975911278
1.2037439647255546
0.8237035941121517
1.2979485827798922
0.4152793982775476
1.766805630900445
0.5644772642685626
1.158564580612633
0.5250251597233386
0.9789574792635068
2.007441703403326
0.43306251674937146
0.8160756246667366
1.5120692060480392
0.23488686511731463
1.604473739619434
0.8993481332124679
0.9831287560288129
0.5629104927459307
1.4425359352507467
1.2004308344214853
0.6656539577849664
1.3311009775960663
0.7259228830555453
0.6584964148437786
1.7284349166784179
0.6297731858862357
0.543363286708002
2.1558755975573356
0.9137286328854489
0.5692308967210821
1.1431003618370483
1.1237926216951175
1.061329525822406
0.646902706703225
1.370963903821855
0.24426074580262414
0.9117515497209993
1.2505049843425593
1.3045398075008328
1.3419538800215498
0.2926525304644878
1.2383316623596214
0.4880397638617875
1.3575347013422034
1.5460615113531302
0.5653363357224487
0.7689254760672483
1.4169399361949575
1.23700423781495
0.44146606277241657
0.9677733163999501
1.6859070442645339
0.4472001033911044
1.235793427688081
0.5621192508752768
1.1897239341436898
1.1758037025561678
1.0233879186641204
1.1063866152013726
0.8684659920795749
0.9435750036356907
1.0318551749573008
0.8335156496592505
0.39844499398394734
1.79065367761863
1.223734913818896
1.0878300324954497
0.26776799562787434
0.5947337682644509
1.8536221404506326
1.328318404700679
0.7605767743205201
0.7075645309513275
0.8491314850772789
0.8233285710000265
1.4979537492242636
0.8635271143739551
0.41292483894238724
1.6452504730803486
1.924249610230017
0.19639443492554987
0.9177367383542827
1.0321509062015712
0.8198986458304189
1.3200275763520912
0.4183153663395992
1.487568420376547
1.097424876136521
0.8414279814220688
0.639591558979846
1.2358344869755333
1.82751279540238
0.5893152268219086
0.3634061142985206
0.9006375487312714
1.9030076727366159
0.4115826895576081
1.6843543921023914
0.8386766706687541
0.3893830650386969
0.397834087305495
1.8732156217558467
1.5415242882487457
0.5453491286640013
0.627398360770544
1.4786688092370275
1.1970871260674545
0.30863301225056605
1.451150699431112
1.505135342806624
0.6412628517599556
0.8400110896816713
1.4868026737240776
0.6297406410300889
1.0713806998582536
0.7313653701403539
0.9594282341469134
1.3934631030407656
0.8288270567918331
1.3721184562721036
0.8340834566719378
0.5701274753806276
1.1439949338727795
1.412143949795777
0.8896583634881382
0.31026948262305654
2.0444031528146125
0.43726747191239884
0.5114697265452185
2.761376219044523
0.23368106145359444
0.796533187593146
1.7311620505911118
0.29310443693079063
1.2742647876779163
1.4210282536330354
1.084443743303514
0.5529654009691095
0.22533162291955935
1.6065186201955068
1.7947961604362372
0.384202361211158
0.9608886204134219
1.1917066357293713
1.5864595719608126
0.4191883885541675
0.69968897733
0.910021431431173
1.697479079679063
1.046264415441059
0.2993817447920128
1.6354200642815877
0.8319617331049448
0.8450116902401239
1.6732218869809647
0.5420821880014696
0.6387402981170662
1.3056033312076654
1.4663796776681306
0.800065551979949
0.7222273273547667
1.1785374016546741
0.8700073312131276
1.0217498304763961
1.306646111640497
0.8571451537440017
0.21254184757050137
2.4445989365189247
0.9355850328313462
0.3685830487477648
0.7910786847884481
1.5862939952875932
1.124793352814376
0.894736557888072
0.9944287612768932
0.6951325277804841
1.4704696871596676
0.19573982765814724
0.8245458450123977
2.964934376418305
0.25338432423405
0.46390939055211017
2.174237434159897
0.4602894337030689
0.8001422188068171
1.8995239322618782
0.46982072515706824
1.027183907748939
1.643965531896128
0.6310986224228821
0.42094922695500886
1.4584571635910066
0.5140254794703537
1.7909750751832265
0.9048330300839439
0.654297592265798
1.1399940165594358
1.0423331635842874
0.6000171285376023
1.3989750788648654
1.0299771224616887
0.5615576133495152
1.1062477346303796
1.7425854688928544
0.9965381408825041
0.2486744817927792
1.3637236482339101
1.205555827802129
0.8879332993974963
0.7300295056378584
1.2586090334467968
1.1650697693279102
0.6402764506356732
1.0695016562200383
1.4156700726020295
1.1339538854602742
0.40364026425259963
0.8440821966257568
1.0847195402012841
1.688735229497508
0.2593253205508047
1.4757613477374212
0.9072951975837886
0.793629634951119
1.6598348167819212
0.3333826594809318
0.928868799573654
1.0086902060066931
1.1599445807573396
1.609075831140484
0.09042408632162438
0.9834344067303886
1.3600157227852636
1.4901744586947447
0.7471057480028404
0.6549183906233081
0.6979142608713136
1.6621768943570518
0.6756434104107619
1.0460365378745506
1.3266574461157434
0.42156309750478216
1.1307037309123804
1.5603771518176617
0.6685835539494966
1.5213283324852176
0.032007639122191
1.2158572511964836
0.9361313784238137
1.2739892992845048
0.014171184436943365
1.5862955613650276
1.7721046808782632
0.7229266594071438
0.11969582205591917
1.9257001123531472
0.683079801319434
1.4285923712951027
0.4450081368955112
1.1922827499340862
0.4289441064901598
1.2000146321433265
0.725207601727107
1.583719817861903
0.8470246905588037
1.0376025880704147
0.12430438489506243
1.6267389021814447
0.2978804755039843
1.4094255080395475
1.4288608097411308
0.7949169238926677
0.5218594895420078
1.519161369388025
0.9304890918468904
1.0015746325307995
0.8689361685091523
0.9275407139374126
1.63354749820059
0.40370485741511225
0.8290740429966343
1.4548374929261754
1.2229315952155058
0.8313490577675984
0.7395821956400279
1.0529681300084959
0.8073770821876987
1.1501688536730836
1.5606593657510763
0.22731953151820722
1.546205267360592
0.5099131359724555
0.892664119686309
2.2582683923990583
0.3131109405613455
0.6157485282867913
2.066708179754351
0.7367363173628247
0.6296265116212794
0.7552082374967656
1.7063223688730305
0.675816925460319
0.8081710195142457
2.1761010637724687
0.5033828618998434
0.20428847803290157
1.670528455815403
1.4159884024345144
0.3839372071768225
1.8324871343646083
0.9466147615719521
0.5141360288892273
0.4793574624915484
1.8309092750824383
0.4554362533809116
1.6705335210558554
1.1291085940316303
0.08136860699756883
1.1623659639078454
1.4210730733244898
1.1382570502793699
0.8912812275205366
0.6606452899741677
1.0211981951223914
1.552917647843933
0.6783415407998067
0.6701240981902264
1.8385468892523489
0.8444432270906332
0.5594578274091231
1.6195626672546863
0.941723268856651
0.7775831253104126
0.833312697558325
1.5914650463543154
0.8708005320749691
0.35470445666220096
0.9711006562124734
0.8876851593868927
0.8947610384612698
2.0945355552089198
0.0980280452884509
1.3877448507453325
0.27853169219776036
1.2729931235027367
1.6021851779971938
0.46124955530600464
0.9169732547908561
0.67205601584712
1.8825630827030249
0.9440722767630864
0.5862016526227545
0.6951102546061901
1.2865864748154021
0.8907998755576204
1.0927343626601485
1.014609701713191
1.28938192330839
0.9843792720183001
0.4817265693511956
1.6171828200807434
0.2348064219611111
1.311147136221336
0.93235634703536
1.2357920601350383
0.3140375056065773
2.1121830251992915
0.26873214532827117
0.5002708010600123
2.116456697286289
1.0119010568354783
0.794951306036101
0.8608310290440426
0.7000353273897018
0.5761227045023045
1.1302776364746632
1.4892362873074114
1.55197661235367
0.27079299757201764
0.7400978203108844
2.155797885687803
0.650780907216806
0.35685661391780676
0.9479461526992348
2.308527607125263
0.3876100416528638
0.9825059852520737
0.9201602991603525
0.7826581036456619
1.5409815700904483
0.7913530178937808
0.777542179292144
0.7985562704097311
1.4142147897241728
1.2157914057744073
0.3601385900453278
1.6374765544874608
1.0893132081496246
0.4907840447239478
1.6872834789079285
0.8139451414161648
0.9138134809007301
0.6357707734759191
0.4299380740581135
1.8575447395184372
0.8685464061645269
1.2502070848359215
0.4014177079970223
1.1400144798564849
0.9492269063906301
1.1845093020802724
0.9830046504614912
0.5293706897180508
1.8589702214802832
1.1537603325585108
0.34884926629062224
1.0709236151492831
0.7119102468917536
1.2184830101639328
0.6081668454262348
2.001210702165631
0.49713672626398137
0.4933247951480299
1.6722505765527762
0.7406007918585388
1.1333335262612787
1.6647695635768025
0.17412226026824307
0.914903192358423
1.2801982020142975
1.2290320956491154
1.1552504389172247
0.4258832826626685
1.173334191175956
1.530305761760854
0.5599604736582166
0.7664087680287126
1.3467813827469266
1.2925201697320072
0.9165728875249343
0.4746672666351778
1.7254045254999038
0.3267191771196323
1.5755540126230028
0.5142315098166365
0.56900070767438
1.4011348750478294
0.653569329589819
1.1448467964251192
2.1793127083933057
0.35711119556487203
0.4572258531477604
1.2014166888099602
0.7894190295650405
1.4416031865063117
1.4939626637437775
0.43923629669186925
0.48813501943338966
1.8283325868570257
0.5196326930271701
1.1608125134958103
0.7871082974215837
1.283554620861398
1.0737667622621714
0.8770980770399249
0.4717404077890441
2.102180038391062
0.47430996326961594
0.8911819819131328
1.6604263668672343
0.4562671649718802
0.5519514510993826
1.6275270641060886
1.1283844054925367
1.280448227330856
0.20123958094709135
0.8318754137013744
1.1608230999107998
1.4853822297616712
0.86515673503269
1.1977607314949332
0.23071811933030764
0.9772258182884204
2.1721288583973575
0.8966385100644167
0.15601217842929005
1.9387036480689812
0.41972530167818334
0.6226221920218045
2.899195446188095
0.32953998602409856
0.34663847296273037
0.9541962215752501
1.6647624944793982
0.8600681620113539
1.0993611087931479
0.7799715509067834
1.4462095355290319
0.615129064516747
0.4127034929209396
1.6752245788567617
1.1953629580109697
0.9246865326063386
1.0063846820639635
1.0405609499180575
0.22663475543904088
1.0982575965242556
2.591191014633105
0.6244558763893556
0.11886863241137921
1.326430574822592
0.9655573688650754
0.8514880740896362
1.1052833679161784
1.3247707506638375
0.9429478826138518
0.39078449300936724
2.5012337122055195
0.057235827623887355
0.8036886116651151
1.286242827890685
1.0411718964661392
0.44033395074622267
1.3962238480121372
1.737051920692823
0.3474605831917523
0.8177278563557069
1.1153649002110622
1.0451133320345243
1.2867847390982008
0.9857361374604752
0.8283766128701333
0.9363823888738338
1.362531651170546
0.6097945638823337
0.7027935750215532
1.1879931153339798
1.9959147826867456
0.6914046482967907
0.16964429888007554
0.9533570788886847
2.6876395332611214
0.5388492824995135
0.36896506382660865
1.4124773563846644
0.39710152421658396
1.4755386565808486
1.1297506620430675
0.8305301485500404
0.6842636340266065
1.5261719823005064
1.4684863842217752
0.43835082889103816
0.7543110932374376
0.8784591507650864
1.3301121628452737
1.2097675090224085
1.0045988079521564
0.8359749382399787
0.4792011831497419
0.9855087486976504
1.4924140056087702
0.7802544565341538
1.2520574483158218
1.257988577171269
0.6915605786939691
0.35933241578915975
1.4810364575870185
1.5242448501357064
0.45779933964122443
1.4612569000116375
1.2922012487539436
0.11232745455376424
1.1603237152023491
1.6608571928071765
0.678192428562441
1.3433395499654242
0.4466051716874977
1.0233777562722965
1.858177582758372
0.036577755167547465
1.1224204672619484
1.95930137888748
0.5173031745072171
1.620487770947365
0.23198737315996393
0.1527399519337301
2.8418861806103064
0.6167390263092095
0.7328331165822908
1.6175372332945128
0.22609550745066667
1.3718400218732614
1.2382854201482418
0.30025545756833666
1.6439902730394738
0.5188598692755736
1.7138017611348815
0.5112738606795977
0.5200572543946538
1.2249470130269233
1.0676744432542578
1.3339503864394586
1.2062764518786586
0.6563828394621325
0.5920964617513044
0.9945294314061379
0.5870845985090514
2.417366808912872
0.291135787733008
0.6738761422827502
0.5358045885877445
1.4977221431535985
0.39162419095815876
1.9611626841755225
0.5367625418068107
1.1790644776289232
0.49098725286537553
0.2213283600664384
2.7672362602937115
0.617382323093737
0.5028619415453096
1.84287430936179
0.7576671752388052
0.4835376427441707
1.2382351713514848
1.5993324420591353
1.0027980047284009
0.4544012876879897
1.4028217344538538
0.4331813495289032
1.0079386349784967
1.4127720286654688
1.045626246523583
0.8131437528428734
1.6258422590397446
0.46691434884159905
0.41227209974257223
1.4456034420036303
1.9513897914188227
0.5799101025476071
0.524286951183674
0.3880176078689438
1.7351118191615305
0.34178912991901983
1.8939845590436686
0.3574482266315584
1.0143393068419784
0.9731067999310783
1.090090571093381
1.2079913443424364
0.7887887044965652
1.201267959662563
0.8619493569422639
0.5639523784639333
1.2220897336702612
1.336082059443693
0.6175609839958498
1.3737049516622868
1.1663482689994507
0.8607300777268332
0.4134893263956811
1.0880270139160544
1.1381962782218877
0.9480416433069541
1.246668184685
1.45962516471284
0.4296789446242069
0.2427868258094746
2.547938044612533
0.5143280101705574
1.0624036970875055
0.4804065020098614
1.0832434364052133
0.05985003283410566
2.6022306352402658
0.3669080938899007
0.6961537866867356
1.6682959602868852
0.10750402851598514
1.8123973709139218
1.045026906308941
0.7721015058603664
0.9108068591020899
1.2743902167951031
0.1453589631185734
1.2349244083006086
0.45561337459947054
2.0488481775666068
0.7701657773337756
0.711887643359069
1.11247233437348
0.6899501582981173
0.9098592362867588
2.086472628778187
0.40940751586061114
0.6999291863524583
0.6413316623154333
1.5183578840515153
1.3039313484846549
1.0683218996162436
0.8739296021444455
0.21943482305803202
0.33563974395855506
2.93685747139659
0.7648471487358358
0.3829390361211488
0.9509887761193484
1.3609397527773575
1.3756900305629909
0.6315390486815747
0.9323595961251533
1.1130497620377362
1.7599952105884105
0.16445011696177547
0.3049626748720341
2.6506900499640453
0.5719010934345874
1.1883341567392958
0.2246558349132499
1.094794393775587
1.3799920649038273
0.06311240811999264
2.584723765679618
0.19479891998960372
0.5456374020461807
1.5919154703846583
0.5116824888037271
1.9189528830019063
0.9671145601223513
0.2982680430141245
0.9844780226704556
0.6981982252480704
1.7963296441289374
0.44857852028718653
0.7286521653424982
2.368227634268199
0.7897418941612806
0.28858211085797203
1.4592031817133582
0.5329524216675653
1.9684525703022702
0.06825518585294384
0.7042277365392856
2.4255680565356523
0.3130054304315091
1.2571336888879416
1.172527964167822
0.1538842523714349
1.7108323683061732
0.11998451120776733
2.2911455758293977
0.10045325437492905
0.3586886041206001
1.995262370385053
0.38717950724787836
1.7103903088818908
0.9299378463246412
0.5707788505075818
1.60360327229047
0.8680120114175007
0.25304281815820495
0.628914395029501
3.5154548458053387
0.1422137322261287
0.2818814362171592
1.736612170442429
0.9892895124483831
1.0851961753476909
0.3889485796002329
1.797364262165129
1.0554717149717279
0.4251388019402684
1.3235168633468686
1.0676017631214785
1.1899575944193341
0.5508406974298694
0.9529898292832091
2.2524198958743473
0.32488328188771387
0.10013485093694621
2.0682197336388395
1.1526037455463638
0.7490379114988349
1.3039005777622137
0.7315863774224731
1.6999299649988557
0.4871399182099513
0.11499499703253001
0.17702006341949494
3.786974245250476
0.699745198515462
0.07451190758121086
1.2064694865243133
1.967987209681322
0.25856934052509445
0.9529588354739262
2.4038759150740114
0.522173792653328
0.3418140382187127
1.2529924217040975
0.6781991081630377
1.8977966681301144
0.9617615685116886
0.6602283828063058
0.2802246082547932
0.6287757493630324
1.7727812267738305
1.6406677561476353
0.06308172492557541
1.631641521499717
1.1829203112268103
0.9515960052541765
0.4858869810013963
0.18314837866146377
0.9349709702059067
2.3305454444975755
1.101553606715453
0.49202390728213025
0.15164165466165389
2.077742110478331
0.3702350231663463
0.9851743216968541
2.2117055597480793
0.37471192363269884
0.6485817068508815
0.45820336870184386
2.3991108308566957
1.0316875867878195
0.40622749667957986
0.37374449552494604
1.6046165494888336
1.4620913056247524
0.17434470838570648
1.5631940412875103
0.9380422005203181
1.1559883698423183
1.5742802012672958
0.29469476120171867
0.27994021020100773
0.6586214397281109
1.6165623189355265
1.438099314841447
1.0733022223756865
0.31434791025166314
1.1833709785689328
1.8036147862154643
0.14217020324862972
0.815070688697457
2.227767164222215
1.3877659302357983
0.03624232667504374
0.42431343463219845
4.108324478662156
0.10303416870794516
0.12423881163948526
1.6882877237321985
0.4908494482528046
0.8650049786155459
1.6468258413058499
1.3349188738955724
0.5627902061161757
1.5059029282814897
0.5445929571503223
0.13615630568900172
0.6575815517686704
2.3639992554930687
1.2310595543306424
0.5317370221589242
0.19357192971842083
1.8714408059739152
1.3833212827932797
0.8441605906221946
0.09469152602225693
1.4554705574503615
1.2460358839490853
1.0019717117254439
0.9721809516182562
1.6885746659749756
0.09445020771070668
0.6269014933063451
1.4026095495004411
0.8528666667261569
1.1212125073264914
0.7608869638156865
1.9673980366325488
0.08983990424995056
1.2343367655214923
1.4961868765254327
0.33927717325921414
0.18340753023761205
3.1429225199130197
1.1302220853456115
0.0820374504047669
0.5323021388853909
2.2868753673936397
0.6657052985590408
0.8823510275364976
1.6210411156058724
0.41122680701885744
0.5578836080602247
1.9731534719555615
1.714648747617306
0.08039259637106538
1.0696736974570396
0.3923768799202835
0.6627477184903151
0.4518200570738056
2.2634225318818353
1.4199965339512957
0.34308727330595523
0.713055151969254
1.5973019138787452
0.4185608348773137
0.6342718817581852
3.176549387956082
0.3167081617645401
0.061020755792009516
3.022316554551152
0.7283450660760066
0.29893525235868385
1.211691169721659
1.300792201964593
0.7448062643494632
1.3268665398662196
0.9561657469417242
1.2416219740279193
0.6998384273840617
0.8577401336670983
0.8084554839162958
0.359159779169289
1.475458106810828
1.7841513583487687
0.7171987272546858
0.9169123003804646
0.262730241057423
1.2230368040094581
0.4319904174958146
1.746974923064705
1.9390360729267453
0.2071039068327485
0.008655784540388765
3.3809782462651987
0.07893657635751454
0.8971586916459102
0.08900054106405898
1.3050340921785744
0.33540411055298464
2.5478757379004398
0.6309418958003009
0.2814497682118055
2.0923958184260685
0.1170385425014669
0.33623744850707704
0.28839368686595346
3.404630597967649
0.36015366678478955
0.6502463386997231
0.08521826723836652
0.8450100933692523
0.5259080707836246
3.0473990852904036
0.040888123760057064
0.48725465261612794
0.2389488663808515
2.658369482156234
0.3047058770939511
0.7682970155940814
2.863824527912297
0.11386250531295904
0.09672945024074953
3.0322546458063733
0.2154767468842403
1.3953817711341454
0.5490649889957322
0.6645879375006297
0.118096783497979
0.46578495952040044
2.9698211452751475
1.3571996183335522
0.06053724868038225
0.36669952754717794
0.49306823597803745
0.5269644217459051
2.9247832774682676
1.0297036338803023
0.05092118090587754
0.9445695653068874
1.7381509453021522
0.5964205803542686
0.620067749992387
1.7256517896350343
0.843937486050885
1.2358862285479926
1.0633218894968857
0.16841902819200052
2.1513120229286224
0.3073243117627628
0.4623295928815194
0.8441566627271823
2.1270642962242614
1.5509167203824934
0.10742954819282939
0.3884213448765055
0.7863321534159287
0.46744277157997566
2.341472792611806
1.2816776791086815
0.22808102944006575
1.2744223798241305
1.5166965984763732
0.35144988615243333
0.17585850830404295
1.7663821158451232
1.5922491128166654
1.0209043825733048
0.44382497750885636
1.4484004381864937
0.5635803970206978
0.25534709052941434
0.8886071822610437
1.619184242252442
1.0195227803887053
1.6868950530915798
0.20013580664967426
0.3359599535480749
0.44562614613759866
2.0164940279844945
0.784485258011983
1.441179535765075
0.959111132934002
0.08595352548199098
1.0671443285584512
0.48629123478717245
1.593150393938474
0.24801279954921188
2.381802242152851
0.13969156416759723
0.6557874266176258
1.515205159149963
0.21618069918752722
1.1264566344221143
2.282083442409943
0.11506561270124419
1.6298251741354772
0.01902676993973385
0.6054957838680461
0.3712894759115715
2.606894461413181
0.6527016866205105
0.7429161916568332
0.9937686560048962
1.7003274733961709
0.01447427395808207
0.2133658473630056
2.4387281644505023
1.3199981433915704
0.7174687480401467
0.8990638358966788
0.772397732904194
0.5213895089339566
0.27483633954016284
1.3774180254346389
1.9392689424104301
1.3078284642399596
0.17840846487481227
0.14980368418143816
0.6700424507670054
1.0363738978087293
1.9214668581866698
1.275014296150958
0.4467316153580253
0.6537473463278741
1.0419936041146027
0.2050511482046595
0.8021355707770845
1.7652070302240157
1.591851988674124
0.6140232362028375
0.7164669476483948
0.371020682620577
0.7040372632425107
1.3673569825278526
1.591185730390901
1.3167050899019903
0.16070215984864514
0.5729174157940697
0.9649106543548116
1.12483458495892
1.5761795874180038
1.1393623930537857
0.4419806341454955
1.0604062435789057
0.1781134082745512
1.5260372673567506
0.729962280190399
1.2188585530464968
1.6172969982715883
0.6948600273947778
0.5047050976663533
0.310295730801405
2.0649457115318
0.7869918983788704
1.1653186177902424
1.4897948282314664
0.12991317132790428
0.4260317317274853
2.75003172489291
0.43988114647339127
1.010354151951413
1.2143857988850981
0.6010237072135003
0.6461889812505541
0.09674771518002111
2.817132316525129
0.6247838923785977
0.9031264589251563
0.7190444745884362
0.396520392169493
0.2352725392649671
3.364409289330105
0.212768065361606
0.7241527799760928
1.8536373836252997
0.0685894325479772
0.3223856956912931
4.064928305364886
0.22292060840742775
0.2335402551928172
1.017316843596776
1.3361754403111648
0.4195952368490351
0.08720035647996076
3.9050134753900685
0.06233612187441963
0.5200546992556094
0.5430872767466436
0.3762131804280153
0.14431302244279826
4.104762754197671
0.2636984865884348
0.08998479070368899
1.8486334332944656
0.024659630337000256
0.27160359168099785
4.436206563162525
0.1588951303442697
0.0781515652182889
1.6278022589284225
0.2213044239963113
0.10244558490400629
4.52042503067315
0.016839685295355154
0.12647074644762893
2.8888179713910542
0.03865681104951751
0.0328470200276806
4.737288275302738
0.0348892194455437
0.15128921978632154
0.057340157925385486
0.15806523923353702
0.7322423996856804
3.427895885767103
0.7023538402760768
0.014498556914115664
0.1061111272368977
0.13802963310619493
0.4018172114880473
3.988333614513813
0.4712078044764179
0.018693656407973994
0.1954700880405114
0.21688522553576992
0.9644293463046163
3.4638286346172142
0.3198779712900886
0.055306193167033106
0.11377428926089586
0.6461386752979389
3.3836418198439757
0.6754222059408013
0.22934546748792806
0.1838120888116506
0.38700447817422945
1.0603775918965515
2.9196097256542317
0.5181613296000832
0.1971490746626056
0.35116941828857723
0.7302991209134323
1.5158737474376873
2.181981664124377
0.40845331111114136
0.24279333388771593
0.48488770186663926
1.1316095665864279
2.442064650322137
0.6994227227549382
0.35918244414955147
0.4400216577799926
0.8018377490504194
1.585012320714437
1.7661344531369918
0.5801143768271643
0.38789250869524405
0.48437329249918726
1.0820398775138063
2.626864870266566
0.41299231180905904
0.342825967628137
0.865051766012618
1.6322767612989986
1.3877533860515816
0.745414863211693
0.5295086028410918
0.5884464756443581
1.2293154922569771
2.13340757002155
0.46598297311519044
0.6708052313063868
0.6387136414665935
0.7781230858240384
1.4858546517758864
1.6843201787647442
0.4841499873349539
0.5138034017851244
1.2615425697652514
2.155342249330554
0.19713133773249525
0.8175832939563533
0.7534502085192802
0.7996761552420948
1.4650049162217484
1.517128889976498
0.5798698315443963
0.5641581944050983
1.0838914563818516
1.8848374941909323
0.7277612354671199
0.5682095247154652
0.823119734808437
1.434839874749054
1.501122732481256
0.8443600575745883
0.33132298061205084
0.5135484540038802
1.2514510314929697
1.9379293303302696
0.6635550000821387
0.6406154469173037
0.7465717575768837
1.3324729301416491
2.031936089749298
0.23442658944599623
0.44532483001463946
1.2620354383773154
1.8743487293895351
0.615522872058915
0.7120048866412273
0.7699156018305952
1.3022728685500677
1.9953295659642067
0.20541935061998148
0.5213929581881673
1.0576824303185302
1.5141393149275209
1.301727532380936
0.8296664837160842
0.349001949674103
1.0689503000527838
2.3836635610906924
0.17457017776648293
0.612037589433514
1.0480423814186028
1.437699061959807
1.3753735036290613
0.8570844285052801
0.2097979068925286
1.039511043308318
1.988172815140287
0.5981731837108869
0.7499227495359692
1.359291653687486
1.4592961692329212
0.885302205401118
0.06497277528415348
1.168762292720558
1.9085613160897403
0.7208798273185331
0.9614616872727789
0.9262560169809756
0.4365381870986213
2.2859418534396516
0.08398929616436444
0.9250387453424184
1.7901591949010986
0.8332699357147921
0.9686427870744558
0.7339196228044228
0.607805348227082
2.187594721160719
0.22732620881499246
0.7743659486146469
1.4843899372592977
1.6446672965662312
0.4036505142518097
0.6487823438719104
2.084909720480705
0.3665020543079532
1.061856490603502
1.4820713182786123
0.03981520945434414
2.1257070712970427
0.31481400468339193
0.6686255895360234
1.5728551096928474
1.380057798391812
0.8601668491997287
0.23030251894680281
2.236572065129525
0.09683471921113852
0.7903933410505936
1.564185025011222
1.4623022868239755
0.6650662407606187
0.35097635082411266
1.6475337625356248
1.095100609568459
1.2001169334498287
0.22938212233961336
1.6769428922057696
0.6258273423388838
0.5271613680728836
1.5776379208819604
1.2648698231414586
1.061567080313985
0.0011174606356044766
1.7755813358669132
0.658269559225211
1.1734255789616224
1.3736390291992018
0.8525591219183675
0.1953377728436187
1.7026742147349285
0.9467447605920714
1.1313134821355817
0.39324271551294865
1.5597152236108434
0.3831473691882087
1.352957607902603
1.1419649381420551
1.089713563383308
0.14955457501985087
1.6855962868307681
0.462275848695239
1.2119277526249177
1.8225757691076299
0.06183864128515962
1.4193918173621083
0.8479429023320308
1.15231444717159
0.5324234659273042
1.4872081401638286
0.23593168491931044
1.367823639737484
1.8190165432731378
0.1867327553658322
1.3802770330373435
0.4043503881371949
1.2601563823629263
1.8687043241124441
0.004770335851797964
1.3305794208065143
1.7480811897427302
0.4428971252198311
1.2755674501094254
0.19652449256746907
1.3939067549890187
1.811610861003085
0.1835607113297367
0.9917953603551891
1.5970225012744845
1.4685759063003176
0.01481531566448292
1.3163804867382858
1.738043904852603
0.371970411284837
0.9276090868256395
1.4518615933579746
1.444761325213013
0.18661937870356704
0.9823757836196608
1.2419958424259454
1.17004700079965
1.0150950895596267
1.2654625674594155
0.368786231645902
0.8942685955050576
1.161022679746503
1.293693030467852
0.8058365643899237
0.9818938091083631
1.0967171333785628
0.8698282771664794
1.304698508378201
0.7477345438299926
0.9325853249356056
1.0313829080503853
0.6937329853439262
1.6648713092718337
0.7583992499622979
0.8947280185028329
0.6530725002001417
1.4965545807080685
0.5264995299226566
1.3022283127023127
1.3512964317295113
0.3924530968206372
1.0422608950726735
