0.7024433687928637
0.7307958000201754
1.36148741487524
0.8768595349431739
1.0122675130380872
1.1747035784010214
0.5167687653220364
1.0658979072183807
1.265105134831166
1.2727767863234047
0.7051207148828431
0.8417301425258906
0.5278182867434604
1.420143402923114
1.4906751161494318
0.746882792420073
0.8548071511191893
0.7979565431620584
1.2194548466497073
0.44894837103066665
1.6677089778887193
0.9952987504521573
0.8030545041374205
0.8458739931083269
1.2483649458584045
0.5930028065845815
1.6630793452121715
0.34093922807196864
1.1561411525330578
1.0287016344903204
0.8937593314236745
1.213552081165479
0.6342147332220279
1.6070372574337617
0.38473250309414114
1.4827894889338278
1.136643543667788
0.12735721819840784
1.2517099412480763
1.377596285636383
0.6749690148355948
1.5522350038764283
0.4225265687630016
1.5641102296106395
0.9721819783246616
0.159548816227983
1.583558361036158
1.989024067696637
0.12275530012602504
0.7554913025460201
1.9478904230286904
0.47112059758851454
1.6422060911544574
0.8205367699834929
0.19155868011043392
1.7132316372461374
1.8598007114151882
0.10078517619188113
0.8665016823946163
2.802207298506585
0.4151787170016966
0.15934783307408323
2.7486138810350873
0.7548574026794431
0.22303345802054447
1.8411481504935285
1.742301072892877
0.07982717732918596
0.9610478195082575
2.6963013468186947
0.39066245218714496
0.21929134331914252
2.8076010843234074
0.8068854221487557
0.336489668969732
0.6303402021358601
1.5736117157917338
1.7569245975729169
0.06644860469580766
1.0509417980704592
2.5995032801636855
0.36973605766874174
0.27651830770851865
2.8426562903016572
0.6858175809373102
0.3710495847046813
0.5873389536627427
1.6999221402726312
1.6741485350790561
0.07864885588924965
1.230629352670704
0.004812214720671658
2.551474159954564
0.43573137823279123
0.3293210763504726
2.845254450663448
0.6038231006849949
0.40381288938098214
0.5449862733433306
1.7964724051367111
1.62562803062793
0.07398281568202024
1.2339500156416823
0.08336440572643745
2.472560150758436
0.526546832534826
0.40831673818889147
1.649891807579997
1.498652052401183
0.6425651086795553
0.5720509105018898
0.5041847401997623
1.8537923654073536
1.5888674692357267
0.09239289797922057
1.2255192066780085
0.14126811643503193
2.4176759890844557
0.5150628631272717
0.4515699864056313
1.6095655890559624
1.438607642991401
0.6900144842187551
0.6084257046780335
0.5815687193492527
1.9179501512630346
0.8832370746724734
1.0093084233992837
0.1902025083978576
1.3722357641651655
0.17269748476512498
2.388184109894574
0.5112241560402613
0.4881715615558085
1.5870535099650431
1.284764827929146
0.8289802489787264
0.6489419672553641
0.5296882576624895
1.8871994579961888
0.9503306586842065
0.9676593567676405
0.2576248044087599
1.3551805966814034
0.1814624179629153
2.703087675459313
0.3424030263030059
0.27538538800791823
0.8928739945347098
1.6877934254196212
1.0181054549689497
1.0772569510300671
0.6983748519014189
0.48250569942466653
1.7840780846980562
1.0962823195945932
0.9121999444822366
0.33775193426388356
1.3434149355604827
0.13512556916108143
2.7348719932705747
0.4184246376869065
0.24005507927230063
0.964535950569727
1.7397945571152587
0.6177256508019899
1.447639064505818
0.9525154297457781
0.5738693341670198
0.7845980141369104
1.1190973065296237
1.494459116482028
0.9456866288827325
0.4302008278007046
1.3395816308623953
0.03720177770714709
2.7970410471953047
0.5245092652577672
0.2047581159698241
1.0421817053239009
1.8391989036749294
0.06087080835569993
1.9429023122863465
0.9849227165216441
0.5649183822977716
0.8446190508394623
0.6849301237998465
1.8967116108957793
0.873541571569054
0.5186915895916617
1.5770684744087493
0.13542441992914284
1.625521301969244
1.659661491076333
0.6741644510298559
0.28152831744872514
0.8792036272639541
1.2376609573171997
0.6753903467920144
1.8729458841888635
0.8723311741945078
0.6819853722311702
0.8911512047653529
0.0843930442765705
2.4569101081487195
0.7802188508761915
0.5972353459383448
1.2703724113072894
0.39759406195329816
1.7005075677452404
1.3035804473804151
0.9008647537111693
0.29149687651778383
0.5544124259372472
0.5060007552093603
1.5694333676387011
1.8856502609013814
0.8807141749730439
0.08886674580020933
1.301078363082706
0.3556137423508376
0.6930606486395309
2.5158935009019827
0.5547712836418961
0.736440385561778
0.917311638885353
0.7514591755497844
1.9101564459526859
0.9257766330434153
0.72830678717439
0.9208212623033107
0.15069409606899428
0.4440262851786406
2.076823185643798
1.4928513549848623
0.7662948392401984
0.7380370381570969
0.2994118984054055
0.4608540855983219
1.1478994235483424
2.3654255436869946
0.27971510865235033
0.8511258168582804
0.8533155121199896
1.2817146843265868
1.2041171034643388
1.2797863595057473
0.16516063232353778
0.8891365957441468
2.535474749005567
0.15126533488293972
0.35804544369548214
2.521207414824407
1.09521683670159
0.4975734538401411
1.517144585276224
0.43721639582547817
0.48680852273766123
1.2137294162019336
2.311653719341773
0.21268162310359928
0.6736845316081141
1.2810239139946251
1.7589237788157719
0.25209556435906993
1.2161782344370455
1.4958757003759933
0.0049023603420614275
2.020330107679091
0.6024448979118529
0.34391577527649675
2.699793942350396
0.08898144407652024
1.05692333927984
2.208955890034381
0.07993267720836868
0.8714934116496565
0.6326859712689852
1.1830949400798403
1.507446856955294
1.1960948595569234
0.1449505913540297
1.4118118603931644
0.47124528979070096
1.6202060931469446
1.5147496859806653
0.19663970853654705
1.0061261644883346
1.1393702188952073
1.4041755710638477
0.3033474949325956
1.1948786149427286
1.4053558875316516
0.4918346235068171
1.8282023169225834
0.7806483045857909
0.7088235999736168
0.645687223479598
1.0018553549468365
0.608579017175023
1.8903507992433626
0.9820042182666241
0.19271063100322813
1.558365022443539
1.9395003601600564
0.2761860229858837
1.2332799173693123
0.37803681443134984
1.160093353934352
0.21377367210465503
2.164165917731445
0.5482927740925616
0.40254000167486675
1.9660511422459361
0.49163011227148223
1.4847399654323101
0.963503653135919
0.785705181983415
1.0125108472790398
0.4623956588201084
1.12705137589137
0.6198526929955888
1.2021063742705191
1.3493899640667761
0.9235860862008689
0.6277663797255761
1.7553641468183614
1.273415161163137
0.2820681674505007
0.8611948430772344
1.231910958816019
0.05521552104792428
2.5462184535433923
0.40155802941685764
0.507263145866034
1.9054977051481756
0.5211841351854931
1.1928891375055628
1.7571468632316818
0.3584991664660749
1.2928450819865045
0.3721505878350193
0.20673822917520737
1.76645622231565
0.3798460255913701
1.320769121817424
1.0446689006054362
0.7936400110848246
1.6203109371385649
0.8291984541123758
1.2003598517378364
0.017380626702194958
1.4872666313604304
0.4980534913561594
0.698640561726098
2.5704351505190752
0.19597556505579344
0.45659059335134616
2.6255928772762767
0.4536410544914215
0.7577643527102753
2.128405824261864
0.19640665328672197
1.5020517478990658
0.3392783927143701
0.2202813061133993
0.4353546556357857
1.302803366495092
2.147462980026787
0.6239726766925787
0.49040114121159073
0.9572390905121879
2.2602469910863294
0.44154116299066204
0.7172290205717143
0.7747346991414957
1.2052799478203802
1.456819482751437
0.5325804425541529
0.9351492400979131
1.227029564642696
0.5229040863140845
0.8449713172509011
2.0009435601091266
0.9424827845328817
0.458313238264261
1.4352143152184509
1.5871010553766607
0.4849810605861362
0.3758908446134725
1.4062684841369686
1.3091688961046901
0.13463795599563932
1.693184486954163
0.9123586402739621
1.0260519677106161
1.030414400644375
1.377417795496226
0.6304033393974516
0.4171702639987617
2.188851862497445
0.751514523802292
0.8409441412074521
0.5936840952519652
0.5509372774534741
1.9624259420222656
0.5942158318155634
0.8751521382616217
1.2880315606009702
0.4196253229113373
2.1165952598179474
1.1407229615817243
0.23505143571023085
0.6408896110499638
0.8699312320877146
1.3898594679773262
0.6894386445442384
1.4006773493445568
1.0999371375494378
0.42548943508890147
1.2106246897360784
0.9230300602002517
1.379381081720656
0.7737712701812627
0.9517984641422176
0.741110952421243
2.0664545325399186
0.3465510167026743
0.6031237285176515
1.8874805342271164
0.3936461590075191
0.9776583673426323
1.16046960143151
0.8902529960409666
1.5497374324128161
0.9959943821719747
0.22056466918435882
1.1663747988974742
1.665313473698659
1.180532287230476
0.25075802165099476
1.2387127570675585
0.8700165775318205
1.2752258812094033
1.383014818918243
0.5202314500671982
1.0577312324360073
0.09721808253550937
1.3199643576081563
0.5843060758918529
1.9683884977061445
0.7528006990095009
0.6135321335205364
1.2673860297032866
0.8506205917168417
1.1202882004911952
0.5084639934604225
1.5694049223166924
1.0558982758677804
0.9325000031957039
1.0248428514464463
0.09547617024104589
2.552255216784531
0.4185241379115835
0.2546158024751899
2.1012003563784543
0.9556104395373239
0.563745341766861
1.1010644746513107
1.7892027769678638
0.5016235475168416
1.3430137082193558
0.12433165478081697
1.0102461448766427
1.9029813930022594
0.22735977046973327
1.6304264098214751
0.719340422633002
0.5929616499609836
1.7390261227445165
1.2462703035533849
0.29901211015992674
0.6733137813935338
2.619099653391677
0.39525791149547207
0.8445060954374108
1.3228651663882542
0.5518336003691421
1.110126702207726
0.7069693391451551
1.2116300914843012
1.1804977352016295
1.1996269421821082
0.8453560307765566
0.40509571674214223
1.4360292624298703
0.9183457653058952
0.9000296193186689
1.3076731571838414
0.9833268277218914
0.6659350151389711
1.335269878226116
0.8568582440980529
1.3347689133998675
0.4165065577756261
1.5021039628731292
0.797507977932771
0.7892753607226963
0.3311738488245091
2.07633684383106
0.8429938910823958
0.7193382730067037
1.3073333909377147
1.100503732809728
0.12671175762287282
1.6475068470593899
1.7451593009332176
0.3480983260481187
1.0377375509178488
1.4058320379233629
0.5508442915758126
1.1489506683963613
1.1610320533796803
1.0527364106054486
1.4220015706794582
0.3383156735379707
0.6113502630057304
1.342354837430894
0.3887782206212211
1.8215609930772545
0.31444366758262404
1.6147718714832116
0.20910865954536323
1.2122658212657826
1.1722529742817658
0.9835469046381312
0.7403663763294773
1.2060360665678285
1.5178667139552646
0.8311956861768242
0.4274759021757556
0.4404557088179444
1.0765471812283032
2.1842356728068313
0.848135156642581
0.4161713362956934
0.6205564897744357
1.9103195115682143
0.5441765631371841
1.0022596844891514
1.9235562889291313
0.3198461822187732
0.7655563677154194
1.0242907559425873
1.541216223014725
0.6938398863689317
1.332471777994827
0.8537779995951565
1.0534031913581368
0.09289488434602912
0.41632758462737235
2.695540247762513
0.2810577107327608
1.2195652565759452
1.2158772675474327
0.507213061285353
1.218540776207717
0.8854727934365787
1.0055991611315986
1.3574669168046272
0.9053271767994722
0.9553277490799449
0.16963736427238696
2.076601473952469
0.6120677957534073
0.7596549970995055
1.1654563736721963
1.803876326663688
0.4108940551123974
0.7076330053771437
0.32590493320839786
1.9492475924676922
0.9813694329655224
0.5730314466118493
1.0684416379285155
1.9426572678372231
0.467991240815411
0.8486496244218821
0.7037083461608523
1.7156784341081752
0.5622841204808561
0.9378698321016554
1.5121338977826233
0.38760733154590815
1.0478388567816168
0.9072220297673368
1.2881982343302614
0.7717986423997275
1.5548309051602585
1.004469141525938
0.08461499392515527
1.4039261090565436
1.8027796989023912
0.8009913214548806
0.2474570661309521
1.9071933455880818
0.5566846928152517
1.212693075615112
1.1022836876882116
0.526086906948174
1.472328924370707
0.6068582791384802
1.2886918092400559
0.5916072596893484
1.2833647572039566
0.8934327043592938
0.8191682250664102
1.324746387881367
1.1647876651148197
1.0200392019788316
0.41800796287266395
1.0137617205255094
1.1654293343644277
1.3005171099061996
0.5499773535970527
1.3405615016563002
1.442442654368393
0.4119317099775127
0.9349324888200701
1.3328247638146085
0.30525890386917864
1.3426218002958414
2.5985647282861897
0.08511214260544733
0.4044283458598331
2.2854102138860344
0.5225264486843834
0.4253387479527203
2.426387361035657
0.3224525377310762
0.9362459338333251
1.3618594292738981
1.1247107256580495
0.7962455106624642
0.8608248766702985
0.9986832569599928
1.1830085685851126
1.4986891097602628
0.2669123415082016
0.5139313973440433
1.7582217705969652
1.0812679824115814
0.7229959267594571
1.3179368052879645
1.370799987715799
0.7402048474832601
0.238284458785614
1.1431186182589268
1.2443039354051517
1.3233028288386135
1.0640654462968036
0.4756245631895767
1.520041954392843
0.3261635882607961
0.9383299547361046
2.058730474873877
0.1426385424064238
1.5979086912607297
0.3252356550935795
1.1760775837381368
0.32536374277718705
1.4319483374474207
0.9533479568528911
0.6764826853622761
2.048984341638511
0.7769154718621608
0.0686252475185282
2.6706147469804056
0.1596493638433572
0.9475469674806477
1.057200201493091
0.7469337922057285
1.0089696087700137
1.9378038218111735
0.6031994517603484
0.4115840011528828
0.599755197833592
1.6714913528355195
1.2037822277389127
0.8964492286635898
0.7483241561796996
1.9577949352646284
0.11514794940291294
0.508292532468687
2.479765506631165
0.5351623275163981
0.685038160129397
1.809689738780021
0.6614540840463159
1.2136419093144457
0.613697252688642
0.5301663483216645
2.4359304522995315
0.12161434584324099
0.9919981721480736
2.0336283977183474
0.5965009738276358
0.12563401894441834
1.146089246386902
2.624911677063331
0.710356760226561
0.2512212650473312
0.9995615171143447
1.3860596149777995
1.2078481959372946
0.49723080621660115
1.1361381678134832
1.032753723707457
1.0144539457073987
1.822129297853096
0.05764642219037467
0.7883472797399556
0.39765914170360644
1.997643510132132
0.8730203843338216
0.8276837882515702
1.1609301174768794
1.1342127053298787
1.0178902236859366
0.09657982075636054
1.458668584564386
0.8570659333259045
1.2977495344528778
1.049305622534543
1.2499286987260185
0.1558328502013843
1.3666233933339083
0.9246468842085092
1.0794414169611883
1.4207802054578829
0.10450485621383471
1.2876177670119604
1.8073111589242292
0.6971851067101017
0.39926334710269956
1.810727101434373
0.5136904895255665
0.9566561407409251
1.2125249057569603
1.3109535154281247
1.1403408489764209
0.3543850274383049
1.7978687459916913
0.06721735003545422
0.3445867913933913
2.9046914545532427
0.48022384010105684
0.9013778856151131
1.013438366481794
1.126199255116888
0.6605509694948476
0.5223542432382222
1.966391722985873
0.7897478356733301
1.082237084966061
0.22114426998978828
1.4207566102474931
1.54301874327342
0.4986457590703525
1.250055616922603
0.935411591729802
0.603137839694494
1.2849041818795512
1.0773317182070448
0.8319814666284022
2.1954423589280507
0.02276356612386992
0.45730692654664384
0.32938136064950774
1.3519477970204477
1.9906703228259968
0.49240352687644445
0.8674688462157154
1.2422462014869025
0.5438837731431796
1.1751718830803874
1.8741504738602561
0.5085806245305741
0.5543946107812436
2.730346479445394
0.09108949601707718
0.3441136300254119
2.516015013810291
0.26753631575676373
1.265876429347076
0.19322572423781761
1.88416037132212
0.30410354876535206
1.1436263201994044
0.6603097122297612
1.0900355874390912
0.9431280883319095
2.080459602862037
0.1916423035958852
0.5549549849049206
1.0729910889325271
0.8630117997165301
1.0458996341288644
0.8637171083727236
1.173365020356786
1.4228501640027982
0.5110163028502562
1.0104706003814694
2.0767215782704906
0.546258451623967
0.5201435659493591
0.6028646703651809
1.1718181784244357
1.5358016074826697
0.9710036110519545
0.6231289599679624
0.6162131776815714
1.9447606840723892
0.7807750010208493
0.8787646228539424
0.5111030171221017
1.2797012800316223
2.2055710194571474
0.47398777644028395
0.1074381113662806
1.208429767717447
1.756619640838998
1.027040762890926
0.41993435150126673
1.3795345633026526
0.9409525535973735
1.4632587420785201
0.5092089235140194
0.32796145194218423
2.2754467993348406
1.4047795564532297
0.5046398708615
0.32955612656565964
0.6377392220984086
1.3285660066453235
0.9756807215578829
0.7235121384773704
1.8046985697239286
0.8081243905819447
0.6410411382858346
1.5717182399165943
0.36334614271753773
1.5831739923915003
1.1491293349066785
0.47821848485303886
0.489442470416892
1.4489500019006591
1.3445107110428756
0.8857907295572605
0.5434886414962815
1.782268594906467
0.5533537784145571
0.8132763191358047
2.00303698208166
0.30649014726121215
1.0471247757729243
1.7971399933705996
0.3480901592874162
1.0138932469386488
1.0400482318951956
0.6507477428213866
1.4329970900025821
0.7264337476470305
1.0971218919711152
0.9211456771239401
1.650965813663677
0.029068789704244903
1.4655853792650821
0.5441652647473159
1.349803427078415
1.471176222170454
0.3320830061769323
1.0303302523128615
1.149705511257651
0.9189473737656988
0.4364082900019081
1.760581966729037
0.23935265532454192
1.4248267340821272
0.6540689787970319
1.8632769248065708
0.6383237529428856
0.30051758169528503
1.2851645608961737
0.8716192096199642
1.4807347272265399
0.2194108059676301
1.69338838402761
1.0281541885969092
0.46931831891386566
1.3796296522116034
0.5368754488617407
1.334388611048673
1.4373122093984307
0.5254306488987281
1.633637644711842
0.3223942652213217
0.6067839420115092
2.3242386619905107
0.2999136711894376
0.784468451610484
0.6006470092547576
1.8367553534410799
0.46912715020523793
1.4014452485358828
0.15956872628986896
1.7505359826494957
1.056672655166935
0.21427956663584866
2.3666132662258663
0.2995215914987347
0.8348150335556063
0.6543849487450967
1.2609967883023132
1.4239223311347105
0.6375582032915328
0.8644747862105445
1.443745889068003
1.0586498235164115
0.8753593196279325
0.29202509050630177
1.802942149679978
1.219785055195284
0.7297523500552963
0.5005096689413346
1.3319594940310329
1.2176863700649347
1.51225894817863
0.2818915209121838
0.4045090918300379
1.9081341052974088
0.8764260030442492
0.9944082991480123
0.46986560758710183
1.6561788489863574
1.5304577390486007
0.40154491944264226
0.7529072165357017
1.8256197973065642
0.5389447116653853
0.49804454976556795
1.349799713097501
1.5235975766785201
0.33659277979871194
1.5435258089281312
1.586384982026421
0.2813645109893991
1.0173030364236462
1.4496513791455305
0.7613930524792313
0.5816125257089434
2.019445238815275
0.7578711574604423
0.3051046512773578
1.9977610643536965
0.6870262656044215
0.5456521251184233
1.1311579523703519
1.305097317840408
1.0083825570650893
1.0328009304115684
1.5385719828495716
0.15043731958593534
1.0091205274759325
1.1135080837779796
0.567058354749489
2.5572957457349537
0.2721185477845867
0.3556251200391312
0.980213335501141
0.5849787802050984
1.6117890310293972
1.1232854763919313
0.8242420807219006
1.1006304678649514
1.3312833733114744
0.23943764973635273
1.9825026633108471
0.6086507877867281
0.1327340045848627
2.691225844459832
0.18369690571845307
0.6354520959671797
1.9411251646532783
0.8282047532630271
0.9919323034307291
0.48658875957976944
1.3131425658963443
1.6005702691470582
0.9939528507690849
0.27970840658940216
1.0339931109498584
1.6486722603826593
0.18921178281636544
1.2449987027704505
1.1406900699382312
1.4731013824518175
0.9570496409344403
0.4297932775996701
1.1219207273048881
1.0135956151144383
0.43368994117808446
1.8421106398426608
0.7647970677828277
0.49744561537923315
1.4103300178296867
1.1820358500935422
1.594680847380993
0.08112476782772539
0.8970899027186285
1.1622995145083936
0.8797223244067246
0.23897379270533772
2.5131479408657014
1.0793342406730568
0.278098405350219
0.9157873404742111
1.6301519932576998
1.3843913481616181
0.33615082895677023
0.7547330154512191
0.7667728914812656
0.6836614721335235
1.73379354503125
0.8408509096527902
1.0732264431622944
0.5880693193858789
1.8134770692960887
0.948645396056678
0.289805532303608
1.1239787748393946
0.9537521589785077
1.2556450813636297
0.7789915802527957
1.2841511936468295
1.0213222331000609
0.368123365167677
1.9794345941582328
1.5292848518865203
0.08325018165662475
0.2291574169873166
3.0151809514179755
0.4344540208736669
0.719641099745215
1.2312509131291882
1.170646857959161
0.3304820720362039
2.0716397169955405
0.9952714499609888
0.3626758825287192
1.1847808686601613
0.5579675206441178
1.2089510712559794
1.43537054149066
0.8061040925870206
0.8319731080144137
1.4836701570639637
0.7430738468283457
0.9410623335461081
0.6678720863938251
1.1767163286095055
1.5322775027964075
0.6325400171169289
0.8333122794148098
1.5161899809541999
0.7691398276357178
0.6496752351928082
1.2415483647962202
1.2740380623383054
1.1669168158970034
0.6642107555038136
0.8335017580163856
0.6250771578556974
2.052439275980933
0.14194381738538311
1.1471637072800234
0.7870577205143064
0.9403777862911399
1.3066847706137792
1.3915698623026804
0.4638912854391024
1.059771630698677
1.485197968103218
0.8848470834693942
0.3885068084816657
1.5998699242142358
0.9243331550984087
0.7012289640657832
0.9255579629873724
2.0308559833776583
0.20206534254789874
0.7334381553506897
2.577539373310505
0.6779035877342662
0.3534020344997665
0.9306328252674054
1.6271125088133092
0.7584202946902039
0.8175725444572551
1.7536230735066538
0.007177879449078552
1.796403381694229
0.6327618376736228
0.7663370642224906
0.8181119123459512
2.3895562273761577
0.07412616983935402
0.4018755939840484
1.9768032314376909
1.3907031265131633
0.8703964053797022
0.9038050536271733
0.16759273770282815
0.4699317395450764
2.5730491536696785
0.9047633897340904
0.40195169616608617
1.5100118605427626
0.6447198548170817
1.1004577078578857
1.731610090437751
0.49660192959007426
0.2995153755153376
2.0615693844930414
1.5361603807484303
0.6123566511996654
0.34982578071608866
0.6605674573804154
1.72001666344844
0.9390091813360804
1.1757999666016223
0.3095234414567187
1.621588817377123
0.4069275909047701
1.0768100250759978
1.2657894048425775
0.8783830932612626
1.2128830579830305
1.2031049388736041
0.8437693429186274
0.3569391526501556
1.6315751987865907
0.5522945988141129
0.9330673475736052
2.013756836992051
0.9587088806010894
0.1820171682726888
0.9845118343917412
1.2529672294668126
0.49900843936991357
0.8132155844171809
2.3484789781622224
0.9991822084884494
0.385510242682119
0.35372369122887826
0.794845709681993
1.9649365347519443
0.6996978091497986
1.090989405144573
1.2170088477376757
1.0040794388421586
0.20703055688301586
0.890613808869684
2.5463877944467663
0.3439964245859116
0.7671421333674777
0.7079838892459541
1.4576549513949184
1.1683077026844235
1.079109359094067
0.28558331163947376
1.4431745340793845
0.9253951070100241
0.5753282914471145
1.7525438055469205
1.1894970971767358
0.5366368385974859
1.2147631433915904
0.11757580653546569
1.431634932107361
2.2299333016786678
0.35750302368020265
0.33392715619403884
2.252369932717063
1.0905352515074467
0.6873451872023072
0.7574481977694234
0.8715861130480402
1.1195307364464202
0.7945963250012624
0.8283139995292951
1.6197146466461112
1.6220400701493183
0.3524768749721915
0.17787160432056737
1.2086819790120602
1.031024252020635
1.3971224775145814
1.2494225980627724
0.7548391887332383
0.3837479890673942
0.7931130180822215
2.611038061023864
0.16003779753319955
0.8461185351245478
1.0078425194397895
1.2397608802731908
1.3615951108114421
0.5256323385220275
1.0312681000927242
1.1716313460836716
0.6653935144876068
1.5459496475312955
0.7029194358039763
0.7836574194194733
1.7762719023033058
0.2931670414003699
0.6979023336642024
1.060697650999448
2.0969127653267723
0.8572425098580181
0.3867951337041917
0.6531103432768183
1.5742863397033813
0.34774490151569487
1.6103846913869957
0.8063546386087006
1.0711351681297572
0.5480543487997475
1.5692657144852769
0.07024982282156034
1.1580669579453835
2.1608062028404134
0.6874966730426144
0.725897355283288
1.0126829115267768
0.7413080670897417
1.136688028972147
0.15914604343754796
1.7308738506491854
0.7098728765747577
1.5430635250168743
0.9770794528662324
0.4142413422157383
1.2029854869493484
0.8717571741165673
1.0836928481109875
0.5784943258034965
1.5217750266643173
1.011531997262228
0.7019828157983733
1.7382785653492607
0.350481016577939
0.7578622088308581
1.4060503575359493
0.9595215430686345
0.7182592119974188
1.5863714280839094
0.4661756674995569
1.4175264082309182
0.8539810892918439
1.4075157502469369
0.0520825669195985
1.110525899680269
1.473009920487087
0.38866223835120683
0.802455792466185
1.67408773129206
1.5030914562981843
0.5177132189954501
0.868113604077968
0.29570191989615496
0.9896399720400103
1.8555061930688712
0.6388169471652347
1.265865279698859
0.5692738573062204
1.404526996971229
0.5491788529232315
0.8676597379922826
1.5591068125765106
1.2041519340071074
0.06286195946320904
1.7807838737347617
1.138259670909705
0.6122050502902835
1.4122658302153088
1.3273524712744693
0.2618977120028706
0.4917284148605997
0.8065378914888098
1.9533366806331074
1.1699968275813515
0.35233825546232506
1.4314194327133236
1.5473148028923733
0.4119685782218308
1.1130616720871018
1.3520079522481208
0.7423301512138939
0.09562091635167166
1.723240870882211
0.8693116060213862
1.628769266977319
0.487714265533703
0.32259324219003366
1.9144759671776808
0.5269847010518228
0.864201307448752
1.2416710716753256
1.4036456015224095
0.6547971850022634
0.8851276605133911
1.047361528743123
1.4612660884921618
0.9421700904370187
0.7310723147059934
1.2954025081178888
0.2709132696445526
1.054462795717803
0.5412806149853839
2.0940681823901244
0.715297650905193
0.4830966795242701
1.4662969727135495
0.7745319161052676
1.9361237401607583
0.22603518425044997
0.13078678617739287
1.8032069327696585
1.1692089669233496
1.2127662141734907
0.5012736637150903
1.5209891289066197
0.9845184977602148
0.2976801416703289
1.2755486724528688
1.2592612305705144
1.217028847475197
0.538428851385701
1.0489681019265802
1.340281035547791
1.1152732287306524
0.20109755833116116
1.4407072566025811
1.4988030521659887
0.6170438239540704
0.6379534118831114
1.8010428233012186
0.519665426774269
1.2448233179673032
1.350794106345739
0.21579301023061997
1.821677490231934
0.2859673401145194
1.1097730412480908
1.4884976991864431
0.1803182009552296
1.6586855548663013
1.4094827926356166
0.8508297053132327
0.6190375741752109
0.4441554190899836
0.9807578366781813
1.5238598940491195
1.0237942765942074
1.0458357764053132
0.7618993371632418
0.8188268614497496
1.0519118324828436
1.7702936809629066
0.3949361374742936
0.7647457743120637
1.2325272855444152
1.8028439712880997
0.35976071168336515
0.9394432318163384
0.90467633051339
0.41988360298256217
2.163634071150931
0.9951727227353524
0.6407260582422695
0.8683286490756382
0.5704990047397922
0.8277574486897227
0.9630880097038871
1.8098895074655768
0.7555584529950133
0.991212771938744
0.18561384560103505
1.5040914298598507
1.3890168950593789
0.5436349101187313
1.3637904573215944
0.973562738682877
0.9141093000786905
0.5387870998352337
1.690777100003841
0.7385897117719675
1.0618843376152736
0.5603170552806614
1.3121930209674257
0.8223243854936083
1.093401902255754
0.479310170137573
2.0009090000331735
1.2362815091770751
0.406461462034929
0.1944405556619285
0.23336880300181106
2.2045011958779814
1.4055825967415876
0.7365794454850667
0.6304001297134801
0.8962126400362503
1.5338422777412566
0.8576253736255268
0.9848347743884373
0.6856103379229704
1.04630229556516
1.2863316135764415
0.7979151238311414
1.273058875370411
0.8947831161123614
0.5640714323712912
1.1179639103596595
0.6878060239881293
1.4541603356313255
0.9189937361765768
1.503667994480905
0.3085936911388654
0.8642378749828096
0.7925019326812267
1.0077232232893911
1.694133172660126
0.5426196865917542
1.502221890062608
0.219031998617908
0.8245554957989457
2.687845833880372
0.38756204103751185
0.24361681516500022
2.2190256525888117
0.3678310575005943
0.7294698940321382
2.4582294555877864
0.37464659267289957
0.9251290986265863
1.4996355870719447
0.5724452626633095
0.37605832102607634
1.7236746785556054
1.0756979018520065
0.9525659884705513
0.5755560794996074
1.477508812148156
1.0801030093121915
0.6873663853750959
1.085870367269971
1.9320821096033922
0.23290523226704524
0.4887320923496548
1.3400614701199467
2.1899815444933557
0.07110974109297766
0.7851289972354811
1.336424393138891
1.0211146333124042
0.9006053147618935
1.1999434970009517
0.9723091982448496
0.9788711703982041
0.9555229613134768
0.7657501269214924
1.0141660525171696
1.7124997214357167
0.8506567629256838
0.7620709656757338
0.2213572574808381
1.7220667120172044
1.28189142293792
0.8649830132167216
0.9004285056560323
0.3390110765689479
0.926056220227717
1.8255376263731626
1.0634329208560798
0.9831432179332938
0.2377978350710308
0.9881631958584361
2.193912134976855
0.8446556692082746
0.4652301707824691
1.295065952563948
0.7243591754492955
0.4223012123923926
1.0669625192606893
0.9643966937873177
1.5054759098698927
1.577637081238689
0.1620992889127607
0.9020733839793768
1.3823215776748285
0.42747648036103775
1.3968408397617988
1.7463318408873405
0.4828206793297316
0.7647584540040175
1.2872818068368266
0.8779874579546252
0.6019659777099624
1.7002022832993746
0.5301861691350229
0.963510619052952
1.7815715823125284
0.5418444424258009
0.5964830416504059
2.3734631810657825
0.7162652022192416
0.4571511044236229
1.334308500880212
0.20214783858123803
1.250593864536759
1.666947279041226
0.7573159671465737
0.7024146995507637
1.620010546947909
0.9452250716902127
0.570532122521277
1.0851244537400089
0.9302021211374006
1.680090891485624
0.4197252596078976
1.0146212131045238
1.0104151670022061
0.6190108512256606
1.8474962274415256
1.1672778717668622
0.04868206484528348
1.6667068393187046
1.104944177843035
0.8739621553569583
0.670038590699764
1.2686954650585407
0.6608193786044425
1.420862029322368
0.9947811904222323
1.2403474198512254
0.48746732994446895
0.9360798234181698
0.774299781943339
0.8911569318144538
1.070238048024599
1.2447343690454
1.1069069970550396
0.721051756945659
1.1622522893606195
0.7672425125900652
1.6378549306230097
0.5932271092949377
0.7668529241037758
0.8601549073106374
1.7223886574685499
0.17093568501716225
1.476415845985435
0.8472170027475185
0.5505815912204698
2.1378313054751064
1.0265799864699083
0.22830626778121924
0.5996216852948114
1.6726761709773867
1.4405130209712758
0.7494263214010878
1.2505601310354748
0.4979591826718034
0.39567025728007854
1.3476931005908073
1.0834324145265892
1.4621924696131277
0.4136284203775702
0.8490588415204474
2.383995269605976
0.5851280856030393
0.35097957168235233
1.0119792813363817
0.36987796361975067
2.0230210934420643
1.578404752896747
0.3025224402100577
0.535803331849466
0.5202311494599806
2.602985581260192
0.9817511300017957
0.23301588316063565
0.8978608510599153
0.9418773562439291
1.6308943283357766
0.22097229830542237
1.4061799424341586
0.3810433269107529
1.6444205484907541
0.8429678308609104
1.3073535875224955
0.28546054266958143
0.8563900110628252
2.210306594654932
0.3094502439789418
0.8084304442364983
1.4649322088793737
0.526029778145221
0.7979171734795091
1.8019826650105493
1.1964553983408832
0.5757753923349146
0.6706482454028342
2.302307071068368
0.3856990599952995
0.5945496449323782
0.45969278057270885
1.455174357363012
0.6537327309661072
0.8991720315649724
2.023767469037463
0.7346726743027686
0.7085240245620497
0.1923738220607354
2.496727444548718
0.9751929276671969
0.3357195641260697
1.3745259129045526
0.8611911536524701
0.25520104062478066
1.7338821528866744
1.678086785464613
0.16463465205902816
0.9908544934622903
2.215405422417498
0.49688367312098236
0.9970471564746693
0.41435605005966414
1.0835876497652142
0.43050910816920257
2.1347613025972474
1.249706233281246
0.36379420924198647
0.4892147773470566
1.0420098901236174
0.6588113759899332
2.002659032286176
0.7784387231576553
0.7567096864361381
0.9198018157999331
0.9006104998953226
1.0495851182296467
1.0806035239296796
1.1462565477485205
0.8441413808450593
0.8590190711081959
1.9746947090548523
0.36651115361719855
0.37026629397400684
1.6272611468099218
1.955723552233301
0.16617078397512866
0.6637103562150258
2.983868387478051
0.17950600452801854
0.4333789902800311
2.9035647916468315
0.33596950238667045
0.9173867068513407
0.3312981578930049
0.6833908367338632
2.3307861909417076
0.6797772431532336
0.6064900069561493
1.7487544486651556
0.5579522788102481
0.9054595961217896
0.39891699069459363
1.357462507401182
0.9562385543468777
1.646875235379357
0.38698507565270207
1.1112048623856494
0.7041035128606264
1.5560038082539878
0.331401807802919
1.053305930656444
0.46905160814369606
1.5901209230591933
0.46822356748182814
1.110024662832346
1.8461375182177122
0.8260951324120601
0.3726143161212274
1.9930510644487118
0.42850659977806305
0.39316028886137133
1.1274774221558879
2.192665896584312
0.8345064882572847
0.21904984270463712
0.6337984433094633
2.3442711867836543
0.7583092556631356
0.9774259072336097
0.48989633441965813
0.8257470579708733
1.1666364239671312
1.8605924820163602
0.9086409222935463
0.1758664458324814
0.498975891744736
0.8242349236813495
2.2047844421741547
0.44770684206762934
1.163398701492851
1.5234333834484712
0.5300342180454629
0.09089062549126165
0.9361517988778085
2.1400858507523646
0.938172250367828
0.8925658175439249
0.7514837188038502
1.1204791050129652
0.3481901430273564
0.7886512775844094
2.5071388999005175
0.9528789896603541
0.19851200672380612
0.6278514829856615
1.3801166683278532
1.3652995802021608
0.9137440108382879
0.9468436018184222
0.4014125831611317
1.1948657211587246
1.7022929272743876
0.7827081478410024
0.9135461961932839
1.1754431162262686
0.4967317219286346
1.7149697392985295
0.26157396138675726
0.6722372115990224
1.4088742921967106
1.316724110976889
0.3658191427168756
2.1358861447192012
0.5770552354091875
0.6643061597962107
0.6827033881535302
1.9116681671219296
0.1899418719942964
0.36640663538339324
2.9820083226424137
0.8138837475261457
0.19455162296735684
1.3239880301280202
1.7681878720506303
0.6424942703703594
0.6617789680816102
1.549714355461995
0.644196557110768
0.9335265530355095
1.3863559638129437
0.8000177299722578
1.2974246709087391
0.9140158149258069
1.1006731319198786
0.37601943503299984
1.0739203034164584
1.660898352933437
0.5768430343668081
0.9083435309596836
1.1591879935726679
1.3689516169422695
0.027648383438368136
0.8492361296297561
2.440595209172074
1.0844047465629347
0.3647064234245495
1.256151671348114
0.2792269683478462
0.9609167322072238
1.11604314477343
0.5465216852175692
1.9051093948665538
0.5191463635401535
1.4754761930336282
0.8310612488902722
0.22110845262668113
0.8903868703838212
2.616589328318252
0.6134197141016616
0.4009553400636151
0.3897443720750139
2.3707925292843006
0.9251430707345091
0.6077196535737085
0.5777110132787989
0.9556902911497255
2.0445316190791276
0.9078131788737619
0.3267144327630398
1.0326438440213057
1.3016953645931937
1.1288480294328025
0.7792374630116483
1.5416530052161868
0.44977976157439253
0.7399515948018145
1.895602285882596
0.9731324764954834
0.6048869759493285
0.284865568129266
2.4971350144929154
0.6515637938423539
0.7293827547468139
0.20006841028324246
1.3457210513566453
0.17952075587339408
2.105335373438812
0.1688972117551577
1.557943447026561
1.2281732313045968
0.6375031873940803
0.14338744664477301
1.4637238491142417
0.5018806207607655
1.1727145181036194
1.63719280929724
1.2123544637093011
0.4715309576077207
0.14651088231830728
2.5768455109614194
0.5763380053016424
0.7457409393477443
1.454886169039679
0.47451539832562517
1.6745189406047376
0.38454802550659506
0.7279034606327037
1.3333664232036626
0.7402861922781893
1.384774335258122
1.2680999018216739
0.9289570448866453
0.37792490119443745
1.3776373532798771
0.8765542908958797
0.5615452431907499
1.5030500586307498
1.2044050615117114
0.839845125751353
1.1276432684583166
0.7127433454306173
1.2749939920295938
0.571484377661826
0.9975647999812521
1.243228793041453
1.741135087194359
0.06798672381230143
0.7273388741686787
1.987700492794403
0.8676191910603479
0.5196402304954388
1.6643038027363228
1.1437968989787248
0.29063800359131037
2.035758247233216
0.18307013951656073
1.1570739857141854
0.598361542853437
0.7351996663744319
1.621522943537004
0.8852355502584347
1.3128324659465256
0.7420028044084399
0.7966559936720725
1.508310399354426
0.7084250153870343
0.2867928137226136
1.7576150774462171
1.524465566552941
0.5603784822577071
0.6242083889411917
1.0928945248250121
1.0026381159653275
1.8804414146316362
0.18245688814524635
0.752331043045038
1.0309548483315376
1.8374603084445984
1.0074259538421968
0.5019802164359424
0.5266677626124869
1.2484065828831552
0.3159041490084867
2.4503565851761144
0.8282900205022276
0.2227325519812904
0.965990076095288
2.733942075479183
0.05990052381819517
0.583844498000158
3.218338992979008
0.07385259730544545
0.47416098668355
1.6415966928052947
1.278021579888105
0.9280812376372796
1.2436892000351802
0.19376331392770457
0.5759514640056879
2.5500431382939097
0.7935874948721557
0.6374303816229185
1.1035188084845566
0.8932957241709971
0.8886865014489488
0.4391427964175344
1.8224134801858751
0.7093044627347692
1.2587209787582572
0.8398473888658087
0.9292106791836086
1.2816648790704959
0.7582393234721702
1.0441519198075804
0.4542497215985895
0.9381029888936036
1.261505155844203
0.8561513528201384
1.0441988530371598
1.6795900392171297
0.8081209370337781
0.25633025119960323
1.0845727484873067
1.7154585543563976
1.2744638413514389
0.4449611330145913
0.9733867341342984
0.6115206073509033
0.7810844648238946
2.2084424473192854
0.6667987106962932
0.6147868580820051
0.7686647273905145
2.163325858764658
0.04136136361290127
1.0873940873296033
1.428143463108978
0.6434960437096807
1.2247724503868773
1.2876832994478637
0.5054173877036131
0.9150816322398269
1.9882128490755369
0.19445542027127202
0.9453171828327411
2.083337815312045
0.9333174133626287
0.5737751109458467
0.25775566832240043
1.797024136595848
1.2655653849258552
0.17259841374418003
1.6202041044437552
1.656494225418936
0.2458958256104358
1.167940815984777
1.6011333852537915
0.8579774914420333
0.7240835011783114
1.2137782417905236
0.3264601569223016
1.67274926258016
1.3238576663133268
0.7356423131029065
0.07718136286104835
1.2881200494069551
0.523028316302567
1.9458707074687303
0.8778649975478976
0.9112436644745404
0.48824879834468615
0.9295019781274723
1.2713313630622323
1.1939802876307202
0.350336142606532
2.0947292608203267
0.7885114401851561
0.36056369633619045
1.1774878818870842
1.5687651866346566
0.5793893144473902
0.7505024431251502
1.349997410691066
1.312650688482402
0.5260469988506858
1.5979325336047687
1.003275675230516
0.6166443994815455
0.5153613322979208
1.352323042736912
0.40598056296100893
1.39140008280247
1.6953981027050935
0.1140394383218193
1.9805397034984933
0.4615064867958438
0.8072138126556534
0.6353902667982275
0.7802815582225444
0.5110542892313251
2.0953961146669826
0.7309454551103735
0.988799438963629
1.2512197328899761
0.33805953693901114
1.2114201257178885
0.5036824704619326
2.267494212232466
0.518552595344493
0.3415756391960523
1.4557958799592972
0.9430206783868441
1.2236178389998766
1.1817513396008195
0.21298393552365172
1.0573014610519997
1.8768294918532489
0.6386707194228435
1.00405859941337
1.064528897596103
1.0056413893327207
0.3818093126590281
2.0637013215383915
1.0065070107844705
0.3593569718372489
1.0845885054018716
1.3932822873552546
0.9974417290941452
0.8693413397061973
0.6903570179287045
1.0354036829589242
1.560922749408762
0.9933842971918612
0.1320360562207951
2.111959759321446
1.2426140345337724
0.21660055763830205
1.2613988207994393
1.5013204395126514
0.7433318037007836
0.7456736306383637
1.327805526228622
1.2796383280718349
0.7944305700932097
0.8542737556611045
0.5776378996633449
1.4594780103988054
1.5727335331141632
0.455984593335617
0.36252354695233696
2.7178926952141196
0.7345022782634143
0.3873208427994396
0.992582452460503
1.6719411575291523
0.9698309551971087
0.6399723089500651
0.3660883790968906
2.2265675491629544
0.49190595070145493
0.9807593704090372
1.0648746164098097
0.8788068968284835
1.1241675655640067
0.942070012205254
1.318444314547171
0.40284056896731024
1.3246158172890505
0.9553075338183157
1.1888029457081117
0.7518538962018125
1.041338679126484
0.6200767009129302
1.296757844046569
1.124798982011412
1.049881173229485
0.8801627116014391
1.2699665037289616
0.7696765857588357
0.5935350529764583
0.13863087375292343
2.4098694600837414
0.6288908299000756
1.1259102442348727
0.8309071641303517
0.7212819880490022
1.3883630916685987
0.893532027892957
0.7946981416237321
1.3269960478205285
1.068258866468736
0.6557796873659467
1.108339968615896
0.8054091442563902
1.1213727370257718
1.4405302074910786
0.7723856308490094
0.7385264497553268
0.9247563982996934
1.6101432770643733
1.0455798440433077
0.48174809398704255
0.7612800711337826
1.8134310512037062
1.0219647148234028
0.436221298507438
1.3857885147798912
1.1485348302527452
0.2505216294522113
1.9505314624967567
1.2331980530247002
0.36241753907206925
0.8628116414341599
1.9270711943956178
0.8158194744520288
0.6025833408888241
1.0561629571674858
1.3267054887969383
1.224864805670321
0.3915606329128425
1.44182408179511
0.11374837520996518
1.529935312373559
1.4548040850605455
0.4792942202271737
1.2872516552718378
1.1660283256046817
0.5935941120650612
1.9169600457977312
0.13970297533111567
0.4325101802813427
3.4465402688955935
0.07098660384633639
0.5021942277263958
1.804149553063119
0.9791804898853506
1.0545850647590356
0.6298702912518404
1.3634689190501312
0.5731778687945949
1.4790434545715785
0.6134334535178431
0.9122838621393423
1.5023729960495356
0.2786193359694561
1.4206296219394114
0.53527131832212
1.5886658007428893
1.320954584505704
0.5120691464071249
0.6233006228763196
0.5983522229046555
2.2354041975590047
0.4425923339133403
0.7161145666437763
1.6372102629353702
0.8396196431970001
0.908216264342846
0.8943078614848703
1.0587492688407816
1.312423848128106
1.3870274363028303
0.15493073551857972
1.0342739104789749
0.8514142626898799
1.3280659436077136
0.8076107133556578
1.1521648559776665
1.3330808706849506
0.27538948192223356
1.286619000887364
1.1438281595662523
1.03132771013094
0.9313254812777009
1.1704858768042046
0.48259792583132644
1.0733710722624277
1.3178102601698805
1.1113477582491513
1.2327107595597568
0.3520922951614968
1.1029957103324397
0.6333262372492638
1.4991603296750264
0.47101620343535716
0.7874347225464188
1.9511565034799594
1.5068192377492453
0.23871099331246168
0.36378951104580654
1.1262917618995671
1.6219045064436555
1.0234822926742642
0.6198109748000671
0.8946052284621915
1.4020665693564336
1.16759884728103
0.5626880314278425
0.9871383067935728
1.115923367396133
1.7561392680593606
0.4782209225207533
0.6986653049184977
0.26445127837606947
1.7957710214223273
0.7601767314928723
0.8267683493893897
1.4733182566710386
1.0745415722098461
0.5777846472690491
1.355243365225038
1.630565838675226
0.23181958767555608
0.8279173138760136
0.8503645808615207
1.1154542845162656
1.5911401615865548
0.6984534984606786
0.6632076872702793
1.8315048030830898
0.8105222046541687
0.6602881353022434
1.0718426570522528
0.18428226630938102
2.481842367888534
0.8809672474996193
0.12421565158986025
1.4056231412725873
1.629468668520402
1.1633317150435043
0.285718532211762
0.6982466607580585
1.854942251671679
1.497464644979721
0.47213974192681385
0.31378893573411837
1.37717458856424
1.0147736232974527
1.6037662677270326
0.5931264022862501
0.5144792724100606
1.300341866868673
1.716762856572941
0.7742746375456238
0.36141294048171313
1.567449543235368
0.29342391439748605
1.6140274008240927
1.3824589799307019
0.4126274616835027
1.0348687349594927
1.1008663049616487
1.0019631695622608
1.123312304758614
1.0763326493078103
1.0164648719974734
0.46291776010055385
1.5590400593118328
0.3383823881183457
1.4880083523765963
0.6834310857555537
1.6777904338352756
0.026954276648772806
0.7174082003594338
2.3137241154075503
0.3127812809846683
1.1200014520572
1.6763019227531455
0.5620076224570839
0.884329903669563
1.19816775070357
1.0595419656097647
0.5879243221653042
0.6033108891683173
2.4818822099824187
0.5194990623204621
0.6146783812673831
0.47016656804237833
2.4677888497750113
0.8260341078936652
0.12333599927104014
1.6516555620084776
1.886770414052207
0.19852519273959088
1.1646652123987542
1.088674179167782
0.8237991559581346
0.7515015024822717
1.5324145600460162
1.1645420099263366
0.41611840695495955
1.2401589606399563
1.2812765253915008
0.8864588126609653
0.9621566143968302
0.8329227336109715
1.0584450808408306
1.5226689147041743
0.4244528574531762
1.2000030425384913
0.8030539077655706
1.0263252423192653
1.2857835004339548
0.449891262321535
1.60431573849679
0.21227817758285564
1.9925583809060448
0.6319646371584999
0.32458187792861803
1.6521263043939312
1.3421578322078482
0.47276091595831027
0.520542702636096
2.1149837351918923
1.2525790422847003
0.16745203929967836
1.9441932708405327
0.24598329904845956
0.754431018864015
1.4853746945956454
1.1196502523446503
1.072357254730855
0.7500488237161943
0.7916714386699247
1.437770107818364
0.7636187458021129
0.9176614639938384
1.2586178277663325
1.3055943816279247
0.2163984109921119
1.3232871968283235
1.3053083205653297
1.1026650608513162
0.6876220629637252
0.9351583771424088
0.8755664218552663
1.232790841113071
1.000131110382903
0.7200874072417549
1.2244107014304442
1.1233428377808286
0.7487950494472974
1.6288026054734441
0.44919612920759777
0.7035345462376773
1.6671280721085417
0.5901103622798682
1.296021225109665
1.5367323595816194
0.14452573670340146
1.6556214921475507
0.17375195843671706
0.7337306158556908
1.8921208296441137
0.8338026791458093
1.1897636857059424
0.19528622915229948
1.3598178518111197
1.0534285119786717
1.2177927326463462
0.6980466652047317
0.9778118361786352
0.48392114317275736
1.8228733121676153
1.1708847143737664
0.4641397791047406
1.0898095818649196
1.5781548360795057
0.7605249931699158
0.3839214134598368
1.6615458377989814
1.7176975082743449
0.35525020774556365
0.62166848808862
1.2969023426053055
0.976107742328693
0.9092418318366922
0.7944760523890696
2.3788296246230054
0.22528587613749573
0.5058280330140709
1.7849252780900826
0.2656623658910437
0.6377142096769371
2.5166341346548884
0.758241568525847
0.6958265437877406
1.0040811603353081
0.8395394477921675
1.02586937146286
0.6906454904940069
0.98436174736637
1.7191509716367728
0.9055045858985553
0.5843450509384476
1.1376178531463406
1.230184315015716
0.9148085476805086
1.0056868434674933
0.3589609157447095
2.469074265009138
0.4313205447356615
0.13903307459116998
1.254890804897526
2.2414679124949033
0.946828943384668
0.24086285715696365
0.9954598937920017
1.0341471964170064
1.015307370103148
1.6249781554594271
0.4326490762490087
1.018376300751434
1.1370477178533638
0.9841615969387818
1.090035124345129
0.5613151255099386
1.8352850803804326
0.28825680830278977
0.9069459986942792
1.20978104550873
1.077543067104874
1.1218990805106714
0.9219064507240394
1.2866009942123335
0.3224742427710585
0.9055304714659372
1.5386381952685355
0.4746011019463591
1.7945431319781815
0.9272791562190262
0.375611266019617
1.9081642808487413
0.6161173138587859
0.4536130577870074
1.089858949902611
2.0152601822126495
0.7568238288404872
0.49844656039250024
0.7258277634370321
1.1590163916289817
2.3661865326171734
0.1359346454606052
0.591127660765887
0.9688199106637331
0.9640543951877758
1.2644872360033013
1.0891436169299766
1.3164360304081109
0.7584978614413633
0.27211018078491495
1.0666131552829472
1.7791651911789894
1.1250646018996784
0.7406619651324376
0.5648731201774334
0.7965349998833793
1.7065656729477445
0.75401293898479
0.7620976416566189
1.7139721560339498
0.9690872314269949
0.7151702132501551
0.23093458776950354
1.3310153773990019
0.7962081741341186
1.722165450706634
0.9070534371922604
0.644004611557293
1.0552982590241105
0.8328577111704542
1.0060057017828807
0.3740001480365218
1.746555888729406
1.1929923741619102
0.709110593578055
1.3593565635165161
0.6577330978879093
0.9615676639727406
0.28905869274107127
2.094711835409304
0.923994204483819
0.3434962163146
1.3952438808770453
1.7482558218135718
0.2913538463313022
0.8645349552634656
1.5089785443007764
1.2282067826611702
0.4639902988380394
1.5233591263250845
0.7238622877727064
0.7222412665499323
1.43592707531505
0.552101346335213
1.4403155415704565
1.0659334936076812
0.559460713682567
1.0335171420132576
2.294326345973592
0.2610532934297621
0.36590184081807886
2.100641443994143
0.19764375760192343
2.05846433946108
0.2735733179382263
0.2882172511574913
2.656219559650689
0.9131362475897596
0.25811848829375633
1.529017483310999
0.5652884567760821
1.2712495992300656
0.9551904492426704
0.9949735688531082
1.2475109089218475
0.3701835209973791
1.9589690730625227
0.8450730572362046
0.6049057704858819
0.8404868853089253
0.5960348839790061
1.49627960752719
1.5562375364854717
0.26811176249697904
1.1894798069942523
1.1106785926245677
1.2219524429253834
0.4573786384670454
0.854217643725626
1.9301466671437808
1.2930012514647578
0.17627372419713944
0.9669653904913413
0.9621408081516061
0.6717160710672105
2.1773229791898463
0.5319551997299192
0.5317803676087063
2.295204247372914
0.06458716951243372
0.7288358508900133
1.9664650054915287
1.6629790776906561
0.15846924633475423
0.5093644968899118
1.8302777490031217
0.5223122698488422
1.6073456296553643
0.48571765388773896
0.8281214721102242
1.8783650694343128
0.6603766037667481
0.9069805691199868
0.45528625007530926
1.6278811409583973
0.39822770091188336
1.028232914918737
2.0992000906722206
0.5386287737324028
0.4388124867391412
1.9979916696167639
1.0868877815877453
0.41141371046676306
1.0921262763741515
1.6749767398266737
0.6421017625245857
0.8553803315668029
0.44497105715776714
1.933051526370454
0.6440966966165458
0.8460737069593115
1.5606773047558782
0.768887300376654
0.7909629880443221
0.9895539763303404
1.4285872572395057
0.9755551859830283
0.5957940779417912
1.267174978321028
0.37050348102595626
1.356704125852977
1.2144332824310424
0.9626937322205137
1.4954724899345668
0.31896832219416865
0.4436348573114234
1.5421087062576293
1.6850473255885305
0.7504625481018529
0.6302394707745331
0.8867150944727353
1.477446772158895
0.5712360247621081
1.6539812207534028
0.7551147366023551
0.12425503868881645
2.1995841183492235
0.8039792256012036
0.7383686158876452
1.4630596910858542
0.3287561532973623
1.3483889388508494
0.6233599318617459
1.4436401279845081
1.4318254283957643
0.35011738038437445
1.083783925986013
0.5372202036344648
1.7201173366096578
1.2783177156885013
0.14782776106498874
1.4456919176309175
0.9944532759052804
0.8322231591358685
0.9635630240968497
0.837685477287313
2.1352096292104075
0.5539366093914564
0.3445395091535621
2.008623171487052
0.8350324869706908
0.15781663136921548
1.1861719219230087
0.720917671616831
2.0570717598074215
0.9433143788889127
0.36975973459677675
1.0236280709387948
1.4130949292158128
0.5300102734052674
1.1771359309266054
0.4033723532960912
2.198459312609884
0.6845119417499613
0.3196903437918026
1.4460090319614947
1.5624777804155263
0.8734239886923377
0.39488964934105436
1.3984148750294267
1.1582566988782448
0.49112685407021855
1.1546856982197686
2.0306561478583225
0.6070614613352145
0.1387586568739981
2.7126961897718265
0.4403141651697903
0.5647772459338073
1.4022716989932973
0.987335046682579
1.4358086851849878
0.5385639276390484
0.5910919030545766
1.424389270229036
1.1823428216011664
0.6523342256854314
1.0715739005811649
0.7140075092892482
2.214272019711589
0.1076201595726298
0.8441577812790746
1.2398069544882135
0.8652539098205896
1.0279846437409028
1.1114234303482597
0.34927357845197315
2.3032113865226975
0.7712331974377622
0.3025081351024022
1.1349578762776462
1.8097028682544865
0.8162757448426181
0.2600549046708691
1.981938831401439
0.9203885817388264
0.6534118157622917
1.1831705232881546
1.0437329724685305
0.8334602620418886
0.9601997254913387
0.8762707326932039
1.6487688812642758
0.6481302778565774
0.9656065923046134
0.3909648716618397
1.7587229013783017
0.8983696132814647
1.1802834919215928
0.7718723318857641
0.058837719790207
1.9120026854249268
0.9335240494424293
0.9094832460026767
1.4321929238620383
0.8185260029873321
0.8333059344569094
0.3410542129764755
1.4452147601772714
1.960850110532412
0.1331787962052195
1.2475646123663975
0.878567034932019
1.2410517717228238
0.32082285317891845
1.4563100698070235
0.611076659091038
1.3725419811537933
0.19137014104667652
1.585020133143369
1.6867218988697168
0.4066979567431549
0.8891117698394065
0.7767814129375469
1.2806943885833892
0.893204340765547
1.5253369268176302
0.655259751276284
0.34211940034937344
1.959191717130761
0.7824448148019578
1.0674916103749452
0.8915245569857266
0.956060969560231
0.5087761785746001
1.3631316899561177
1.20160030018829
0.8919077234229096
1.3953768276506586
0.2460739003299703
1.1914414373243998
0.9277337696944
1.1486258601658146
1.4469164677421653
0.5053876708625706
0.7763461643318422
1.027278819775406
1.517627635066044
1.0348157207243922
0.9329766864492054
0.290271181087884
1.3477977445014664
1.4112644226725668
0.3252985762342683
1.4612555266999192
1.3485919992800095
0.7571329195309663
0.838719324398859
1.1806751244504627
0.4004088279711714
1.6507343031965023
1.7395571755577237
0.19093284433865182
0.5995466191973795
1.757452704251906
0.8863184329863064
1.0993882933300374
0.8370683129775313
0.9001097243847073
1.7201047235477245
0.40011562740432693
0.6427605615017182
1.9089934666354202
0.5965903929490828
1.0385694640967038
1.2603894834661604
0.8721858585457525
1.0014357127062845
0.7215860317605047
0.6346568500909003
1.8224287938572092
1.062781545664891
1.118469236793793
0.3385528812776545
0.3306898796258522
0.9919245008649186
2.8774458616433325
0.12410971434623047
0.5381664799267122
0.3297568616623122
1.964684721851651
1.688755623717582
0.5512872900110978
0.395654748124725
0.40584056919938216
2.6908772809357844
0.6148204499435612
0.5546892974525642
1.3977841662672452
0.9202039840994195
0.35231320372193575
2.3797327056479953
0.9833271699080285
0.26413837511864285
1.1580259577596437
1.4078691919927369
0.3576006910608205
1.632415702684635
0.9786157836678895
0.30782856147627824
1.8364103411936634
0.4262911351829299
1.3000989515009804
1.663156455769526
0.2403194780818688
1.2701173259694662
0.8238906426187417
0.6932368946124673
1.7239279094454087
1.2884134074992932
0.5230941555897344
0.27923691859350325
1.4068114820405253
1.6145136415174288
0.6941805489509112
1.010285232812226
0.7797544555027021
1.3161334850817823
0.6526227866394382
1.4250770988017711
0.6427685316654178
0.6573868411048985
2.351642096227329
0.6219635592344763
0.2912724785884842
1.191782961867198
1.7827122537643914
0.7514836231114502
0.6910830371426839
1.1189847425262485
1.5072557577624546
0.5085162508286298
0.786815127842655
2.2678001620726644
0.162479554336966
1.061315039608884
0.7555550344615457
0.9341830550812377
1.0964426113348729
1.3282227138931526
0.5992308609079788
1.2870577334669315
1.1184798906971203
0.9040774012431431
0.8497521494089764
0.05737774620029342
2.9936027994892807
0.20532302164645644
0.7178650457672183
0.8094190124999495
1.1167077926810527
0.2962604725844048
1.9008905766720012
0.4060032753505985
1.0624347652202593
0.8138857157888973
1.5683565318337365
1.2786094518074103
0.604789532226901
0.60574235236144
0.16194798073809666
2.213437155178891
1.2230870439138222
0.21820884960161763
1.6595623243126199
0.6049509199880804
1.3573097966738163
1.0470751539155552
0.48566587933517197
1.2301760464937823
0.9934806256255506
1.192650968478423
0.6156168094954226
1.3724712191521726
1.1715957812667182
0.5580065732260772
1.2934189178020323
1.1494890615799973
0.3802158367522455
1.2810285839116182
1.6675234045977145
0.6783870058383171
0.7163239482752414
0.7988426018794821
1.4979497810462508
1.2104807226075005
0.9949776515013483
0.49622369979513226
0.8180631181142277
1.0252936356888718
1.0418922879790806
0.7265604096891677
1.5035380838989423
1.2666068013035792
0.4956790681421747
0.9622364168781038
1.4472250182291486
1.107206183806312
0.551063816850287
1.3958389469149708
0.8043596802312177
0.7629632428822664
0.5121853627094664
2.070374314184094
0.4142905011336678
1.0303486687908296
1.0505690081481707
0.9703817824436627
1.4593050527830789
0.40059494456894273
1.5406869110190529
0.6836789194465496
0.49924665096571547
1.8835610769949303
0.7420011938409553
0.8785783300003264
0.5263103099453038
1.7550810209981953
0.2590580311963313
1.432612650779238
1.1970429327715828
0.80747840340704
0.7409892824568886
1.607765960624194
0.9597684238249947
0.434321385485501
1.2111735818535865
0.35517446943506964
1.9939560783889947
0.7587788315157094
0.7093094857817043
0.8169310179742227
1.4046166728142238
0.6904567499602672
1.5292848663667364
0.805713449625156
0.42994113161016656
2.300131897183031
0.7045153122447074
0.47330475110069137
0.2581304071190395
1.3981525672350248
1.8048745906777894
0.30602796853323366
1.1232991596938644
2.4191198363107116
0.24091346803230473
0.29591932466800175
3.1328395553972768
0.15751682315181442
0.47939002155982113
2.8274169490242165
0.4270280680680308
0.7270507833011104
0.8689506140276159
0.7434967739224674
1.5091160091812716
1.188010983769169
0.46532649859541614
1.5266811203520942
1.0238365203540578
0.40534516775103113
2.1068238431329207
0.590041820109827
0.26157066021762165
2.470335687196651
0.45671118568877656
0.7192999841957259
1.8985661539089087
0.6816520372893207
0.34371940904535064
2.0265332821766786
0.7988428126193216
0.8393906409439851
1.238990270607124
0.3161786718830622
1.9104331967383759
0.3480962577662626
1.0440812714590315
1.062738227547417
1.5149533332003666
0.30597810579358636
0.8608751460481608
1.8155097550087953
1.195877188941957
0.6070411367633493
0.40554746053966023
0.9257092014480944
2.094682097223954
0.38708782069247577
0.9170708529439321
1.7990394747289182
0.36450830202825846
1.3031085135292486
0.636582363584758
1.1734884979094482
1.3916098788198532
0.9008654713114803
0.2937447038659205
0.8837761040447185
2.0266203542665333
0.7395196826227403
1.0243921669503289
0.5485016633670268
1.0490868646432305
1.4516754179412292
0.6857574371721149
1.3783127850643395
0.17585886808213289
1.3608277979187122
0.9351134403186224
1.0061034622787137
0.8078547712510191
1.3867475112377625
1.0227721047762575
0.8127513464315875
1.2478608186059714
0.22421514423424066
1.7367703754118533
0.2400163219745064
1.3045727004495764
1.1469148231699806
1.3387994401786025
0.5566611924492273
0.5164193881240201
1.306701248059533
1.3940885838518107
0.8186397830598889
0.7573494160987981
1.880589268009888
0.28241315419341906
1.0115620829289749
1.088245526296977
1.362927804067785
0.7675659166960782
0.17232539608412917
1.7178135184512118
2.0132828511952514
0.33404282474117303
0.6953897561296718
0.8608790491080572
0.8492569973043641
1.8049012096299615
0.2788918895886125
1.6758711244852513
1.0748527970508293
0.46019919537003445
0.6084403230822673
0.6420448291950492
1.38418813729575
1.4239498828143784
0.8362976813290103
0.8976612508187043
1.221336490032955
1.0329602597081389
0.7549273167007466
0.5117521586971508
1.7717577406747589
1.0757329800712856
0.35758256090131624
1.5854144009779203
1.172925736926543
0.6200566110824317
1.308319933978523
0.5169221550503951
1.2684675308567805
1.1045849017109748
1.0032340263790194
0.9888114925834128
0.7148475968728492
1.4193967676377979
1.211511884461663
0.30831386529373905
1.2844413619972286
0.8242720601111605
0.9366031257202998
1.9145523173252386
0.584476903169748
0.6090880566716828
0.9363787470079453
0.9967938831148498
0.9522105742156842
1.5856128337680189
0.3845236962582165
1.6436183589370883
0.34742665134042006
1.0967410386264203
0.17569050023346483
1.4835268144103055
1.626136881171303
0.4961862227877305
1.2412333412950238
1.095281813124416
0.5357025428682879
0.9242923317428824
1.8813952781022176
1.0691746533556308
0.27445926121167485
0.8118258774915373
0.7490110888648043
1.744468930919564
0.6381326653261947
1.5965156355338044
0.41526457822293267
0.6291423505217402
0.457149934982135
2.3408280541740156
0.18901876081072758
1.2906429630757694
0.7914576606522395
1.0223279193135286
0.752496116571098
0.9542257747067107
0.9136642423388989
1.8282168752187524
0.4425200788680979
0.8646116759541775
0.6677640757156061
1.0760564441565705
1.2867480402542864
1.5891442682777286
0.20618424777105826
1.464447168569259
0.034647901255639366
1.213007496984633
0.5281036560015935
1.4938347213075314
1.0014229307520048
1.1015495171101366
0.7621056772449605
0.5221377411382702
0.9663924823349442
2.3140974015231794
0.701854890717555
0.28154585243479346
1.0500086624743554
1.0050180713577832
1.6766685588887427
0.3192413399028738
1.1813558314328418
1.5351922074368174
0.9170597279256937
0.3507939979729499
1.7313844657455764
0.45003853542081756
1.2500078143884652
1.5434720032253129
0.19820991351198944
0.830228480462437
0.549908166373678
1.9078650906360892
1.182550035389811
0.4888667216628378
0.9874857822308112
1.4612034116132426
1.3964591145372953
0.2451655179885238
0.743952340908806
2.1351365789200747
0.13485788211694533
1.5725245420615068
0.7431456169369011
0.6415124020345324
2.062854250408511
0.7040538684192915
0.45733141126820814
0.3757434033948898
1.523603751441752
1.2929058736378014
1.048593401058257
1.2136559135043092
0.2521103934410502
1.4519351083561995
0.5558359839391092
1.2220906567019756
1.087347365869717
0.9291674564620921
0.8819790856685463
0.4618492794992868
2.4245824201361237
0.7352055447424359
0.13336945272365885
2.640779534254908
0.06032404905769813
0.5634839699963111
2.0052814979333164
0.7662539325094679
0.840314198805112
1.3239845387505884
1.1631881295016404
0.8843436882629346
0.46477820036536627
1.7075019659406263
0.4647278092458524
0.915482614931791
1.902010506721173
0.9286137972770659
0.3329105389269116
0.9382132604164456
2.283669026272273
0.9540816902877199
0.04290357828425393
0.6970097489716934
1.5436743766918941
0.9031133025071064
1.591527071246671
0.3851779079845618
1.1997631823130113
0.5048347468217596
1.0908327922208885
1.5677769930816743
1.020250515074242
0.5425851532994035
0.8951078212030992
0.4619461904029579
2.1748556640270125
0.8609719137334894
0.5622075924244248
1.861399139161613
0.2420740399220381
0.431995250132352
1.7732029339303672
1.355782416251119
0.47703074426288156
0.9575570966043757
1.4288679858610347
1.2502495604547335
0.6324690006214176
1.1298689553769434
0.834520608417318
0.7878710673030025
0.4799498401292764
2.4944962957820582
0.793715732948276
0.1959628214038801
1.664622457141616
0.9347047668152866
0.9946666700227503
0.5511728929038384
1.0637064408329726
1.2278238724195922
1.3835844318788026
0.73417474160638
1.0550014837701485
0.35616925341189654
1.3826452212443587
1.4216912341716015
0.14162572397648723
2.2139338469422642
0.6680802724885696
0.47033900412356255
0.7419050169012772
1.7288356440315564
1.0588097949223918
0.5600988564443813
1.7079105645232553
0.05081240920926254
1.310804901080714
0.8881623039972456
0.9673948442827287
1.1773855991003725
0.9893275099260818
1.0786646974934193
1.0097136145070635
0.6821872499382324
1.2802981590316116
0.6007068382344183
2.1782459988206107
0.5139475184154161
0.02998029797091371
1.1058291922175083
2.194332654660252
0.47046729984720465
0.8565944689040229
0.8765464011330492
1.055995524982968
1.8233130413382237
0.5372828921945089
0.6121415722999873
1.7434306080530406
0.926330357363427
0.5100362925247066
1.8189960206369045
0.3716543314561349
0.942435716644358
0.9990306691971105
1.571960353665798
0.7268752182733195
0.3679758474848004
2.5612948173229655
0.17721640660567736
0.7814099413652467
0.7125098353061471
1.2619025878533852
0.6428059796193182
1.1095679297934253
1.4648631411354855
1.441717170960207
0.2311868466973707
0.4409758446330611
2.82224658838502
0.8727520316904147
0.2525405081055866
0.9702931785700343
1.3171781322989258
1.5812900190788668
0.11791383480372057
1.015649392496401
1.6435846683748476
0.9637444666322839
0.7873611939068662
1.017389021096564
1.2644941277466948
1.0305857492188333
0.6570249918014208
1.64726825455474
0.23798885130281405
0.49168242969107046
2.0135603295736013
1.7676759621875249
0.04203923142245893
1.0902675957192642
2.108744478873893
0.7268362774431855
0.13924305159953732
0.5024336594624015
1.3628326250144556
1.4338200365866514
1.4050643492510941
0.6470388050003535
0.21443292157510863
1.706421148497215
0.6253977989343842
1.7148509149687858
0.32537487130009235
0.7655894461905473
1.983770945808096
1.2251066290241426
0.18894891064840832
0.25132189374294617
2.496134861080536
1.358006622778158
0.2506429299483394
1.040543135530316
1.7146260718765938
0.38195337645950145
1.5470588027428929
0.5304337267049861
0.8125644063854861
1.3895706680895694
1.78836609106892
0.4312690092014275
0.016718274375580836
2.667336531594027
1.028450292808623
0.37473870481828536
1.0898289747760386
0.10690700774289615
1.3058242474400936
1.5012400070967726
1.4388945106732884
0.6872438330606891
0.317890229798682
0.5501451597663366
2.1970839388184884
1.5736170754024024
0.16928517861808287
0.5347029636306785
1.5238106735131178
1.4514506451717706
0.6938840259801382
1.053029097684767
0.9129991911577039
0.6402447728931969
1.5482375309982122
0.5866778692609356
1.548934500938422
1.2117626992496193
0.32479390283638176
0.40629707458815983
2.143123694743306
0.21583608734949472
1.8786442864057193
0.21723502931335031
1.0280908183823054
0.6512321434277839
0.6243265481735939
1.2088927649813401
0.7173686860244334
1.171860998623268
1.6178401680860002
0.9022297782888081
0.2747747922786327
1.4340942300231283
1.8880568545827539
0.549119558888921
0.49057810627826604
0.9582537423040111
2.1908839797596475
0.9149571509273539
0.1243662736185897
0.6616169627693615
2.347504064124747
0.3206386355875024
1.2103402320581595
1.8173680651140711
0.3177384010493423
0.6915435855945365
2.096647703123481
0.05492069468588403
1.098412920194472
2.3777934091375816
0.05534648192309651
1.3876580419689886
0.45467451844784046
0.6014614945627585
3.068711086973688
0.2088728470494163
0.3188711056725405
0.8202601849955433
1.6506967576759164
1.3321610109468258
0.2522781016298333
1.3302511615388795
1.7617373211503586
0.9581323774971578
0.11102727056486993
1.4679245097862634
0.9676910789852402
0.7515797997043879
1.3788893581965098
0.7290270418641431
1.2015461593390182
1.295319166143218
0.8838422058686086
0.2862490891093554
1.171228469713552
2.6471395189151004
0.14929901498105702
0.37707199544487374
1.4370619832325044
1.6282623191518835
1.1239834976745053
0.29693591431122784
1.2357416193957835
1.1690804958496133
0.544933555867927
1.2822279054238401
0.6004222540370128
1.6525413500661952
0.722795282402821
0.3792853364446254
2.501457221964785
0.8838191106135316
0.43374935113398705
0.8757787573222656
0.4070943444181199
0.9815463978138004
1.9918334529706956
0.6273132515146357
1.2787415810633591
0.3678826442676933
0.770243467087192
1.907462866838582
0.06436388852559041
1.6896100623234847
1.1850425782583256
0.3785130245570048
1.462983642256633
0.675234062227945
1.674273619744448
0.4657927528535328
0.7732016293269702
0.19979421058831634
2.3298773728455475
1.4389768489070611
0.23891296128963935
0.43867716412783897
1.1357088198547596
0.5769958062876155
2.2216567830333287
1.0067339488811946
0.467755125687292
0.3307993292371455
0.9196332131327999
0.13274345670737925
3.405215309617842
0.3673555253743442
0.24109047161076697
0.5126178657465928
0.14323342898877717
2.0464565373662817
1.4369977697914043
1.0464217911516254
0.17544043082433322
0.6194724702634428
0.8548659553014782
2.7825695783944853
0.4376006249721418
0.3620522011860004
0.2997848276421863
1.3099982281690463
0.9449409257660862
1.0272669621391577
1.5454207184674187
0.5704479641972199
0.7255482517033792
1.9343350540709154
1.1458727773549977
0.08053754692330821
1.9862705558613032
0.13666408229562946
0.5838122690723
3.2004660157879252
0.198118420876014
0.7930120035095598
0.11344831792202291
1.1650287454622141
0.9276240911749797
1.0841768526138893
1.3967942655024317
1.1760514481752675
0.09236620088136047
1.6352570594951277
2.068584210637866
0.4133989692617761
0.17044244015977134
1.76645218065288
0.5088240080876076
0.7099857619048359
2.8244905177000135
0.19101146142575479
0.7149418417857885
0.2784350591638472
1.497962635637847
1.5233433203882278
0.33108465809234233
1.128094527323139
1.4855198585999378
0.6244004202280541
1.583172746718816
0.07895556824391928
1.6044508558280006
0.6399798028380063
0.7916870111130813
1.3123174509399727
1.1217893211145138
0.9241654583557449
0.5508030121916646
0.8312634349899889
2.353717243136858
0.3807143278603901
1.1479627257088696
0.6870060771916351
0.28242288972480173
0.2894873509829836
0.2279731074833944
3.898903431291828
0.22884895898966848
0.30483783512274454
1.6372379715452083
0.9094997337072603
0.44568563827569835
0.7488267055855743
2.01955439348712
1.3620764183699727
0.5190058349820262
0.36000920411663995
1.7873204717300744
1.2859887308225215
0.1561773206976939
0.9524304330587846
2.385574171413978
0.3441632086736437
1.000844255974529
0.296350104776093
1.8166102477529
0.74055368337021
1.1335248988218403
1.1634375203439498
0.45861124161378003
0.13546599087667244
2.9615478061727107
1.217144690352093
0.16339725371771144
0.48668340231690094
2.440098178341762
0.31483782301854585
0.6844282745886964
0.4576494137536469
2.113492384210342
0.6988551312791914
1.1692766147966613
0.9505721428588737
0.6415668551502052
2.008999151409032
0.038896540354567855
0.04128114413561379
2.731831124668015
1.3634211179705789
0.23677599692178306
1.4775174721617563
1.2745786979751261
0.8919244358466837
0.0920117581492877
1.282435544782099
0.8092918635420365
1.2711250486959618
1.590819589835362
0.5638858060372558
0.970408245294706
1.2142846008805361
0.43894705952205726
0.19118620106021483
3.2994670124107865
0.395939079673808
0.3018444057005502
3.449421961990257
0.030218891256827564
0.21752550299815213
1.3356981316756285
0.8144439584796769
1.705793423559559
0.3091809179181069
1.6753513700944325
1.1303555911668044
0.13320228484486477
1.208449730756893
0.7529598727891686
1.5527437753027755
0.7305861318622394
1.0087388678489153
1.6949702299320557
0.5690231582901784
0.43239307540970734
2.255602489467432
0.2236949286722156
0.40890397692658137
0.8573045467825351
2.5336640849896552
0.10638542804083297
1.418886439632032
1.0488290714281399
0.15911970557004415
1.532532519474927
0.26075185031752945
0.932138756236172
1.5340198043495683
1.5864022526543027
0.6822879617732109
0.5333622343577238
1.303810098278525
0.6229892776606372
0.17429543626877345
2.0596711609256553
0.4256780669870081
1.586329949958671
0.8696063223373591
0.967498093064003
1.0241690915347297
0.3393210866404662
0.18368102549550347
1.8215466319927003
1.8099729025098823
0.10171708307421475
1.8899393204519686
0.20960450473690406
0.8380131025539488
1.8589288989140378
0.8860012212260285
0.0074774336670279645
1.943074208840572
1.4950499977750258
0.5555302293831256
0.9014109940681652
0.4767024282059266
2.3009814959259764
0.08445521442784523
1.0162889492231042
0.1193912003137071
2.067548640213827
0.9297042546089309
0.7921232683182736
0.5197411784267149
0.8953564801848326
2.1396543928380587
0.43297387990667124
0.981221224470664
0.4783869460384827
2.0223616679866914
0.1730421711386303
0.5659452169108142
2.364575840178652
1.3138915677638807
0.3327385472913023
0.6411699809907075
1.347478065308374
0.9676983841886208
0.6686750141078481
0.27787042899254494
3.1591528604744634
0.6924494280939888
0.09121868320744479
1.7097651016471525
0.7959291904000708
0.848625388268982
0.35283614281534076
1.1076250227935471
2.8308406527051067
0.22616351878404994
0.5138174966043174
0.43146500226843626
1.9016000634607804
0.1041024278236219
0.43223826735326076
2.1922464698522237
2.2027021280866492
0.00026464421344057616
0.245058921505011
1.7308203827392445
1.660463737560494
0.2974476414555995
0.01248312894736358
3.0151830096888297
1.6078705256844013
0.17558812771778945
0.08078026136560272
2.545951849652821
0.06016654106442896
0.25601234819327046
1.3397203252817724
2.249487502468391
1.0502868499936504
0.3118240177904017
0.23647574775994387
0.14804278974193172
0.6047476461075102
1.0135959160134744
1.2748847767520806
1.9041885813688961
0.8818199917826686
0.1896383824023652
0.23474240337905444
0.3443038803271814
0.4904040432948611
2.4307002900098102
1.4814195987940806
0.47175364590352825
0.27762358213239785
0.3648976365227566
0.4416036773213007
1.787555745691496
0.07581194919524722
2.061893238083057
1.565626222819601
0.3930481183896919
0.3242831435844927
0.13574272963988776
1.4194250799485282
1.6960534503502536
0.6520685537676914
1.3042511708095208
1.4496776333840145
0.3916245873614704
0.23296848896954217
0.6928578992747576
1.6864797852961448
0.9921563260979858
1.4737052223534135
0.8783326838921724
0.3061253147132549
0.5385031226745189
1.3865798983398065
0.5112202823207255
2.0213751924449936
0.20367314848918405
1.4656207759592184
0.88070320861054
0.3148308711034552
1.0151775141468857
1.9304649258448376
0.07647106544681233
1.788000982742753
1.2756560964240293
0.4394653524347891
0.472780912360451
1.318124265740132
1.7972719650908153
0.7129083652280832
0.8302228628309559
1.074680672024399
0.6030527859405558
1.0316252356530555
1.165776914094732
0.8463043391161241
1.2279554737356477
1.4558557797234757
0.8704567209970534
0.3077352957655908
0.5247450531594885
1.4397797976714029
1.1531648405563697
1.5652784369636785
0.1842845397672035
1.1573305655900707
0.6845615637536655
0.9021568644772803
1.7512104598708467
0.5047867952095526
1.3665863627211237
1.1686563379180999
0.5871367262455545
0.3506404369272855
1.5463253133336807
0.36008546126363866
2.0409914851289805
0.41047885903442594
0.8596242545153578
0.8135852655107252
1.086112268902947
1.7791340366838073
0.014457099512032712
1.549586537372488
1.4508632794565586
0.718216125409754
0.15683698386771602
1.4266117146409711
1.8952214819000852
0.7197936542667188
0.5799609904697546
0.9999504561973379
1.279063876630491
1.7165885905720275
0.2316404133786928
0.4063695141061023
1.6665980036445542
1.5713346355765065
0.8465968483687565
0.15679501822490863
1.4254890867017107
1.5012399958380418
1.0903465053983674
0.3854123204995967
1.0373713141039242
1.2599709213519343
1.4607407574836142
0.35928414222652333
0.9565635065364365
1.7924180391668947
0.920407208828279
0.2057202665092575
1.427543506468478
1.0794776144709515
1.431844550697009
0.2178833943469112
1.116310847208581
1.3348943302926055
1.371970665070393
0.45073561334876144
0.6897157825623503
1.9654826504218543
0.954312683673332
0.2098585003020852
1.4124342032863542
2.4511389370909873
0.06755771123929324
0.6767429639341601
0.8786129995808082
1.4266395570569281
1.4292185600300047
0.590573038668541
0.42802759319634226
2.0942054472465137
0.9610042700267747
0.2799278007166974
1.439918110458754
2.3544994440333147
0.06392872973950739
0.5986242197571277
1.0868380074160442
1.4694260814593811
0.836322837074955
0.6499585334409312
1.9157995128618697
0.8195510883393069
0.35227964090456254
1.449538794326472
2.20253753574781
0.19018727803470128
0.3989366339839779
1.3594310602401294
1.5317043384099376
0.6340828028945031
0.8246443745599483
1.8197559130106389
0.8365915704095384
0.616390902128438
1.059142011714956
0.4700436744291119
2.1024278502076847
0.1486804475798326
1.1414757409265004
1.592000193874861
0.42874170435641257
1.0166553772576656
1.7219643935235882
0.8505671679250878
0.7323731055567524
0.695486500138391
0.9564923246568745
1.9458543418849645
0.08934713455245336
1.3405079026089826
1.614904336621779
0.20665828943727452
1.0659432025487228
2.357974960419859
0.6545138783021608
0.22470355997116478
1.452453131370306
1.6116234516148265
0.3078255098615494
1.3920382096565407
1.5797289166038302
0.059418654888631926
1.4245711916024557
0.8559078489155338
1.5795426469922147
0.7965772095340291
0.13332874279586004
1.7963266121700037
0.9477888129801385
0.5127747986998047
2.184625251635637
0.1366768494979631
1.195047150788658
0.27352051068583216
2.0411100937894666
0.43833873436754
0.5209148789336263
1.8096907725624316
0.6603531227181104
0.7301186339035394
2.1813844257073707
0.31464141303072546
0.9493687281080709
0.41631541801382105
1.6416596176600418
0.06221326181648867
1.9907076924044063
0.4468565777437625
0.8805908688190345
1.8207899714265947
0.7660872409675117
0.5723690565617019
0.7426227794463346
1.1239558377672891
1.3500215025537035
0.23203599557309415
2.1309566590462135
0.21464748509949882
1.0761021615253932
1.0561302329962303
1.0740312806139507
0.6771131730631075
1.364142788277412
0.9203801601914702
0.4904722246172065
2.180985920517949
0.030491610271347735
1.2503183502704156
0.3615138759877578
1.4890304061609239
0.3563338362109921
1.6749752537881373
0.6613853033951207
0.7212312732883714
2.0224818098057993
0.17040485670310662
1.1701309240094215
0.46677861955139816
1.5633030664744225
0.004543588251602205
2.0226073514401257
0.42890401281462165
0.919097574462861
1.502234447917645
0.7262075030528292
0.8759822219177035
1.0845475200886525
1.1196235807499557
0.2633426490588114
2.019579060981862
1.0874025993453775
0.5180366882628605
1.2254152307705535
0.5390503988048223
1.515836988370238
0.7957599294539949
0.5912270065641108
2.1206352528672983
0.19401426777219977
1.1846842609697694
0.05607612030358806
1.5317655661077456
0.12945712842699167
1.804265404195706
0.8254175432899146
1.2321216075977874
0.4766012758003145
0.996704167378494
0.8926815089870418
1.230851328829894
0.18349305752210715
1.985954945068129
1.045324726635242
0.6856745796203296
0.881351602264252
0.5746878022304434
1.687380453423593
0.46217129102280513
1.7128371606490622
0.4168032866358593
1.0038672891322498
0.15708616756500773
1.4986286515059608
0.19847622962168632
1.7627897745972194
0.7879463808106708
1.3470005233404947
0.2546520012913411
1.021569001241665
1.6893168851436833
0.12721290925296336
1.7983112112202373
1.0414286427954977
0.7473919339441297
0.8129014766882824
0.6106242755802528
1.6887356534079014
0.4460566057467218
1.6857374288233304
0.3706402726597864
1.0188730883064103
1.3769016936759617
0.1735391651268966
1.7562133117955163
0.8009913043217135
1.3611456535061364
0.22982675814990652
1.0258659461271682
1.6907180253305254
0.12352084839187086
1.561791836962888
1.6618348695405618
0.5874572163782299
0.4793598409776225
1.6894638109811033
0.48252063849069926
1.6676454608362048
0.35043171835008785
1.020513518265143
1.4247725148029582
0.1064429323098089
1.68827259544428
1.9746641575043058
0.20154727872754608
0.8274436070682354
1.6913281538386848
0.16988130853852104
1.518105528236296
1.6140017410660927
0.6518990659306843
0.3129426072685469
1.6157932637603265
1.9822236913725202
0.18356398496337134
0.9466884988552413
1.5427756580932692
0.04471272570897984
1.6880863517535452
1.9331876042972145
0.2881708911038737
0.5364826399254184
1.293574484233909
1.5092863009898787
1.13992999728417
0.7334101769923759
0.2383198496260924
1.6627958147882536
2.0693425226405986
0.06453521040597396
0.7038492405937009
1.1826132818107435
1.4520455073707785
1.4129257730919518
0.4184652376962008
0.4428259511778319
1.3309145847484651
1.4987846562060334
0.8015184904729677
0.7673816923133555
1.3574576314570517
1.6913675193740625
0.09624402867077475
0.6530820109975068
1.2441700411792056
1.3824927726957323
1.0074697310551441
0.6910725044586901
1.0926018597656897
1.4149837887141765
0.6890401472426771
0.8232824217291856
1.2717785916074764
1.2218621205011773
0.6245930952993947
0.9893496128151381
1.387364595167783
0.8730280028961175
0.6586346515960193
0.9772604273064144
1.6341119779264337
0.7349637831543538
1.0381701544999005
1.0632313868857846
0.5887381580344087
0.9095941584822
1.7692398759442547
0.6089040319755344
0.8380115704640824
1.328960528919644
0.7033357406881345
1.5715013455451288
0.5597345560619095
0.7947871515938282
1.266192332484563
0.5717531335139329
1.665342751164056
0.6645462714577385
1.0320581243415325
0.5368990433775718
1.531027099096554
0.45490364060429783
1.3455280125682498
1.401433146380175
0.3365220482414054
1.0676504748787319
