0.310592703105927
0.387901803879018
0.489624304896243
0.527600705276007
0.63746100637461
0.632035806320358
0.695781906957819
0.671368506713685
0.599484605994846
0.577783805777838
0.572358605723586
0.489624304896243
0.463854604638546
0.470636104706361
0.4068900040689
0.341787603417876
0.322799403227994
0.238708802387088
0.208870202088702
0.157330801573308
0.14919300149193
0.12206700122067
0.12342330123423301
0.078665400786654
0.073240200732402
0.058320900583209004
0.048826800488268
0.029838600298386
0.031194900311949
0.018988200189882
0.020344500203445
0.008137800081378
0.010850400108504
0.005425200054252
0.005425200054252
0.001356300013563
0.005425200054252
0.0
0.001356300013563
0.001356300013563
0.002712600027126
0.0
0.001356300013563
0.0
0.0
0.0
0.0
0.0
0.0
0.0
0.0
0.0
0.0
0.0
0.0
0.0
0.0
0.0
0.0
0.0
0.0
0.0
0.0
0.0
0.0
0.0
0.0
0.0
0.0
0.0
0.0
0.0
0.0
0.0
0.0
0.0
0.0
0.0
0.0
0.0
