0.435372304353723
0.508612505086125
0.636104706361047
0.618472806184728
0.655092906550929
0.580496405804964
0.545232605452326
0.572358605723586
0.533025905330259
0.539807405398074
0.553370405533704
0.459785704597857
0.425878204258782
0.364844703648447
0.362132103621321
0.287535602875356
0.272616302726163
0.234639902346399
0.207513902075139
0.183100501831005
0.157330801573308
0.164112301641123
0.107147701071477
0.104435101044351
0.093584700935847
0.071883900718839
0.06781500067815
0.051539400515394
0.044757900447579
0.036620100366201
0.028482300284823
0.018988200189882
0.021700800217008
0.023057100230571
0.014919300149193
0.004068900040689
0.005425200054252
0.002712600027126
0.001356300013563
0.002712600027126
0.0
0.0
0.001356300013563
0.0
0.0
0.0
0.0
0.0
0.0
0.0
0.0
0.0
0.0
0.0
0.0
0.0
0.0
0.0
0.0
0.0
0.0
0.0
0.0
0.0
0.0
0.0
0.0
0.0
0.0
0.0
0.0
0.0
0.0
0.0
0.0
0.0
0.0
0.0
0.0
0.0
