0.2712600027126
0.412315204123152
0.504543605045436
0.530313305303133
0.615760206157602
0.58320900583209
0.629323206293232
0.717482707174827
0.665943306659433
0.595415705954157
0.627966906279669
0.518106605181066
0.485555404855554
0.405533704055337
0.404177404041774
0.341787603417876
0.299742302997423
0.273972602739726
0.222433202224332
0.155974501559745
0.143767801437678
0.119354401193544
0.097653600976536
0.074596500745965
0.065102400651024
0.048826800488268
0.029838600298386
0.033907500339075
0.028482300284823
0.016275600162756
0.016275600162756
0.017631900176319
0.016275600162756
0.005425200054252
0.012206700122067
0.001356300013563
0.005425200054252
0.002712600027126
0.001356300013563
0.001356300013563
0.0
0.001356300013563
0.0
0.0
0.0
0.0
0.0
0.0
0.0
0.0
0.0
0.0
0.0
0.0
0.0
0.0
0.0
0.0
0.0
0.0
0.0
0.0
0.0
0.0
0.0
0.0
0.0
0.0
0.0
0.0
0.0
0.0
0.0
0.0
0.0
0.0
0.0
0.0
0.0
0.0
