0.52895700528957
0.604909806049098
0.644242506442425
0.613047606130476
0.608978706089787
0.539807405398074
0.524888105248881
0.55608300556083
0.554726705547267
0.467923504679235
0.47470500474705
0.435372304353723
0.408246304082463
0.356706903567069
0.362132103621321
0.282110402821104
0.302454903024549
0.24006510240065101
0.222433202224332
0.210226502102265
0.177675301776753
0.158687101586871
0.113929201139292
0.089515800895158
0.105791401057914
0.09494100094941
0.061033500610335
0.055608300556083
0.046114200461142
0.035263800352638
0.02712600027126
0.021700800217008
0.014919300149193
0.024413400244134
0.010850400108504
0.006781500067815
0.009494100094941
0.001356300013563
0.002712600027126
0.002712600027126
0.0
0.001356300013563
0.0
0.0
0.0
0.0
0.0
0.0
0.0
0.0
0.0
0.0
0.0
0.0
0.0
0.0
0.0
0.0
0.0
0.0
0.0
0.0
0.0
0.0
0.0
0.0
0.0
0.0
0.0
0.0
0.0
0.0
0.0
0.0
0.0
0.0
0.0
0.0
0.0
0.0
