0.372982503729825
0.448935304489353
0.531669605316696
0.565577105655771
0.629323206293232
0.618472806184728
0.61033500610335
0.571002305710023
0.589990505899905
0.576427505764275
0.588634205886342
0.499118404991184
0.492336904923369
0.413671504136715
0.370269903702699
0.368913603689136
0.276685202766852
0.27532890275328903
0.181744201817442
0.193950901939509
0.139698901396989
0.138342601383426
0.112572901125729
0.089515800895158
0.084090600840906
0.063746100637461
0.035263800352638
0.05425200054252
0.018988200189882
0.018988200189882
0.012206700122067
0.012206700122067
0.009494100094941
0.010850400108504
0.008137800081378
0.004068900040689
0.005425200054252
0.001356300013563
0.001356300013563
0.002712600027126
0.001356300013563
0.0
0.0
0.0
0.0
0.0
0.0
0.0
0.0
0.0
0.0
0.0
0.0
0.0
0.0
0.0
0.0
0.0
0.0
0.0
0.0
0.0
0.0
0.0
0.0
0.0
0.0
0.0
0.0
0.0
0.0
0.0
0.0
0.0
0.0
0.0
0.0
0.0
0.0
0.0
