0.389258103892581
0.533025905330259
0.568289705682897
0.560151905601519
0.572358605723586
0.653736606537366
0.584565305845653
0.584565305845653
0.571002305710023
0.508612505086125
0.505899905058999
0.462498304624983
0.484199104841991
0.435372304353723
0.377051403770514
0.332293503322935
0.2712600027126
0.259053302590533
0.225145802251458
0.193950901939509
0.172250101722501
0.126135901261359
0.12342330123423301
0.082734300827343
0.08815950088159501
0.080021700800217
0.035263800352638
0.043401600434016
0.056964600569646
0.016275600162756
0.016275600162756
0.018988200189882
0.017631900176319
0.004068900040689
0.010850400108504
0.001356300013563
0.004068900040689
0.010850400108504
0.004068900040689
0.001356300013563
0.005425200054252
0.001356300013563
0.001356300013563
0.001356300013563
0.001356300013563
0.002712600027126
0.0
0.0
0.0
0.0
0.0
0.0
0.0
0.0
0.0
0.0
0.0
0.0
0.0
0.0
0.0
0.0
0.0
0.0
0.0
0.0
0.0
0.0
0.0
0.0
0.0
0.0
0.0
0.0
0.0
0.0
0.0
0.0
0.0
0.0
