0.500474705004747
0.554726705547267
0.5506578055065781
0.606266106062661
0.640173606401736
0.61033500610335
0.608978706089787
0.576427505764275
0.499118404991184
0.51539400515394
0.489624304896243
0.467923504679235
0.404177404041774
0.37976400379764
0.35263800352638003
0.317374203173742
0.283466702834667
0.237352502373525
0.206157602061576
0.173606401736064
0.173606401736064
0.138342601383426
0.119354401193544
0.099009900990099
0.111216601112166
0.071883900718839
0.059677200596772
0.058320900583209004
0.033907500339075
0.031194900311949
0.020344500203445
0.025769700257697
0.010850400108504
0.014919300149193
0.012206700122067
0.017631900176319
0.009494100094941
0.004068900040689
0.006781500067815
0.005425200054252
0.001356300013563
0.0
0.0
0.0
0.0
0.0
0.0
0.0
0.0
0.0
0.0
0.0
0.0
0.0
0.0
0.0
0.0
0.0
0.0
0.0
0.0
0.0
0.0
0.0
0.0
0.0
0.0
0.0
0.0
0.0
0.0
0.0
0.0
0.0
0.0
0.0
0.0
0.0
0.0
0.0
