0.564220805642208
0.587277905872779
0.648311406483114
0.6144039061440391
0.6144039061440391
0.579140105791401
0.560151905601519
0.482842804828428
0.523531805235318
0.518106605181066
0.44757900447579
0.400108504001085
0.394683303946833
0.371626203716262
0.326868303268683
0.347212803472128
0.272616302726163
0.261765902617659
0.206157602061576
0.214295402142954
0.150549301505493
0.142411501424115
0.151905601519056
0.089515800895158
0.11664180116641801
0.058320900583209004
0.059677200596772
0.055608300556083
0.043401600434016
0.04068900040689
0.033907500339075
0.032551200325512
0.018988200189882
0.012206700122067
0.012206700122067
0.012206700122067
0.010850400108504
0.008137800081378
0.004068900040689
0.005425200054252
0.001356300013563
0.0
0.002712600027126
0.001356300013563
0.0
0.0
0.0
0.0
0.0
0.0
0.0
0.0
0.0
0.0
0.0
0.0
0.0
0.0
0.0
0.0
0.0
0.0
0.0
0.0
0.0
0.0
0.0
0.0
0.0
0.0
0.0
0.0
0.0
0.0
0.0
0.0
0.0
0.0
0.0
0.0
