0.278041502780415
0.425878204258782
0.514037705140377
0.557439305574393
0.59677200596772
0.626610606266106
0.621185406211854
0.680862606808626
0.579140105791401
0.598128305981283
0.576427505764275
0.560151905601519
0.519462905194629
0.409602604096026
0.410958904109589
0.375695103756951
0.294317102943171
0.256340702563407
0.196663501966635
0.181744201817442
0.134273701342737
0.119354401193544
0.084090600840906
0.097653600976536
0.062389800623898
0.063746100637461
0.036620100366201
0.033907500339075
0.02712600027126
0.014919300149193
0.017631900176319
0.012206700122067
0.009494100094941
0.008137800081378
0.008137800081378
0.005425200054252
0.001356300013563
0.001356300013563
0.002712600027126
0.0
0.0
0.0
0.0
0.0
0.0
0.0
0.0
0.0
0.0
0.0
0.0
0.0
0.0
0.0
0.0
0.0
0.0
0.0
0.0
0.0
0.0
0.0
0.0
0.0
0.0
0.0
0.0
0.0
0.0
0.0
0.0
0.0
0.0
0.0
0.0
0.0
0.0
0.0
0.0
0.0
