0.453004204530042
0.575071205750712
0.607622406076224
0.634748406347484
0.646955106469551
0.568289705682897
0.588634205886342
0.522175505221755
0.552014105520141
0.503187305031873
0.496405804964058
0.446222704462227
0.396039603960396
0.371626203716262
0.318730503187305
0.340431303404313
0.305167503051675
0.24413400244134
0.214295402142954
0.17631900176319001
0.179031601790316
0.153261901532619
0.146480401464804
0.09494100094941
0.075952800759528
0.062389800623898
0.061033500610335
0.061033500610335
0.047470500474705
0.048826800488268
0.014919300149193
0.018988200189882
0.014919300149193
0.017631900176319
0.012206700122067
0.008137800081378
0.004068900040689
0.005425200054252
0.002712600027126
0.002712600027126
0.001356300013563
0.002712600027126
0.001356300013563
0.0
0.0
0.001356300013563
0.0
0.0
0.0
0.0
0.0
0.0
0.0
0.0
0.0
0.0
0.0
0.0
0.0
0.0
0.0
0.0
0.0
0.0
0.0
0.0
0.0
0.0
0.0
0.0
0.0
0.0
0.0
0.0
0.0
0.0
0.0
0.0
0.0
0.0
