0.364844703648447
0.451647904516479
0.547945205479452
0.588634205886342
0.608978706089787
0.584565305845653
0.59677200596772
0.55608300556083
0.607622406076224
0.603553506035535
0.561508205615082
0.541163705411637
0.490980604909806
0.412315204123152
0.4068900040689
0.330937203309372
0.294317102943171
0.263122202631222
0.192594601925946
0.184456801844568
0.14919300149193
0.124779601247796
0.097653600976536
0.086803200868032
0.071883900718839
0.050183100501831
0.047470500474705
0.042045300420453
0.024413400244134
0.033907500339075
0.01356300013563
0.020344500203445
0.005425200054252
0.004068900040689
0.009494100094941
0.009494100094941
0.002712600027126
0.0
0.005425200054252
0.004068900040689
0.005425200054252
0.0
0.001356300013563
0.001356300013563
0.0
0.0
0.0
0.0
0.0
0.0
0.0
0.0
0.0
0.0
0.0
0.0
0.0
0.0
0.0
0.0
0.0
0.0
0.0
0.0
0.0
0.0
0.0
0.0
0.0
0.0
0.0
0.0
0.0
0.0
0.0
0.0
0.0
0.0
0.0
0.0
