0.611691306116913
0.622541706225417
0.565577105655771
0.587277905872779
0.600840906008409
0.561508205615082
0.587277905872779
0.566933405669334
0.5425200054252
0.495049504950495
0.490980604909806
0.462498304624983
0.36620100366201
0.398752203987522
0.322799403227994
0.252271802522718
0.248202902482029
0.24006510240065101
0.192594601925946
0.181744201817442
0.157330801573308
0.145124101451241
0.130204801302048
0.101722501017225
0.10850400108504
0.085446900854469
0.05425200054252
0.05425200054252
0.05425200054252
0.036620100366201
0.044757900447579
0.025769700257697
0.033907500339075
0.012206700122067
0.016275600162756
0.016275600162756
0.005425200054252
0.008137800081378
0.005425200054252
0.002712600027126
0.0
0.002712600027126
0.0
0.001356300013563
0.0
0.0
0.0
0.0
0.0
0.0
0.0
0.0
0.0
0.0
0.0
0.0
0.0
0.0
0.0
0.0
0.0
0.0
0.0
0.0
0.0
0.0
0.0
0.0
0.0
0.0
0.0
0.0
0.0
0.0
0.0
0.0
0.0
0.0
0.0
0.0
