0.394683303946833
0.48826800488268
0.55608300556083
0.588634205886342
0.576427505764275
0.611691306116913
0.587277905872779
0.577783805777838
0.595415705954157
0.524888105248881
0.533025905330259
0.526244405262444
0.499118404991184
0.421809304218093
0.371626203716262
0.337718703377187
0.283466702834667
0.249559202495592
0.23328360233283602
0.185813101858131
0.16953750169537501
0.130204801302048
0.100366201003662
0.082734300827343
0.080021700800217
0.075952800759528
0.046114200461142
0.035263800352638
0.024413400244134
0.020344500203445
0.021700800217008
0.021700800217008
0.010850400108504
0.012206700122067
0.005425200054252
0.004068900040689
0.002712600027126
0.005425200054252
0.005425200054252
0.001356300013563
0.001356300013563
0.0
0.0
0.0
0.0
0.0
0.0
0.0
0.0
0.0
0.0
0.0
0.0
0.0
0.0
0.0
0.0
0.0
0.0
0.0
0.0
0.0
0.0
0.0
0.0
0.0
0.0
0.0
0.0
0.0
0.0
0.0
0.0
0.0
0.0
0.0
0.0
0.0
0.0
0.0
