2.6480277978790427
2.649730308775671
2.654207645800452
2.659959763339988
2.6649924438529964
2.66638748156783
2.6599323487221573
2.6410189120561665
2.6068866955751857
2.5597994377953834
2.5102391038436855
2.476013895074853
2.4714799738828668
2.4940478029310404
2.5272804930412334
2.556656707357785
2.5779290282530156
2.5955933890295455
2.61820541841369
2.6533516092144604
2.7032698490924036
2.7635888898730414
2.8258681648415975
2.88086568077231
2.919815810743673
2.9341364211864667
2.9158492871685406
2.8602823122705074
2.77028704180764
2.659335399532642
2.5519540530316283
2.4805848082490893
2.4708492625817735
2.5151002986023774
2.5801836171320858
2.637797169066472
2.67570333955233
2.6966360666404965
2.712440218189708
2.7375277498258264
2.783434582403627
2.8521539921363708
2.9321216748641223
3.0031626664179374
3.045908663301406
3.0474224331456834
3.002617780602855
2.915477767683763
2.8019822686219173
2.6916749808711415
2.619793563905608
2.6068907951049547
2.6410782335273204
2.6892981935636
2.725991835512844
2.7430698735706276
2.7469082816080936
2.753055650129037
2.777676904012716
2.82763555565872
2.89601338516037
2.9672000228489406
3.027037532884277
3.068535363055831
3.0900366175623493
3.0902225088627926
3.066295501383612
3.0164956835602035
2.943368257256921
2.8563247566286787
2.7730467482559806
2.7171354781976094
2.7070840986478326
2.740593937749975
2.7947847147147273
2.844583066219431
2.8769776862790124
2.8929368444093067
2.9021549076628514
2.9162574180996472
2.9445401569188623
2.9895732213332287
3.042711361808059
3.087599536676996
3.10944404866804
3.101272547312398
3.0654744197696315
3.0133287335491987
2.9607885026807814
2.9197686521322455
2.8929029260749743
2.8757530160750404
2.862305050579457
2.850465281851581
2.8447212315481503
2.852870774958874
2.878294815794578
2.9164750269409625
2.9585936217579003
2.9963093919047115
3.0243174295253334
3.0411509160168704
3.049591685033514
3.0560299197327296
3.0656107270175736
3.075545091858455
3.076261864933887
3.0593515927449975
3.023163571780038
2.9742122967858826
2.926173013839838
2.8948326445700885
2.8889104901113174
2.904485687584112
2.9285275168756986
2.94773743419456
2.956212800803032
2.957486889978759
2.9607930366930773
2.9741893729247435
2.9992446367043333
3.0300192701673048
3.0565173767292593
3.069590999151158
3.0655733377891607
3.0481133804752294
3.0271385689263646
3.013601618359373
3.011286674761015
3.0139389173982045
3.011705654631475
2.997797522648515
2.9724550278712796
2.943968907387516
2.9253447456192134
2.9265113169243526
2.9469737783461354
2.9758327597274556
3.0000822457342426
3.0116217559535423
3.0102620099786104
3.0034257998578267
3.001917997356326
3.012835488624268
3.0333780305356224
3.053013122495691
3.060928631478231
3.0516134001167314
3.027444566492827
2.9979496603959515
2.9757704818564403
2.969878451576778
2.9781543213393853
2.9898907718479366
2.994244390428942
2.986109365330363
2.9693156431418464
2.9552842846728273
2.9561387129351773
2.974880217542398
3.003639315811462
3.0294161658927674
3.0414776163435615
3.036372492369507
3.0189620712371967
3.0005932651037632
2.993207276999465
3.0005449531804587
3.016007460629814
3.027687155304905
3.0254541451232813
3.0070553203590094
2.9797144420959127
2.957715186652481
2.9527584148747983
2.966272148923815
2.989821821170454
3.008806796120191
3.0127361510218753
3.000841815800332
2.9816069689605005
2.9682844190592523
2.970636142669826
2.988548173086392
3.011927084112828
3.0274127729550755
3.026877714326999
3.011253987042319
2.989888058311635
2.9756894633729973
2.9778353863756792
2.994229379448237
3.0127454188546015
3.0208113284967597
3.0114443528609702
2.9877607543274145
2.962341455513376
2.9490829120594344
2.954262708989696
2.974319404950511
2.9960256522318196
3.0053419498914016
2.996227477588812
2.9743149603965167
2.9537706602940785
2.9475704422890043
2.959071577428992
2.9818686117119126
3.0029361969099986
3.01020415564626
2.9995467836839396
2.97725858174982
2.9576513393712984
2.9524571936425303
2.963045659081517
2.9834532006970242
3.001985352965605
3.00714649705757
2.9956451334653575
2.975563607786818
2.9608959760713063
2.962644411775613
2.980728708790668
3.0046838708319967
3.0212895730969267
3.0222699694366484
3.0080348910337733
2.9866856498130785
2.97127188892531
2.972362530653427
2.988558141497558
3.007821026855898
3.0168161226048373
3.008800548706841
2.9860045329494813
2.9617107206093394
2.950853324709034
2.957181641589025
2.973963842903965
2.9891534763927243
2.99245797543338
2.9796411707919668
2.95705029519043
2.9375023828578692
2.930893091521714
2.9385375477032465
2.952646503242782
2.9652221801723284
2.9681801779495776
2.9581413566589907
2.940362613535913
2.9263635119816964
2.9257057076612476
2.936631586372602
2.9538324131655984
2.9694968584187245
2.97532659779273
2.967978128459775
2.9530389605553884
2.9428517290353007
2.9450474154787623
2.958034963396468
2.9753556618524533
2.9889992952750495
2.991863600205436
2.982667442233476
2.968934274337091
2.96134267477393
2.9655375747398
2.9802581949858586
2.998510814702862
3.010921374701515
3.0107231469562565
2.9985573958208995
2.9821637222230386
2.9706952048304007
2.970733081733447
2.9823156483198856
2.9986430189234152
3.009324665625037
3.007115867002356
2.9935200808091564
2.976328987042379
2.965862920627437
2.969839547348722
2.987164235254959
3.007587493359871
3.0177502132571727
3.0116650655164037
2.9938424153603185
2.9748153309079006
2.965690026485434
2.9719383908863386
2.9885646566948676
3.002586188963833
3.0028575767355
2.988436027197274
2.968103785476736
2.9531391977018258
2.9496823097109117
2.9565788132639077
2.9676506259403466
2.974191785430378
2.969070533519821
2.9531459471057144
2.9367252192111764
2.9303946871854767
2.93510829807749
2.942847635970737
2.945440943374087
2.9412459753302
2.9334422929800548
2.924440798239896
2.916367278263573
2.9123777684584455
2.9146568023987953
2.9218211367014444
2.9283646903428315
2.930305956936132
2.9293386358856273
2.9288276524094865
2.9299918462608767
2.93279281222876
2.9371742625154935
2.9431809763181844
2.95014549884612
2.9556277648060174
2.9564521691682586
2.952778502048812
2.9492238487362963
2.951052580342621
2.959827537065575
2.9720727511897733
2.98196289364356
2.9851674046030148
2.981094275502006
2.973132794101427
2.9668665163956494
2.966821470322942
2.973905123097004
2.9851930430572953
2.9949336271649054
2.9974018055343654
2.9916859150030564
2.982860774512713
2.9776635077204148
2.980524799803467
2.9909360613801113
3.003006574082594
3.009726392713535
3.0078646057663923
2.9983788073598854
2.9858729987880204
2.9775557878790355
2.9774007463225773
2.9832158898930494
2.990706644631801
2.9955480564765216
2.994469897594236
2.989283717845543
2.9840799167668113
2.9820599889158297
2.9848492307210237
2.9912835748118747
2.999285141136264
3.0036110978856088
2.9980324236310407
2.984724567001007
2.9743115194296426
2.9741545038281156
2.9826145741590064
2.9939964808336197
3.0021336790951474
3.0032657875434605
2.9995726779972123
2.994061730158723
2.9865647035500986
2.980618947576
2.9826253811899193
2.9914491452585588
3.0009491348953423
3.0062955392992863
3.0036150287819425
2.9932431660988414
2.9814882553627804
2.9756971365725287
2.9789859527458487
2.9902521512066844
3.0029757266464974
3.0061465418533757
2.996285359242097
2.9795758121775124
2.9658531385779776
2.9637689242757794
2.972292368808959
2.985456885257377
2.996245759721023
2.995058797644845
2.9798138932561704
2.9614374327267647
2.9551161847870366
2.957091339809038
2.9615138922740494
2.973580812607325
2.9781865961904392
2.9649809191932004
2.9474632336173814
2.9383121626244377
2.9399836557161887
2.941676443092348
2.942632108371104
2.9535412485305015
2.9588015834690182
2.9398944336534085
2.9222024309665917
2.9232846905851155
2.932018838362171
2.944923949461718
2.950564944554322
2.9518398120697142
2.946625370013308
2.9300217847870913
2.9247099460932158
2.9231887832112715
2.9286271607940053
2.942917648684036
2.944631004913923
2.9385377642067585
2.9330337679679435
2.9344763446089557
2.9386589998727395
2.936988259787024
2.940974351528447
2.9470586282301854
2.947038476423532
2.944983552026246
2.9470717113148455
2.951279209147332
2.954166937688913
2.9586588716357083
2.9628187823944714
2.9651277847667816
2.9680587809981525
2.9721742172900676
2.975648044791135
2.9778510966643355
2.979628164956062
2.9793458671595134
2.9795479984836435
2.982282524413156
2.9849354231346354
2.9847616428514305
2.984015148111726
2.9845712327788942
2.9807643537535027
2.978664254371027
2.98323848640064
2.9870058427163326
2.985916129775851
2.9853478819347137
2.988137613606251
2.9843972303050084
2.9804155898179907
2.9800549217353214
2.979108999463846
2.9755475403403175
2.9806518486559956
2.9900199055184844
2.9825408176745536
2.970719449499571
2.9672263245833044
2.971446567493537
2.9766651228381296
2.983450994879399
2.9847532732551554
2.976399015618421
2.9810605466255065
2.9939305359937487
2.9735548493247332
2.9606637838525187
2.990774086753699
2.9910613215159105
2.9894348951421263
3.0021290298160697
2.975542788814381
2.9874273423347693
2.991013827512586
2.9626691880411187
2.9877947952666277
3.0021838226736985
2.9913741444086597
3.0040522732285915
2.9840843400123407
2.9824417412421607
2.9848045992810497
2.967749063902522
2.9842357162074666
2.9919086658706044
2.9917427546285476
2.9973613835195714
2.98307848172852
2.9827281861736403
2.9828518770524544
2.9789642421440057
2.9904476916025047
2.992838372022656
2.9925723116511187
2.9961452965597113
2.985314511923891
2.9828005708217216
2.982736129861549
2.9797504139938082
2.98926073194193
2.9882823646181524
2.9860588854156838
2.9914647031182744
2.9820651383213264
2.9857721364531424
2.9864641440373445
2.9838232317975812
2.999266196380305
2.9880686966408856
2.99723463219477
2.9936819441346376
2.98685948412105
2.994640373270164
2.978425063130883
2.9949809028372076
2.9883108584063427
2.987132461536474
2.9986481814953665
2.982519993340489
2.996318175411684
2.9762121389859963
2.99132252114455
2.992113086063158
2.9840324114772683
3.005284060375974
2.9852541019297885
3.0029158275789323
2.9806415305542546
2.9928157956753365
2.9898107504882767
2.982898329685245
3.0006484727429834
2.982902544288156
3.002527223480147
2.9798991898190295
2.994764377862945
2.9840751643729178
2.986435454694584
2.995216561880098
2.9852130103817576
3.00439830633427
2.982766822062385
3.0004182498351994
2.981393775002658
2.992154033100359
2.9868650398168324
2.9894095587687284
2.9972543259279103
2.9847451319173444
2.9983602284265114
2.979073301128657
2.9949514251889653
2.9796303190234488
2.993944738903512
2.9892126430846373
2.9920214530191767
2.9941746205971786
2.986095080114753
2.992095130404988
2.9782182392531715
2.991672562166327
2.9801243065950858
2.9905751371455476
2.985404306018595
2.987662540836697
2.984269444558042
2.981525233743094
2.9852636072234047
2.9781678159073364
2.987318561951975
2.982589259279474
2.985773933601833
2.981246302227281
2.980626859852505
2.976507638802027
2.9726771166460155
2.9733516361209893
2.9689170748625995
2.9703059599360664
2.965852444203441
2.9671549163189734
2.962575901345341
2.9631492427909016
2.9582580176033826
2.9583596049747873
2.955141402010249
2.953006835362099
2.9542935219223843
2.950141052808894
2.9515059206493595
2.9461331661973147
2.944108672940424
2.9355989015609483
2.939928672313112
2.9306181091956183
2.9401476541458327
2.9350606912412096
2.942047035461963
2.9331764796659563
2.9405062682536522
2.926065108433429
2.9373651001847745
2.92809167704651
2.9401964864879266
2.9359362655558856
2.9472657327611937
2.932977709109797
2.9476634355122338
2.9258475313967187
2.9444080478270322
2.9296687330189926
2.9475124493880545
2.9340630573300057
2.9521417074286465
2.928376158586994
2.95426647457305
2.925347722405795
2.956932788365343
2.9340625550354837
2.95893858481465
2.938597471320483
2.9541176356658028
2.93043951913974
2.949351016048772
2.921553242653591
2.9494440661241015
2.9223933859537836
2.943769576788367
2.9244061833031028
2.9289168892186526
2.917479610485855
2.917562891921972
2.9099863190715785
2.91448516524439
2.9130430015067352
2.9135478202845118
2.921268999974154
2.9115792256672326
2.9246362925286187
2.908245037144413
2.9223850506040665
2.9098915816839304
2.922894548363585
2.922088393289079
2.9315881217982414
2.937710009359911
2.9420512864619175
2.9483039252821555
2.9475034243423535
2.954137926673435
2.952914090897381
2.9605019049284396
2.9631602625648448
2.9699035660840583
2.974435749782437
2.9780016243378604
2.982026176870463
2.9827472439838445
2.985101846436475
2.984964965054738
2.986088347638567
2.985648272544138
2.986112620343054
2.9859848514113954
2.9871761940784056
2.9867169901473156
2.9879202582749835
2.9858788732837116
2.985921963040054
2.98274813225623
2.982708810291936
2.980488594688623
2.982353844884545
2.9819714061409854
2.9854798500385122
2.985962809984379
2.989094039119463
2.989448317819444
2.990802873665177
2.991923095019896
2.991390152793332
2.994765794992036
2.992289206203096
2.997781507679332
2.993418144763105
2.9990187039534844
2.9937026433151477
2.9970865722909923
2.9923449015790062
2.992797038961724
2.9900125547346996
2.9888800257585815
2.9882651017169977
2.9860520734403346
2.987988930831399
2.98425540447655
2.987439572661298
2.9828115903894634
2.984355951632965
2.9816002117720233
2.9794879526470446
2.9815246096002195
2.9752053776313394
2.98193197752906
2.9737133407590486
2.9825995565982772
2.97818620624102
2.985408489866102
2.9863997422266806
2.9900022667669615
2.992392115769922
2.9952392340943
2.996724987909314
3.0003169862804606
3.0013698997898466
3.0057651631977937
3.0048279503855686
3.0096332684413527
3.0051856800132972
3.0093326700880167
3.001665850050373
3.0057275127969447
2.995124935775618
2.998428638687249
2.9889619182531675
2.9901258335018577
2.981163676462633
2.9870715864973993
2.9784041325138926
2.9841872289415714
2.981017401891191
2.9786521434217126
2.9755334998572005
2.98645596107836
2.973982575426434
2.9909828370041813
2.984506417826683
2.9861361268515756
2.9912797058631257
2.99348409807169
2.9905419397473545
3.0009070047815047
2.99175897492866
2.9987106612515224
2.9973916552194826
2.993692833177859
2.9988611785921546
2.991890125951945
2.990262160748424
2.9946810620622077
2.9776802491789227
2.994680146322568
2.973865715242949
2.9854760893873484
2.986837189284258
2.9814259911993277
2.9908717132137848
2.9939419579940987
2.9866976785289587
3.002193885927578
2.9956910499279634
2.9996825218304064
3.000186589275587
2.9993895049973274
2.9969876736123355
2.996958416748113
2.9986632252896355
2.992116128497627
3.000125736305594
2.99383462391226
2.9916984762084855
3.0012370188354507
2.9874880176674017
3.0002709738070905
2.9938912390567154
2.9869203648138627
3.001597753724827
2.982672335303365
3.000091033773372
2.993828191355778
2.995825872775474
3.0006529754898565
2.9963309325619116
3.0021697007281376
2.9978489465653957
3.000598241395667
2.99362385767749
3.0010550616698075
2.996142196967205
3.001406347363397
2.996074292183816
2.996151397929461
2.995250078643231
2.9810217595366346
2.997942858488771
2.9817766043017597
2.9968274486117603
2.9925009186282985
2.9896900636409462
2.9958170210708728
2.9829813098692695
2.9950799204856686
2.987263151392437
2.9894602925494054
2.993777862793035
2.9852330388177597
2.9939202201409936
2.9792625611308647
2.9916652937766006
2.9692196709105265
2.9864354604383645
2.979969782054649
2.9812427200370046
2.9837255010924073
2.9726743092098316
2.9881810186315207
2.970647833357669
2.985534734527193
2.9755351230175995
2.985227455449552
2.9835603388163947
2.9771809377714535
2.980361079228606
2.9782733268528276
2.9741757258905386
2.976825547551205
2.970361984365944
2.9807915599981443
2.978663629775883
2.9739880209201215
2.9774635810282652
2.9793182719685616
2.986434132353964
2.9760526380912045
2.990018642675193
2.9837225573393384
2.9882849510805705
2.9880103096031374
2.9862702649975224
2.994647310675763
2.987878480886602
2.9918932882743023
2.987395767145462
2.9920539306994343
2.9816564132287606
2.9831223301418355
2.9921240596096714
2.981917253314807
2.9872133960263287
2.9845054511837747
2.9954941002452955
2.9892911802321294
2.991604436646084
2.99408630880611
2.988775824662107
2.9954528850243856
2.9969253530964686
2.99628993085897
2.9914259840477517
2.998163115850553
2.992151054714396
2.9933034841228023
2.9952887953301253
2.992157155283698
2.993626283525745
2.9924550051492114
2.990637634023542
2.9943966843693373
2.9961330834309687
2.9923178018141794
2.997457905574875
2.992602098604816
2.997512390090678
2.9966267085784852
2.9955527367089543
2.9954106625948667
2.9949298712503447
2.9957572932839955
2.9948468922412377
2.999465673797732
2.995906470562807
2.995546817025039
2.999637591738356
2.9965028052504676
2.995750036524125
2.9995945390595162
2.9946623942551542
2.9968025333527137
3.000466151225082
2.9945512185141485
2.9969859364748146
3.0000784232947213
2.989270927186641
2.996282188712821
2.9989320435047317
2.9895076695993232
2.9925064754869917
2.994881877680048
2.9947185128733462
2.9952506217258765
2.9962258609427024
2.9928933615813555
2.996953740489456
2.995888752584034
2.9884956318253075
2.9957600744152986
2.994217164836151
2.991862204364868
2.9973911044400126
2.996590307973922
2.9937679934303674
2.9979992336022914
2.999037211564069
2.9919512270444546
2.9968243790980598
2.9966515956175996
2.9931976415557706
2.997820895293577
2.994938505674113
2.995984768740722
2.9959008503954627
2.996062698849494
2.992803086372734
2.9917701301213624
2.995660612338391
2.9852635047956895
2.990897724226551
2.993922484568463
2.987271910883017
2.9891122057070305
2.9858258147614336
2.9939553172064226
2.9907582658528886
2.9809406114261217
2.9969606250161647
2.9923597970625124
2.9898784456057483
2.9930609936137174
2.9869400523334333
2.996690227547572
2.9839371084153914
2.984809345522926
2.996117377591963
2.9855573593366995
2.9868106437608013
2.990035063207448
2.99400219641031
2.99172906704477
2.979012108885516
2.9946193432751373
2.997873206512301
2.9835043054456722
2.9900009162312395
2.9980597932838613
2.9951500387313263
2.98923247043608
2.989323773883237
2.9936862006106004
2.9959731118511614
2.981942265460693
2.989022734949768
2.9926519784876184
2.9836741575248906
2.985346550804313
2.9828378483929394
2.984580112936277
2.988727288662232
2.9763504135610654
2.9848264329321696
2.985855835162358
2.976521782616933
2.986703313632116
2.9755084281791726
2.98691775743063
2.987933358685798
2.964585112669015
2.9867186769680867
2.9823797164303585
2.9599891685402717
2.9799139742260765
2.972640247007719
2.9664063898101922
2.978454644561154
2.9645044168695787
2.971401493464782
2.977463300559435
2.9636797008765527
2.971694619945052
2.973277942275822
2.9706982209238757
2.9723997011400414
2.9693671402922908
2.9766058593585583
2.9690570448633276
2.9694325810766973
2.977152178511534
2.965744832086144
2.9796704416527096
2.982328478369963
2.96604502854437
2.982233191271371
2.9824123977577983
2.9697184828447374
2.981368455854919
2.9737004272626124
2.970518850712642
2.9828235801217424
2.9718678423337668
2.968071733130013
2.9827768955210967
2.978109472765282
2.9711927737419432
2.9781329237893917
2.9867458657867636
2.9839919896917855
2.980879348668703
2.9903800591309038
2.9910329064890346
2.991742851584033
2.994552251816115
2.9911860231731957
2.992817280261617
2.9963757404190936
2.990564814653603
2.9853694908096085
2.98490896171143
2.99311003642479
2.982020906922246
2.9729958921493047
2.994492385798077
2.9887861350855123
2.980264799043794
2.9957043760232374
2.9978585169597283
2.9974557808172833
3.0012629189175684
3.002762056899442
3.0002987990602348
3.001887579116494
3.0022868014193502
2.9943740493927997
2.986916516114081
2.994784199862767
2.9955887906356042
2.9810029684196606
2.986402028880452
2.9976429754621923
2.9894224455291813
2.9913600466441137
2.99762933739168
2.9997640127518963
3.0006003610095715
2.996552810481174
3.002931073782867
2.997794717435376
2.9938240474245754
3.0016854255095105
2.9871392519258197
2.9900574491490546
2.991620852050943
2.9932518184653114
2.988991246406498
2.989038151594622
2.9981424726315873
2.9924137392931813
2.9965737813272746
2.995319644820529
2.9946151161058405
2.9984710497643037
2.9874078249226277
2.9985563403569935
2.98410974116802
2.9886540332926925
2.9962987501015474
2.9852498995029997
2.9888990622678886
2.9892704978442968
2.995109971588132
2.989043077227511
2.9896957990812885
2.9923064351340165
2.992829995583546
2.9938305163212666
2.9911906416434757
2.9949922743427098
2.9840407733823944
2.995372648532969
2.995917738589295
2.9885617867019256
2.9879941857082724
2.986324773796839
2.994503183958072
2.9807109752969088
2.985834881130914
2.9941679548014695
2.996459141905034
2.996594781457217
2.999240035107353
2.9826761195819484
2.988572191917863
2.9956294164354373
2.9890350877467506
2.998548863718085
2.974983125967589
2.9823219261801284
2.9981062763321678
2.987127108009493
2.998332095835407
2.99717105909842
2.991808840886455
2.9986593401127486
2.995227148155813
2.9867547944553072
2.9993804234245505
2.984824344742675
2.9939237372316208
2.992849614176461
2.980552175153002
2.995917488690361
2.989283672630144
2.9943800927637616
2.9959716771082356
2.9878143915988518
2.993356113148386
2.997161853052037
2.993378791720611
2.9982684747180812
2.98647297201145
2.991445824269553
2.9950466364872117
2.9876557745580676
2.9972554183105755
2.9864629716687583
2.9881316938483238
2.991885617335727
2.991901021578055
2.9933323063931825
2.989890101720409
2.9884013523630593
2.989988957073658
2.9927224733313578
2.988041157718695
2.989513689457794
2.9894264616726214
2.985509037345946
2.9876687647005546
2.992575012161928
2.984632766303296
2.98714333641892
2.9899227510731237
2.983927793448264
2.9886150905325413
2.988256337106293
2.9828545969128863
2.9858897143990424
2.987271556091149
2.978273943377343
2.9856505408996616
2.9858375969401703
2.9760466329969324
2.98149190936311
2.9829347934972086
2.9772530835432764
2.982192659469732
2.9806352155835127
2.978830174483214
2.9826158972286825
2.977433958309884
2.9785382229423787
2.981304061877325
2.9753988564129528
2.9735095735466994
2.975457439928512
2.975108847306869
2.9700680850969894
2.9710469688788863
2.974561918874068
2.969159565255687
2.9714055699544493
2.971616895751012
2.966811917392324
2.9696304975087076
2.9683475744110566
2.961926879036149
2.9675626358584513
2.9653765813081803
2.9608808178580635
2.958249528016583
2.9674381201161206
2.961557273730932
2.9506401579363173
2.965167362288552
2.9606561724659404
2.9528451888917484
2.9617411887946545
2.9466008653694002
2.945726260411571
2.9611071539430283
2.9359225222786005
2.9367621513600133
2.955548604860339
2.9503866571247386
2.9254654124715507
2.938623009775754
2.9586292946150166
2.928183825350365
2.9334534945888784
2.9395645797577474
2.93143838997504
2.943685482477462
2.9093645482457178
2.906615287315358
2.9533701126656142
2.929192586517975
2.883510440862473
2.899641034105931
2.952968126510994
2.9079667727199694
2.864762309424017
2.928219649948769
2.916018757918417
2.9130467318162
2.85677919755687
2.91158579527104
2.931570066186299
2.909114723542644
2.8370854576392945
2.8785495612841903
2.936443336017542
2.908536415056827
2.7928985774392534
2.891351546651303
2.9059979938146827
2.9040970037379963
2.7647326263605247
2.9137127860524568
2.905564498131657
2.897485669014131
2.7711864329475397
2.8955822966684126
2.9231611740104886
2.9035625970908834
2.781843671917291
2.8572907297790593
2.9211072668899836
2.910512497948786
2.7627466882897185
2.8503626658516925
2.911887912465877
2.917058843450775
2.7511495633020577
2.857007841170894
2.9134811961258693
2.9275323969342377
2.7780604900472694
2.8413944814411742
2.9155285883980664
2.9245382915840583
2.8159449930799942
2.814301888179256
2.915782347136318
2.9198022363567393
2.8478223395328746
2.8104947381279732
2.923158496280648
2.9306801610790676
2.876726795742443
2.811994751839163
2.9237126846195673
2.947857904097396
2.903341802431381
2.826568074503504
2.915325104508449
2.954904464665714
2.9270464668800127
2.85169543532606
2.9205139775785987
2.9574073382428185
2.941835029801128
2.8698675437735695
2.917346094559307
2.9648472097441307
2.952722084975691
2.8889326478835455
2.907773239524848
2.959829614097803
2.9660343491794956
2.9042134930478767
2.9013232115144962
2.9484099532514505
2.9621013299582772
2.916809468226081
2.885212648422957
2.925745918149182
2.945135838911129
2.9110542552937044
2.8752316278789807
2.9058325472263404
2.9365917886720245
2.910342048834713
2.8683288340264257
2.8889130099466076
2.931531337799253
2.9319473936317433
2.8838482177240268
2.8849671941693
2.9237774413922635
2.945250793970324
2.914929928538717
2.8981521195592084
2.9221756789701177
2.953879684388379
2.956679530696432
2.9387303048864295
2.9451005891223083
2.96076699706392
2.9707021751697775
2.9655718650069676
2.9657674226818296
2.9771903543795792
2.9845755802298397
2.978916927546833
2.978147664889252
2.9851932377450003
2.9920842765578977
2.9852610384711804
2.975778987304715
2.9798338498118184
2.985209353973957
2.9779850886448864
2.968758475115843
2.967427627112988
2.9730452041387676
2.968448319209953
2.960940311415957
2.9598213865994816
2.9631938637628426
2.9632014868979697
2.9528616595468327
2.9512539686318195
2.953231009626527
2.9610003462273347
2.955273595551959
2.948367586908077
2.9518696392400505
2.963229719640154
2.967891353665755
2.961223484426373
2.9652590268390258
2.9676735234540192
2.9778913838171976
2.9790622527889883
2.98260270096804
2.983474846393708
2.9872295256030115
2.989538569023249
2.988894040659588
2.9909356453301905
2.9923358119742707
2.9940749394500914
2.9915711498840536
2.990365726095577
2.990374232890924
2.9897788908908645
2.9874063582506216
2.984069907036887
2.9843181879671734
2.983856103387012
2.9839033580379493
2.9819196860684567
2.9805639434279727
2.9818435183219414
2.981041557189793
2.9808939567843495
2.977633644386418
2.9796091042328596
2.9833175366546154
2.9833514659748372
2.9837719676431993
2.9838004763056762
2.989124534915672
2.988710086520986
2.991329410660221
2.9936048467484015
2.9920320760382255
2.9929647740405545
2.9921187657508543
2.9930331286769674
2.9934465812001165
2.9922967292371423
2.9906380891947433
2.9890323029286434
2.9904830404407274
2.990084353652181
2.9898866159425133
2.988233585347496
2.9866812452500193
2.9893658422082563
2.9878979525560085
2.983325794960272
2.98377410297351
2.986906565000199
2.988280249461223
2.979772018793824
2.983188072743127
2.9884455177161544
2.9877609430382086
2.9822234936206717
2.9857941727594124
2.990765133561491
2.98712269674692
2.9856356868891973
2.9879530585522787
2.995705050654831
2.9879003517650977
2.99025695746998
2.9967783763137668
2.9979982201731703
2.9910749057103567
2.9953614272353635
2.9905927057889627
2.9921061955659223
2.9904399162649336
2.9864837900912935
2.9867630614120086
2.9855545067055145
2.9845265949793616
2.979094352674267
2.9835851496460317
2.9825851619407775
2.979453252644233
2.9805531841197492
2.9846164493573735
2.9843282461773977
2.9850300554661673
2.982711329956074
2.9883898511902744
2.987251978244684
2.9901633519604123
2.991185248916306
2.982347590053202
2.98299259938539
2.9914767370802995
2.9834019984928126
2.9895375882857937
2.9843021186063874
2.978278701040367
2.988274777110048
2.9877844284834554
2.9921859512201348
2.985992126370883
2.9819438543357073
2.9823859792392455
2.9788563636760075
2.9896513225354466
2.9869013077904834
2.9804601008839597
2.97678417342387
2.9827087702664317
2.985810104826498
2.9911305557130747
2.981637100225605
2.97451419794852
2.978245576219047
2.99000892425551
2.9905574916565243
2.9892154877451036
2.983365245871208
2.978555755368398
2.9802789368006537
2.9903182145280276
2.993811893822266
2.9875996968984597
2.9708651078752624
2.9755286561160452
2.9736196970911584
2.991562547883688
2.9833088102646554
2.9888659394995574
2.9690678015991843
2.971102502172106
2.979021830660783
2.9941318003383364
2.988355899120125
2.97610286287972
2.9648379372321387
2.973042340996795
2.988579771095444
2.990796778977159
2.9818198567030167
2.9683356955524824
2.967675568713938
2.9739839069984195
2.989798288305198
2.988621363560915
2.9869291953517267
2.963346298458802
2.971222635824827
2.969994655710984
2.9866599261848847
2.9829948159304447
2.9822411731879064
2.9659964202566353
2.962141752751311
2.972480964638489
2.981921142929332
2.9968507705068275
2.9749430753182895
2.9727114378179573
2.9583066800361424
2.981645152450045
2.9886444431039028
2.9937730821389303
2.968053346883123
2.9714142605512133
2.968896091247846
2.9840037471250858
2.9856343298987125
2.982800449592833
2.9833191746225953
2.965795153990256
2.9757321607568525
2.9788405760493086
2.975592165750227
2.9836238646110163
2.9926819119469386
2.974727221394362
2.9724419752487403
2.980960168844517
2.980902892714962
3.0009938303315393
2.9880670453721847
2.9795043392548313
2.9738237103490226
2.987554077106455
2.9928187192035276
2.9995144895537376
2.974948883327924
2.976054011475763
2.9861200659706366
2.981502816878524
2.9891732693632322
2.982236876310732
2.978101028471186
2.9888349247513233
2.9838515570226964
2.982490529945256
2.9817990132377696
2.9862348901290288
2.99056451491021
2.9970208909781273
2.984297849054415
2.987239070790438
2.9856772469556088
2.999123421801725
2.9983187922376886
2.995602775469064
2.982348061784284
2.981342420114914
2.99992255511743
2.994265682090851
2.996168849071533
2.9811379509066454
2.986463995479219
2.994106160113944
2.9917894673373766
2.9939090994109394
2.988339283270162
2.99059926850342
2.985719564338979
2.9960260125844216
2.9899554538634536
2.9938693618148227
2.992113398252691
2.993219718199013
3.0025340692455416
2.9940901105813635
2.9976552961075456
2.977072201827229
3.000667870727688
2.996969237759574
2.993312088763697
2.9925634929122267
2.9735738376608887
2.997763661377524
2.9918202801700255
2.990216149426752
2.995261340733431
2.989787749451508
2.985622089556063
2.9950245876401302
2.9916628176140376
2.995108896187583
3.002744707555527
2.9778216503390764
2.9909992270929795
2.9936410916742657
2.98975791183872
2.996273021777564
2.9784942738771454
2.991528889579955
2.9946049826085908
2.987429156385977
2.9877615658755605
2.9896892983105623
2.9865912212932115
2.989381151810735
2.9865075600014386
2.989877798726246
2.996917000877171
2.98356597549499
2.985396803074689
2.988098817785648
2.992741643201063
3.000852994537612
2.9739815368015883
2.9790652634862793
2.988233207347699
2.9928235228993714
2.9984289747593724
2.9727631842123987
2.9825937223145
2.9848526325753904
2.9812683893580436
2.9928431773277255
2.9886953869906394
2.987048948373097
2.9823906866360437
2.971452553785303
2.9911266797672225
2.9928518422392676
2.984311732432139
2.976820141774824
2.9726479973414675
2.98764359182738
2.9905468858485245
2.9744087123878438
2.9712278476970844
2.9741876690157776
2.9890535922191948
2.9871040479590163
2.9738548972696477
2.9787642436511166
2.9759350619893103
2.976184138906963
2.97827473765133
2.9776196647307884
2.9825962898063043
2.978786250347147
2.964967755977663
2.976342305974675
2.979793260307199
2.9735354166480548
2.973707037928646
2.9700917676624106
2.9751164603971594
2.978369091898463
2.9758787813717418
2.964516812082415
2.9740743593280357
2.976520224906748
2.9779960564757246
2.97408233514492
2.9696863270633576
2.9757122015133177
2.9684969988062546
2.9727364896866826
2.9760936129371567
2.975999016435833
2.9775894136467764
2.9704720461979432
2.972044444661538
2.9768448114468677
2.982251285767417
2.9738246755085553
2.9719340906073692
2.978366728544789
2.973716901833586
2.9849647328086206
2.9710310821533947
2.9783696033308935
2.9788682564935107
2.9725215868867654
2.979436226981834
2.9735546433070335
2.9782827910928833
2.9766088430211153
2.9769541674085094
2.9822725091129563
2.980669673586867
2.9797214013355906
2.9721025108802017
2.9824728058588574
2.9826141169836804
2.98508199354656
2.9877344516761513
2.973528288223705
2.9836060350471802
2.987915375025434
2.980317370270911
2.9872456452875618
2.9778323832217595
2.9898868040544864
2.9817510685880104
2.9812347177135172
2.987740764102685
2.9844072752074027
2.986663259366029
2.9766835344310048
2.9874186190753718
2.9921990368981968
2.9927939681265783
2.9912805050920057
2.9738495136901473
2.989944411790335
2.995908877118289
2.9855405619949047
2.990968395827112
2.9815536815108485
2.990244988881757
2.9900949329802713
2.980742753855992
2.991595153871398
2.9862790968100654
2.990939070682561
2.985913918664904
2.979536206469202
2.9959549257160347
2.9980046594485286
2.989861553447878
2.9830156649233097
2.9892603732466485
2.996750277143942
2.9896023582938285
2.992809494351024
2.982633142595237
2.9888184248649017
2.9963489976857747
2.986223017144596
2.9882024914117062
2.9874959336892832
2.993919085784484
2.993390804852279
2.978239152043234
2.9948535037908166
2.9978863951744854
2.9915187256528366
2.9931267785305367
2.98517215916843
2.993619681351566
2.994434476056617
2.995294272546346
2.988317635102505
2.9859076932478814
2.9945682060543044
2.988732441805163
2.988074539020811
2.9882150776204397
2.995740561514091
2.9990218377914974
2.9771849834638044
2.9928149612895054
2.996389283312303
2.9976244994942323
2.9917173693143178
2.9934157456833788
2.992881029914381
2.9957628312882156
2.9982707519509275
2.988679785634051
2.9897832070569312
2.9963735168139065
2.9896241393878586
2.9959813287813253
2.9920228703129506
2.998295746149313
2.998743183231781
2.9881519826624103
2.987920557039795
2.991054879879824
2.997573092398445
2.988259422519464
3.000694139390525
2.9946575774253
2.9901690046384712
2.999253005557148
2.9877684986989457
2.990158333048556
2.998514867463695
2.9956737576212644
2.9935425267231643
2.997689638456153
2.9895158636677395
2.991191244498162
2.9974632686652765
2.9819887030217536
2.991006917183424
2.99949869426805
2.9937592629439873
2.993390280358308
2.994517766429447
2.9845140048393954
2.9946776422310672
2.98861553551475
2.976755291275906
2.991818964297759
2.9968157635245634
2.9930541911400077
2.9960846257025358
2.9920789039956093
2.9802014094869955
2.9927878236452754
2.987937452751088
2.9709888120173904
2.9885813353450814
2.99193078454607
2.9859347376800924
2.9906146660898076
2.9871773071115504
2.9699061570157963
2.98947543559892
2.982669671686135
2.963209349192362
2.9809144624799924
2.9909495944575255
2.9799398925192824
2.9861713372823027
2.9836512767282373
2.9715604861959033
2.9853870935829456
2.9804574206710654
2.965014352876839
2.9730510216705577
2.9842777391578172
2.9818270814127477
2.9733683106842266
2.9737279095085856
2.9651326885993035
2.972785006159876
2.975541776047655
2.9577387157395156
2.9638979565301327
2.9814359778576947
2.9730094876232984
2.978254304721506
2.968590397515988
2.967350277393025
2.9708829954324543
2.9743131679508097
2.959712031426495
2.957546390490833
2.970814501808748
2.971107556168712
2.96247919664712
2.968522020188911
2.9550446255994762
2.959736257236335
2.965759952402218
2.9584012359707277
2.949339563665312
2.959217175360832
2.963752335793351
2.9705785879326103
2.9502265995459322
2.9669906875953953
2.9552573254760617
2.964559535788849
2.9555891723890775
2.9556949358373874
2.9524900726451735
2.95938512726989
2.950752255043813
2.9701907045720395
2.944154331202377
2.956027332097885
2.9587152940100454
2.9544152626596425
2.953005141889242
2.9557522303492196
2.950840279570153
2.959545468938781
2.9580613415436625
2.9642466617050554
2.959080036950118
2.947357875423533
2.971592344878371
2.9480690436975774
2.9630228401836813
2.95007816030123
2.968911845164585
2.953724646020766
2.9687297365134238
2.950279419235871
2.972466447614628
2.9393340569517505
2.9796833186629974
2.9474805029224753
2.977163241249427
2.947402355792226
2.9821040830217553
2.9566095126567666
2.9809571253536764
2.9547718712073294
2.980336303392515
2.9559103825618296
2.982646821726505
2.9598484362931026
2.9807091635166048
2.968775179571344
2.969329045420725
2.9758870380521527
2.9800497614789707
2.974981258521338
2.9774869519086793
2.9666494170317965
2.974376316701502
2.985599902935178
2.9649235704494252
2.9942077979148825
2.9682727710330172
2.9860431607829003
2.9845252180185367
2.9776100580219524
2.981900326790715
2.998612341932261
2.958616539430709
3.0002096376305096
2.962761205283746
2.9904941305913217
2.995217318399304
2.9739123465205877
2.989934918702628
2.994647905988459
2.971292371813451
2.995154076680615
2.9874303087375758
2.9664403252268556
2.9962151763540152
2.9592861158645745
2.9971240799871928
2.9882145416736057
2.9804304535797015
2.9861762821958093
2.985204190455599
2.9838399348695193
2.990782186073539
2.9904701196301313
2.980800188694933
2.982710057593038
2.97710084623324
2.9894132973094703
2.986637758128184
2.9850828136092735
2.985324219895894
2.983311415886396
2.983389037623048
2.98059928556388
2.9823726069040153
2.9886517408066093
2.983074187121392
2.990347255561601
2.979651130051957
2.987553741042568
2.987662065094083
2.9869405201582557
2.9951327083939816
3.0001305060811356
2.9806961493635296
2.994254978071032
2.9886850920876826
2.978425087938856
2.998169550614258
2.9990941260975967
2.9900903039385525
2.9996331601036124
2.9737368435994798
3.003573709730806
3.0008643751427915
3.001599531983163
2.9931950472821063
2.992834771275634
2.9938106933852064
3.008464323667238
2.997972694192771
2.9886699252534026
3.0034026281849266
2.9750218648609597
2.9986092178897406
2.991987085704867
3.0023170991704715
2.97053561169318
2.9940447481924175
2.9658243377873914
2.9879595109840738
2.981524486282173
2.9942262941113658
2.9782298632281377
2.9853090380009064
2.968769117992698
2.976526345100517
2.980061182381659
2.9801029960233523
2.988615060237088
2.986604672128734
2.9774723325809385
2.9772331764499
2.9739916202854406
2.9675463152139927
2.992025699715257
2.990600501272731
2.990798665685582
2.989066571461655
2.9717727228246154
2.9773218041878167
2.997800442787791
2.988636102778696
3.0017626522495604
3.0010470494642467
2.9863694149478426
2.990510690908146
2.9969126211091304
2.985750877324745
2.993845005966815
2.9967458907546556
2.98003495911723
2.990920979798386
2.9937230900862226
2.9834985444011126
2.983409044096968
2.9838119455435432
2.9609925205108105
2.971338852468852
2.981713090311776
2.9852563624857105
2.984915715430733
2.9754606684132208
2.958263860420052
2.959742583958617
2.9708365248266055
2.9827656545244254
2.99120164901082
2.9856931607474104
2.976882347508857
2.9711967246153237
2.9699180767907243
2.979238795300734
2.989031107480862
2.99507889869414
2.989273896986731
2.989403832945496
2.9878265237185735
2.9841819698741796
2.982063541297873
2.9948307592833974
2.9935118451807083
2.9949158154556823
2.9951481489215803
2.9853452832678187
2.982049387008943
2.9907230638377884
2.9940711892400342
2.988325384651972
2.98153763776915
2.96789274871895
2.9684251385602627
2.98313995352994
2.9971246219253187
2.9875109600100695
2.971747249599005
2.955294914367503
2.9556719311706967
2.973138152324484
2.996674501845205
3.0010686694357047
2.9824730395789567
2.9671552157493473
2.966125056122708
2.9779977179538717
2.9913470263037913
3.003921960121441
2.9976148248050087
2.986358119486898
2.9923336604070068
3.001157317999354
2.9993132223203203
2.9977274055458434
2.998317661746263
2.997192973296876
2.998099867244296
3.006811319602048
3.0025020444911403
2.989724825007772
2.9883638939945145
2.995994454194732
2.996680805225581
2.9921682376308576
2.9852694838404035
2.9764670233818586
2.974205689989708
2.994150208544157
3.0011460846213422
2.9852387486735497
2.9697554063636673
2.9601800791736776
2.974552889083001
2.988827820690922
3.007747225054283
2.997984186642224
2.967393308741418
2.965420205176266
2.981137047120222
3.0001221850124313
3.0067080284540566
3.0083574153009884
2.989253627547048
2.9770073716091536
2.9954410816626003
3.0129179305537566
3.010139149139149
3.0005286799284003
2.993657090185536
2.9844998439906663
2.994317037254897
3.0061708414282244
3.0005701959096136
2.9834124549979393
2.9807400159613486
2.9897720052347916
2.997100703488139
2.98907158995667
2.974372601616637
2.9695517316430027
2.977422630202865
2.9897840717263455
3.0083611360163607
2.9954172548786873
2.9688510349403923
2.9699194989291056
2.9680058964698284
3.000115143108008
3.0088382634208672
3.005456157913477
2.9838389432673456
2.9553951103430602
2.9937425020689705
3.000135422476879
2.9962521438706595
3.0005578088309575
2.9920706960965218
2.9860547908529274
2.9807514765818555
2.991331731883059
3.0024822418842234
2.9888214440279417
2.9768232564223496
2.9888439442806303
3.000157838812574
3.007653172714359
2.9842424858499466
2.963260313614366
2.9803625107945084
2.9852755962147874
3.00138176329678
2.9997511585345924
2.9764697748867883
2.977798345596637
2.9567177037704826
2.986115439782072
3.003959440576575
2.9973471223329655
2.9886314049961857
2.975852247945096
2.97540221618966
2.9996701509617756
2.977567666647961
3.003690295028755
2.988085669113654
2.977569656941057
2.9935111311210605
2.985499662032497
3.0033523617723747
2.9917149396393468
2.9738713963236743
2.9853685253358844
2.989818021243205
3.0042489323849657
2.994937951936679
2.9668593664760685
2.987755235464033
2.9752049907199862
2.993696863074347
2.9932748326794067
2.9925184226940855
2.9856627913426497
2.965020986997115
2.990757652227197
2.9906107366464427
2.9888638577431714
2.9943420266776246
2.9817474988021355
2.9716155712771712
2.988324472493534
2.994179700977101
3.0011624400504986
2.974319567829753
2.988618449584445
2.9872679664542883
2.994960976568313
3.0086406920000712
2.9759159989560864
2.988204329161599
2.983355393547043
2.986981385347231
3.0034946299802803
3.003879020594903
2.9759512156031596
2.9885941186975122
2.978977058922694
2.9790131778888904
2.999280345307996
2.996823782543575
2.9886883308850933
2.9669483034052293
2.983959102141495
2.990577168127525
3.00228964523441
2.9874149425892496
2.986622054737051
2.970025067023979
2.9822709381099584
2.9951435640557786
2.9929641321810676
2.99238180294996
2.9810832743868136
2.9841242792007203
2.9920140958114434
3.0000783034348903
2.993942998311492
2.9846385625004226
2.982628637369584
2.9769289327392725
2.9861170203967298
3.003766533784689
2.996060395156373
2.967743236758343
2.98217934129157
2.9793059103027137
2.989665135779436
3.002352170852495
2.9934432040890164
2.9765997722148985
2.979229850968509
2.9894504002601647
2.991866241300863
2.999207825941026
2.9927957481976684
2.9813553082931445
2.9814017034059734
2.990757766429247
2.9793769871279157
2.9856769269281953
2.9927445560237573
2.980563666356362
2.9786174593825425
2.987030622495464
2.985017984237068
2.9790454125178996
2.9834080698387258
2.987151007289918
2.978855740866172
2.9879668973442195
2.9897304850127986
2.9882760155487427
2.9781083130478585
2.9866112940032448
2.985311825766438
2.990658133132775
2.9932451231605244
2.9854478610108783
2.9876361368255333
2.973768164492692
2.9873374207018157
2.9814362538767827
2.9964904633253786
2.988120320589222
2.988641128050734
2.9788304197863114
2.986381711346415
2.98400889819429
2.9967979140006413
2.987573567180552
2.9900371463941378
2.9890052682841195
2.978898295538423
2.9934200101477764
2.9860224729558906
2.98737076077808
2.9798020054457526
2.9902660877868232
2.980187300551221
2.994464258910666
2.986095417559608
2.9810985292837753
2.9858867693413402
2.978715062183091
2.993557868792636
2.991004629770016
2.994451556503468
2.983732348534732
2.9871721313308743
2.985421951493224
2.995554510309929
2.993496640863185
2.9923723793563703
2.988169806558427
2.993441801782166
2.985390019640724
2.996311787074183
2.9813131950645064
2.9895254786087073
2.9879890547312136
2.981020271262979
2.993020025694913
2.9868429361167093
2.9919865772887606
2.9787130432518056
2.9956570927621793
2.983520454492245
3.0001955251500876
2.9931826480851065
2.994615009029348
2.9977277381520926
2.9871723835083976
2.9979046635267306
2.989883419558435
2.990065970282666
2.99611476997302
2.9838280209568087
2.9965794307033793
2.9914856265010004
2.991198841111284
2.9852688223999433
2.9945156535127664
2.9924182819757883
2.989439992404588
2.9952315701701138
2.9913804665598365
2.9992731340176233
2.9892281326698305
2.99919430955293
2.992944764491691
3.002913514336067
2.988491674069178
2.9908819569584906
3.0035147967235227
2.984349861289319
2.9987768478151633
2.9805788181527557
2.9862935593787894
2.996257831276223
2.986684767488318
2.998833989546945
2.9932894470370868
2.9951159778675747
2.994806461317233
2.9958856864361376
2.9937663386029287
2.9936884727648323
2.9928306674653693
2.9989493616612073
2.9931079319351
2.9926416739612707
3.0014704907512915
2.987779217465589
2.9960505010541385
2.9748999750731717
2.987728795885692
3.0018811431896717
2.9881534542691095
2.9919625928886635
2.980497110513512
2.991109124017531
2.99554479608116
2.9938830734903465
2.994869156301402
2.984385811130073
2.990686944904503
2.993221385200118
2.98979909678339
2.994568260849795
2.9939155652829172
2.986902540694987
2.9868842364905728
2.979584576440493
2.989941488435668
2.992522419399196
2.9903281558604307
2.97920395837741
2.9718748858845325
2.9850946725929712
2.9824136823769525
2.9922828959690486
2.9885897801554027
2.9742619291279415
2.9818454152491043
2.9804149113987206
2.9923645972551807
2.9891232854369054
2.9876330136165015
2.986343513510044
2.9757168791216775
2.9854586295084244
2.9790457171886073
2.986832006504012
2.991188735901243
2.967622111850952
2.9756836222365353
2.9669313170989433
2.9721401629011748
2.98164374755536
2.982229974417497
2.984358032005042
2.9560894318685316
2.96696531664865
2.972172615132796
2.986703867496236
2.990711326736341
2.961114488741058
2.9751493593423914
2.9637088565453347
2.973814841017561
2.9770334924478172
2.9810801990153255
2.9814492066750136
2.950322726130685
2.959123274078543
2.9536690980554985
2.9741519407772676
2.9731436573052066
2.9652024892706894
2.9659875636921074
2.940860861420908
2.9540664030624515
2.9585049191312383
2.9765061299589974
2.9750555496784434
2.939847238961274
2.947452521416933
2.9404778275057177
2.960287397293678
2.9588733906879456
2.9588202082165895
2.9685486499496667
2.9306541934867325
2.9392323105447122
2.9374667574559137
2.9633147983058103
2.970331171304178
2.9385875567046895
2.941712658256609
2.926998136920329
2.9515171634675728
2.942037055924522
2.946642515801419
2.9687947088037574
2.92137504271179
2.9279926517905235
2.9202362423478894
2.9421184689300155
2.9551511936981947
2.9357198991134816
2.927625265757799
2.9247708311928866
2.929286631832251
2.917475666121867
2.9305716805594453
2.9616074844797304
2.92646580252869
2.911897483435962
2.9129467882413893
2.920994731297644
2.951255408291353
2.9228731723830714
2.9180480294610325
2.9468827085709632
2.911100273623866
2.906990161288751
2.9185641891872516
2.93931357027027
2.946449176407018
2.906569410733529
2.9096637653766413
2.926029679037568
2.9348242814888854
2.9102861791580565
2.909440414182355
2.965261496821466
2.9240951787440776
2.9072026074352775
2.9091669591749714
2.915289651908595
2.9670391283084925
2.9116162756492168
2.9028859096037785
2.9539321589613157
2.929793858071945
2.9179898144764076
2.909985215530376
2.947164885883637
2.964453687583981
2.912885471205204
2.901858317766873
2.9282947985084133
2.9541989304998717
2.9279908757338875
2.9037848473685184
2.963869177586517
2.949773252791834
2.938231038973896
2.9001428591645446
2.9310306801814585
2.976702818580106
2.9381300744498584
2.9060996609178007
2.9422210483383164
2.955604332911164
2.951971547870256
2.9082920373401704
2.932476513927204
2.9833298668685435
2.947349681979805
2.915565529583027
2.924382150235065
2.9625547319359784
2.963796222542089
2.9191240011749136
2.924214623732668
2.964854122762118
2.9670357215203613
2.9300577983180918
2.910032108255323
2.9711200723821394
2.978249774953169
2.93851106989528
2.9196223537099493
2.9487186781013084
2.971472183703213
2.9448659303991196
2.9252563143601753
2.952837208327005
2.966985487591054
2.9543071055322994
2.936562037246521
2.9439089928855187
2.9672477841849587
2.9591196871936254
2.9422513120488123
2.9417252235019804
2.9598019815600276
2.9637646712874464
2.950747805819262
2.953707323781691
2.972886714128022
2.972889976107234
2.962389476620026
2.9641427205096185
2.9575767711331546
2.980874884432808
2.964254562415815
2.9694759123397985
2.9524429943694623
2.977329100708266
2.9662050537192775
2.9680311964354775
2.9817038765309745
2.983181235695657
2.976931432917644
2.9748820438602555
2.9839957204114436
2.973385002627749
2.979757933967208
2.985088696013517
2.9781997859152525
2.9870086622092935
2.9832895680207208
2.9843949971283266
2.9776666152094724
2.994071597165135
2.9863503298946688
2.982490551576685
2.9834589747812585
2.9865233471151105
2.985854599762612
2.983115511965164
2.9778897686044346
2.9872543274605556
2.9880774118532427
2.983645996290158
2.9720516733792532
2.9907124598933303
2.9832919331305736
2.984099273010626
2.975242766315831
2.984007210099347
2.970015817850206
2.9866295826147407
2.983692136674155
2.979651488166121
2.9714256953870493
2.990917066568976
2.983992962653309
2.9791018437199304
2.974858379012754
2.9767303118183497
2.9797483719682596
2.9803578861369293
2.9783749512181656
2.976743936802865
2.979665583965288
2.98418000318004
2.9782857370464306
2.992267298339099
2.9759123478497838
2.9844544365474244
2.9855570142322705
2.992360688103994
2.984813872747564
2.9831268436209957
2.9930607160973954
2.994274199262398
2.9926482881231546
2.985130018205548
2.9978633542149984
2.9993863720660103
2.992475139750815
2.9950918326459215
2.9964266904453827
3.0002214058669914
2.9975583452970556
3.0035796045125096
2.9959942295735047
3.0030563146672673
3.0043767601619034
3.0068337075091094
2.9957214918810653
2.991453555800215
2.999521734942319
2.998195834889015
2.99556011106424
2.990121886859707
2.9943719662655433
2.9929122523033627
2.990218319937486
2.9892138552808625
2.991314410210507
2.9934876989672374
2.980196660436043
2.984813200123059
2.990187548729028
2.983954405444139
2.981491847783429
2.9819081114326247
2.986001890977175
2.98251673063585
2.974491109037131
2.9784758446408137
2.989738837196696
2.980922813399635
2.9762607223668938
2.98964248650314
2.985646781254158
2.9857889490593275
2.991640017644975
2.999554094445167
2.9966466397692444
3.0029075552851845
3.0030760690096185
3.0068176760594505
3.0014727863598614
2.9992627051495546
3.0100798872808205
3.006098636184241
3.0004461784582133
3.007152631660349
3.0071624170687166
3.00255002347637
3.0052867249519193
3.0062516587232917
3.0007816631728312
2.997929905378513
2.9986983504778846
2.9894277023927813
2.9936721923905356
2.994045707561696
2.985670483934496
2.9941833118871433
2.9897037415028866
2.9875798214869143
2.9925197293813945
2.9838583663234655
2.98884716491
2.990936406483554
2.990479166635872
2.988526593946985
2.990142271360135
2.9937281156226914
2.9864816985568394
2.9948866626785353
2.9982473057859753
3.0008585435463946
2.9942027079836584
2.9993999234729305
3.0068694722818603
2.9880900426062924
2.996716836306316
3.005705009073845
2.992476153214044
3.002270108788005
3.007347878784456
3.003908638544186
3.0066423328889016
3.001353249330913
3.0032188352001716
3.005710645162887
2.9994259931316547
2.99891919779609
3.0004717001905785
2.9967152384293136
2.9919424190066275
2.9862223884485153
2.993084390829015
2.9905325007853487
2.9810328980023093
2.9916714123817254
2.991551945481293
2.9863485853157514
2.99206284578237
2.991966536045972
2.983362449993292
2.9906009737684607
2.9903031390768984
2.9828995342284883
2.994978893617646
2.992790594092366
2.992884178860206
2.998071930396237
2.993985531845557
2.998071457330097
2.99773664611961
2.9909986825327604
3.0018046096930804
2.9970219173499446
2.9999239381893643
3.0052585419584337
2.996876620023682
3.006321957254582
2.995578448157156
2.9916897945866547
3.0015362503351732
2.98897801290631
2.9795859108147495
2.994615188202488
2.9845329532295106
2.9835745084827963
2.9882340894782464
2.985801527341605
2.9891436763150736
2.9745543819402185
2.987653874395819
2.9821897531633508
2.97072898814762
2.978600210940315
2.973385263065026
2.981163080120079
2.98042363584756
2.9840503600620387
2.9890133865906927
2.992826962737345
2.9828312565660497
2.9949009994681086
2.9908958758953403
2.982787289890567
2.9978706522406986
2.9758911227557925
2.993573025333859
2.9859821077185194
2.9867811297584757
2.993569635655241
2.990603624383504
2.98431037430295
2.9939343830832037
2.9939739081388472
2.982466779491344
2.996114750593142
2.989231350139523
2.990357029456511
2.9788479103200585
2.9789218842431553
2.987948110330137
2.9653204340955996
2.983588128147809
2.972162655834671
2.984253374095523
2.9746024590696116
2.9849283896068908
2.989111030282714
2.9747971743095496
2.986668001843538
2.9688029303630232
2.9848295798055773
2.9595034818950836
2.968052281086649
2.980619806525663
2.9816004936645903
2.984712752665984
2.984760088069817
2.993616071576567
2.985898598165819
2.9950814827047756
2.9942757879717607
2.9904910483654126
2.9858419060001484
2.9797060025759734
2.999090757638023
2.9855811496897355
2.989443947279705
2.9841031247727487
2.9874158137118374
2.974004765785252
2.9808183041289955
2.990989924448312
2.97471470043931
2.992045537455655
2.9798526589540586
2.9847286975835123
2.9793080280795783
2.965570624779838
2.988844874826449
2.966018257642851
2.9737916561096633
2.971464569021174
2.99140037592794
2.9738122143084325
2.986369141234605
2.989345560592337
2.9870880060294027
2.993440971249795
2.981061414573268
2.9957366500054086
2.975437112972725
2.9781393296957654
2.985054370489371
2.989430326653624
2.97755210898187
2.986247041118181
2.9854516575931553
2.9836107237932117
2.989947867714878
2.9944463712537908
2.9819534237145273
2.986430107604198
2.981053131427242
2.9744293530665695
2.9830159405366135
2.9718507094319166
2.9780912572450764
2.976036103560476
2.9814654854502294
2.97386806908906
2.9820418179934918
2.9646433452170005
2.980753819447239
2.9823562375299106
2.9759146692152028
2.995244748163918
2.9709862966770872
2.983836449605301
2.9862069302938385
2.9775279318033174
2.980232220192677
2.9805924812523763
2.9820619083517466
2.9775944983585134
2.989046021045524
2.994851915949414
2.9883401088743
2.9875668168364666
2.985036409219769
2.977986010384909
2.9790340926374355
2.9782830842468098
2.9669640249352005
2.980887751055263
2.970319580641346
2.987545960894142
2.9776828683257133
2.9721841670847517
2.9811114216668573
2.9758212163018873
2.9794729582347657
2.984401657134331
2.9825461763879866
2.968405484980761
2.988807582211396
2.969300867647119
2.9838644288484777
2.9738920062198373
2.9849641482219544
2.9697862848809176
2.989120077295215
2.988720605377442
2.9859590438121497
2.9971831303597547
2.9857781842567133
2.9889310365762896
2.9768470446110125
2.9858629562896746
2.962230716460828
2.9788975856342947
2.943220183899898
2.9875867272507164
2.9735300972519596
2.977794959338901
2.993461343304213
2.975732308052174
2.99272421603069
2.979573756835981
2.993201151495237
2.9776205613677513
2.9938065554737605
2.9773058859435837
2.9785963515392235
2.9798698814622835
2.968401987123018
2.976601219557926
2.9607052478678986
2.9840273195293863
2.980815741864664
2.9815728029770563
2.9983159781567066
2.9896315885978204
2.9937672739913728
2.9836617046728
2.9887090944716457
2.969397948201769
2.9862086390260516
2.949198949485572
2.9903144161058473
2.9585981268775448
2.9895759355770894
2.9772216426467613
2.9774860469905917
2.9737278028002927
2.9784376886400246
2.9820736406373087
2.982756734546139
2.9994824635611055
2.9886539650004984
3.0032643393521905
2.9814445020550013
2.9908461033211866
2.9596586317884954
2.9754145220897628
2.956274684412233
2.973884692946621
2.972263560936613
2.9897492151803062
2.9795932478320637
2.9962572661033295
2.9890716063799485
2.982462335822274
2.979566780912728
2.980197516681832
2.9828971066906687
2.9824622166764483
2.982973479133623
2.99505366405853
2.9841965410437616
2.983716378138544
2.9701639572133396
2.9703275290990576
2.9593456450016937
2.978613223813212
2.9776587964839454
2.993914357563971
2.9996520706648884
3.004070298818969
2.9977852734869774
2.9838853553102958
2.983241445465576
2.9552671870918727
2.9790435780099553
2.9659032897091553
2.9899262053754083
2.9774458641079526
3.001626633116399
2.988724266232714
2.9844001811995433
2.9675556438674517
2.973888633616034
2.9667572165960414
2.9807217320734565
2.9940165188552577
2.990238446707333
3.008303494871181
3.000657227461753
2.989231909268395
2.976353446183393
2.9742577015208465
2.9516318547050373
2.96223934301317
2.9695715081604486
2.98393557097334
2.995999963606608
3.008636169255789
3.009806748229277
2.989723712493657
2.9798323160905964
2.959774243916515
2.9590604263016043
2.9677014279433327
2.977544767333212
2.981434367767889
3.004205071187867
3.0011466976010075
2.9948334690161937
2.97471560433753
2.9599650519586445
2.9425025439425307
2.9446500332257655
2.9598340969722488
2.975351174403806
2.998679468984032
3.009751533283432
3.0034043027804236
2.993589243901493
2.966965687733684
2.937822233633348
2.936548536250296
2.940871063772403
2.946477418405725
2.968736275723734
3.0019457616970837
3.011028830966853
2.9973642802325937
2.9771033384976815
2.953050697385592
2.9281187892152016
2.925099881724326
2.9249214435071442
2.9407343831432984
2.976535125889097
2.993072875378152
3.003085715101907
2.9963539308998524
2.9693570556187185
2.9421239445999237
2.908240374087597
2.896000024588269
2.9141069827431085
2.9560548610218813
2.988670996263316
3.0076029244568687
3.011041036722861
2.9883955254821553
2.958196236943013
2.9240109243066614
2.892016610856129
2.8840400750787007
2.894140660640521
2.929366459571171
2.9820884321493337
3.0059214211690106
3.0085461948241186
2.9921791975981304
2.94609197775421
2.9158052732411486
2.882217782440444
2.8795858064533686
2.908427195576704
2.9510605270562467
2.9933204152836095
3.013028364441896
3.0146346722413284
2.993839224526166
2.9579518380156786
2.9075706899363993
2.8640137513198467
2.8389301144669323
2.8595891057037632
2.9419119238137843
2.997550006865475
3.0198944777008947
3.022685924167293
3.0034660682304795
2.9478451943459243
2.9069453054008423
2.8550701536401597
2.8565232652667794
2.89390208866478
2.9486758035872764
2.9981930991103583
3.025914635929211
3.0310229722331323
3.0073111735301437
2.9614647372711262
2.902864195793602
2.8471882100521713
2.8109334284047316
2.86673379295737
2.9486404009190057
3.0040423627070236
3.027724654817251
3.0342531813077795
3.011213526269583
2.9647177694582405
2.914238646775759
2.8493739438121146
2.833875167602568
2.8739712151736114
2.941881197357705
2.9962658106895796
3.0293018463621544
3.0354822927243363
3.020596876761236
2.9841491392552673
2.9275468652516254
2.861053131613342
2.82794947811625
2.8655867119929
2.938646983730986
2.995167047518258
3.027886250913194
3.0397353395264837
3.030055656242361
2.995364654510774
2.946421496875314
2.878233705064109
2.820388408570445
2.8372373371014046
2.9177853887739773
2.987685260439215
3.0297542373977997
3.0430720771404607
3.03911277354214
3.017023239930227
2.9685136268011085
2.9027178344216784
2.850686138074604
2.857112514663148
2.919558030667543
2.9844800395458124
3.029568704984857
3.0489278937603386
3.0485515493618025
3.022747517722568
2.979952441677459
2.920847102028736
2.8594098691080285
2.83607375969755
2.9041155604063453
2.9799443292562033
3.0285107457683846
3.050684698935764
3.0566864269438456
3.0377497865755188
3.0032914368069044
2.937789214935003
2.887499579372582
2.8479802057618495
2.897264693112587
2.972043568584665
3.0189244249525244
3.0473130286142194
3.054200865570135
3.045293379661807
3.016719229768622
2.970728538002138
2.8975923440367946
2.864914208940578
2.889798173079654
2.9595660806997452
3.0086980515114154
3.0366392888945564
3.0589945838260557
3.049506577367809
3.0321015998382013
2.9877014129571156
2.933288965449978
2.869357200252542
2.8709965816877014
2.932051681231953
2.9921938062122724
3.0233623219586545
3.051935707944918
3.056904630368448
3.0350382787392047
3.003718952251681
2.9490847975870498
2.897800337396764
2.8713278929004464
2.905894486890274
2.967606574893357
3.0107681910873296
3.0480195157237615
3.0561535213452142
3.0479219150326142
3.0225585037575944
2.968886584770003
2.92186690216123
2.88033153460473
2.8964194913411005
2.94558203456683
2.9866087140955466
3.0340127341478746
3.039551351427159
3.0503204893247196
3.032014456993792
2.9902040858737244
2.945368040182167
2.9153373273772423
2.893801638128187
2.942197344280647
2.979641588477144
3.0195311888845326
3.037911873789631
3.043378650059805
3.0413291883124938
3.0176835993086155
2.9636987456518127
2.953297951962247
2.915176553456381
2.9357845738142228
2.9675156272460343
3.008713235528756
3.023271668285495
3.0434945459657374
3.04379582760084
3.033456174481979
3.0013848467308746
2.9719430783543577
2.9250362331599447
2.944393655467155
2.9643931210844277
2.994308701993212
3.015467207472402
3.0269962936562482
3.0424245073114276
3.030705026343435
3.014545915808046
2.984370381357011
2.9563762527879156
2.9354087695554827
2.954942122070868
2.9814743098095065
3.007377287376153
3.0114478804529474
3.033428835906919
3.003381342235248
3.010879270349594
2.9927405039543693
2.945312135424372
2.9472563066673327
2.9381005678064014
2.9633617094851363
2.987654349936514
3.0106494114092364
3.0132295609173285
3.0015883263167416
3.010901663660583
3.0010456217778723
2.9633969670648805
2.9629877177489297
2.9373049201061905
2.9526624531794843
2.9766499051653694
2.99282601665772
2.9964533881733164
3.0148071049540563
3.017333327745513
3.0130147505149076
2.983222441937852
2.9911714581599584
2.9634726368913844
2.9612888990768806
2.973593301860281
2.9898483095702293
2.9988951977619234
3.0194290643631607
3.01552247307639
3.026657983518694
3.0150535543777774
3.0065198067082752
2.9948060229004985
2.9695667445817855
2.978294593284147
2.987358176664539
2.984997054150634
3.011619741189339
3.0159265123892474
3.0201544305886374
3.0203973289083903
3.006286018976112
2.9884510475322807
2.978655551474133
2.978273826533763
2.968898184611702
2.985558617063841
2.9907137667342587
3.0007475812310167
3.0028395899542124
3.007773290635559
3.0030724344684865
2.9533346902636612
2.9763975183063165
2.974456814745098
2.947554933397744
2.9689995396108992
2.9823748165738295
2.989219579463728
2.99233493801939
3.005219691721638
2.997912978216929
2.9805334840098237
2.9942626068135043
2.98097549671765
2.9810066714244425
2.9692941567741586
2.9806171367276626
2.988635443266845
2.995122281734029
3.0114974037497806
3.010372953587969
3.003958542058147
3.008224888429737
3.0057340546011915
2.9939458022609546
2.9897072042569484
2.99222677147098
2.9956115625078885
3.0047808161909213
3.001786891281539
3.0113762779781537
3.0074301762505
3.0149140642398846
3.0056117536368774
2.9909098688261473
2.99262555716318
2.994613047177427
2.9837978125620563
2.991327881006533
2.9958428284244536
2.9913282040393447
3.00059658753084
2.9935730553557622
2.978476381268212
2.9793628246329793
2.9905991794301325
2.986347129771861
2.972519941543655
2.980877331124451
2.9854381769622416
2.9840013505329432
2.987707761748059
2.988465090093582
2.9794574510008047
2.9906301809741698
2.9962222409870902
2.994713586425209
2.9876795030954746
2.9833165368144714
2.9872544798444385
2.99278250368976
2.9921828621562954
2.9973820474045185
2.998921519578728
3.0062426206134045
3.0086348314026257
3.0070726386615845
2.985779118677949
2.9872005257604726
2.9910517920660937
2.9979532658245804
2.9941439935157845
2.991397857335106
2.9965093231449917
3.0026098763303266
3.0027236350823943
2.983695871220159
2.9832315355649035
2.983666668406142
2.9876588075947197
2.9817452979076795
2.9791384519850057
2.9740587797037534
2.9888032995091383
2.9863677389409684
2.985498832004767
2.9763607989160263
2.971499545090711
2.98526441066861
2.987529494032144
2.9716387655608867
2.97979134508772
2.9820424774344776
2.994468174138558
2.9975874135887786
2.984761461296582
2.983904978232542
2.9860320551367967
2.99295651079741
2.997248986545389
2.991837927382878
2.996797960813705
3.0009025237119356
2.9954479444865383
2.9952085708532454
2.9785956973564076
2.9855240620506764
2.9932085995404343
2.9890584800215896
2.998319034950828
3.000484139547016
2.9885323360260467
2.9817747464316593
2.9816407869311186
2.976003286923643
2.9718625240363505
2.9658249911300105
2.9775234904681014
2.9921978669232727
2.987364436915467
2.9815642732904655
2.971567172838195
2.9696617788512443
2.973560731688881
2.9696294267358
2.9654574387420922
2.9877564244286874
2.989219153566286
2.9932089417088426
2.990393290689938
2.966063947596746
2.970945607373635
2.9854265950407157
2.983420791506433
2.9932489785047514
2.9931297273856945
2.996186924042628
2.9982169810125763
2.9813619124907174
2.9815558625322156
2.9680176077710083
2.994744454772162
2.9915019313614817
2.9879444565690063
2.9992944048790653
2.996862249627517
2.9809751361761245
2.9760753991722133
2.9696026444658012
2.971586019717689
2.973748401032743
2.9701965200692313
2.9870060395391107
2.9851024874569863
2.9881227697214268
2.966188564268113
2.9643825738812195
2.9585140297354253
2.972922444794028
2.962235273470198
2.988011250844453
2.990517124427397
2.9890313436089797
2.9930809480125284
2.968773621375079
2.965558169055214
2.975111730098289
2.9829967255882943
2.9879435902482534
2.9965239077725228
2.993591386599444
2.9911833104478838
2.9871415519813453
2.973459360363316
2.967052920085054
2.9847144703586426
2.987742246055749
2.9909094272210184
2.9932132103035385
2.985440146011624
2.988044428188562
2.9820799554290653
2.963498274947512
2.9704119121901087
2.975141640918305
2.983284237456588
2.984400239370456
2.989442248800008
2.9854933494686495
2.9711797326541247
2.9771312031088737
2.955478197057973
2.9811779221380554
2.9623655996618155
2.989213917873228
2.9920993116774763
2.9966624052136543
2.9751963421834136
2.978659880116748
2.975450489665853
2.9751231486609857
2.9832570181898115
2.982327938570715
2.9976886282799557
2.9889522995850415
3.0027493021782705
2.962961629510412
2.9963223208995915
2.969402866037309
2.9826701522594656
2.9794700537279954
2.9897467969869345
2.992062984759543
2.983489802616994
2.997869931956137
2.957649634006259
2.98840166557374
2.961916045360442
2.97582801953485
2.9822803669173314
2.9774539163312306
2.9885903201576207
2.9819110755617677
2.996309039124834
2.9568215169765146
2.992458117359158
2.9638139215138235
2.9724076747079504
2.984864715408619
2.982461530922424
2.9921777821314626
2.981410785541021
3.002597236085178
2.9606041772154725
3.002871287604461
2.982785302261642
2.970178863923349
2.984118955952939
2.987222468885989
2.983524248289498
2.9850017458519447
2.995104546306065
2.9841025362953517
2.984401940360222
2.9830954515724484
2.978053153620568
2.9713999139599827
2.978836062392585
2.9809954063675197
2.986463679664966
2.9789757979201013
3.0000532240818085
2.973131093135755
2.984202448473919
2.9824370875943877
2.9731173872492747
2.981303632177279
2.9814613049399585
2.99964893161843
2.9752703291339966
3.0089616531285133
2.981171321918788
2.9809058681640352
2.984134997252747
2.982299670134142
2.9778425257618513
2.9814067744871124
3.0029436173061175
2.9885409072593543
3.0033771430859355
2.994143196410685
2.975996991546829
2.9791852058332013
2.984081160183626
2.974639189860069
2.982835620519885
2.9956066922068567
3.00540788564391
2.9991214006870823
3.0030528203683664
2.993284706828364
2.9689471662830247
2.977550090380847
2.974443815477298
2.9829813293183864
2.983665332107881
3.00813577722743
3.000072596692712
2.995612147641566
2.9836234961266475
2.980790432277078
2.9750329026602556
2.9736745077291022
2.989522030455796
2.986736361257492
3.0037599993152084
3.004688783171689
2.9831585238189295
2.989305269824043
2.9817949900402887
2.9743997872646037
2.9731628142655313
2.9769512293326885
2.9909035066772667
2.996650428156043
3.0046977621799584
3.0001104394516043
2.990532747668035
2.9744975760044565
2.9704097008378496
2.963757146414377
2.971863553058255
2.9768643605952487
2.996882919132218
3.0006987245562975
2.998668843912398
2.981879316354584
2.972364702410492
2.9712743329716265
2.9711843749272413
2.966021172990189
2.971629070826605
2.990243997059471
2.988367505853976
2.991032850059238
2.9902027982008157
2.976189182295765
2.970405147288737
2.967400217804137
2.954459431525411
2.969770783110059
2.968756086369891
2.984126303543892
2.9938390168210605
2.993435722494759
2.975070384038091
2.9644259905993238
2.9601559061952667
2.9576938683610865
2.9554131387247815
2.975995078130712
2.986277189236284
2.9838316142526646
2.989702241890386
2.9625414082220773
2.9697421825836283
2.9658939418815917
2.9558936821487887
2.9479552183652826
2.9758794813921976
2.956419773793887
2.974689409900282
2.982668967139083
2.969751518493408
2.9818701615397583
2.9617845236000644
2.9478759498927922
2.9486429410721477
2.958801393025139
2.9501848527772694
2.9871508310434187
2.970318597789858
2.979533427437598
2.9599493834328916
2.9629107830122425
2.9519849468596706
2.9574643460087393
2.9474223925284972
2.9731000400159955
2.961166706116962
2.9642342020985204
2.9684508379325916
2.9543965208910956
2.9761622239314516
2.952448040521611
2.945435364189776
2.949158059249547
2.950652239535346
2.9322471019010807
2.9768961107300815
2.9569788468202685
2.9681939141752993
2.9670792849326686
2.9357901207985613
2.9503105636007887
2.9575420933654706
2.9459490177664684
2.9542541935166615
2.9682655154347524
2.9361148762737947
2.965672919977717
2.9431131105553936
2.9580673874722994
2.958813470642378
2.9588190340359555
2.9364603279157855
2.9520348657569815
2.932503915063508
2.9404808331737744
2.957274604107065
2.9494429443047383
2.9604233336553976
2.9350633401933433
2.9394354137002368
2.943113392714676
2.957560469588168
2.9406035264214605
2.9475074512793613
2.9459153449468354
2.9445093348269924
2.942222603419796
2.9453448538734666
2.9646918977967944
2.9548030040218523
2.953077499854193
2.9299613487751297
2.9416493826497296
2.9339698740881777
2.938957127452804
2.946977884519947
2.959191485088601
2.9517400555357183
2.9461163058027147
2.925776783327355
2.9508428010208334
2.958029562519126
2.94061585684688
2.9431512505019404
2.9288923530286723
2.9456781896006463
2.9510873032713256
2.947456588275439
2.9620908671270265
2.9640553087582893
2.9457317818713102
2.9165919365780475
2.9389684174315756
2.943593302489261
2.963141980750621
2.952262635062799
2.9568701172435743
2.9552523707461313
2.9532066555385104
2.9350677415030773
2.9511984647729075
2.9520340838934382
2.9627676130065286
2.932868902274366
2.9244186970494246
2.9545124410526875
2.9645370405754052
2.9642223942636345
2.955209871237958
2.953795263645833
2.954859663356835
2.9150851321532967
2.9409062916678863
2.953447174162975
2.9683517845235023
2.963384720698694
2.9313125926367682
2.9544946673887087
2.9641680558966987
2.9528799817733367
2.9542104879093714
2.9433266974820973
2.959464864463985
2.9448222245865745
2.9295978053920617
2.9594827503936414
2.965968324671758
2.969557351586528
2.9345255778795374
2.943911087681106
2.955725040342178
2.9356635347964986
2.9540934904561804
2.955454626520683
2.956455626449955
2.959444729514224
2.924380719353986
2.946714109029038
2.968239755339404
2.9621214936973637
2.9490210823340277
2.9453780722770686
2.949012722505495
2.948672314840155
2.9497561502021328
2.961337127599061
2.9710641543617777
2.9696054252716406
2.9280431812872636
2.942045607699061
2.9701204516046222
2.9608325972560534
2.949840451832063
2.9530492623702984
2.9590847398022397
2.9674070178259973
2.958245664871291
2.949776583610495
2.977279201720573
2.9820099161149844
2.952262549972038
2.931412739920592
2.9653417428145956
2.9874991859621995
2.976282593334413
2.944491744293414
2.958237197356488
2.9827881220807466
2.973100678386113
2.94743218043814
2.9701560173683705
2.990858875127257
2.979008515549266
2.9483988354547535
2.9296888539325545
2.9797090620907247
2.9979398156748185
2.9819618202215468
2.9613518935044048
2.9789981527910836
2.9848965847969815
2.976394216086648
2.9378164982639703
2.976027511868815
2.995089832169291
2.98200375284375
2.9537246652415092
2.9689617736024356
2.9819523488258293
2.989396799806736
2.9614913659905255
2.963298188574921
2.978536775395176
2.978915363489249
2.966297638743298
2.965071291022187
2.9710319450622493
2.9877324237260896
2.9659406231062233
2.963453909798011
2.9797821460882803
2.9843453495284633
2.970399298608358
2.963428519107896
2.9560793503828657
2.9769026838883015
2.966169379267561
2.9762363470171267
2.9800508326706345
2.9816423312347746
2.96862315071054
2.9674006975136806
2.9621228488936366
2.9779484029366197
2.9750563430938306
2.9771296938433753
2.9798227502137027
2.97902130333091
2.9693747307209812
2.972156321356941
2.9742773726902865
2.9893719619996615
2.975678033013379
2.980540524211013
2.9716345494074545
2.990907012194409
2.9838150458833272
2.9895699389569135
2.969077952552121
2.9971404670075352
2.989586891586933
2.9946972399436844
2.9778925424792613
2.991958631893775
2.979863064960846
2.9992599840073497
2.9685390839912107
2.9964411227925654
2.9984159153498067
2.9996047306563955
2.983446568391522
2.986691079982597
2.9684196112462446
3.0008791275440405
2.9869348104137696
2.9898214723925682
2.993435847588917
2.996730367071504
2.9790093875601897
2.9883848006864557
2.9812959148796185
2.9941279002815193
2.9906748880452287
2.9901962908635626
2.984878528191475
2.989337292026054
2.9742961950892233
2.9916595129940475
2.983973565766389
2.979448182212932
2.9812850713597814
2.985755025414937
2.979010464438
2.987025284479797
2.9790971712321372
2.9814470393470582
2.987588887774173
2.9788797645193252
2.9811736791351766
2.9815721569563336
2.984054148953039
2.989448511731308
2.9715216843729912
2.968852368253448
2.9883284858304577
2.993189623385981
2.980940527615224
2.995267517093326
2.992809307136493
2.9912576429510387
2.9856882340527404
2.983645145588132
2.9948198202500094
2.993548107514122
2.9794254890502954
3.0007470043558104
2.999643314951933
2.99389193403631
2.9980970581814534
3.001668339971066
2.979015650087445
2.991003959319415
2.9892416384024143
3.0074988907070725
3.0014678246510975
2.998387582927739
2.9996356032685467
2.996967826198869
2.9724528248873794
2.994375102931448
3.0018466647996602
3.00022388416646
2.980626916733219
2.982679198679208
2.9931346798515412
2.9854404772963017
2.978619086526805
2.9907551519147164
2.994998300926059
2.988267920466649
2.9813016564157557
2.9940879452644515
2.9826654708454106
2.974430584150224
2.984119498907365
2.989680235167911
2.9730246290359803
2.988850068019552
2.9883027310557635
2.987979476009361
2.9765281298718174
2.977768410866954
2.992720343619882
2.9878441361145613
2.9810227107851945
2.9951156308328657
2.9866914660466515
2.976578575932032
2.976250465357676
2.9899881137968913
2.9889214126664956
2.9938355210457117
